0	1.058915573291823
1	1.058915573291823
2	1.058915573291823
3	1.058915573291823
4	1.058915573291823
5	1.058915573291823
6	1.058915573291823
7	1.058915573291823
8	0.9027515049642133
9	0.9027515049642133
10	0.9027515049642133
11	0.9027515049642133
12	0.9027515049642133
13	0.9027515049642133
14	0.9027515049642133
15	0.9027515049642133
16	1.4060963754841342
17	1.4060963754841342
18	1.4060963754841342
19	1.4060963754841342
20	1.4060963754841342
21	1.4060963754841342
22	1.4060963754841342
23	1.4060963754841342
24	1.173966027309085
25	1.173966027309085
26	1.173966027309085
27	1.173966027309085
28	0.5768074100533794
29	0.5768074100533794
30	0.5768074100533794
31	0.5768074100533794
32	0.5768074100533794
33	0.5768074100533794
34	0.5768074100533794
35	0.5768074100533794
36	1.280300439509609
37	1.280300439509609
38	1.280300439509609
39	1.280300439509609
40	1.280300439509609
41	1.280300439509609
42	1.280300439509609
43	1.280300439509609
44	1.3161644786520443
45	1.3161644786520443
46	1.3161644786520443
47	1.3161644786520443
48	1.3161644786520443
49	1.3161644786520443
50	1.3161644786520443
51	1.3161644786520443
52	1.2190715257895706
53	1.2190715257895706
54	0.8311478801238692
55	0.8311478801238692
56	0.8311478801238692
57	0.8311478801238692
58	0.8311478801238692
59	0.8311478801238692
60	0.8311478801238692
61	0.8311478801238692
62	0.9407497592725721
63	0.9407497592725721
64	0.9407497592725721
65	1.3747228698233014
66	1.3747228698233014
67	1.3747228698233014
68	1.3747228698233014
69	1.3747228698233014
70	1.3747228698233014
71	1.3747228698233014
72	1.3747228698233014
73	1.470378000382015
74	1.470378000382015
75	1.470378000382015
76	1.470378000382015
77	1.470378000382015
78	1.470378000382015
79	1.470378000382015
80	1.7804285722099984
81	1.7804285722099984
82	1.7804285722099984
83	1.7804285722099984
84	1.7804285722099984
85	1.7804285722099984
86	1.7804285722099984
87	1.7804285722099984
88	1.827162840744781
89	1.827162840744781
90	1.827162840744781
91	1.827162840744781
92	1.827162840744781
93	1.827162840744781
94	1.827162840744781
95	1.827162840744781
96	0.8706061123423974
97	0.8706061123423974
98	1.4143686051849902
99	1.4143686051849902
100	1.4143686051849902
101	1.4143686051849902
102	1.4143686051849902
103	1.4143686051849902
104	1.4143686051849902
105	1.4143686051849902
106	2.1533317334450803
107	2.1533317334450803
108	2.1533317334450803
109	2.1533317334450803
110	2.1533317334450803
111	2.1533317334450803
112	2.1533317334450803
113	2.1533317334450803
114	1.6715234106390913
115	1.6715234106390913
116	1.6715234106390913
117	1.6715234106390913
118	1.6715234106390913
119	1.6715234106390913
120	1.9829151971716497
121	1.9829151971716497
122	1.9829151971716497
123	1.9829151971716497
124	1.9829151971716497
125	1.9829151971716497
126	1.9829151971716497
127	1.9829151971716497
128	1.5200323490517125
129	1.5200323490517125
130	1.5200323490517125
131	1.5200323490517125
132	1.5200323490517125
133	1.5200323490517125
134	1.5200323490517125
135	1.5200323490517125
136	0.5808456352528517
137	1.111839657253865
138	1.111839657253865
139	1.111839657253865
140	1.111839657253865
141	1.111839657253865
142	1.111839657253865
143	1.111839657253865
144	1.111839657253865
145	1.3300495591078048
146	1.3300495591078048
147	1.3223897013108936
148	1.3223897013108936
149	1.3223897013108936
150	1.0826010987325676
151	1.0826010987325676
152	1.0826010987325676
153	1.0826010987325676
154	1.0826010987325676
155	1.0826010987325676
156	1.0826010987325676
157	1.0826010987325676
158	0.6164196195725296
159	0.6164196195725296
160	0.6164196195725296
161	0.6164196195725296
162	0.6164196195725296
163	0.6164196195725296
164	0.6164196195725296
165	0.6164196195725296
166	0.1
167	0.1
168	0.1
169	0.1
170	0.1
171	0.1
172	0.1
173	0.1
174	0.25793458928449564
175	0.25793458928449564
176	0.25793458928449564
177	0.25793458928449564
178	0.25793458928449564
179	0.25793458928449564
180	0.25793458928449564
181	0.1
182	0.1
183	0.1
184	0.1
185	0.1
186	0.1
187	0.1
188	0.1
189	1.5197061164558088
190	1.5197061164558088
191	1.5197061164558088
192	1.5197061164558088
193	1.5197061164558088
194	1.5197061164558088
195	1.5197061164558088
196	1.5197061164558088
197	0.9448330790314147
198	0.9448330790314147
199	0.9448330790314147
200	0.9448330790314147
201	0.9448330790314147
202	0.9448330790314147
203	0.9448330790314147
204	0.9448330790314147
205	1.1391266047649178
206	1.1391266047649178
207	1.1391266047649178
208	1.1391266047649178
209	1.1391266047649178
210	1.1391266047649178
211	1.1391266047649178
212	1.1391266047649178
213	1.790553441635089
214	1.790553441635089
215	1.812498654335
216	1.812498654335
217	1.812498654335
218	1.812498654335
219	1.812498654335
220	1.812498654335
221	1.812498654335
222	1.812498654335
223	3.5028159012383373
224	3.5028159012383373
225	3.5028159012383373
226	3.5028159012383373
227	3.5028159012383373
228	3.5028159012383373
229	3.5028159012383373
230	3.5028159012383373
231	1.8666436125145638
232	1.8666436125145638
233	1.8666436125145638
234	1.8666436125145638
235	1.8666436125145638
236	1.8666436125145638
237	1.8666436125145638
238	1.8666436125145638
239	2.621836631718546
240	2.621836631718546
241	2.621836631718546
242	0.1
243	0.1
244	0.1
245	0.1
246	0.1
247	0.1
248	0.1
249	0.1
250	2.9122994637555792
251	2.9122994637555792
252	2.9122994637555792
253	2.9122994637555792
254	2.0396327169167794
255	2.0396327169167794
256	2.0396327169167794
257	2.0396327169167794
258	2.0396327169167794
259	2.0396327169167794
260	2.0396327169167794
261	2.0396327169167794
262	2.227318958973169
263	2.227318958973169
264	2.227318958973169
265	2.227318958973169
266	2.227318958973169
267	2.227318958973169
268	2.227318958973169
269	2.227318958973169
270	0.2705162375370631
271	0.2705162375370631
272	0.2705162375370631
273	0.2705162375370631
274	0.2705162375370631
275	0.2705162375370631
276	0.2705162375370631
277	0.2705162375370631
278	2.6028390581864724
279	2.6028390581864724
280	2.6028390581864724
281	2.6028390581864724
282	2.6028390581864724
283	2.6028390581864724
284	2.6028390581864724
285	2.6028390581864724
286	1.7506504398912304
287	1.7506504398912304
288	1.7506504398912304
289	1.7506504398912304
290	1.7506504398912304
291	1.7506504398912304
292	1.7506504398912304
293	3.1205894099658638
294	3.1205894099658638
295	3.1205894099658638
296	3.1205894099658638
297	3.1205894099658638
298	3.1205894099658638
299	3.1205894099658638
300	3.1205894099658638
301	2.3230347880151485
302	2.3230347880151485
303	2.3230347880151485
304	2.3230347880151485
305	2.3230347880151485
306	2.3230347880151485
307	2.3230347880151485
308	2.3230347880151485
309	1.1036283588767728
310	1.1036283588767728
311	1.1036283588767728
312	1.1036283588767728
313	1.1036283588767728
314	1.1036283588767728
315	1.1036283588767728
316	1.1036283588767728
317	1.4349371152907149
318	1.4349371152907149
319	1.4349371152907149
320	1.4349371152907149
321	1.4349371152907149
322	1.4349371152907149
323	1.4349371152907149
324	1.4349371152907149
325	1.4626383797971896
326	1.4626383797971896
327	1.4626383797971896
328	1.4626383797971896
329	1.4626383797971896
330	1.4626383797971896
331	1.4626383797971896
332	1.4626383797971896
333	1.4269903142273561
334	1.0058472306296782
335	1.0058472306296782
336	1.3554067563626122
337	1.3554067563626122
338	1.3554067563626122
339	1.3554067563626122
340	1.3554067563626122
341	1.3554067563626122
342	1.3554067563626122
343	1.3554067563626122
344	1.0071662468394247
345	1.0071662468394247
346	1.0071662468394247
347	1.0071662468394247
348	1.0071662468394247
349	1.0071662468394247
350	1.0071662468394247
351	1.0071662468394247
352	0.6572347126440141
353	0.6572347126440141
354	0.6572347126440141
355	0.6572347126440141
356	0.6572347126440141
357	0.6572347126440141
358	0.6572347126440141
359	0.12871142233918764
360	0.12871142233918764
361	0.12871142233918764
362	0.12871142233918764
363	0.12871142233918764
364	0.12871142233918764
365	0.12871142233918764
366	1.3650190590335018
367	1.3650190590335018
368	1.3650190590335018
369	1.3650190590335018
370	1.7417687929547043
371	1.7417687929547043
372	1.7417687929547043
373	1.7417687929547043
374	1.7417687929547043
375	1.7417687929547043
376	1.7417687929547043
377	1.7417687929547043
378	1.6146993982121733
379	1.6146993982121733
380	1.6146993982121733
381	1.6146993982121733
382	1.6146993982121733
383	1.6146993982121733
384	1.6146993982121733
385	1.6146993982121733
386	2.952286397221445
387	2.952286397221445
388	2.952286397221445
389	2.952286397221445
390	2.952286397221445
391	2.952286397221445
392	2.952286397221445
393	2.952286397221445
394	0.7392441499428115
395	0.7392441499428115
396	0.7392441499428115
397	0.7392441499428115
398	0.7392441499428115
399	0.7392441499428115
400	1.5447375346026628
401	1.5447375346026628
402	1.5447375346026628
403	1.5447375346026628
404	1.5447375346026628
405	1.5447375346026628
406	1.5447375346026628
407	1.5447375346026628
408	1.0670591799616187
409	1.0670591799616187
410	1.0670591799616187
411	1.0670591799616187
412	1.0670591799616187
413	1.0670591799616187
414	1.0670591799616187
415	1.0670591799616187
416	1.7710333260865423
417	1.7710333260865423
418	1.7710333260865423
419	1.7710333260865423
420	1.7710333260865423
421	1.7710333260865423
422	1.7710333260865423
423	1.7710333260865423
424	2.525515313697919
425	2.525515313697919
426	2.525515313697919
427	2.525515313697919
428	2.525515313697919
429	2.525515313697919
430	2.525515313697919
431	2.525515313697919
432	0.22082345183982066
433	0.22082345183982066
434	0.22082345183982066
435	0.22082345183982066
436	0.22082345183982066
437	0.22082345183982066
438	0.22082345183982066
439	0.22082345183982066
440	1.8705382458009727
441	1.8705382458009727
442	1.8705382458009727
443	1.8705382458009727
444	1.8705382458009727
445	1.8705382458009727
446	1.8705382458009727
447	1.8705382458009727
448	0.1
449	0.1
450	0.1
451	0.1
452	0.1
453	0.1
454	0.1
455	0.1
456	4.086906174381234
457	4.086906174381234
458	4.086906174381234
459	4.086906174381234
460	1.8765708231532898
461	1.8765708231532898
462	1.8765708231532898
463	1.8765708231532898
464	1.8765708231532898
465	1.8765708231532898
466	1.8765708231532898
467	1.8765708231532898
468	1.1131955233759188
469	1.1131955233759188
470	0.8429809139137929
471	0.8429809139137929
472	0.8429809139137929
473	0.8429809139137929
474	0.8429809139137929
475	0.8429809139137929
476	0.8429809139137929
477	0.8429809139137929
478	1.8121028273492257
479	1.8121028273492257
480	1.8121028273492257
481	1.8121028273492257
482	1.8121028273492257
483	1.8121028273492257
484	1.8121028273492257
485	1.8121028273492257
486	0.7720940262463014
487	0.7720940262463014
488	0.7720940262463014
489	0.7720940262463014
490	0.7720940262463014
491	0.7720940262463014
492	0.7720940262463014
493	0.7720940262463014
494	1.5786204569017157
495	1.5786204569017157
496	1.5786204569017157
497	1.5786204569017157
498	1.5786204569017157
499	1.5786204569017157
500	1.5786204569017157
501	1.5786204569017157
502	1.0249878562136852
503	1.0249878562136852
504	1.0249878562136852
505	1.0249878562136852
506	1.0249878562136852
507	0.4264335977943666
508	0.4264335977943666
509	0.4264335977943666
510	0.4264335977943666
511	0.4264335977943666
512	0.4264335977943666
513	0.4264335977943666
514	0.4264335977943666
515	0.529631536274797
516	0.529631536274797
517	0.529631536274797
518	1.6853577573212637
519	0.9223241248976218
520	0.9223241248976218
521	0.9223241248976218
522	0.9223241248976218
523	0.9223241248976218
524	0.9223241248976218
525	0.9223241248976218
526	0.9223241248976218
527	1.191329562810078
528	1.191329562810078
529	1.191329562810078
530	1.191329562810078
531	1.191329562810078
532	1.191329562810078
533	1.191329562810078
534	1.191329562810078
535	1.1535072425379334
536	1.1535072425379334
537	1.1535072425379334
538	1.1535072425379334
539	1.1535072425379334
540	1.1535072425379334
541	1.1535072425379334
542	1.1535072425379334
543	0.1
544	0.1
545	0.1
546	0.1
547	0.1
548	0.1
549	0.1
550	0.1
551	1.3454697736394072
552	1.3454697736394072
553	1.3454697736394072
554	1.3454697736394072
555	1.3454697736394072
556	1.3454697736394072
557	1.3454697736394072
558	3.039254587614716
559	3.039254587614716
560	3.039254587614716
561	3.039254587614716
562	3.039254587614716
563	3.039254587614716
564	3.039254587614716
565	3.039254587614716
566	1.5774554192101284
567	1.5774554192101284
568	1.5774554192101284
569	1.5774554192101284
570	1.7552680727229102
571	1.7552680727229102
572	1.7552680727229102
573	1.7552680727229102
574	1.7552680727229102
575	1.7552680727229102
576	1.7552680727229102
577	1.7552680727229102
578	1.423067200421122
579	1.423067200421122
580	1.423067200421122
581	1.423067200421122
582	1.423067200421122
583	1.423067200421122
584	1.423067200421122
585	1.423067200421122
586	1.8301498032975225
587	1.8301498032975225
588	1.8301498032975225
589	1.8301498032975225
590	1.8301498032975225
591	1.8301498032975225
592	1.8301498032975225
593	1.8301498032975225
594	2.6577531499232077
595	0.8032424946906768
596	0.8032424946906768
597	0.8032424946906768
598	0.8032424946906768
599	0.8032424946906768
600	0.8032424946906768
601	0.8032424946906768
602	0.8032424946906768
603	1.1218765889727822
604	1.1218765889727822
605	1.1218765889727822
606	1.1218765889727822
607	1.1218765889727822
608	1.1218765889727822
609	1.1218765889727822
610	1.1218765889727822
611	2.0196725668275355
612	2.0196725668275355
613	2.0196725668275355
614	2.0196725668275355
615	2.0196725668275355
616	2.0196725668275355
617	2.0196725668275355
618	2.0196725668275355
619	0.9991503566848676
620	0.9991503566848676
621	0.9991503566848676
622	2.0897931513989967
623	2.0897931513989967
624	2.0897931513989967
625	2.0897931513989967
626	2.0897931513989967
627	2.0897931513989967
628	2.0897931513989967
629	2.0897931513989967
630	0.9837359076556146
631	0.9837359076556146
632	0.9837359076556146
633	0.9837359076556146
634	0.9837359076556146
635	0.9837359076556146
636	0.9837359076556146
637	0.9837359076556146
638	2.3363939794356963
639	2.3363939794356963
640	2.3363939794356963
641	2.3363939794356963
642	2.3363939794356963
643	2.3363939794356963
644	2.3363939794356963
645	2.3363939794356963
646	0.6479687038349199
647	0.6479687038349199
648	0.6479687038349199
649	0.6479687038349199
650	0.6479687038349199
651	0.6479687038349199
652	0.6479687038349199
653	0.6479687038349199
654	2.662610000865178
655	2.662610000865178
656	2.662610000865178
657	2.662610000865178
658	2.662610000865178
659	2.662610000865178
660	2.662610000865178
661	2.662610000865178
662	0.1
663	0.1
664	0.1
665	0.1
666	0.1
667	0.1
668	0.1
669	0.1
670	2.378359770800076
671	1.4702254891332522
672	1.4702254891332522
673	1.4702254891332522
674	1.4702254891332522
675	1.4702254891332522
676	1.4702254891332522
677	1.4702254891332522
678	1.4702254891332522
679	2.2149554995624503
680	2.2149554995624503
681	2.2149554995624503
682	2.2149554995624503
683	2.2149554995624503
684	2.2149554995624503
685	2.2149554995624503
686	2.2149554995624503
687	0.9509225962672417
688	0.9509225962672417
689	0.9509225962672417
690	0.9509225962672417
691	0.9509225962672417
692	0.9509225962672417
693	0.9509225962672417
694	0.9509225962672417
695	2.572370756427354
696	0.1
697	2.203044403836736
698	2.203044403836736
699	2.203044403836736
700	2.203044403836736
701	2.203044403836736
702	2.203044403836736
703	2.203044403836736
704	2.203044403836736
705	2.2644769224625203
706	2.2644769224625203
707	2.2644769224625203
708	2.2644769224625203
709	2.2644769224625203
710	2.2644769224625203
711	2.2644769224625203
712	2.2644769224625203
713	2.7052030698101843
714	2.7052030698101843
715	2.7052030698101843
716	2.7052030698101843
717	2.7052030698101843
718	2.7052030698101843
719	2.7052030698101843
720	2.7052030698101843
721	1.862391105500318
722	1.862391105500318
723	1.862391105500318
724	1.862391105500318
725	1.862391105500318
726	1.862391105500318
727	1.862391105500318
728	1.8247135069355669
729	1.8247135069355669
730	1.8247135069355669
731	1.8247135069355669
732	1.8247135069355669
733	1.8247135069355669
734	1.8247135069355669
735	1.8247135069355669
736	1.108183315968773
737	1.108183315968773
738	1.108183315968773
739	1.108183315968773
740	1.108183315968773
741	1.108183315968773
742	1.108183315968773
743	1.108183315968773
744	0.7602619125827875
745	0.7602619125827875
746	0.7602619125827875
747	1.7850305207681134
748	1.7850305207681134
749	1.7850305207681134
750	1.7850305207681134
751	1.7850305207681134
752	1.7850305207681134
753	1.7850305207681134
754	1.7850305207681134
755	3.180508203427478
756	2.7601202042046467
757	2.7601202042046467
758	2.7601202042046467
759	2.7601202042046467
760	2.7601202042046467
761	2.7601202042046467
762	2.7601202042046467
763	2.7601202042046467
764	0.8371359196953224
765	0.8371359196953224
766	0.8371359196953224
767	3.10785127045669
768	3.10785127045669
769	3.10785127045669
770	2.3571582842635213
771	2.5521686540418536
772	2.5521686540418536
773	2.5521686540418536
774	2.5521686540418536
775	2.5521686540418536
776	1.2753424780815952
777	1.2753424780815952
778	1.2753424780815952
779	1.2753424780815952
780	1.2753424780815952
781	1.2753424780815952
782	1.2753424780815952
783	1.2753424780815952
784	1.5411863282318168
785	1.5411863282318168
786	1.5411863282318168
787	1.5411863282318168
788	1.5411863282318168
789	1.5411863282318168
790	1.5411863282318168
791	1.5411863282318168
792	1.4616293199302934
793	1.4616293199302934
794	1.4616293199302934
795	1.4616293199302934
796	1.4616293199302934
797	1.4616293199302934
798	1.4616293199302934
799	1.4616293199302934
800	0.3217345157898315
801	0.3217345157898315
802	2.261423429650629
803	2.261423429650629
804	2.261423429650629
805	2.261423429650629
806	2.261423429650629
807	2.261423429650629
808	2.261423429650629
809	2.261423429650629
810	1.9101892075401448
811	1.9101892075401448
812	1.9101892075401448
813	1.9101892075401448
814	1.9101892075401448
815	1.9101892075401448
816	1.9101892075401448
817	1.9101892075401448
818	1.7942444046472086
819	1.7942444046472086
820	1.7942444046472086
821	1.7942444046472086
822	1.7942444046472086
823	1.7942444046472086
824	1.7942444046472086
825	1.7942444046472086
826	1.269353609347596
827	1.269353609347596
828	1.269353609347596
829	1.269353609347596
830	0.1
831	0.1
832	0.1
833	0.1
834	0.1
835	0.1
836	0.1
837	0.1
838	1.0942604376554734
839	1.0942604376554734
840	1.0942604376554734
841	1.0942604376554734
842	1.0942604376554734
843	1.0942604376554734
844	1.0942604376554734
845	1.0942604376554734
846	2.4298523000716976
847	2.4298523000716976
848	2.4298523000716976
849	2.4298523000716976
850	2.4298523000716976
851	2.4298523000716976
852	2.4298523000716976
853	2.4298523000716976
854	1.038952309610239
855	1.038952309610239
856	1.038952309610239
857	1.038952309610239
858	1.038952309610239
859	1.038952309610239
860	1.038952309610239
861	1.038952309610239
862	1.4645003195285062
863	1.4645003195285062
864	1.4645003195285062
865	1.4645003195285062
866	1.4645003195285062
867	1.6486346730593804
868	1.6486346730593804
869	1.6486346730593804
870	1.6486346730593804
871	1.6486346730593804
872	1.6486346730593804
873	1.6486346730593804
874	1.6486346730593804
875	3.104862172004907
876	3.104862172004907
877	3.104862172004907
878	3.104862172004907
879	3.104862172004907
880	3.104862172004907
881	3.104862172004907
882	3.104862172004907
883	3.472158955572686
884	3.472158955572686
885	3.472158955572686
886	3.472158955572686
887	3.472158955572686
888	3.472158955572686
889	3.472158955572686
890	3.472158955572686
891	0.1
892	0.1
893	0.1
894	0.1
895	0.1
896	0.1
897	0.1
898	0.1
899	0.1
900	0.1
901	0.1
902	0.1
903	0.1
904	0.1
905	0.1
906	0.1
907	3.044983208607923
908	3.044983208607923
909	3.044983208607923
910	3.044983208607923
911	3.044983208607923
912	3.044983208607923
913	3.044983208607923
914	3.044983208607923
915	1.7219051729870563
916	1.7219051729870563
917	1.7219051729870563
918	1.7219051729870563
919	1.7219051729870563
920	1.7219051729870563
921	1.7219051729870563
922	2.297831317797498
923	2.297831317797498
924	2.297831317797498
925	2.297831317797498
926	2.297831317797498
927	2.297831317797498
928	2.297831317797498
929	2.297831317797498
930	2.715879020305051
931	2.715879020305051
932	2.715879020305051
933	2.715879020305051
934	0.9432359840241658
935	0.9432359840241658
936	0.9432359840241658
937	0.9432359840241658
938	0.9432359840241658
939	0.9432359840241658
940	0.9432359840241658
941	0.9432359840241658
942	1.142808892030349
943	1.142808892030349
944	1.142808892030349
945	1.142808892030349
946	1.142808892030349
947	1.142808892030349
948	1.142808892030349
949	1.142808892030349
950	0.2602146002523912
951	0.2602146002523912
952	0.2602146002523912
953	0.2602146002523912
954	2.9497328680998263
955	2.9497328680998263
956	2.9497328680998263
957	2.9497328680998263
958	2.9497328680998263
959	2.9497328680998263
960	2.9497328680998263
961	2.9497328680998263
962	2.153944995411747
963	2.153944995411747
964	2.153944995411747
965	2.153944995411747
966	2.682299658274942
967	2.682299658274942
968	2.682299658274942
969	2.682299658274942
970	2.682299658274942
971	2.682299658274942
972	2.682299658274942
973	2.682299658274942
974	0.4955177226787548
975	0.4955177226787548
976	0.4955177226787548
977	0.4955177226787548
978	1.8571007409164186
979	1.8571007409164186
980	1.8571007409164186
981	1.8571007409164186
982	1.8571007409164186
983	1.8571007409164186
984	1.8571007409164186
985	1.8571007409164186
986	0.41449869654506877
987	0.41449869654506877
988	3.1002611005224114
989	3.1002611005224114
990	3.1002611005224114
991	3.1002611005224114
992	3.1002611005224114
993	3.1002611005224114
994	3.1002611005224114
995	3.1002611005224114
996	1.503462452729048
997	1.503462452729048
998	0.7494559167167807
999	0.7494559167167807
1000	0.7494559167167807
1001	0.7494559167167807
1002	0.7494559167167807
1003	2.2305897806834727
1004	2.2305897806834727
1005	2.2305897806834727
1006	2.2305897806834727
1007	2.2305897806834727
1008	2.2305897806834727
1009	2.2305897806834727
1010	2.2305897806834727
1011	0.1
1012	0.1
1013	0.1
1014	0.1
1015	0.1
1016	0.1
1017	0.1
1018	0.1
1019	2.2566598464356344
1020	2.2566598464356344
1021	2.2566598464356344
1022	2.2566598464356344
1023	2.2566598464356344
1024	2.2566598464356344
1025	2.1450103327923338
1026	2.1993316780072685
1027	2.1993316780072685
1028	2.1993316780072685
1029	1.329055837007698
1030	0.1
1031	0.1
1032	0.1
1033	0.1
1034	0.1
1035	0.1
1036	0.1
1037	0.1
1038	1.014697848461391
1039	1.014697848461391
1040	1.014697848461391
1041	1.014697848461391
1042	1.5764227657097547
1043	1.5764227657097547
1044	1.5764227657097547
1045	1.5764227657097547
1046	1.5764227657097547
1047	1.5764227657097547
1048	1.5764227657097547
1049	1.5764227657097547
1050	0.5051001309549157
1051	0.5051001309549157
1052	0.5051001309549157
1053	0.5051001309549157
1054	0.5051001309549157
1055	0.5051001309549157
1056	0.5051001309549157
1057	0.5051001309549157
1058	0.8237991653338788
1059	0.8237991653338788
1060	0.8237991653338788
1061	0.8237991653338788
1062	0.8237991653338788
1063	0.8237991653338788
1064	0.8237991653338788
1065	0.8237991653338788
1066	1.9030526401361687
1067	1.9030526401361687
1068	1.9030526401361687
1069	1.9030526401361687
1070	1.9030526401361687
1071	1.9030526401361687
1072	1.9030526401361687
1073	1.9030526401361687
1074	0.8935619090731948
1075	0.8935619090731948
1076	0.8935619090731948
1077	0.8935619090731948
1078	0.8935619090731948
1079	0.8935619090731948
1080	0.8935619090731948
1081	0.8935619090731948
1082	1.238694846511037
1083	1.238694846511037
1084	1.238694846511037
1085	1.238694846511037
1086	1.238694846511037
1087	1.238694846511037
1088	1.238694846511037
1089	1.238694846511037
1090	2.3433292414967206
1091	2.3433292414967206
1092	2.3433292414967206
1093	2.3433292414967206
1094	2.3433292414967206
1095	2.3433292414967206
1096	2.3433292414967206
1097	2.3433292414967206
1098	0.5621529394902101
1099	1.5919136616388583
1100	1.5919136616388583
1101	1.5919136616388583
1102	1.5919136616388583
1103	1.5919136616388583
1104	1.5919136616388583
1105	1.5919136616388583
1106	1.5919136616388583
1107	3.0110125128260896
1108	3.0110125128260896
1109	2.3158943338876825
1110	2.3158943338876825
1111	2.3158943338876825
1112	2.3158943338876825
1113	2.3158943338876825
1114	2.3158943338876825
1115	2.3158943338876825
1116	1.1595862370986658
1117	1.1595862370986658
1118	1.1595862370986658
1119	1.1595862370986658
1120	1.1595862370986658
1121	1.1595862370986658
1122	1.1595862370986658
1123	1.1595862370986658
1124	1.518424551093554
1125	1.518424551093554
1126	1.518424551093554
1127	1.518424551093554
1128	1.518424551093554
1129	1.518424551093554
1130	1.518424551093554
1131	1.518424551093554
1132	2.2941939801949376
1133	2.2941939801949376
1134	2.2941939801949376
1135	2.2941939801949376
1136	2.2941939801949376
1137	2.2941939801949376
1138	2.2941939801949376
1139	2.2941939801949376
1140	1.6434867377356017
1141	1.6434867377356017
1142	1.6434867377356017
1143	1.6434867377356017
1144	1.6434867377356017
1145	1.6434867377356017
1146	1.6434867377356017
1147	1.6434867377356017
1148	1.18508504853932
1149	1.18508504853932
1150	1.18508504853932
1151	1.18508504853932
1152	3.041272904371165
1153	3.041272904371165
1154	3.041272904371165
1155	3.041272904371165
1156	3.041272904371165
1157	3.041272904371165
1158	3.041272904371165
1159	3.041272904371165
1160	2.5062837925489454
1161	2.5062837925489454
1162	2.5062837925489454
1163	2.5062837925489454
1164	2.5062837925489454
1165	2.5062837925489454
1166	2.5062837925489454
1167	2.5062837925489454
1168	1.9929711965160932
1169	1.9929711965160932
1170	1.9929711965160932
1171	1.9929711965160932
1172	1.9929711965160932
1173	1.9929711965160932
1174	1.9929711965160932
1175	1.9929711965160932
1176	0.47955827824713293
1177	0.47955827824713293
1178	0.47955827824713293
1179	0.47955827824713293
1180	0.47955827824713293
1181	0.47955827824713293
1182	0.47955827824713293
1183	0.47955827824713293
1184	2.155435021329274
1185	2.155435021329274
1186	2.155435021329274
1187	2.155435021329274
1188	2.155435021329274
1189	2.155435021329274
1190	2.155435021329274
1191	2.155435021329274
1192	2.2897269587309577
1193	2.2897269587309577
1194	2.2897269587309577
1195	2.2897269587309577
1196	2.2897269587309577
1197	2.2897269587309577
1198	2.2897269587309577
1199	2.2897269587309577
1200	1.1786848759058839
1201	1.1786848759058839
1202	1.1786848759058839
1203	1.1786848759058839
1204	1.1786848759058839
1205	1.1786848759058839
1206	1.1786848759058839
1207	1.1786848759058839
1208	2.3067675003925556
1209	2.3067675003925556
1210	2.3067675003925556
1211	2.3067675003925556
1212	2.3067675003925556
1213	2.3067675003925556
1214	2.3067675003925556
1215	2.3067675003925556
1216	1.6925259315859842
1217	1.6925259315859842
1218	1.6925259315859842
1219	1.6925259315859842
1220	1.6925259315859842
1221	1.6925259315859842
1222	1.6925259315859842
1223	1.6925259315859842
1224	2.5382090767347267
1225	2.5382090767347267
1226	2.5382090767347267
1227	2.5382090767347267
1228	2.5382090767347267
1229	2.5382090767347267
1230	2.5382090767347267
1231	2.5382090767347267
1232	0.6474881373295213
1233	0.6474881373295213
1234	0.6474881373295213
1235	0.9896902808744426
1236	0.9896902808744426
1237	2.524563697468077
1238	2.524563697468077
1239	2.524563697468077
1240	2.524563697468077
1241	2.524563697468077
1242	2.524563697468077
1243	2.524563697468077
1244	2.524563697468077
1245	0.1
1246	0.1
1247	0.1
1248	0.1
1249	0.1
1250	0.1
1251	0.1
1252	0.1
1253	1.4994173641263424
1254	1.4994173641263424
1255	1.4994173641263424
1256	1.4994173641263424
1257	1.4994173641263424
1258	1.4994173641263424
1259	1.4994173641263424
1260	1.4994173641263424
1261	1.6547958254734703
1262	1.6547958254734703
1263	1.6547958254734703
1264	1.6547958254734703
1265	1.6547958254734703
1266	1.6547958254734703
1267	1.6547958254734703
1268	1.6547958254734703
1269	0.1
1270	0.1
1271	0.1
1272	0.1
1273	0.1
1274	0.1
1275	0.1
1276	0.1
1277	2.5870334212896235
1278	2.5870334212896235
1279	2.5870334212896235
1280	0.1
1281	0.1
1282	0.1
1283	0.1
1284	0.1
1285	0.1
1286	0.1
1287	0.1
1288	0.8991337549102111
1289	0.8991337549102111
1290	0.8991337549102111
1291	0.8991337549102111
1292	1.7209930217494298
1293	1.7209930217494298
1294	1.7209930217494298
1295	1.7209930217494298
1296	1.7209930217494298
1297	1.7209930217494298
1298	1.7209930217494298
1299	1.7209930217494298
1300	0.1
1301	1.7465468600830736
1302	1.7465468600830736
1303	1.7465468600830736
1304	1.7465468600830736
1305	1.7465468600830736
1306	1.7465468600830736
1307	1.7465468600830736
1308	1.7465468600830736
1309	2.2798995890384193
1310	2.2798995890384193
1311	2.2798995890384193
1312	2.2798995890384193
1313	2.2798995890384193
1314	2.2798995890384193
1315	2.2798995890384193
1316	2.2798995890384193
1317	0.1
1318	0.1
1319	0.1
1320	0.1
1321	0.1
1322	0.1
1323	0.1
1324	0.1
1325	1.356010515356501
1326	1.356010515356501
1327	1.356010515356501
1328	1.356010515356501
1329	1.356010515356501
1330	1.356010515356501
1331	1.356010515356501
1332	1.356010515356501
1333	0.1
1334	0.1
1335	0.1
1336	0.1
1337	0.1
1338	0.1
1339	1.6452291801252272
1340	1.6452291801252272
1341	1.6452291801252272
1342	1.6452291801252272
1343	1.6452291801252272
1344	1.6452291801252272
1345	1.6452291801252272
1346	1.6452291801252272
1347	1.2861215455832098
1348	1.2861215455832098
1349	1.2861215455832098
1350	1.2861215455832098
1351	1.2861215455832098
1352	1.2861215455832098
1353	1.2861215455832098
1354	1.2861215455832098
1355	1.6498958196740021
1356	1.6498958196740021
1357	1.6498958196740021
1358	1.6498958196740021
1359	1.6498958196740021
1360	1.6498958196740021
1361	1.6498958196740021
1362	1.6498958196740021
1363	0.70976596639192
1364	0.70976596639192
1365	0.70976596639192
1366	0.70976596639192
1367	0.70976596639192
1368	0.70976596639192
1369	0.70976596639192
1370	0.70976596639192
1371	1.0878804584823372
1372	1.0878804584823372
1373	1.0878804584823372
1374	1.0878804584823372
1375	1.6828682296430204
1376	1.6828682296430204
1377	1.6828682296430204
1378	1.6828682296430204
1379	1.6828682296430204
1380	1.6828682296430204
1381	1.6828682296430204
1382	1.6828682296430204
1383	3.3701565304299943
1384	3.3701565304299943
1385	3.3701565304299943
1386	3.3701565304299943
1387	3.3701565304299943
1388	3.3701565304299943
1389	3.3701565304299943
1390	3.3701565304299943
1391	0.6588634743740116
1392	0.6588634743740116
1393	0.6588634743740116
1394	0.6588634743740116
1395	0.6588634743740116
1396	0.6588634743740116
1397	0.6588634743740116
1398	0.6588634743740116
1399	1.2191015311326667
1400	1.2191015311326667
1401	1.2191015311326667
1402	1.2191015311326667
1403	1.2191015311326667
1404	3.200615917827122
1405	3.200615917827122
1406	3.200615917827122
1407	3.200615917827122
1408	3.200615917827122
1409	3.200615917827122
1410	3.200615917827122
1411	3.200615917827122
1412	3.0601769917478863
1413	3.0601769917478863
1414	3.0601769917478863
1415	3.0601769917478863
1416	3.0601769917478863
1417	3.0601769917478863
1418	3.0601769917478863
1419	3.0601769917478863
1420	1.675119429613248
1421	1.675119429613248
1422	0.1
1423	0.1
1424	0.1
1425	0.1
1426	0.1
1427	0.1
1428	0.1
1429	0.1
1430	0.1
1431	0.1
1432	0.1
1433	0.1
1434	0.1
1435	0.1
1436	0.1
1437	0.1
1438	0.8116443314529852
1439	0.8116443314529852
1440	0.8116443314529852
1441	0.8116443314529852
1442	0.8116443314529852
1443	0.8116443314529852
1444	0.8116443314529852
1445	0.8116443314529852
1446	0.8614705964067255
1447	0.8614705964067255
1448	0.8614705964067255
1449	0.8614705964067255
1450	0.8614705964067255
1451	0.8614705964067255
1452	0.8614705964067255
1453	1.5644386135900055
1454	1.5644386135900055
1455	1.5644386135900055
1456	1.5644386135900055
1457	1.5644386135900055
1458	1.5644386135900055
1459	1.5644386135900055
1460	1.5644386135900055
1461	0.1
1462	0.1
1463	0.1
1464	0.1
1465	0.1
1466	0.1
1467	1.2125028304264194
1468	1.2125028304264194
1469	1.2125028304264194
1470	1.2125028304264194
1471	1.2125028304264194
1472	1.2125028304264194
1473	1.2125028304264194
1474	1.2125028304264194
1475	2.5161694298579613
1476	2.5161694298579613
1477	2.5161694298579613
1478	2.5161694298579613
1479	2.5161694298579613
1480	2.5161694298579613
1481	2.5161694298579613
1482	2.5161694298579613
1483	0.1
1484	0.1
1485	0.1
1486	0.1
1487	0.1
1488	0.1
1489	0.1
1490	0.1
1491	0.10997129627780255
1492	0.10997129627780255
1493	0.10997129627780255
1494	0.10997129627780255
1495	0.10997129627780255
1496	0.10997129627780255
1497	0.10997129627780255
1498	0.10997129627780255
1499	1.2923075096560002
1500	1.2923075096560002
1501	1.2923075096560002
1502	1.2923075096560002
1503	1.2923075096560002
1504	1.2923075096560002
1505	1.2923075096560002
1506	1.2923075096560002
1507	0.1
1508	0.1
1509	0.1
1510	0.1
1511	0.1
1512	0.1
1513	0.1
1514	0.1
1515	0.1
1516	0.1
1517	0.1
1518	0.1
1519	0.1
1520	0.1
1521	0.1
1522	0.1
1523	0.9463800250292103
1524	1.119248650452323
1525	1.119248650452323
1526	1.119248650452323
1527	1.119248650452323
1528	1.119248650452323
1529	1.119248650452323
1530	1.119248650452323
1531	1.119248650452323
1532	1.6221852955730598
1533	1.6221852955730598
1534	1.6221852955730598
1535	1.6221852955730598
1536	1.6221852955730598
1537	1.6221852955730598
1538	1.6221852955730598
1539	1.6221852955730598
1540	0.1
1541	0.1
1542	0.1
1543	0.1
1544	0.1
1545	0.1
1546	0.1
1547	0.1
1548	2.016612570740135
1549	2.016612570740135
1550	1.5568939457815687
1551	1.5568939457815687
1552	1.5568939457815687
1553	1.5568939457815687
1554	1.5568939457815687
1555	1.5568939457815687
1556	1.5568939457815687
1557	1.5568939457815687
1558	1.3287419799259046
1559	1.3287419799259046
1560	1.3287419799259046
1561	1.3287419799259046
1562	1.3287419799259046
1563	1.3287419799259046
1564	1.3287419799259046
1565	1.3287419799259046
1566	1.3646575120931113
1567	1.3646575120931113
1568	1.3646575120931113
1569	1.3646575120931113
1570	1.3646575120931113
1571	1.3646575120931113
1572	1.3646575120931113
1573	1.3646575120931113
1574	1.593485276790484
1575	1.593485276790484
1576	1.593485276790484
1577	1.593485276790484
1578	1.593485276790484
1579	1.593485276790484
1580	1.593485276790484
1581	1.593485276790484
1582	0.8080891444935776
1583	0.8080891444935776
1584	0.6870027881567976
1585	0.6870027881567976
1586	0.6870027881567976
1587	0.6870027881567976
1588	0.6870027881567976
1589	0.6870027881567976
1590	0.6870027881567976
1591	1.354302173261894
1592	1.354302173261894
1593	1.354302173261894
1594	1.354302173261894
1595	1.354302173261894
1596	1.354302173261894
1597	1.627878076744124
1598	1.627878076744124
1599	1.627878076744124
1600	1.627878076744124
1601	1.627878076744124
1602	1.627878076744124
1603	1.627878076744124
1604	1.627878076744124
1605	0.5117901426809264
1606	0.5117901426809264
1607	0.5117901426809264
1608	0.5117901426809264
1609	0.5117901426809264
1610	0.5117901426809264
1611	0.5117901426809264
1612	0.5117901426809264
1613	1.4837556667471692
1614	1.4837556667471692
1615	1.4837556667471692
1616	1.4837556667471692
1617	1.4837556667471692
1618	1.4837556667471692
1619	1.4837556667471692
1620	1.4837556667471692
1621	2.961508218707953
1622	2.961508218707953
1623	2.961508218707953
1624	2.961508218707953
1625	2.961508218707953
1626	2.0766225934306877
1627	2.0766225934306877
1628	2.0766225934306877
1629	2.0766225934306877
1630	2.0766225934306877
1631	2.0766225934306877
1632	2.0766225934306877
1633	2.0766225934306877
1634	0.8079439831589204
1635	0.8079439831589204
1636	0.8079439831589204
1637	0.8079439831589204
1638	0.8079439831589204
1639	0.8079439831589204
1640	0.8079439831589204
1641	0.8079439831589204
1642	2.281112475018849
1643	2.281112475018849
1644	2.281112475018849
1645	2.281112475018849
1646	2.281112475018849
1647	2.281112475018849
1648	2.281112475018849
1649	2.281112475018849
1650	0.932923300235799
1651	0.932923300235799
1652	1.936686222301413
1653	1.936686222301413
1654	1.936686222301413
1655	1.936686222301413
1656	1.936686222301413
1657	1.936686222301413
1658	1.936686222301413
1659	1.936686222301413
1660	1.0119460154444484
1661	1.0119460154444484
1662	1.0119460154444484
1663	1.0119460154444484
1664	1.0119460154444484
1665	1.0119460154444484
1666	1.0119460154444484
1667	1.0119460154444484
1668	2.3771868420515716
1669	2.3771868420515716
1670	2.3771868420515716
1671	2.3771868420515716
1672	2.3771868420515716
1673	2.3771868420515716
1674	2.3771868420515716
1675	2.3771868420515716
1676	0.1
1677	0.1
1678	0.1
1679	0.1
1680	0.1
1681	0.1
1682	0.1
1683	0.1
1684	0.30680759769832866
1685	0.30680759769832866
1686	0.30680759769832866
1687	0.30680759769832866
1688	0.30680759769832866
1689	0.30680759769832866
1690	0.30680759769832866
1691	0.30680759769832866
1692	0.759343531691488
1693	0.759343531691488
1694	0.759343531691488
1695	0.759343531691488
1696	0.759343531691488
1697	0.759343531691488
1698	0.759343531691488
1699	0.759343531691488
1700	1.9007729299936997
1701	3.466655482443594
1702	0.5230279419288668
1703	0.5230279419288668
1704	0.5230279419288668
1705	0.8487470696016464
1706	0.8487470696016464
1707	0.8487470696016464
1708	0.8487470696016464
1709	0.8487470696016464
1710	1.4231552996065848
1711	1.4231552996065848
1712	1.4231552996065848
1713	1.4231552996065848
1714	1.4231552996065848
1715	1.4231552996065848
1716	1.4231552996065848
1717	1.4231552996065848
1718	0.5319597106663527
1719	0.5319597106663527
1720	0.5319597106663527
1721	0.5319597106663527
1722	0.5319597106663527
1723	0.5319597106663527
1724	0.5319597106663527
1725	0.5319597106663527
1726	1.428815682181291
1727	1.428815682181291
1728	1.428815682181291
1729	1.428815682181291
1730	1.428815682181291
1731	1.428815682181291
1732	1.428815682181291
1733	1.428815682181291
1734	2.1204553182817607
1735	2.1204553182817607
1736	2.1204553182817607
1737	2.1204553182817607
1738	2.1204553182817607
1739	2.1204553182817607
1740	2.1204553182817607
1741	2.1204553182817607
1742	3.3638726526001106
1743	3.3638726526001106
1744	3.3638726526001106
1745	3.3638726526001106
1746	3.3638726526001106
1747	3.3638726526001106
1748	3.3638726526001106
1749	3.3638726526001106
1750	0.9582197195891887
1751	0.9582197195891887
1752	0.9582197195891887
1753	0.9582197195891887
1754	0.9582197195891887
1755	0.9582197195891887
1756	0.8440853128395013
1757	0.8440853128395013
1758	0.8440853128395013
1759	0.8440853128395013
1760	0.8440853128395013
1761	0.8440853128395013
1762	0.8440853128395013
1763	0.8440853128395013
1764	1.2631722003269354
1765	1.2631722003269354
1766	1.2631722003269354
1767	1.2631722003269354
1768	1.2631722003269354
1769	1.2631722003269354
1770	1.2631722003269354
1771	1.2631722003269354
1772	2.5016035016417324
1773	2.5016035016417324
1774	2.5016035016417324
1775	2.5016035016417324
1776	2.5016035016417324
1777	2.5016035016417324
1778	2.5016035016417324
1779	2.5016035016417324
1780	0.21331207778255146
1781	0.21331207778255146
1782	0.21331207778255146
1783	2.85227411600266
1784	2.85227411600266
1785	2.85227411600266
1786	2.85227411600266
1787	2.85227411600266
1788	2.85227411600266
1789	2.85227411600266
1790	2.85227411600266
1791	4.47040942847373
1792	4.47040942847373
1793	4.47040942847373
1794	4.47040942847373
1795	0.4610595874374922
1796	0.4610595874374922
1797	0.4610595874374922
1798	0.4610595874374922
1799	0.4610595874374922
1800	0.4610595874374922
1801	0.4610595874374922
1802	0.4610595874374922
1803	2.021301955094568
1804	2.021301955094568
1805	2.021301955094568
1806	2.021301955094568
1807	2.021301955094568
1808	2.021301955094568
1809	2.021301955094568
1810	2.021301955094568
1811	2.501339986403165
1812	0.9405105411717476
1813	0.9405105411717476
1814	0.9405105411717476
1815	0.9405105411717476
1816	0.9405105411717476
1817	0.9405105411717476
1818	0.9405105411717476
1819	0.9405105411717476
1820	0.7968006340699443
1821	1.8300040873399452
1822	1.8300040873399452
1823	1.8300040873399452
1824	1.8300040873399452
1825	1.8300040873399452
1826	1.8300040873399452
1827	1.8300040873399452
1828	0.683201118734381
1829	0.683201118734381
1830	0.683201118734381
1831	0.683201118734381
1832	0.683201118734381
1833	0.683201118734381
1834	0.683201118734381
1835	0.683201118734381
1836	0.1
1837	0.1
1838	0.1
1839	0.1
1840	0.1
1841	0.1
1842	0.1
1843	0.1
1844	2.3163128067156125
1845	2.3163128067156125
1846	2.3163128067156125
1847	2.3163128067156125
1848	2.3163128067156125
1849	2.3163128067156125
1850	2.3163128067156125
1851	2.3163128067156125
1852	2.3517237213874886
1853	2.3517237213874886
1854	2.3517237213874886
1855	2.3517237213874886
1856	2.3517237213874886
1857	3.5125917343666644
1858	3.5125917343666644
1859	1.0572371880387545
1860	1.0572371880387545
1861	1.0572371880387545
1862	1.0572371880387545
1863	1.0572371880387545
1864	1.0572371880387545
1865	1.0572371880387545
1866	1.9678959252773796
1867	1.9678959252773796
1868	1.9678959252773796
1869	1.9678959252773796
1870	1.9678959252773796
1871	1.9678959252773796
1872	1.9678959252773796
1873	2.061038165856359
1874	2.061038165856359
1875	2.061038165856359
1876	2.061038165856359
1877	0.880124567840675
1878	0.880124567840675
1879	0.880124567840675
1880	0.9288356032773114
1881	0.9288356032773114
1882	0.9288356032773114
1883	0.9288356032773114
1884	0.9288356032773114
1885	0.9288356032773114
1886	0.9288356032773114
1887	0.9288356032773114
1888	1.9296660264098557
1889	1.9296660264098557
1890	1.9296660264098557
1891	1.9296660264098557
1892	1.9296660264098557
1893	1.9296660264098557
1894	1.9296660264098557
1895	0.35089630655757187
1896	0.35089630655757187
1897	0.35089630655757187
1898	0.35089630655757187
1899	1.253187920112114
1900	1.462094414860209
1901	1.462094414860209
1902	1.462094414860209
1903	1.462094414860209
1904	1.462094414860209
1905	1.462094414860209
1906	1.462094414860209
1907	1.462094414860209
1908	2.3842504632173354
1909	2.3842504632173354
1910	2.3842504632173354
1911	2.3842504632173354
1912	2.3842504632173354
1913	2.3842504632173354
1914	2.3842504632173354
1915	2.3842504632173354
1916	0.6222356445716454
1917	0.6222356445716454
1918	0.6222356445716454
1919	0.6222356445716454
1920	0.6222356445716454
1921	0.6222356445716454
1922	0.6222356445716454
1923	0.6222356445716454
1924	2.275586457986905
1925	2.275586457986905
1926	1.3954684705530154
1927	1.3954684705530154
1928	1.3954684705530154
1929	1.3954684705530154
1930	1.3954684705530154
1931	1.3954684705530154
1932	1.3954684705530154
1933	1.3954684705530154
1934	0.2832266898591904
1935	0.2832266898591904
1936	0.2832266898591904
1937	0.2832266898591904
1938	0.2832266898591904
1939	0.2832266898591904
1940	0.2832266898591904
1941	0.2832266898591904
1942	0.36593461833308427
1943	0.36593461833308427
1944	0.36593461833308427
1945	0.36593461833308427
1946	0.36593461833308427
1947	0.36593461833308427
1948	3.0382195697428465
1949	3.0382195697428465
1950	3.0382195697428465
1951	3.0382195697428465
1952	3.0382195697428465
1953	3.0382195697428465
1954	3.0382195697428465
1955	3.0382195697428465
1956	1.4562574192370357
1957	1.4562574192370357
1958	1.4562574192370357
1959	1.4562574192370357
1960	1.4562574192370357
1961	1.4562574192370357
1962	1.4562574192370357
1963	1.4562574192370357
1964	0.1
1965	0.1
1966	0.1
1967	0.1
1968	0.1
1969	0.1
1970	0.1
1971	0.1
1972	0.7054544297596039
1973	0.7054544297596039
1974	0.7054544297596039
1975	0.7054544297596039
1976	0.7054544297596039
1977	0.7054544297596039
1978	0.7054544297596039
1979	0.7054544297596039
1980	0.4998301262313255
1981	0.4998301262313255
1982	0.4998301262313255
1983	0.4998301262313255
1984	0.4998301262313255
1985	0.4998301262313255
1986	0.4998301262313255
1987	0.8724646472264637
1988	0.8724646472264637
1989	0.8724646472264637
1990	0.8724646472264637
1991	0.8724646472264637
1992	0.8724646472264637
1993	0.8724646472264637
1994	0.8724646472264637
1995	1.6167861067600606
1996	1.6167861067600606
1997	1.6167861067600606
1998	1.6167861067600606
1999	1.6167861067600606
2000	1.6167861067600606
2001	1.6167861067600606
2002	1.6167861067600606
2003	1.5857374996989593
2004	1.5857374996989593
2005	1.5857374996989593
2006	1.5857374996989593
2007	1.5857374996989593
2008	1.5857374996989593
2009	1.5857374996989593
2010	1.5857374996989593
2011	1.1928945908387922
2012	1.1928945908387922
2013	1.1928945908387922
2014	1.1928945908387922
2015	1.1928945908387922
2016	1.1928945908387922
2017	1.1928945908387922
2018	1.1928945908387922
2019	2.1887888084032667
2020	2.1887888084032667
2021	2.1887888084032667
2022	2.1887888084032667
2023	2.1887888084032667
2024	2.1887888084032667
2025	2.1887888084032667
2026	2.1887888084032667
2027	0.1
2028	0.1
2029	0.1
2030	0.1
2031	0.1
2032	0.1
2033	0.1
2034	0.1
2035	1.2909317852815798
2036	1.2909317852815798
2037	1.2909317852815798
2038	1.2909317852815798
2039	1.2909317852815798
2040	1.2909317852815798
2041	1.2909317852815798
2042	1.2909317852815798
2043	0.1
2044	0.1
2045	0.1
2046	0.1
2047	0.1
2048	0.1
2049	0.1
2050	0.1
2051	1.5988264911319692
2052	1.5988264911319692
2053	1.5988264911319692
2054	1.5988264911319692
2055	1.5988264911319692
2056	1.5988264911319692
2057	1.5988264911319692
2058	1.5988264911319692
2059	0.1
2060	0.1
2061	0.1
2062	0.1
2063	0.1
2064	0.1
2065	0.1
2066	0.1
2067	3.5730483719548265
2068	3.5730483719548265
2069	3.5730483719548265
2070	3.5730483719548265
2071	3.5730483719548265
2072	3.5730483719548265
2073	3.5730483719548265
2074	3.5730483719548265
2075	2.374512553101933
2076	2.374512553101933
2077	2.374512553101933
2078	2.374512553101933
2079	2.374512553101933
2080	2.374512553101933
2081	2.374512553101933
2082	2.374512553101933
2083	0.1
2084	0.1
2085	0.28078168221509126
2086	0.28078168221509126
2087	0.28078168221509126
2088	0.28078168221509126
2089	0.28078168221509126
2090	0.28078168221509126
2091	0.28078168221509126
2092	0.28078168221509126
2093	0.1
2094	0.1
2095	0.1
2096	0.1
2097	0.1
2098	0.1
2099	0.1
2100	0.1
2101	2.3091396170327703
2102	2.3091396170327703
2103	2.3091396170327703
2104	2.3091396170327703
2105	2.3091396170327703
2106	2.3091396170327703
2107	2.3091396170327703
2108	2.3091396170327703
2109	1.38288468127501
2110	1.38288468127501
2111	1.38288468127501
2112	1.38288468127501
2113	1.38288468127501
2114	2.911492520679083
2115	2.911492520679083
2116	2.911492520679083
2117	2.911492520679083
2118	2.911492520679083
2119	1.138742842630305
2120	1.138742842630305
2121	1.138742842630305
2122	1.138742842630305
2123	1.138742842630305
2124	1.138742842630305
2125	1.138742842630305
2126	1.138742842630305
2127	1.534879083313876
2128	1.534879083313876
2129	0.8472895458926378
2130	0.8472895458926378
2131	0.8472895458926378
2132	0.8472895458926378
2133	0.8472895458926378
2134	0.8472895458926378
2135	0.8472895458926378
2136	0.8472895458926378
2137	1.568569902626571
2138	1.568569902626571
2139	1.568569902626571
2140	1.568569902626571
2141	1.568569902626571
2142	1.568569902626571
2143	1.568569902626571
2144	1.568569902626571
2145	1.9276904700395017
2146	1.9276904700395017
2147	1.9276904700395017
2148	1.9276904700395017
2149	1.9276904700395017
2150	1.9276904700395017
2151	1.9276904700395017
2152	1.9276904700395017
2153	1.576803456292295
2154	1.576803456292295
2155	1.576803456292295
2156	1.576803456292295
2157	1.576803456292295
2158	1.156160075282834
2159	1.156160075282834
2160	1.156160075282834
2161	0.5321624548081729
2162	0.5321624548081729
2163	0.5321624548081729
2164	0.5321624548081729
2165	0.5321624548081729
2166	0.5321624548081729
2167	0.5321624548081729
2168	0.5321624548081729
2169	0.988665678793501
2170	0.988665678793501
2171	0.988665678793501
2172	0.988665678793501
2173	0.988665678793501
2174	0.988665678793501
2175	0.988665678793501
2176	0.988665678793501
2177	0.7916168628626779
2178	0.7916168628626779
2179	0.7916168628626779
2180	0.7916168628626779
2181	0.7916168628626779
2182	0.7916168628626779
2183	0.7916168628626779
2184	0.7916168628626779
2185	0.1
2186	0.1
2187	0.1
2188	0.1
2189	0.1
2190	0.1
2191	0.1
2192	0.1
2193	2.5420060993758664
2194	2.5420060993758664
2195	2.5420060993758664
2196	2.5420060993758664
2197	2.5420060993758664
2198	2.5420060993758664
2199	2.5420060993758664
2200	2.5420060993758664
2201	0.7604514872595326
2202	0.7604514872595326
2203	0.7604514872595326
2204	0.7604514872595326
2205	0.7604514872595326
2206	0.7604514872595326
2207	0.7604514872595326
2208	0.7604514872595326
2209	1.463767195757181
2210	1.463767195757181
2211	1.4768890618871615
2212	1.4768890618871615
2213	1.4768890618871615
2214	1.4768890618871615
2215	1.4768890618871615
2216	1.4768890618871615
2217	1.4768890618871615
2218	1.4768890618871615
2219	0.6444574844437547
2220	0.6444574844437547
2221	0.6444574844437547
2222	0.6444574844437547
2223	0.6444574844437547
2224	0.6444574844437547
2225	0.6444574844437547
2226	0.6444574844437547
2227	0.12929434369413362
2228	0.12929434369413362
2229	0.12929434369413362
2230	2.8006398003258783
2231	2.8006398003258783
2232	2.8006398003258783
2233	2.8006398003258783
2234	2.8006398003258783
2235	2.8006398003258783
2236	2.8006398003258783
2237	2.8006398003258783
2238	1.1517751572085113
2239	1.1517751572085113
2240	1.1517751572085113
2241	1.1517751572085113
2242	1.1517751572085113
2243	1.1517751572085113
2244	1.1517751572085113
2245	1.1517751572085113
2246	2.86941162361152
2247	2.86941162361152
2248	2.86941162361152
2249	2.86941162361152
2250	2.86941162361152
2251	2.86941162361152
2252	2.86941162361152
2253	2.86941162361152
2254	1.8903150848831736
2255	1.8903150848831736
2256	1.8903150848831736
2257	1.8903150848831736
2258	1.8903150848831736
2259	1.8903150848831736
2260	1.8903150848831736
2261	1.8903150848831736
2262	1.5411191173549372
2263	1.5411191173549372
2264	1.5411191173549372
2265	2.1898817177602123
2266	2.1898817177602123
2267	2.1898817177602123
2268	1.1968769356803803
2269	1.1968769356803803
2270	1.1968769356803803
2271	1.1968769356803803
2272	1.1968769356803803
2273	1.1968769356803803
2274	1.1968769356803803
2275	1.1968769356803803
2276	2.4046885707391565
2277	1.507964341758139
2278	1.507964341758139
2279	1.507964341758139
2280	1.507964341758139
2281	1.507964341758139
2282	1.507964341758139
2283	1.507964341758139
2284	1.507964341758139
2285	0.3599683689098211
2286	0.3599683689098211
2287	0.3599683689098211
2288	0.3599683689098211
2289	0.3599683689098211
2290	0.3599683689098211
2291	0.3599683689098211
2292	0.3599683689098211
2293	1.6596852888218894
2294	1.6596852888218894
2295	1.196124802719219
2296	1.196124802719219
2297	1.196124802719219
2298	1.196124802719219
2299	1.196124802719219
2300	1.196124802719219
2301	1.196124802719219
2302	1.196124802719219
2303	2.4066615072841944
2304	2.4066615072841944
2305	2.4066615072841944
2306	2.4066615072841944
2307	2.4066615072841944
2308	2.4066615072841944
2309	2.4066615072841944
2310	2.4066615072841944
2311	0.7673782515094318
2312	0.7673782515094318
2313	0.7673782515094318
2314	0.7673782515094318
2315	0.7673782515094318
2316	0.7673782515094318
2317	0.7673782515094318
2318	0.7673782515094318
2319	1.2755012777997705
2320	1.2755012777997705
2321	1.2755012777997705
2322	1.2755012777997705
2323	0.260330206636339
2324	0.260330206636339
2325	0.260330206636339
2326	0.260330206636339
2327	0.260330206636339
2328	0.260330206636339
2329	0.260330206636339
2330	0.260330206636339
2331	0.7552111483526777
2332	0.7552111483526777
2333	0.7552111483526777
2334	0.7552111483526777
2335	0.5934483794227581
2336	0.5934483794227581
2337	0.5934483794227581
2338	0.5934483794227581
2339	0.5934483794227581
2340	0.5934483794227581
2341	0.5934483794227581
2342	0.5934483794227581
2343	2.1550613550023043
2344	2.1550613550023043
2345	2.1550613550023043
2346	2.1550613550023043
2347	2.1550613550023043
2348	2.1550613550023043
2349	2.1550613550023043
2350	2.1550613550023043
2351	1.4517936041259571
2352	1.4517936041259571
2353	1.4517936041259571
2354	1.4517936041259571
2355	1.4517936041259571
2356	1.4517936041259571
2357	1.4517936041259571
2358	1.4517936041259571
2359	0.1
2360	0.1
2361	0.1
2362	0.1
2363	0.1
2364	0.1
2365	0.1
2366	0.1
2367	1.7707279707625978
2368	1.7707279707625978
2369	1.7707279707625978
2370	1.7707279707625978
2371	1.7707279707625978
2372	1.0084416990223413
2373	1.0084416990223413
2374	1.0084416990223413
2375	1.0084416990223413
2376	1.0084416990223413
2377	1.0084416990223413
2378	1.0084416990223413
2379	1.0084416990223413
2380	2.5387739910617775
2381	2.5387739910617775
2382	2.5387739910617775
2383	2.5387739910617775
2384	2.5387739910617775
2385	2.5387739910617775
2386	2.5387739910617775
2387	2.5387739910617775
2388	2.4675981136116123
2389	2.4675981136116123
2390	2.4675981136116123
2391	2.4675981136116123
2392	2.4675981136116123
2393	2.4675981136116123
2394	2.4675981136116123
2395	2.4675981136116123
2396	1.4078716933504212
2397	1.4078716933504212
2398	1.4078716933504212
2399	1.4078716933504212
2400	1.4078716933504212
2401	1.4078716933504212
2402	1.4078716933504212
2403	1.4078716933504212
2404	1.9398482964516326
2405	1.9398482964516326
2406	1.9398482964516326
2407	1.9398482964516326
2408	1.9398482964516326
2409	1.9398482964516326
2410	1.9486384767927603
2411	1.9486384767927603
2412	1.9486384767927603
2413	1.9486384767927603
2414	1.9486384767927603
2415	1.9486384767927603
2416	1.9486384767927603
2417	1.9486384767927603
2418	0.33805028482494537
2419	0.33805028482494537
2420	0.33805028482494537
2421	0.33805028482494537
2422	0.33805028482494537
2423	0.33805028482494537
2424	0.33805028482494537
2425	0.33805028482494537
2426	2.7917529442179605
2427	2.7917529442179605
2428	2.7917529442179605
2429	2.7917529442179605
2430	2.7917529442179605
2431	2.7917529442179605
2432	2.7917529442179605
2433	2.7917529442179605
2434	1.2940602815945255
2435	1.2940602815945255
2436	1.2940602815945255
2437	1.2940602815945255
2438	1.2940602815945255
2439	1.2940602815945255
2440	1.2940602815945255
2441	1.2940602815945255
2442	1.7698230560135921
2443	1.7698230560135921
2444	1.7698230560135921
2445	1.7698230560135921
2446	1.7698230560135921
2447	1.7698230560135921
2448	1.7698230560135921
2449	1.7698230560135921
2450	2.70203557421663
2451	2.70203557421663
2452	2.70203557421663
2453	2.70203557421663
2454	2.70203557421663
2455	2.70203557421663
2456	2.70203557421663
2457	2.70203557421663
2458	1.3270712386129175
2459	1.3270712386129175
2460	1.3270712386129175
2461	1.3270712386129175
2462	1.3270712386129175
2463	1.3270712386129175
2464	1.3270712386129175
2465	1.3270712386129175
2466	0.1229114677559715
2467	0.1229114677559715
2468	0.1229114677559715
2469	0.1229114677559715
2470	0.1229114677559715
2471	0.1229114677559715
2472	0.1229114677559715
2473	0.1229114677559715
2474	3.3135572902202344
2475	3.3135572902202344
2476	0.1
2477	0.1
2478	0.1
2479	0.1
2480	0.1
2481	0.1
2482	0.1
2483	0.1
2484	1.2098007556425654
2485	1.2098007556425654
2486	1.2098007556425654
2487	1.2098007556425654
2488	1.2098007556425654
2489	1.2098007556425654
2490	1.2098007556425654
2491	1.2098007556425654
2492	2.42309474695243
2493	2.42309474695243
2494	2.42309474695243
2495	2.42309474695243
2496	2.42309474695243
2497	2.42309474695243
2498	0.5566252601868714
2499	0.5566252601868714
2500	0.5566252601868714
2501	0.5566252601868714
2502	0.5566252601868714
2503	0.5566252601868714
2504	0.5566252601868714
2505	0.5566252601868714
2506	2.0312108684298034
2507	2.0312108684298034
2508	2.0312108684298034
2509	2.0312108684298034
2510	2.0312108684298034
2511	2.0312108684298034
2512	2.0312108684298034
2513	0.1
2514	0.1
2515	0.1
2516	0.1
2517	0.5500872172603516
2518	0.5500872172603516
2519	0.5500872172603516
2520	0.5500872172603516
2521	0.5500872172603516
2522	0.5500872172603516
2523	0.5500872172603516
2524	0.5500872172603516
2525	0.6577385534458008
2526	0.6577385534458008
2527	0.6577385534458008
2528	0.6577385534458008
2529	0.6577385534458008
2530	0.6577385534458008
2531	0.6577385534458008
2532	0.6577385534458008
2533	0.1
2534	1.7188402076766396
2535	1.7188402076766396
2536	1.7188402076766396
2537	1.7188402076766396
2538	1.7188402076766396
2539	1.7188402076766396
2540	1.7188402076766396
2541	1.7188402076766396
2542	0.9063384149608258
2543	0.9063384149608258
2544	0.9063384149608258
2545	0.9063384149608258
2546	0.9063384149608258
2547	0.9063384149608258
2548	0.9063384149608258
2549	0.9063384149608258
2550	0.8882825687747746
2551	0.8882825687747746
2552	0.8882825687747746
2553	0.8882825687747746
2554	0.8882825687747746
2555	0.8882825687747746
2556	0.8882825687747746
2557	0.8882825687747746
2558	1.327573306716208
2559	1.327573306716208
2560	1.327573306716208
2561	1.327573306716208
2562	1.327573306716208
2563	1.327573306716208
2564	1.327573306716208
2565	1.327573306716208
2566	0.9068898088327333
2567	0.9068898088327333
2568	0.9068898088327333
2569	0.9068898088327333
2570	0.9068898088327333
2571	0.9068898088327333
2572	0.9068898088327333
2573	0.9068898088327333
2574	0.1
2575	0.1
2576	0.1
2577	0.1
2578	0.1
2579	0.1
2580	0.1
2581	0.1
2582	1.1100506031674389
2583	0.48806424446590313
2584	0.48806424446590313
2585	0.48806424446590313
2586	0.48806424446590313
2587	0.48806424446590313
2588	0.48806424446590313
2589	0.48806424446590313
2590	0.48806424446590313
2591	1.6368413275942748
2592	1.6368413275942748
2593	1.6368413275942748
2594	1.6368413275942748
2595	1.6368413275942748
2596	1.6368413275942748
2597	1.6368413275942748
2598	1.6368413275942748
2599	1.254664943392139
2600	1.254664943392139
2601	1.254664943392139
2602	1.254664943392139
2603	1.254664943392139
2604	1.254664943392139
2605	1.254664943392139
2606	1.254664943392139
2607	0.5865452042268665
2608	0.5865452042268665
2609	0.5865452042268665
2610	0.5865452042268665
2611	0.5865452042268665
2612	0.5865452042268665
2613	0.5865452042268665
2614	0.5865452042268665
2615	0.7977821611884247
2616	0.7977821611884247
2617	0.7977821611884247
2618	0.7977821611884247
2619	0.7977821611884247
2620	0.7977821611884247
2621	0.7977821611884247
2622	0.7977821611884247
2623	1.1886680235293783
2624	1.1886680235293783
2625	1.1886680235293783
2626	1.1886680235293783
2627	1.1886680235293783
2628	1.1886680235293783
2629	1.1886680235293783
2630	1.1886680235293783
2631	0.5715328118987979
2632	0.5715328118987979
2633	0.5715328118987979
2634	0.5715328118987979
2635	0.5715328118987979
2636	0.5715328118987979
2637	0.5715328118987979
2638	0.5715328118987979
2639	1.898197435707291
2640	1.898197435707291
2641	1.898197435707291
2642	1.898197435707291
2643	1.898197435707291
2644	1.898197435707291
2645	1.898197435707291
2646	2.4082501399559533
2647	2.4082501399559533
2648	2.4082501399559533
2649	2.4082501399559533
2650	2.4082501399559533
2651	2.4082501399559533
2652	2.4082501399559533
2653	2.4082501399559533
2654	0.982938137033806
2655	0.982938137033806
2656	0.982938137033806
2657	0.982938137033806
2658	0.982938137033806
2659	0.982938137033806
2660	0.982938137033806
2661	0.982938137033806
2662	0.1
2663	0.1
2664	0.1
2665	0.1
2666	0.1
2667	0.1
2668	0.2607439135569314
2669	0.2607439135569314
2670	0.2607439135569314
2671	0.2607439135569314
2672	0.2607439135569314
2673	0.2607439135569314
2674	0.2607439135569314
2675	0.2607439135569314
2676	0.1
2677	0.1
2678	0.1
2679	1.0271741383450232
2680	1.0271741383450232
2681	1.0271741383450232
2682	1.0271741383450232
2683	1.0271741383450232
2684	1.0271741383450232
2685	1.0271741383450232
2686	1.0271741383450232
2687	0.1
2688	0.849280253683649
2689	0.849280253683649
2690	0.849280253683649
2691	0.849280253683649
2692	0.849280253683649
2693	0.849280253683649
2694	0.849280253683649
2695	0.849280253683649
2696	1.0734073107246127
2697	1.0734073107246127
2698	1.0734073107246127
2699	1.0734073107246127
2700	1.0734073107246127
2701	1.0734073107246127
2702	1.0734073107246127
2703	1.0734073107246127
2704	0.1
2705	0.1
2706	0.1
2707	1.2019839720256131
2708	1.2019839720256131
2709	1.2019839720256131
2710	1.2019839720256131
2711	1.2019839720256131
2712	1.2019839720256131
2713	1.2019839720256131
2714	1.2019839720256131
2715	1.2528873905659985
2716	1.2528873905659985
2717	1.2528873905659985
2718	1.2528873905659985
2719	1.2528873905659985
2720	1.2528873905659985
2721	1.2528873905659985
2722	1.2528873905659985
2723	0.14414103080507257
2724	0.14414103080507257
2725	0.14414103080507257
2726	0.14414103080507257
2727	0.14414103080507257
2728	0.14414103080507257
2729	0.14414103080507257
2730	0.14414103080507257
2731	1.2799889987084652
2732	1.2799889987084652
2733	1.2799889987084652
2734	1.2799889987084652
2735	1.2799889987084652
2736	2.20159523661394
2737	2.20159523661394
2738	1.6531644427219194
2739	1.6531644427219194
2740	1.6531644427219194
2741	1.6531644427219194
2742	1.6531644427219194
2743	1.6531644427219194
2744	1.6531644427219194
2745	1.6531644427219194
2746	0.8647597065978941
2747	0.8647597065978941
2748	0.8647597065978941
2749	0.8647597065978941
2750	0.8647597065978941
2751	0.8647597065978941
2752	0.8647597065978941
2753	0.4045675312045809
2754	0.4045675312045809
2755	0.4045675312045809
2756	1.410828898145784
2757	1.410828898145784
2758	1.410828898145784
2759	1.410828898145784
2760	1.410828898145784
2761	1.410828898145784
2762	1.410828898145784
2763	1.410828898145784
2764	3.1034620655089498
2765	3.1034620655089498
2766	3.1034620655089498
2767	3.1034620655089498
2768	3.1034620655089498
2769	3.1034620655089498
2770	3.1034620655089498
2771	3.1034620655089498
2772	0.325337392308646
2773	0.325337392308646
2774	0.325337392308646
2775	0.325337392308646
2776	0.325337392308646
2777	0.325337392308646
2778	0.325337392308646
2779	0.325337392308646
2780	0.13725086490655336
2781	0.13725086490655336
2782	0.13725086490655336
2783	0.13725086490655336
2784	0.13725086490655336
2785	0.13725086490655336
2786	0.13725086490655336
2787	0.13725086490655336
2788	0.8300663854346636
2789	0.8300663854346636
2790	0.8300663854346636
2791	0.8300663854346636
2792	0.8300663854346636
2793	0.47118010367738106
2794	0.47118010367738106
2795	2.129047648322249
2796	2.129047648322249
2797	2.129047648322249
2798	2.129047648322249
2799	2.129047648322249
2800	2.129047648322249
2801	2.129047648322249
2802	2.129047648322249
2803	0.6420624545813156
2804	0.6420624545813156
2805	0.6420624545813156
2806	1.2510261070447162
2807	1.2510261070447162
2808	1.2510261070447162
2809	1.2510261070447162
2810	1.2510261070447162
2811	1.2510261070447162
2812	1.2510261070447162
2813	1.2510261070447162
2814	0.1
2815	0.1
2816	0.1
2817	0.1
2818	0.1
2819	0.1
2820	0.1
2821	0.1
2822	0.6560320911544837
2823	0.6560320911544837
2824	0.6560320911544837
2825	2.3931340765914357
2826	2.3931340765914357
2827	2.3931340765914357
2828	2.3931340765914357
2829	2.3931340765914357
2830	2.3931340765914357
2831	1.8738395272740842
2832	1.8738395272740842
2833	1.8738395272740842
2834	1.8738395272740842
2835	1.2823201824530763
2836	1.2823201824530763
2837	1.2823201824530763
2838	1.2823201824530763
2839	1.2823201824530763
2840	1.2823201824530763
2841	1.2823201824530763
2842	1.2823201824530763
2843	1.2108895677266798
2844	1.2108895677266798
2845	1.2108895677266798
2846	1.2108895677266798
2847	1.2108895677266798
2848	1.2108895677266798
2849	1.2108895677266798
2850	1.2108895677266798
2851	0.30879658940945587
2852	0.30879658940945587
2853	0.30879658940945587
2854	0.30879658940945587
2855	0.30879658940945587
2856	0.30879658940945587
2857	0.30879658940945587
2858	0.30879658940945587
2859	0.1
2860	0.1
2861	0.1
2862	0.1
2863	0.1
2864	0.1
2865	0.1
2866	2.1401459761470267
2867	2.1401459761470267
