0	1.362601726654181
1	1.362601726654181
2	1.8600828371555025
3	1.8600828371555025
4	0.6370808579246123
5	0.6370808579246123
6	6.2831496123835
7	6.2831496123835
8	3.028085429460266
9	3.028085429460266
10	0.6486633756992619
11	0.1
12	0.1
13	1.9713937308517167
14	1.9713937308517167
15	3.6623054103733077
16	3.6623054103733077
17	1.7125435277349288
18	1.7125435277349288
19	1.5729164185622533
20	1.5729164185622533
21	4.203429181285862
22	4.203429181285862
23	4.386977519577527
24	4.386977519577527
25	1.1538542882931433
26	1.1538542882931433
27	5.1098601957124785
28	5.1098601957124785
29	1.8826889863869214
30	1.8826889863869214
31	0.6996375786482081
32	0.6996375786482081
33	1.546271249065604
34	1.546271249065604
35	0.3168691699666011
36	0.3168691699666011
37	3.6208479627555628
38	3.6208479627555628
39	1.125346590745325
40	1.125346590745325
41	3.1046042356972747
42	3.1046042356972747
43	1.6263361293795402
44	1.6263361293795402
45	2.060400650362489
46	2.060400650362489
47	2.1521478958198337
48	2.1521478958198337
49	0.1
50	0.1
51	1.2396570765605763
52	1.2396570765605763
53	1.2586215865904495
54	1.2586215865904495
55	2.1475618323226056
56	2.1475618323226056
57	2.182088736696036
58	2.182088736696036
59	1.7002356104009024
60	1.7002356104009024
61	3.4504555491926103
62	3.4504555491926103
63	0.1
64	0.1
65	2.4633617992981156
66	2.4633617992981156
67	3.989208953923119
68	3.989208953923119
69	2.8190413429303334
70	2.8190413429303334
71	2.190093732770331
72	2.190093732770331
73	1.664952917815034
74	1.664952917815034
75	2.589572345487063
76	0.1
77	0.1
78	5.0173962917634505
79	5.0173962917634505
80	2.04827526393259
81	2.04827526393259
82	12.19157421791296
83	12.19157421791296
84	6.123063456874679
85	6.123063456874679
86	8.13738479489555
87	8.13738479489555
88	8.278646712683994
89	8.278646712683994
90	10.748834977328173
91	10.748834977328173
92	15.10643800992371
93	15.10643800992371
94	6.710959910180342
95	6.710959910180342
96	7.800685894648938
97	7.800685894648938
98	2.5548708077347397
99	2.5548708077347397
100	4.559186753317735
101	4.559186753317735
102	0.1
103	0.1
104	3.0590530267293
105	3.0590530267293
106	2.487779360514259
107	2.487779360514259
108	8.311419617853526
109	8.311419617853526
110	6.1627030853143
111	6.1627030853143
112	3.03311539550982
113	3.03311539550982
114	1.0218976788731378
115	1.0218976788731378
116	1.3408725526090755
117	1.3408725526090755
118	4.8813883213572895
119	4.8813883213572895
120	2.197199655066666
121	2.197199655066666
122	7.15236663864359
123	7.15236663864359
124	3.561337857171822
125	3.561337857171822
126	7.674192667415749
127	7.674192667415749
128	6.229272061445285
129	6.229272061445285
130	6.697176666578844
131	6.697176666578844
132	6.358074851894534
133	6.358074851894534
134	7.982697297177196
135	7.982697297177196
136	0.9561697328657619
137	0.9561697328657619
138	4.187451359833086
139	4.187451359833086
140	1.4813056773551256
141	1.4813056773551256
142	8.424512491910066
143	8.424512491910066
144	8.320367766550932
145	8.320367766550932
146	5.568246862639754
147	5.568246862639754
148	7.039162255849696
149	7.039162255849696
150	2.6659283300864507
151	2.6659283300864507
152	5.1397478884938375
153	5.1397478884938375
154	3.207663994585765
155	3.207663994585765
156	0.3854409670944463
157	0.3854409670944463
158	2.465900858904647
159	2.465900858904647
160	2.8042911847181644
161	2.8042911847181644
162	8.728227830505869
163	8.728227830505869
164	4.412797813829982
165	4.412797813829982
166	0.1
167	0.1
168	4.409329977823297
169	4.409329977823297
170	2.2992288449454494
171	2.2992288449454494
172	8.052839649437063
173	8.052839649437063
174	11.76229900733449
175	11.76229900733449
176	12.68991525277505
177	12.68991525277505
178	6.396659276506543
179	6.396659276506543
180	6.370797171956321
181	6.370797171956321
182	8.48280116824958
183	8.48280116824958
184	14.311195172401685
185	14.311195172401685
186	6.879419975499535
187	6.035244991035383
188	6.035244991035383
189	16.27855361105081
190	16.27855361105081
191	15.454231902096371
192	15.454231902096371
193	9.077729376485307
194	9.077729376485307
195	7.1602954164011
196	7.1602954164011
197	11.303221889722472
198	11.303221889722472
199	8.259023264094491
200	8.259023264094491
201	11.313509971461242
202	11.313509971461242
203	15.4027652977137
204	15.4027652977137
205	7.403115466272267
206	7.403115466272267
207	16.292729342830654
208	16.292729342830654
209	12.30741431338352
210	12.30741431338352
211	2.6608270512566783
212	2.6608270512566783
213	3.402448706346215
214	3.402448706346215
215	10.694979082720419
216	10.694979082720419
217	12.201613227573748
218	12.201613227573748
219	8.003300246203198
220	8.003300246203198
221	27.88839697775499
222	27.88839697775499
223	16.114776019066316
224	16.114776019066316
225	18.65902600795954
226	18.65902600795954
227	6.698627495282302
228	6.698627495282302
229	20.058227214736018
230	20.058227214736018
231	6.460598194552476
232	6.460598194552476
233	12.034099208855938
234	12.034099208855938
235	0.1
236	0.1
237	2.62531441956018
238	2.62531441956018
239	17.477256496838475
240	17.477256496838475
241	5.38123156022684
242	5.38123156022684
243	15.946488036715682
244	15.946488036715682
245	0.44440765229670376
246	0.44440765229670376
247	6.225844688176641
248	6.225844688176641
249	8.978318599895474
250	8.978318599895474
251	8.434255185709928
252	8.434255185709928
253	13.701019218641076
254	13.701019218641076
255	10.902361576742377
256	10.902361576742377
257	16.83989480457652
258	16.83989480457652
259	9.072861166750432
260	9.072861166750432
261	2.4742612048225663
262	6.142389160366795
263	6.142389160366795
264	4.081906858400975
265	4.081906858400975
266	5.358083543896148
267	5.358083543896148
268	10.97590574359539
269	10.97590574359539
270	9.467018311846946
271	9.467018311846946
272	7.93628469888723
273	7.93628469888723
274	7.952300303209015
275	7.952300303209015
276	4.407282016757721
277	4.407282016757721
278	7.885563235464501
279	7.885563235464501
280	8.07016022392726
281	8.07016022392726
282	11.758746605083923
283	11.758746605083923
284	0.1
285	0.1
286	6.375148119372971
287	6.375148119372971
288	9.728093760572087
289	15.842831491350541
290	15.842831491350541
291	0.7415636265405734
292	0.7415636265405734
293	8.62960583033232
294	8.62960583033232
295	14.629867784044865
296	14.629867784044865
297	0.1
298	0.1
299	2.0151151308088613
300	2.0151151308088613
301	1.8390893806176312
302	1.8390893806176312
303	14.761274353875063
304	19.86124256669484
305	19.86124256669484
306	3.1574940060284087
307	3.1574940060284087
308	17.840235261286118
309	17.840235261286118
310	6.422572159784027
311	6.422572159784027
312	13.604729399670408
313	13.604729399670408
314	18.144381848742633
315	18.144381848742633
316	4.538800922679192
317	4.538800922679192
318	2.590890985610364
319	2.590890985610364
320	6.237145892405091
321	6.237145892405091
322	6.269151518818402
323	6.269151518818402
324	9.269339382743084
325	9.269339382743084
326	2.780631384256118
327	2.780631384256118
328	8.637620110487191
329	8.637620110487191
330	12.760799539787193
331	12.760799539787193
332	17.990008654004185
333	17.990008654004185
334	2.49169234373663
335	6.1829352295005595
336	6.1829352295005595
337	6.081309674506957
338	6.081309674506957
339	6.972267972354722
340	6.972267972354722
341	5.938157578504498
342	5.938157578504498
343	8.206362415272654
344	8.206362415272654
345	5.869061728475484
346	5.869061728475484
347	17.77907797393039
348	17.77907797393039
349	0.1
350	0.1
351	14.004473707044289
352	14.004473707044289
353	11.892408450981284
354	11.892408450981284
355	0.2628205206281393
356	0.2628205206281393
357	12.760678013722481
358	12.760678013722481
359	6.586385393504243
360	6.586385393504243
361	8.743680579300039
362	8.743680579300039
363	16.040761974493556
364	16.040761974493556
365	5.721227407085923
366	5.721227407085923
367	4.2996599884087505
368	4.2996599884087505
369	5.557600985815979
370	20.534700858466216
371	20.534700858466216
372	10.286401938980148
373	10.286401938980148
374	6.5089497136662935
375	6.5089497136662935
376	2.876955972048929
377	2.876955972048929
378	15.467416097339596
379	15.467416097339596
380	9.653946294509584
381	9.653946294509584
382	4.6856715111732825
383	4.6856715111732825
384	12.111776130058958
385	12.111776130058958
386	14.567648530559158
387	14.567648530559158
388	4.806849762663445
389	4.1008441394374415
390	4.1008441394374415
391	5.315181589229894
392	5.315181589229894
393	0.1
394	0.1
395	4.3861354830859725
396	4.3861354830859725
397	21.059240464772504
398	21.059240464772504
399	12.82409526177883
400	2.187305590519581
401	2.187305590519581
402	12.502999543652482
403	12.502999543652482
404	3.0614746031776887
405	3.0614746031776887
406	11.37819703897739
407	11.37819703897739
408	9.60414009090757
409	9.60414009090757
410	6.758090370869476
411	6.758090370869476
412	0.1
413	0.1
414	0.1
415	0.1
416	4.546412903656419
417	4.546412903656419
418	2.71649208069584
419	2.71649208069584
420	1.65650222066379
421	1.65650222066379
422	15.54161928544104
423	15.54161928544104
424	1.6925058012117988
425	1.6925058012117988
426	0.46348834427365126
427	0.46348834427365126
428	6.151418481451977
429	6.151418481451977
430	0.1
431	0.1
432	4.5573465883974755
433	4.5573465883974755
434	0.6833518233548537
435	0.6833518233548537
436	7.475191519374389
437	7.475191519374389
438	6.5893273643823935
439	6.5893273643823935
440	4.498775495628004
441	0.35560674064309516
442	0.35560674064309516
443	1.1336365529656094
444	1.1336365529656094
445	6.562774020323531
446	6.562774020323531
447	5.858101747515745
448	5.858101747515745
449	5.4736068224292
450	5.4736068224292
451	7.123777918549986
452	7.123777918549986
453	1.7023968740011544
454	1.7023968740011544
455	7.323116271847406
456	7.323116271847406
457	7.019391333041914
458	7.019391333041914
459	7.593639834689025
460	7.593639834689025
461	12.769306295776005
462	12.769306295776005
463	5.5602884162947275
464	5.5602884162947275
465	1.9712294119126508
466	1.9712294119126508
467	3.4906737965874384
468	3.4906737965874384
469	7.261697984589961
470	7.261697984589961
471	3.4356734606087036
472	3.4356734606087036
473	6.6053448819446325
474	6.6053448819446325
475	6.722349447952683
476	7.432426146695308
477	7.432426146695308
478	11.01541929722243
479	11.01541929722243
480	5.051061047089453
481	5.051061047089453
482	2.963812891491763
483	2.963812891491763
484	4.616356861882929
485	4.616356861882929
486	4.099480104078986
487	4.099480104078986
488	4.427548738659597
489	4.427548738659597
490	5.564389031806522
491	5.564389031806522
492	2.9828151345508767
493	2.9828151345508767
494	7.485446232017372
495	7.485446232017372
496	1.8757505691053318
497	1.8757505691053318
498	4.153746725300115
499	4.153746725300115
500	3.2406093448491022
501	3.2406093448491022
502	6.186676506219527
503	6.186676506219527
504	6.29931412997214
505	6.29931412997214
506	5.0464819707213895
507	5.0464819707213895
508	4.638409888531909
509	4.638409888531909
510	5.136147963932338
511	5.136147963932338
512	0.1
513	0.1
514	5.179809629451232
515	2.5906265112037525
516	2.5906265112037525
517	5.035658369484766
518	5.035658369484766
519	6.785496945963798
520	6.785496945963798
521	3.9991052553221853
522	3.9991052553221853
523	1.936318732203255
524	1.936318732203255
525	7.631626304259646
526	7.631626304259646
527	4.001033993737751
528	4.001033993737751
529	3.785921569425833
530	3.785921569425833
531	3.6224009407612816
532	3.6224009407612816
533	0.1
534	5.3465307046652715
535	5.3465307046652715
536	13.503579435853583
537	13.503579435853583
538	16.48146467810387
539	16.48146467810387
540	9.289958412224792
541	9.289958412224792
542	12.981760849647205
543	12.981760849647205
544	4.241904267133865
545	4.241904267133865
546	9.899052101661356
547	9.899052101661356
548	0.7499605624106502
549	0.7499605624106502
550	1.5550751651268744
551	1.5550751651268744
552	1.9964440896216704
553	1.9964440896216704
554	10.925707220145144
555	10.925707220145144
556	4.060360522085909
557	4.060360522085909
558	0.1
559	0.1
560	9.699696588455552
561	9.699696588455552
562	5.233931542457505
563	5.233931542457505
564	8.25010919404991
565	8.25010919404991
566	7.0798769074353025
567	7.0798769074353025
568	1.9241416292055238
569	1.9241416292055238
570	1.2489780092998979
571	1.2489780092998979
572	1.6322546117249903
573	1.6322546117249903
574	6.739188380169841
575	6.739188380169841
576	9.307489565829002
577	9.307489565829002
578	7.154013461294684
579	7.154013461294684
580	11.772711635445798
581	11.772711635445798
582	3.1165892664257644
583	3.1165892664257644
584	4.118312015267222
585	5.6883628852313395
586	5.6883628852313395
587	4.189563393926923
588	4.189563393926923
589	3.9412942795348815
590	3.9412942795348815
591	1.0200325686269807
592	1.0200325686269807
593	0.1
594	0.1
595	9.407697118333022
596	9.407697118333022
597	4.61598236586919
598	4.61598236586919
599	3.912332612041248
600	3.912332612041248
601	3.6020849291368884
602	3.6020849291368884
603	5.181821750353999
604	5.181821750353999
605	5.357069083404233
606	5.357069083404233
607	8.030128176769493
608	8.030128176769493
609	2.9959870105539914
610	2.9959870105539914
611	1.8969096388680207
612	1.8969096388680207
613	2.5480437341464284
614	2.5480437341464284
615	5.610896852141078
616	5.610896852141078
617	6.931130498827228
618	6.931130498827228
619	7.264315537377475
620	7.264315537377475
621	11.421187715391696
622	11.421187715391696
623	8.749367099155133
624	8.749367099155133
625	5.434538629052458
626	5.434538629052458
627	4.799380692052312
628	4.799380692052312
629	11.776652397016797
630	11.776652397016797
631	6.329142700571534
632	6.329142700571534
633	13.297580501451266
634	13.297580501451266
635	10.515608131275432
636	10.515608131275432
637	0.1
638	0.1
639	3.2321865433829613
640	3.2321865433829613
641	12.920573900781719
642	12.920573900781719
643	7.6451222792539655
644	7.6451222792539655
645	11.826407110399803
646	11.826407110399803
647	5.756471160842375
648	5.756471160842375
649	3.278363141954439
650	3.278363141954439
651	4.806306434319286
652	4.806306434319286
653	14.028523685307734
654	14.028523685307734
655	10.84468649616758
656	10.84468649616758
657	5.379879130460136
658	5.385340491496588
659	5.385340491496588
660	10.35635224974357
661	10.35635224974357
662	11.238353281325256
663	11.238353281325256
664	11.590970772983647
665	11.590970772983647
666	9.913320443255706
667	9.913320443255706
668	7.103384583185956
669	7.103384583185956
670	6.440842898895074
671	6.440842898895074
672	2.9227168491375304
673	2.9227168491375304
674	0.1
675	0.1
676	2.9395309049929965
677	2.9395309049929965
678	4.32811756464486
679	4.32811756464486
680	1.5240584743966736
681	1.5240584743966736
682	4.673837134747965
683	4.673837134747965
684	6.233860336815418
685	6.233860336815418
686	4.367668420627755
687	4.367668420627755
688	5.841655922553829
689	5.841655922553829
690	6.339224953887528
691	6.339224953887528
692	0.866175683174343
693	0.866175683174343
694	1.7994869580301591
695	1.7994869580301591
696	4.187413189271235
697	4.187413189271235
698	1.5341246491159706
699	1.5341246491159706
700	2.908117140665769
701	2.908117140665769
702	1.3463702902179164
703	1.3463702902179164
704	5.579968709145186
705	5.579968709145186
706	2.840310201219446
707	2.840310201219446
708	6.846933987088081
709	6.846933987088081
710	4.803007674228186
711	4.803007674228186
712	2.122486600656428
713	2.122486600656428
714	1.189703258048345
715	1.189703258048345
716	2.2923058624430763
717	2.2923058624430763
718	4.7003357743817515
719	4.7003357743817515
720	4.927417165759544
721	4.927417165759544
722	3.6830441616920746
723	3.6830441616920746
724	8.674360729891205
725	8.674360729891205
726	2.781929592338921
727	2.781929592338921
728	2.4313397610989487
729	2.4313397610989487
730	3.948858098553769
731	3.948858098553769
732	0.7680076792510162
733	0.7680076792510162
734	1.6512937279672864
735	1.6512937279672864
736	5.974584099934191
737	5.974584099934191
738	4.9947723087086935
739	4.9947723087086935
740	3.9277957203971803
741	3.9277957203971803
742	5.399919127136395
743	5.399919127136395
744	2.62032151699225
745	2.62032151699225
746	1.752734625550673
747	1.752734625550673
748	4.16686462327101
749	4.16686462327101
750	0.1
751	0.1
752	3.268816980298271
753	9.778135669775715
754	9.778135669775715
755	6.699672471568805
756	6.699672471568805
757	3.6937637036523396
758	3.6937637036523396
759	2.3814995930609393
760	2.3814995930609393
761	5.164793698898987
762	5.164793698898987
763	6.985896701410587
764	6.985896701410587
765	2.656253601290144
766	2.656253601290144
767	3.5943620648104977
768	3.5943620648104977
769	3.231595984450623
770	3.231595984450623
771	0.615049360356712
772	0.615049360356712
773	3.0058978582144236
774	3.0058978582144236
775	8.286761974670503
776	8.286761974670503
777	6.670506241810017
778	6.670506241810017
779	6.661329624029101
780	6.661329624029101
781	0.1
782	0.1
783	7.867120766830412
784	7.867120766830412
785	6.5578326804665235
786	6.5578326804665235
787	7.717350956936781
788	7.717350956936781
789	1.4783945953068471
790	1.4783945953068471
791	4.5331675907946565
792	4.5331675907946565
793	0.1
794	0.1
795	11.022789239880469
796	11.022789239880469
797	4.671622743871885
798	4.671622743871885
799	7.804335797366425
800	7.804335797366425
801	2.6918696897302574
802	2.6918696897302574
803	6.965755553375593
804	6.965755553375593
805	0.1
806	0.1
807	6.99108330246751
808	6.99108330246751
809	2.005513575600997
810	2.005513575600997
811	3.1375739635875615
812	3.1375739635875615
813	5.382628746021937
814	5.382628746021937
815	9.635643113301267
816	9.635643113301267
817	8.942579675906828
818	8.942579675906828
819	7.430212569512703
820	7.430212569512703
821	3.1530018687587518
822	3.1530018687587518
823	7.267885640988692
824	7.267885640988692
825	5.169861782490506
826	5.169861782490506
827	2.584496081915327
828	2.584496081915327
829	6.3860001095296015
830	6.3860001095296015
831	6.177519314733305
832	6.177519314733305
833	4.661337382664582
834	4.661337382664582
835	0.7051818137554067
836	0.7051818137554067
837	9.028164838546886
838	9.028164838546886
839	0.1
840	0.1
841	10.14601537525656
842	10.14601537525656
843	5.665606034348182
844	5.665606034348182
845	6.151255475022698
846	6.151255475022698
847	13.246039755740465
848	13.246039755740465
849	7.423374871614202
850	7.423374871614202
851	2.782420814343643
852	2.782420814343643
853	8.390758897394267
854	8.390758897394267
855	4.341765123826458
856	4.341765123826458
857	4.340720210030074
858	4.340720210030074
859	0.1
860	0.1
861	16.21626725994682
862	16.21626725994682
863	2.096534155689513
864	2.096534155689513
865	4.420755534607318
866	4.420755534607318
867	0.1
868	0.1
869	7.265068990492304
870	7.265068990492304
871	3.5715241378695195
872	3.5715241378695195
873	5.7460871149708295
874	5.7460871149708295
875	1.337473572417439
876	1.337473572417439
877	2.805571931415571
878	2.805571931415571
879	2.709967875673756
880	2.709967875673756
881	8.88108765356056
882	8.88108765356056
883	1.49258242381041
884	1.49258242381041
885	7.6557779359293665
886	7.6557779359293665
887	0.1
888	0.1
889	8.074345820081321
890	8.074345820081321
891	4.594679956431379
892	4.594679956431379
893	11.300209085500928
894	11.300209085500928
895	3.127049359535054
896	3.127049359535054
897	4.352168242592668
898	4.352168242592668
899	5.914876631049942
900	5.914876631049942
901	11.188039821787005
902	11.188039821787005
903	6.94153518532493
904	6.94153518532493
905	7.737792908955715
906	4.049944723127667
907	4.049944723127667
908	11.849089724543076
909	11.849089724543076
910	11.794747592922091
911	11.794747592922091
912	8.04029551686573
913	8.04029551686573
914	4.349322039152039
915	4.349322039152039
916	17.635343414489316
917	17.635343414489316
918	10.796463747619434
919	10.796463747619434
920	1.3321890170628983
921	1.3321890170628983
922	6.270724869175621
923	6.270724869175621
924	7.442048583856475
925	7.442048583856475
926	7.502931896969412
927	7.502931896969412
928	7.77032290918565
929	7.77032290918565
930	13.044691820808442
931	13.044691820808442
932	13.831065853839819
933	13.831065853839819
934	13.525225184096314
935	13.525225184096314
936	8.070098464217107
937	8.070098464217107
938	16.570518151446386
939	16.570518151446386
940	3.87729710707075
941	3.87729710707075
942	8.250182422673335
943	8.250182422673335
944	12.701469375387685
945	12.701469375387685
946	11.747586499269755
947	11.747586499269755
948	20.586448441688646
949	20.586448441688646
950	5.312498088334644
951	5.312498088334644
952	5.759455670158495
953	5.759455670158495
954	11.763357435708008
955	14.893133240357317
956	14.893133240357317
957	8.510334480013583
958	8.510334480013583
959	12.377414384564762
960	12.377414384564762
961	4.385918198048774
962	4.385918198048774
963	9.755396691357312
964	9.755396691357312
965	13.280250341050866
966	13.280250341050866
967	1.3189325846992768
968	1.3189325846992768
969	13.889566746597048
970	13.889566746597048
971	7.6829756578571935
972	7.6829756578571935
973	12.772430506663028
974	12.772430506663028
975	2.7066632909335118
976	2.7066632909335118
977	5.237176803151669
978	5.237176803151669
979	9.955565624118133
980	9.955565624118133
981	0.1
982	0.1
983	1.6631183223750066
984	1.6631183223750066
985	7.944717205018287
986	7.944717205018287
987	7.724519412721353
988	7.724519412721353
989	11.09512378111827
990	11.09512378111827
991	8.150527749002302
992	12.727316646998894
993	12.727316646998894
994	7.975866205305898
995	6.914397241576247
996	11.450975803147344
997	11.450975803147344
998	13.58134430621551
999	13.58134430621551
1000	6.663728363506893
1001	6.663728363506893
1002	11.64718712264852
1003	11.64718712264852
1004	12.767351038649963
1005	12.767351038649963
1006	9.06104730485314
1007	9.06104730485314
1008	4.671240224760522
1009	4.671240224760522
1010	10.048801686938502
1011	10.048801686938502
1012	18.91622501438158
1013	18.91622501438158
1014	1.2213228563715273
1015	1.2213228563715273
1016	0.1
1017	0.1
1018	13.2109274531647
1019	13.2109274531647
1020	8.147767180007595
1021	8.147767180007595
1022	15.919948237883155
1023	15.919948237883155
1024	22.161242285890673
1025	22.161242285890673
1026	2.5868542383787734
1027	2.5868542383787734
1028	11.39063701958273
1029	11.39063701958273
1030	2.6685599002799503
1031	2.6685599002799503
1032	11.76400178011714
1033	11.76400178011714
1034	8.632149043837618
1035	8.632149043837618
1036	6.47205805322157
1037	6.47205805322157
1038	12.599222223262018
1039	12.599222223262018
1040	25.84146352617305
1041	25.84146352617305
1042	0.1
1043	0.1
1044	7.776132288722023
1045	7.776132288722023
1046	7.628776814079361
1047	7.628776814079361
1048	0.1
1049	0.1
1050	6.894699683705509
1051	6.894699683705509
1052	12.834195606288779
1053	12.834195606288779
1054	15.854382744014057
1055	15.854382744014057
1056	9.443332908155753
1057	9.443332908155753
1058	16.31528941570222
1059	16.31528941570222
1060	20.02287828977094
1061	20.02287828977094
1062	9.995248382772017
1063	9.995248382772017
1064	2.1602367977389347
1065	2.1602367977389347
1066	15.600766049199713
1067	15.600766049199713
1068	15.144488023039926
1069	15.144488023039926
1070	0.1
1071	0.1
1072	10.289851774747994
1073	10.289851774747994
1074	11.32082486458706
1075	11.32082486458706
1076	5.283293738081525
1077	5.283293738081525
1078	13.198526708815827
1079	13.198526708815827
1080	4.784493602638941
1081	4.784493602638941
1082	0.1
1083	0.1
1084	17.527028039651086
1085	17.527028039651086
1086	13.990723811026076
1087	13.990723811026076
1088	4.5001611298008095
1089	4.5001611298008095
1090	6.75082210240307
1091	6.75082210240307
1092	7.9666585859566865
1093	7.9666585859566865
1094	16.14732517536326
1095	16.14732517536326
1096	7.525350664066126
1097	7.525350664066126
1098	9.351492914744933
1099	9.351492914744933
1100	1.5763159664551827
1101	1.5763159664551827
1102	12.838142114480736
1103	12.838142114480736
1104	13.933428760347395
1105	13.933428760347395
1106	9.084359773514961
1107	9.084359773514961
1108	1.3126505288186552
1109	1.3126505288186552
1110	10.976585346994504
1111	10.976585346994504
1112	5.526354903651354
1113	5.526354903651354
1114	9.045328520642157
1115	9.045328520642157
1116	14.673916002519
1117	14.673916002519
1118	5.2126917353344595
1119	5.2126917353344595
1120	8.377018978536075
1121	8.377018978536075
1122	11.715242725862552
1123	11.715242725862552
1124	4.683590007686284
1125	19.967334682832462
1126	19.967334682832462
1127	10.193357763339979
1128	10.193357763339979
1129	14.292762028769424
1130	14.292762028769424
1131	1.5284566819977465
1132	1.5284566819977465
1133	6.335395483895975
1134	6.335395483895975
1135	8.232863717659733
1136	8.232863717659733
1137	4.90754908481063
1138	4.90754908481063
1139	12.892078935571119
1140	12.892078935571119
1141	0.1
1142	0.1
1143	1.553375552128017
1144	1.553375552128017
1145	11.289091689416464
1146	11.289091689416464
1147	7.997244257185157
1148	7.997244257185157
1149	3.614080939907922
1150	3.614080939907922
1151	9.403227313044239
1152	9.403227313044239
1153	3.117682056288538
1154	3.117682056288538
1155	9.594299372804723
1156	9.594299372804723
1157	12.075059801590156
1158	12.075059801590156
1159	10.62024919518889
1160	10.62024919518889
1161	4.291882355993594
1162	4.291882355993594
1163	7.182763926592332
1164	7.182763926592332
1165	18.858367437347034
1166	18.858367437347034
1167	9.165268653848493
1168	9.165268653848493
1169	13.220014721354467
1170	13.220014721354467
1171	5.557507977922147
1172	5.557507977922147
1173	10.230886431185093
1174	10.230886431185093
1175	9.151174994751708
1176	9.151174994751708
1177	16.37084441652346
1178	16.37084441652346
1179	6.190880201885304
1180	6.190880201885304
1181	0.3504397593296682
1182	0.3504397593296682
1183	8.47326562329381
1184	8.47326562329381
1185	13.209785029627277
1186	13.209785029627277
1187	15.870767782492251
1188	15.870767782492251
1189	10.998324783256134
1190	10.998324783256134
1191	0.1
1192	0.1
1193	6.381026222748982
1194	6.381026222748982
1195	12.560700596027042
1196	12.560700596027042
1197	1.4668595155096744
1198	1.4668595155096744
1199	6.189753128290286
1200	6.189753128290286
1201	10.478447685364946
1202	10.478447685364946
1203	4.671380375305348
1204	4.671380375305348
1205	7.679543662539874
1206	7.679543662539874
1207	8.286636599622573
1208	8.286636599622573
1209	12.65463375001519
1210	12.65463375001519
1211	8.833934501751672
1212	8.833934501751672
1213	12.370687441246151
1214	12.370687441246151
1215	5.5676215484695035
1216	5.5676215484695035
1217	1.6669273257518489
1218	4.014205092332585
1219	4.014205092332585
1220	0.8352300287408818
1221	0.8352300287408818
1222	5.070910880821843
1223	5.070910880821843
1224	5.60701122957978
1225	5.60701122957978
1226	3.08188315360235
1227	3.08188315360235
1228	7.265499897459277
1229	7.265499897459277
1230	1.872266696815021
1231	1.872266696815021
1232	8.19222732106841
1233	8.19222732106841
1234	4.4115461155065665
1235	4.4115461155065665
1236	0.9376321706464172
1237	0.9376321706464172
1238	3.176611776618783
1239	3.176611776618783
1240	1.1361106162865484
1241	1.1361106162865484
1242	3.53118384143212
1243	3.53118384143212
1244	8.668761435094702
1245	8.668761435094702
1246	7.101431763032908
1247	7.101431763032908
1248	5.413970868650957
1249	5.413970868650957
1250	0.1
1251	0.1
1252	4.407964561720014
1253	4.407964561720014
1254	4.406175326487796
1255	4.406175326487796
1256	13.824433351958703
1257	13.824433351958703
1258	15.430416751605419
1259	15.430416751605419
1260	10.338761292209679
1261	10.338761292209679
1262	13.75904352435953
1263	13.75904352435953
1264	15.685981665204443
1265	15.685981665204443
1266	14.939332451156424
1267	14.939332451156424
1268	11.05325521519546
1269	11.05325521519546
1270	8.927671302973188
1271	8.927671302973188
1272	12.510371592637476
1273	12.510371592637476
1274	8.137440544096643
1275	8.137440544096643
1276	6.432017076253519
1277	6.432017076253519
1278	7.10247539043334
1279	7.10247539043334
1280	10.380624552560748
1281	10.380624552560748
1282	3.4780370399485596
1283	3.4780370399485596
1284	11.026886441001885
1285	11.026886441001885
1286	10.311485060821147
1287	10.311485060821147
1288	4.523623451143308
1289	4.523623451143308
1290	5.247666990105476
1291	5.247666990105476
1292	10.019050408121803
1293	10.019050408121803
1294	0.1
1295	0.1
1296	6.5343768023720346
1297	6.5343768023720346
1298	6.72302309158549
1299	6.72302309158549
1300	0.3068560501330504
1301	0.3068560501330504
1302	4.116053472772185
1303	4.116053472772185
1304	4.860216908297182
1305	4.860216908297182
1306	0.11673185364904803
1307	0.11673185364904803
1308	8.240656907804837
1309	8.240656907804837
1310	8.2935017028584
1311	8.2935017028584
1312	5.611925530287694
1313	5.611925530287694
1314	7.174003711821013
1315	7.174003711821013
1316	6.90201193451251
1317	6.90201193451251
1318	9.12317323809058
1319	9.12317323809058
1320	12.37847112180721
1321	12.37847112180721
1322	6.344571913250815
1323	6.344571913250815
1324	12.307734153314199
1325	12.307734153314199
1326	2.39373133231025
1327	2.39373133231025
1328	4.004304588975636
1329	4.004304588975636
1330	5.8925589475785625
1331	5.8925589475785625
1332	0.1
1333	0.1
1334	2.7833021155963547
1335	2.7833021155963547
1336	6.215885912129157
1337	6.215885912129157
1338	8.814694136379714
1339	8.814694136379714
1340	3.399431025072773
1341	3.399431025072773
1342	3.7631543821531994
1343	3.7631543821531994
1344	6.751543147142378
1345	6.751543147142378
1346	0.3322732381998925
1347	0.3322732381998925
1348	0.1
1349	0.1
1350	5.534819277523898
1351	5.534819277523898
1352	0.1
1353	0.1
1354	7.690670290079651
1355	7.690670290079651
1356	7.794573234675504
1357	7.794573234675504
1358	6.8517789188205285
1359	6.8517789188205285
1360	6.164466904854323
1361	6.164466904854323
1362	11.4452333913797
1363	11.4452333913797
1364	6.488849573609029
1365	6.488849573609029
1366	3.0333099096173095
1367	3.0333099096173095
1368	10.115397085792331
1369	10.115397085792331
1370	2.172110253433753
1371	2.172110253433753
1372	7.745893186551889
1373	7.745893186551889
1374	4.801708535918833
1375	11.247993211711968
1376	11.247993211711968
1377	11.947672423402407
1378	11.947672423402407
1379	10.382840499047859
1380	10.382840499047859
1381	6.245431630598162
1382	0.9877731596477544
1383	0.9877731596477544
1384	3.056164727377702
1385	3.056164727377702
1386	11.310908390354339
1387	11.310908390354339
1388	0.19669477472094155
1389	0.19669477472094155
1390	13.582504176293043
1391	13.582504176293043
1392	8.875003521745201
1393	8.875003521745201
1394	2.2849739902328485
1395	2.2849739902328485
1396	16.027678220912527
1397	16.027678220912527
1398	4.190301575614092
1399	4.190301575614092
1400	15.103863109068158
1401	15.103863109068158
1402	10.119115135535512
1403	10.119115135535512
1404	5.794219739332073
1405	16.674478561496077
1406	16.674478561496077
1407	7.374146744597535
1408	7.374146744597535
1409	6.990900014197452
1410	6.990900014197452
1411	0.1
1412	0.1
1413	12.979795496233116
1414	12.979795496233116
1415	17.995819012327107
1416	17.995819012327107
1417	6.052982345057902
1418	6.052982345057902
1419	12.244248074951994
1420	12.244248074951994
1421	0.7931422735269464
1422	0.7931422735269464
1423	13.078578030452032
1424	13.078578030452032
1425	0.31499358191180704
1426	0.31499358191180704
1427	5.966658926637176
1428	5.966658926637176
1429	8.6364383096941
1430	5.582730688247351
1431	5.582730688247351
1432	7.546018961944393
1433	7.546018961944393
1434	8.36188223918966
1435	8.36188223918966
1436	10.59446671081616
1437	10.59446671081616
1438	7.76293200469398
1439	7.76293200469398
1440	11.100910843845238
1441	11.100910843845238
1442	9.386304832879143
1443	9.386304832879143
1444	2.489584181967106
1445	2.489584181967106
1446	5.921522592789273
1447	5.921522592789273
1448	3.780366577782307
1449	3.780366577782307
1450	11.196320605894929
1451	11.196320605894929
1452	10.497208254484606
1453	10.497208254484606
1454	5.782903678359298
1455	5.782903678359298
1456	9.616119181812016
1457	9.616119181812016
1458	5.079533902639293
1459	5.079533902639293
1460	10.756746043362181
1461	10.756746043362181
1462	1.8652354496334853
1463	1.8652354496334853
1464	6.835473312847734
1465	6.835473312847734
1466	4.623564923231003
1467	4.623564923231003
1468	11.465380067022618
1469	11.465380067022618
1470	5.978975293254905
1471	5.978975293254905
1472	1.5645016429330338
1473	1.5645016429330338
1474	9.244394005710763
1475	9.244394005710763
1476	1.8745547855228857
1477	1.8745547855228857
1478	9.282069708769361
1479	9.282069708769361
1480	6.870437789294903
1481	6.870437789294903
1482	5.341381612917768
1483	5.341381612917768
1484	6.179794864671565
1485	6.179794864671565
1486	9.806802842505423
1487	9.806802842505423
1488	5.358122042019366
1489	5.358122042019366
1490	1.9540200553259206
1491	1.9540200553259206
1492	2.2624038566821962
1493	2.2624038566821962
1494	9.95544760177899
1495	9.95544760177899
1496	2.6794911617774497
1497	9.718868471341628
1498	9.718868471341628
1499	7.22632528782878
1500	7.22632528782878
1501	0.1
1502	0.1
1503	10.605956420857634
1504	10.605956420857634
1505	0.6614449220888581
1506	0.6614449220888581
1507	6.4579443880797225
1508	6.928806502008664
1509	6.928806502008664
1510	1.7274778221335652
1511	1.7274778221335652
1512	10.623347734823083
1513	10.623347734823083
1514	1.94120486062946
1515	1.94120486062946
1516	5.860200216183294
1517	5.860200216183294
1518	12.016175987098
1519	12.016175987098
1520	9.93283345863999
1521	9.93283345863999
1522	13.31449656497149
1523	13.31449656497149
1524	3.3413274073762693
1525	3.3413274073762693
1526	13.473616493329661
1527	13.473616493329661
1528	8.752129176895737
1529	8.752129176895737
1530	9.195061167262157
1531	9.195061167262157
1532	10.884467973303924
1533	10.884467973303924
1534	13.24615723314015
1535	13.24615723314015
1536	0.1
1537	12.35797076340591
1538	12.35797076340591
1539	4.633578275994315
1540	4.633578275994315
1541	6.426103120012423
1542	6.426103120012423
1543	19.265226305729783
1544	19.265226305729783
1545	3.091757465538445
1546	3.091757465538445
1547	10.5931959550434
1548	10.581385660886623
1549	10.581385660886623
1550	5.719579148723512
1551	5.719579148723512
1552	6.3290827398075375
1553	6.3290827398075375
1554	8.510854688848633
1555	8.510854688848633
1556	8.872790441801182
1557	8.872790441801182
1558	5.101517496492028
1559	5.101517496492028
1560	3.573137180509228
1561	3.573137180509228
1562	4.977632941937867
1563	4.977632941937867
1564	10.090239804876607
1565	10.090239804876607
1566	3.9291258888164204
1567	3.9291258888164204
1568	4.924370737096144
1569	4.924370737096144
1570	0.1
1571	0.1
1572	6.3963576816274275
1573	6.3963576816274275
1574	8.490084023877438
1575	8.490084023877438
1576	4.146218604743777
1577	4.146218604743777
1578	0.15368235963680466
1579	0.15368235963680466
1580	6.673036836740522
1581	6.673036836740522
1582	3.673218403231689
1583	3.673218403231689
1584	11.023849045368596
1585	11.023849045368596
1586	8.328358934679619
1587	8.328358934679619
1588	1.7051207664144368
1589	1.7051207664144368
1590	7.496157446554891
1591	7.496157446554891
1592	2.627789026340611
1593	2.627789026340611
1594	2.494061961282008
1595	2.494061961282008
1596	8.071511306590523
1597	8.071511306590523
1598	0.9334188986806922
1599	0.9334188986806922
1600	9.70204411959529
1601	9.70204411959529
1602	9.076323438023646
1603	1.7629251870768763
1604	1.7629251870768763
1605	10.324232068408278
1606	10.324232068408278
1607	2.6541795298958784
1608	2.6541795298958784
1609	7.24844056658778
1610	7.24844056658778
1611	9.14774466574168
1612	9.14774466574168
1613	9.368159792972543
1614	9.368159792972543
1615	2.13946650814712
1616	2.13946650814712
1617	2.6999797411598743
1618	2.6999797411598743
1619	5.630225495303841
1620	5.630225495303841
1621	3.098834877651873
1622	3.098834877651873
1623	4.117065928822844
1624	4.117065928822844
1625	11.766544082364353
1626	11.766544082364353
1627	6.957583369322685
1628	6.957583369322685
1629	6.3539456991577605
1630	6.3539456991577605
1631	11.560159622294131
1632	11.560159622294131
1633	3.959277987380987
1634	3.959277987380987
1635	8.880166441128345
1636	8.880166441128345
1637	6.0198399628829815
1638	6.0198399628829815
1639	1.0429878240606212
1640	1.0429878240606212
1641	8.479169546389029
1642	8.479169546389029
1643	2.9327505574737645
1644	2.9327505574737645
1645	1.1245006827755932
1646	1.1245006827755932
1647	2.1457461252758203
1648	2.1457461252758203
1649	0.1
1650	0.1
1651	3.7005928058257833
1652	3.7005928058257833
1653	6.303618015699932
1654	6.303618015699932
1655	3.7433097599902974
1656	3.7433097599902974
1657	2.881311789319376
1658	2.881311789319376
1659	1.3211222672717313
1660	1.3211222672717313
1661	0.1
1662	0.1
1663	5.425127829227748
1664	5.425127829227748
1665	4.01903615506238
1666	4.01903615506238
1667	2.6055773837801146
1668	2.6055773837801146
1669	3.832435458674273
1670	3.832435458674273
1671	1.2884371541539268
1672	1.2884371541539268
1673	3.0378076295626784
1674	3.0378076295626784
1675	3.049867296800252
1676	3.049867296800252
1677	5.255780743965259
1678	5.255780743965259
1679	1.2165630975952428
1680	1.2165630975952428
1681	4.387146359608969
1682	4.387146359608969
1683	3.4282531746368345
1684	3.4282531746368345
1685	5.705319313601543
1686	5.705319313601543
1687	0.1
1688	0.1
1689	1.9761383551981642
1690	1.9761383551981642
1691	2.5270233477876056
1692	8.560112697427694
1693	8.560112697427694
1694	0.4009542330128486
1695	0.4009542330128486
1696	5.803385465709312
1697	5.803385465709312
1698	11.763743745456356
1699	11.763743745456356
1700	6.44417162309108
1701	6.44417162309108
1702	4.208368649237342
1703	11.49111282003204
1704	11.49111282003204
1705	7.64246130659631
1706	7.64246130659631
1707	10.11606419904263
1708	10.11606419904263
1709	7.321436940103722
1710	7.321436940103722
1711	10.932033111449199
1712	10.932033111449199
1713	0.1
1714	0.1
1715	4.94164998349382
1716	4.94164998349382
1717	0.1
1718	0.1
1719	1.3052699077496497
1720	1.3052699077496497
1721	11.6963411922532
1722	11.6963411922532
1723	3.6417111225413885
1724	14.330412548692351
1725	14.330412548692351
1726	3.991660569889815
1727	3.991660569889815
1728	8.235799964195461
1729	8.235799964195461
1730	6.048101326613013
1731	6.048101326613013
1732	14.916971201335203
1733	14.916971201335203
1734	8.773197117841525
1735	8.773197117841525
1736	21.583610822591538
1737	21.583610822591538
1738	1.158562900527075
1739	1.158562900527075
1740	10.093983421392663
1741	10.093983421392663
1742	13.391480925741606
1743	13.391480925741606
1744	1.083045705487807
1745	1.083045705487807
1746	6.606637166346413
1747	6.606637166346413
1748	12.603015371627535
1749	12.603015371627535
1750	0.1
1751	0.1
1752	9.566828502218277
1753	9.566828502218277
1754	5.549376702277405
1755	5.549376702277405
1756	4.3977939589920965
1757	4.3977939589920965
1758	1.0750206419975097
1759	1.0750206419975097
1760	10.72940196645164
1761	10.72940196645164
1762	8.400451758749933
1763	8.400451758749933
1764	5.210898321933767
1765	5.210898321933767
1766	6.356793907031043
1767	6.356793907031043
1768	6.499021798532015
1769	6.499021798532015
1770	3.3344920571613095
1771	3.3344920571613095
1772	2.234893792407478
1773	2.234893792407478
1774	1.978705440747202
1775	1.978705440747202
1776	3.3415196702402095
1777	3.3415196702402095
1778	5.270903743292379
1779	5.270903743292379
1780	3.6413279331965205
1781	3.6413279331965205
1782	2.386769106975782
1783	2.386769106975782
1784	2.7854303802758134
1785	2.7854303802758134
1786	1.6861467385817202
1787	1.6861467385817202
1788	2.9068438138964288
1789	2.9068438138964288
1790	2.8819455692059894
1791	2.8819455692059894
1792	4.730303264635129
1793	4.730303264635129
1794	5.181763321206795
1795	5.181763321206795
1796	7.586352194449517
1797	7.586352194449517
1798	3.792015951537246
1799	3.792015951537246
1800	1.5396428840194134
1801	1.5396428840194134
1802	3.5496248142353046
1803	3.5496248142353046
1804	3.596948099017001
1805	3.596948099017001
1806	8.737274198478165
1807	8.737274198478165
1808	4.246010621908603
1809	7.203232951525311
1810	7.203232951525311
1811	2.555013588622568
1812	2.555013588622568
1813	7.034201918847703
1814	7.034201918847703
1815	3.5738448741667823
1816	3.5738448741667823
1817	3.936968338987924
1818	3.936968338987924
1819	5.8268173266211045
1820	5.8268173266211045
1821	3.483281317321401
1822	3.483281317321401
1823	5.695225780238641
1824	5.695225780238641
1825	3.248591671291462
1826	3.248591671291462
1827	3.8533539758981146
1828	3.8533539758981146
1829	6.031124105650515
1830	6.031124105650515
1831	4.873397786850656
1832	4.873397786850656
1833	3.259351369659104
1834	3.259351369659104
1835	2.515926928390348
1836	2.515926928390348
1837	4.995529573963922
1838	4.995529573963922
1839	3.8246108454794934
1840	3.8246108454794934
1841	2.977851003517763
1842	2.977851003517763
1843	1.509904944294977
1844	1.509904944294977
1845	0.5548742912504001
1846	0.5548742912504001
1847	1.3082446963178334
1848	1.3082446963178334
1849	2.957453585239737
1850	2.957453585239737
1851	3.012979577511688
1852	3.012979577511688
1853	2.0320575588010157
1854	2.0320575588010157
1855	3.424034196788564
1856	1.7487930904760942
1857	1.7487930904760942
1858	5.28962052283086
1859	7.6531680756761
1860	7.6531680756761
1861	0.1
1862	0.1
1863	0.434380005338598
1864	0.434380005338598
1865	6.816623673735409
1866	6.816623673735409
1867	10.179560680244302
1868	10.179560680244302
1869	10.523677966154278
1870	10.523677966154278
1871	2.09670861667811
1872	2.09670861667811
1873	5.87025412655796
1874	5.87025412655796
1875	2.2804863508024726
1876	2.2804863508024726
1877	9.03179312840303
1878	9.03179312840303
1879	3.755435065553959
1880	3.755435065553959
1881	0.6981698807587273
1882	0.6981698807587273
1883	5.662832076359441
1884	5.662832076359441
1885	3.00206443648225
1886	3.00206443648225
1887	5.728153928960874
1888	5.728153928960874
1889	9.594462873231675
1890	9.594462873231675
1891	14.82100704486319
1892	14.82100704486319
1893	7.313229285731747
1894	7.313229285731747
1895	8.87517649826188
1896	8.87517649826188
1897	9.495986131683395
1898	9.495986131683395
1899	5.062640910737869
1900	5.062640910737869
1901	0.1
1902	0.1
1903	0.9913653675143435
1904	8.484690343705148
1905	8.484690343705148
1906	12.039631103656344
1907	12.039631103656344
1908	6.240261026917902
1909	6.240261026917902
1910	7.957091955090999
1911	7.957091955090999
1912	1.0186377007096645
1913	1.0186377007096645
1914	8.590528823750478
1915	8.590528823750478
1916	0.2821153203061977
1917	0.2821153203061977
1918	10.279932002324871
1919	10.279932002324871
1920	1.8504882633523314
1921	1.8504882633523314
1922	7.402959488388615
1923	7.402959488388615
1924	9.073734488407407
1925	9.073734488407407
1926	9.2400348360353
1927	9.2400348360353
1928	7.25401151323709
1929	7.25401151323709
1930	10.36778232582238
1931	10.36778232582238
1932	6.095281400665489
1933	6.095281400665489
1934	6.06537864562444
1935	6.06537864562444
1936	8.487294371405532
1937	8.487294371405532
1938	14.810405700609255
1939	14.810405700609255
1940	6.074045340061495
1941	6.074045340061495
1942	0.1
1943	0.1
1944	4.996018005878
1945	4.996018005878
1946	6.714344831765642
1947	6.714344831765642
1948	5.467895090401947
1949	5.467895090401947
1950	4.839567783991932
1951	4.839567783991932
1952	5.056007405517705
1953	5.056007405517705
1954	0.1
1955	0.1
1956	4.668663085812218
1957	4.668663085812218
1958	8.987994589732956
1959	8.987994589732956
1960	6.2299902011858
1961	6.2299902011858
1962	5.941130264214715
1963	5.941130264214715
1964	8.69228145738928
1965	8.69228145738928
1966	4.7144996990431185
1967	4.7144996990431185
1968	4.61479598207135
1969	8.535431957970404
1970	8.535431957970404
1971	9.864062162654788
1972	9.864062162654788
1973	3.109143610665628
1974	3.109143610665628
1975	6.437791761983881
1976	6.437791761983881
1977	2.8971229916856043
1978	2.8971229916856043
1979	5.710339032208074
1980	5.710339032208074
1981	0.1
1982	10.723220687734962
1983	10.723220687734962
1984	0.1
1985	0.1
1986	3.0792140111821587
1987	3.0792140111821587
1988	11.28260352745803
1989	11.28260352745803
1990	10.122581222805666
1991	10.122581222805666
1992	15.353960227461478
1993	15.353960227461478
1994	5.222796029542401
1995	5.222796029542401
1996	10.355654029177513
1997	10.355654029177513
1998	0.1
1999	0.1
2000	13.798322678172166
2001	13.798322678172166
2002	20.71628284600613
2003	20.71628284600613
2004	6.0099662627129735
2005	6.0099662627129735
2006	9.31819795825145
2007	9.31819795825145
2008	2.8176498218592076
2009	2.8176498218592076
2010	16.35986567011803
2011	16.35986567011803
2012	6.8286028967927415
2013	6.8286028967927415
2014	5.669882843879037
2015	5.669882843879037
2016	2.8145670138083467
2017	2.8145670138083467
2018	5.663084482191678
2019	5.663084482191678
2020	23.48161517476665
2021	23.48161517476665
2022	10.762831090949268
2023	10.762831090949268
2024	5.243036447621366
2025	5.243036447621366
2026	18.81155511403606
2027	7.516444335431873
2028	7.516444335431873
2029	16.81802324393281
2030	16.81802324393281
2031	11.131430703771976
2032	11.131430703771976
2033	0.1
2034	0.1
2035	4.145656547478598
2036	4.145656547478598
2037	2.1857989095015515
2038	2.1857989095015515
2039	7.0026348615983585
2040	4.955226950714052
2041	4.955226950714052
2042	4.196704856455237
2043	4.196704856455237
2044	3.5145130071923036
2045	3.5145130071923036
2046	3.682068473567026
2047	3.682068473567026
2048	4.836811214501861
2049	4.836811214501861
2050	6.239231866882176
2051	6.239231866882176
2052	5.745918750084112
2053	5.745918750084112
2054	4.13236005978062
2055	4.13236005978062
2056	0.1
2057	0.1
2058	1.165165184400633
2059	1.165165184400633
2060	4.020433657472835
2061	4.020433657472835
2062	5.915317638439719
2063	5.915317638439719
2064	5.982539151439349
2065	5.982539151439349
2066	4.281118458137967
2067	4.281118458137967
2068	5.216148856309485
2069	5.216148856309485
2070	3.5893777765535217
2071	3.5893777765535217
2072	10.713627083501573
2073	10.713627083501573
2074	4.647836015496275
2075	4.647836015496275
2076	11.854424866792337
2077	11.854424866792337
2078	1.9856754726053376
2079	1.9856754726053376
2080	3.4697058656639665
2081	3.4697058656639665
2082	2.6820442224260796
2083	2.6820442224260796
2084	3.3081259665176033
2085	3.3081259665176033
2086	4.810068609376219
2087	4.810068609376219
2088	3.5502919460410696
2089	3.5502919460410696
2090	1.725459775238454
2091	1.725459775238454
2092	1.0482712279298174
2093	1.0482712279298174
2094	0.1
2095	0.1
2096	1.994145456167216
2097	1.994145456167216
2098	4.339509446159273
2099	4.339509446159273
2100	0.1
2101	0.1
2102	2.676044221256864
2103	2.676044221256864
2104	6.656643822719107
2105	6.656643822719107
2106	1.464903009831544
2107	1.464903009831544
2108	3.638585319755674
2109	3.638585319755674
2110	4.314171057502853
2111	4.314171057502853
2112	0.4470781811868627
2113	0.4470781811868627
2114	2.0098352639036303
2115	2.0098352639036303
2116	0.1
2117	0.1
2118	2.293220574846438
2119	2.293220574846438
2120	3.88202833334503
2121	3.88202833334503
2122	2.4010269328158302
2123	2.4010269328158302
2124	1.6674072513593419
2125	1.6674072513593419
2126	3.4025851225781074
2127	3.4025851225781074
2128	0.1
2129	4.763011108395423
2130	4.763011108395423
2131	9.020704145907967
2132	9.020704145907967
2133	4.337030548443707
2134	4.337030548443707
2135	8.52921735851598
2136	8.52921735851598
2137	12.595828800039016
2138	12.595828800039016
2139	3.4321083039575453
2140	3.4321083039575453
2141	6.526822186507759
2142	6.526822186507759
2143	0.1
2144	0.1
2145	10.011573261146124
2146	10.011573261146124
2147	1.5891857485544847
2148	1.5891857485544847
2149	2.324791821822508
2150	2.324791821822508
2151	3.630336370409583
2152	3.630336370409583
2153	0.1
2154	0.1
2155	3.721764867369963
2156	3.721764867369963
2157	8.986894468856349
2158	8.986894468856349
2159	12.530426297538536
2160	12.530426297538536
2161	6.611557675593445
2162	6.611557675593445
2163	0.1
2164	0.1
2165	4.439106869751609
2166	4.439106869751609
2167	10.391540746963011
2168	10.391540746963011
2169	16.846711772623962
2170	16.846711772623962
2171	14.508244381804374
2172	14.508244381804374
2173	19.353148848551808
2174	19.353148848551808
2175	5.584949959283587
2176	5.584949959283587
2177	12.28891416834388
2178	12.28891416834388
2179	6.089160809192012
2180	6.089160809192012
2181	8.729199136287193
2182	8.729199136287193
2183	5.979382699835457
2184	5.979382699835457
2185	0.1
2186	0.1
2187	6.492911340294114
2188	6.492911340294114
2189	7.19944506827255
2190	7.19944506827255
2191	13.487820863501343
2192	13.487820863501343
2193	3.2709837775041577
2194	3.2709837775041577
2195	4.441917309289731
2196	4.441917309289731
2197	3.9666186176092064
2198	3.9666186176092064
2199	4.305586885766397
2200	4.305586885766397
2201	1.9287232220890154
2202	1.9287232220890154
2203	3.105758246559694
2204	3.105758246559694
2205	5.595950237674586
2206	5.595950237674586
2207	0.1
2208	0.1
2209	6.598540034851518
2210	6.598540034851518
2211	10.59112745047703
2212	10.59112745047703
2213	11.813768253914654
2214	11.813768253914654
2215	2.772747995432719
2216	2.772747995432719
2217	13.259552625125917
2218	13.259552625125917
2219	7.521161605906523
2220	7.521161605906523
2221	4.8955979608616005
2222	4.8955979608616005
2223	7.813121315836541
2224	7.813121315836541
2225	9.802014529070549
2226	9.802014529070549
2227	13.651415238663986
2228	13.651415238663986
2229	4.233433129196474
2230	4.233433129196474
2231	4.206565102159601
2232	4.206565102159601
2233	8.949483386724818
2234	8.949483386724818
2235	11.216743673347445
2236	11.216743673347445
2237	3.7201829530945907
2238	3.7201829530945907
2239	3.725263882576934
2240	3.725263882576934
2241	7.691599146446492
2242	7.691599146446492
2243	0.1
2244	0.1
2245	7.029169246729451
2246	7.029169246729451
2247	6.67068704268777
2248	6.67068704268777
2249	9.52066464754935
2250	9.52066464754935
2251	5.102355227345017
2252	5.102355227345017
2253	2.468314980124382
2254	2.468314980124382
2255	12.845619521083643
2256	12.845619521083643
2257	10.795435068665075
2258	10.795435068665075
2259	6.140365729224867
2260	6.140365729224867
2261	2.882456219975265
2262	2.882456219975265
2263	12.299143439852465
2264	8.63895502947385
2265	8.63895502947385
2266	8.541213666363952
2267	8.541213666363952
2268	9.844072358695602
2269	9.844072358695602
2270	8.087548100467075
2271	8.087548100467075
2272	8.344798700827162
2273	8.344798700827162
2274	7.348074329624379
2275	7.348074329624379
2276	2.385117761678141
2277	2.385117761678141
2278	17.680403133695968
2279	17.680403133695968
2280	0.1
2281	0.1
2282	7.867960024313555
2283	7.867960024313555
2284	4.6185073954522595
2285	4.6185073954522595
2286	0.20794936225452787
2287	0.20794936225452787
2288	19.630050277129683
2289	19.630050277129683
2290	5.048430076481806
2291	5.048430076481806
2292	5.882940924244127
2293	5.882940924244127
2294	14.271970430352257
2295	14.271970430352257
2296	2.7476387216820575
2297	2.7476387216820575
2298	3.7539506044993427
2299	3.7539506044993427
2300	9.626062365917441
2301	9.626062365917441
2302	5.74302987688589
2303	5.74302987688589
2304	6.20413170930498
2305	6.20413170930498
2306	4.907662954242401
2307	4.907662954242401
2308	7.753778073730004
2309	7.753778073730004
2310	9.55057345463031
2311	9.55057345463031
2312	6.978082108610588
2313	6.978082108610588
2314	3.0553573651806025
2315	3.0553573651806025
2316	0.5195588972595528
2317	0.5195588972595528
2318	10.155667433921913
2319	10.155667433921913
2320	2.6509730073628406
2321	2.6509730073628406
2322	9.5529147907312
2323	9.5529147907312
2324	6.250622480534412
2325	6.250622480534412
2326	7.362792851572898
2327	7.362792851572898
2328	5.593112786330773
2329	5.593112786330773
2330	3.111149058004651
2331	3.111149058004651
2332	4.660954841123009
2333	4.660954841123009
2334	0.1
2335	0.1
2336	7.791164467813649
2337	7.791164467813649
2338	3.4558357268182416
2339	3.4558357268182416
2340	7.4400597325388595
2341	7.4400597325388595
2342	9.585477727786945
2343	9.585477727786945
2344	0.1
2345	0.1
2346	5.820827832688864
2347	5.820827832688864
2348	0.9726218509352256
2349	4.129418462526841
2350	4.129418462526841
2351	7.046242503585286
2352	7.046242503585286
2353	3.403173744871664
2354	3.403173744871664
2355	0.1
