0	1.470419965117734
1	1.470419965117734
2	1.470419965117734
3	1.470419965117734
4	1.470419965117734
5	1.470419965117734
6	1.470419965117734
7	1.581307794181017
8	1.581307794181017
9	1.581307794181017
10	1.581307794181017
11	1.581307794181017
12	1.581307794181017
13	1.581307794181017
14	1.6898073903516617
15	1.6898073903516617
16	1.6898073903516617
17	1.6898073903516617
18	1.6898073903516617
19	1.6898073903516617
20	1.4318963148844157
21	1.4318963148844157
22	1.4318963148844157
23	1.4318963148844157
24	1.4318963148844157
25	1.4318963148844157
26	1.4318963148844157
27	1.534062421609486
28	1.534062421609486
29	1.534062421609486
30	1.534062421609486
31	1.534062421609486
32	1.534062421609486
33	1.534062421609486
34	1.9216668448870757
35	1.9216668448870757
36	1.9216668448870757
37	1.9216668448870757
38	1.9216668448870757
39	1.9216668448870757
40	1.9216668448870757
41	1.7242608324472914
42	1.7242608324472914
43	1.7242608324472914
44	1.7242608324472914
45	1.7242608324472914
46	1.7242608324472914
47	1.7242608324472914
48	1.8635008976197858
49	1.8635008976197858
50	1.8635008976197858
51	1.8635008976197858
52	1.8635008976197858
53	1.8635008976197858
54	1.8635008976197858
55	1.6128486647776683
56	1.6128486647776683
57	1.6128486647776683
58	1.6128486647776683
59	1.6128486647776683
60	1.6128486647776683
61	1.6128486647776683
62	1.6490630976727343
63	1.6490630976727343
64	1.6490630976727343
65	1.6490630976727343
66	1.6490630976727343
67	1.6490630976727343
68	1.6490630976727343
69	1.3626779134275504
70	1.3626779134275504
71	1.3626779134275504
72	1.3626779134275504
73	1.3626779134275504
74	1.3626779134275504
75	1.3626779134275504
76	1.432190431088499
77	1.432190431088499
78	1.432190431088499
79	1.432190431088499
80	1.432190431088499
81	1.432190431088499
82	1.432190431088499
83	1.6752964872472538
84	1.6752964872472538
85	1.6752964872472538
86	1.6752964872472538
87	1.6752964872472538
88	1.6752964872472538
89	1.6752964872472538
90	1.474757065501342
91	1.474757065501342
92	1.474757065501342
93	1.474757065501342
94	1.474757065501342
95	1.474757065501342
96	1.474757065501342
97	1.3236440012716366
98	1.3236440012716366
99	1.3236440012716366
100	1.3236440012716366
101	1.3236440012716366
102	1.9702826923207972
103	1.9702826923207972
104	1.9702826923207972
105	1.9702826923207972
106	1.9702826923207972
107	2.258760458876262
108	2.258760458876262
109	2.258760458876262
110	2.258760458876262
111	2.258760458876262
112	2.9954471958323614
113	2.9954471958323614
114	2.9954471958323614
115	2.9954471958323614
116	2.9954471958323614
117	2.9954471958323614
118	2.9954471958323614
119	2.404815174903773
120	2.404815174903773
121	2.404815174903773
122	2.404815174903773
123	2.404815174903773
124	2.404815174903773
125	2.404815174903773
126	3.0526956669057337
127	3.0526956669057337
128	3.0526956669057337
129	3.0526956669057337
130	3.0526956669057337
131	3.0526956669057337
132	3.0526956669057337
133	2.608345277639003
134	1.8287475063223462
135	1.8287475063223462
136	1.8287475063223462
137	1.8287475063223462
138	1.8287475063223462
139	1.8287475063223462
140	1.8287475063223462
141	1.72503023124921
142	1.72503023124921
143	1.72503023124921
144	2.492211821530104
145	1.9946408056942944
146	1.9946408056942944
147	1.9946408056942944
148	1.9946408056942944
149	1.9946408056942944
150	1.9946408056942944
151	1.9946408056942944
152	1.9326033144274277
153	1.9326033144274277
154	1.9326033144274277
155	1.9326033144274277
156	1.9326033144274277
157	1.9326033144274277
158	1.9326033144274277
159	1.922035268366251
160	1.922035268366251
161	1.922035268366251
162	1.922035268366251
163	1.922035268366251
164	1.922035268366251
165	1.922035268366251
166	1.8778033152968119
167	1.8778033152968119
168	1.8778033152968119
169	1.8778033152968119
170	1.8778033152968119
171	1.8778033152968119
172	1.8778033152968119
173	2.087349684072903
174	2.087349684072903
175	2.087349684072903
176	2.087349684072903
177	2.087349684072903
178	2.087349684072903
179	2.087349684072903
180	2.015097348056279
181	2.015097348056279
182	2.015097348056279
183	2.015097348056279
184	2.015097348056279
185	1.8455449103043788
186	1.8455449103043788
187	1.8455449103043788
188	1.8455449103043788
189	1.8455449103043788
190	1.8455449103043788
191	1.8455449103043788
192	1.8593877554387046
193	1.8593877554387046
194	1.8593877554387046
195	1.8593877554387046
196	1.8593877554387046
197	1.8593877554387046
198	1.8593877554387046
199	1.9114337024502424
200	1.9114337024502424
201	1.9114337024502424
202	1.9114337024502424
203	1.9114337024502424
204	1.9114337024502424
205	1.9114337024502424
206	1.776738503583602
207	1.776738503583602
208	1.776738503583602
209	1.776738503583602
210	1.7541377618993876
211	1.7541377618993876
212	1.7541377618993876
213	1.7541377618993876
214	1.7541377618993876
215	1.7541377618993876
216	1.7541377618993876
217	1.5688731342547402
218	1.5688731342547402
219	1.5688731342547402
220	1.5688731342547402
221	1.5688731342547402
222	1.5688731342547402
223	1.5688731342547402
224	1.4649965782235563
225	1.4649965782235563
226	1.4649965782235563
227	1.4649965782235563
228	1.4649965782235563
229	1.4649965782235563
230	1.4649965782235563
231	1.6176274514015387
232	1.6176274514015387
233	1.6176274514015387
234	1.7062095431379116
235	1.7062095431379116
236	1.7062095431379116
237	1.7062095431379116
238	1.7062095431379116
239	1.7062095431379116
240	1.7062095431379116
241	1.4758059366717464
242	1.4758059366717464
243	1.4758059366717464
244	1.4758059366717464
245	1.4758059366717464
246	1.4758059366717464
247	1.4758059366717464
248	2.424534901857633
249	2.424534901857633
250	2.424534901857633
251	2.424534901857633
252	2.424534901857633
253	2.424534901857633
254	2.0364124924628166
255	2.0364124924628166
256	2.0364124924628166
257	2.0364124924628166
258	2.0364124924628166
259	2.0364124924628166
260	2.0364124924628166
261	2.060988147767745
262	2.060988147767745
263	2.060988147767745
264	2.060988147767745
265	2.9577643582791273
266	2.9577643582791273
267	2.9577643582791273
268	2.9577643582791273
269	2.9577643582791273
270	2.9577643582791273
271	2.9577643582791273
272	2.2616127905816295
273	2.2616127905816295
274	2.2616127905816295
275	2.2616127905816295
276	2.2616127905816295
277	2.2616127905816295
278	2.2616127905816295
279	2.945123965480695
280	2.945123965480695
281	2.945123965480695
282	2.945123965480695
283	2.945123965480695
284	2.945123965480695
285	2.945123965480695
286	2.9960702972850184
287	2.9960702972850184
288	2.9960702972850184
289	2.9960702972850184
290	2.9960702972850184
291	2.9960702972850184
292	2.9960702972850184
293	2.4200373738368155
294	2.4200373738368155
295	2.4200373738368155
296	2.4200373738368155
297	2.4200373738368155
298	2.4200373738368155
299	2.4200373738368155
300	2.0225799347927613
301	2.0225799347927613
302	2.0225799347927613
303	2.0225799347927613
304	2.0314488034353735
305	2.0314488034353735
306	2.0314488034353735
307	2.0314488034353735
308	2.0314488034353735
309	2.0314488034353735
310	2.0314488034353735
311	1.8958913363060106
312	1.8958913363060106
313	1.8958913363060106
314	1.8958913363060106
315	1.8958913363060106
316	1.8958913363060106
317	1.8958913363060106
318	2.2834724992868325
319	2.2834724992868325
320	2.2834724992868325
321	2.2834724992868325
322	2.2834724992868325
323	2.2834724992868325
324	2.2834724992868325
325	2.091722814632721
326	2.091722814632721
327	2.091722814632721
328	2.091722814632721
329	2.091722814632721
330	2.091722814632721
331	2.091722814632721
332	1.9608045578879068
333	1.9608045578879068
334	1.9608045578879068
335	1.9608045578879068
336	1.9608045578879068
337	1.9608045578879068
338	1.9608045578879068
339	2.186405822361829
340	2.186405822361829
341	2.186405822361829
342	2.186405822361829
343	2.186405822361829
344	2.186405822361829
345	2.186405822361829
346	2.2853291529337527
347	2.2853291529337527
348	1.12805954101769
349	1.12805954101769
350	1.12805954101769
351	1.12805954101769
352	1.12805954101769
353	1.12805954101769
354	1.12805954101769
355	1.1830734922306323
356	1.1830734922306323
357	1.1830734922306323
358	1.1830734922306323
359	1.1830734922306323
360	1.1830734922306323
361	1.1830734922306323
362	1.3595180128824471
363	1.3595180128824471
364	1.3595180128824471
365	1.3595180128824471
366	1.3595180128824471
367	1.3595180128824471
368	1.3595180128824471
369	1.2035039643463863
370	1.2035039643463863
371	1.2035039643463863
372	1.2035039643463863
373	1.2035039643463863
374	1.2035039643463863
375	1.2035039643463863
376	1.2728248535432314
377	1.2728248535432314
378	1.2728248535432314
379	1.2728248535432314
380	1.2728248535432314
381	1.2728248535432314
382	1.2728248535432314
383	1.193842794925884
384	1.193842794925884
385	1.193842794925884
386	1.193842794925884
387	1.193842794925884
388	1.193842794925884
389	1.193842794925884
390	1.3673328905290945
391	1.3673328905290945
392	1.3673328905290945
393	1.3673328905290945
394	1.3673328905290945
395	1.3673328905290945
396	1.3673328905290945
397	1.360799765939346
398	1.360799765939346
399	1.360799765939346
400	1.360799765939346
401	1.360799765939346
402	1.360799765939346
403	1.360799765939346
404	1.0208675740090656
405	1.0208675740090656
406	1.0208675740090656
407	1.0208675740090656
408	1.5983541071757534
409	1.5983541071757534
410	1.5983541071757534
411	1.5983541071757534
412	1.5983541071757534
413	1.5983541071757534
414	1.5983541071757534
415	1.964544561583077
416	1.964544561583077
417	1.964544561583077
418	1.964544561583077
419	1.9625639366188936
420	1.9625639366188936
421	1.9625639366188936
422	1.9625639366188936
423	1.9625639366188936
424	1.9625639366188936
425	1.9625639366188936
426	1.6229854827003791
427	1.6229854827003791
428	1.6229854827003791
429	1.6229854827003791
430	1.6229854827003791
431	1.6229854827003791
432	1.6229854827003791
433	2.2267145249080253
434	2.2267145249080253
435	2.2267145249080253
436	2.2267145249080253
437	2.2267145249080253
438	2.2267145249080253
439	1.6158297713647631
440	1.6158297713647631
441	1.6158297713647631
442	1.6158297713647631
443	1.6158297713647631
444	1.6158297713647631
445	1.6158297713647631
446	1.5729782662634741
447	1.5729782662634741
448	1.5729782662634741
449	1.5729782662634741
450	1.5729782662634741
451	1.5729782662634741
452	1.5729782662634741
453	1.6101733753750518
454	1.6101733753750518
455	1.6101733753750518
456	1.6101733753750518
457	1.6101733753750518
458	1.6101733753750518
459	1.6101733753750518
460	1.4933973405615326
461	1.4933973405615326
462	1.4933973405615326
463	1.4933973405615326
464	1.4933973405615326
465	1.4933973405615326
466	1.674703467612052
467	1.674703467612052
468	1.674703467612052
469	1.674703467612052
470	1.674703467612052
471	1.674703467612052
472	1.674703467612052
473	2.1542998779121705
474	2.1542998779121705
475	2.1542998779121705
476	2.1542998779121705
477	2.1542998779121705
478	2.1542998779121705
479	2.229310050234077
480	2.229310050234077
481	2.229310050234077
482	2.229310050234077
483	2.229310050234077
484	2.229310050234077
485	2.229310050234077
486	2.1235303313194724
487	2.1235303313194724
488	2.1235303313194724
489	2.1235303313194724
490	2.1235303313194724
491	2.1235303313194724
492	2.1235303313194724
493	1.7060238692398686
494	1.7060238692398686
495	2.6454216456632427
496	2.6454216456632427
497	2.6454216456632427
498	2.6454216456632427
499	2.6454216456632427
500	2.6454216456632427
501	2.6454216456632427
502	2.2288097954083876
503	2.2288097954083876
504	2.2288097954083876
505	2.2288097954083876
506	2.2288097954083876
507	2.2288097954083876
508	2.2288097954083876
509	2.258268128279243
510	2.258268128279243
511	2.258268128279243
512	2.258268128279243
513	2.258268128279243
514	2.258268128279243
515	2.258268128279243
516	2.4681015809226894
517	2.4681015809226894
518	2.4681015809226894
519	2.4681015809226894
520	2.4681015809226894
521	2.4681015809226894
522	2.4681015809226894
523	2.5787570264017505
524	2.5787570264017505
525	2.5787570264017505
526	2.5787570264017505
527	2.5787570264017505
528	2.5787570264017505
529	2.5787570264017505
530	1.864669394910452
531	1.864669394910452
532	1.864669394910452
533	1.864669394910452
534	1.864669394910452
535	1.864669394910452
536	1.864669394910452
537	2.3260053404334498
538	2.3260053404334498
539	2.3260053404334498
540	2.3260053404334498
541	2.3260053404334498
542	2.3260053404334498
543	2.3260053404334498
544	2.204766253952789
545	2.204766253952789
546	2.204766253952789
547	2.204766253952789
548	2.204766253952789
549	2.204766253952789
550	2.204766253952789
551	2.0994878101650762
552	2.0994878101650762
553	2.0994878101650762
554	2.0994878101650762
555	2.0994878101650762
556	2.0994878101650762
557	2.0994878101650762
558	2.5330610409866954
559	2.5330610409866954
560	2.5330610409866954
561	2.5330610409866954
562	2.5330610409866954
563	2.5330610409866954
564	2.5330610409866954
565	2.7271577427481737
566	2.7271577427481737
567	2.7271577427481737
568	2.7271577427481737
569	2.7271577427481737
570	2.7271577427481737
571	2.7271577427481737
572	2.12713320479271
573	2.12713320479271
574	2.12713320479271
575	2.12713320479271
576	2.12713320479271
577	2.12713320479271
578	2.12713320479271
579	2.0278421679364835
580	2.0278421679364835
581	2.7037049293308666
582	2.7037049293308666
583	2.7037049293308666
584	2.7037049293308666
585	2.7037049293308666
586	2.7037049293308666
587	2.7037049293308666
588	2.6769902277551547
589	2.6769902277551547
590	2.6769902277551547
591	2.6769902277551547
592	2.6769902277551547
593	2.6769902277551547
594	2.6769902277551547
595	2.996199693694592
596	2.996199693694592
597	2.996199693694592
598	2.996199693694592
599	2.996199693694592
600	2.996199693694592
601	2.996199693694592
602	2.5294437182079297
603	2.5294437182079297
604	2.5294437182079297
605	2.5294437182079297
606	2.5294437182079297
607	2.5294437182079297
608	2.5294437182079297
609	2.213371623719605
610	2.213371623719605
611	2.213371623719605
612	2.213371623719605
613	2.213371623719605
614	2.213371623719605
615	2.213371623719605
616	2.5013286688684233
617	2.5013286688684233
618	2.5013286688684233
619	2.5013286688684233
620	2.5013286688684233
621	2.5013286688684233
622	2.5013286688684233
623	2.659492420857733
624	2.659492420857733
625	2.659492420857733
626	2.659492420857733
627	2.659492420857733
628	2.659492420857733
629	2.659492420857733
630	2.994406046457828
631	2.994406046457828
632	2.994406046457828
633	2.994406046457828
634	2.57199472517693
635	2.57199472517693
636	2.57199472517693
637	2.57199472517693
638	2.57199472517693
639	2.57199472517693
640	2.57199472517693
641	2.0513170507650926
642	2.719636771903706
643	2.719636771903706
644	2.719636771903706
645	2.692010838432759
646	2.692010838432759
647	2.692010838432759
648	2.1399772824615804
649	2.1399772824615804
650	2.1399772824615804
651	2.1399772824615804
652	2.1399772824615804
653	2.1399772824615804
654	2.1399772824615804
655	1.977951076477732
656	1.977951076477732
657	1.977951076477732
658	1.977951076477732
659	1.977951076477732
660	1.977951076477732
661	1.977951076477732
662	2.2804894311282498
663	2.2804894311282498
664	2.2804894311282498
665	2.2804894311282498
666	2.2804894311282498
667	2.2804894311282498
668	2.2804894311282498
669	1.9810224887369425
670	1.9810224887369425
671	1.9810224887369425
672	1.9810224887369425
673	1.9810224887369425
674	1.9810224887369425
675	1.9810224887369425
676	2.658395302410813
677	2.658395302410813
678	2.658395302410813
679	2.658395302410813
680	2.658395302410813
681	2.658395302410813
682	2.658395302410813
683	1.6522225406421764
684	1.6522225406421764
685	1.6522225406421764
686	1.6522225406421764
687	1.6522225406421764
688	1.6522225406421764
689	1.6522225406421764
690	2.4322206788306078
691	2.4322206788306078
692	2.4322206788306078
693	2.4322206788306078
694	2.4322206788306078
695	2.4322206788306078
696	2.4322206788306078
697	1.8692053470695225
698	1.8692053470695225
699	1.8692053470695225
700	1.8692053470695225
701	1.8692053470695225
702	1.8692053470695225
703	1.8692053470695225
704	1.8761331809619277
705	1.8761331809619277
706	1.8761331809619277
707	1.7839017339088357
708	1.7839017339088357
709	1.7839017339088357
710	1.7839017339088357
711	1.7839017339088357
712	1.7839017339088357
713	1.7839017339088357
714	1.6475425804401203
715	1.6475425804401203
716	1.14380072415482
717	1.14380072415482
718	1.14380072415482
719	1.14380072415482
720	1.14380072415482
721	1.14380072415482
722	1.14380072415482
723	1.332667471787806
724	1.332667471787806
725	1.332667471787806
726	1.332667471787806
727	1.332667471787806
728	1.332667471787806
729	1.332667471787806
730	1.3069631023133756
731	1.3069631023133756
732	1.3069631023133756
733	1.3069631023133756
734	1.3069631023133756
735	1.3069631023133756
736	1.8155221295765538
737	1.8155221295765538
738	1.8758551222179283
739	1.8758551222179283
740	1.8758551222179283
741	1.8758551222179283
742	1.8758551222179283
743	1.8758551222179283
744	1.8758551222179283
745	2.214395113128228
746	2.214395113128228
747	2.214395113128228
748	2.6605947594828043
749	2.6605947594828043
750	2.6605947594828043
751	2.6605947594828043
752	2.6605947594828043
753	2.6605947594828043
754	2.6605947594828043
755	2.5292662081973094
756	2.5292662081973094
757	2.5292662081973094
758	2.5292662081973094
759	2.5292662081973094
760	2.5292662081973094
761	2.5292662081973094
762	2.402774170887377
763	2.402774170887377
764	2.402774170887377
765	2.402774170887377
766	2.402774170887377
767	2.402774170887377
768	2.402774170887377
769	2.4668970563946306
770	2.4668970563946306
771	2.4668970563946306
772	2.4668970563946306
773	2.4668970563946306
774	2.4668970563946306
775	2.4668970563946306
776	2.170815533737645
777	2.170815533737645
778	2.170815533737645
779	2.170815533737645
780	2.170815533737645
781	2.170815533737645
782	2.170815533737645
783	2.337930159970392
784	2.337930159970392
785	2.337930159970392
786	2.337930159970392
787	2.337930159970392
788	2.337930159970392
789	2.337930159970392
790	2.1524454296604962
791	2.1524454296604962
792	2.0765205410529695
793	2.0765205410529695
794	2.0765205410529695
795	2.0765205410529695
796	2.0765205410529695
797	2.0765205410529695
798	2.0765205410529695
799	1.730659750918219
800	1.730659750918219
801	1.730659750918219
802	1.730659750918219
803	1.730659750918219
804	1.730659750918219
805	1.730659750918219
806	2.249192591828087
807	2.249192591828087
808	2.249192591828087
809	2.249192591828087
810	2.0911010081008925
811	2.0911010081008925
812	2.0911010081008925
813	2.0911010081008925
814	2.0911010081008925
815	2.0911010081008925
816	2.0911010081008925
817	2.2278401862663517
818	2.2278401862663517
819	2.2278401862663517
820	2.2278401862663517
821	1.6885489128489517
822	1.6885489128489517
823	1.6885489128489517
824	1.6885489128489517
825	1.6885489128489517
826	1.6885489128489517
827	1.6885489128489517
828	2.061262929640092
829	2.061262929640092
830	2.061262929640092
831	2.061262929640092
832	2.061262929640092
833	2.061262929640092
834	2.061262929640092
835	1.8980127614081397
836	1.8980127614081397
837	1.8980127614081397
838	1.8980127614081397
839	1.8980127614081397
840	1.8980127614081397
841	1.8980127614081397
842	1.955462477650017
843	1.955462477650017
844	1.955462477650017
845	1.955462477650017
846	1.955462477650017
847	1.955462477650017
848	1.955462477650017
849	1.6184720174141516
850	1.6184720174141516
851	1.6184720174141516
852	1.6184720174141516
853	1.6184720174141516
854	1.6184720174141516
855	1.6184720174141516
856	1.8170869502690499
857	1.8170869502690499
858	1.8170869502690499
859	1.8170869502690499
860	1.8170869502690499
861	1.8170869502690499
862	1.8170869502690499
863	1.7869606880177726
864	1.7869606880177726
865	1.7869606880177726
866	1.7869606880177726
867	2.615276974488492
868	2.615276974488492
869	2.615276974488492
870	2.615276974488492
871	2.615276974488492
872	2.615276974488492
873	2.615276974488492
874	2.795411918860814
875	2.795411918860814
876	2.795411918860814
877	2.795411918860814
878	2.795411918860814
879	2.795411918860814
880	2.795411918860814
881	2.503024671176564
882	2.503024671176564
883	2.503024671176564
884	2.503024671176564
885	2.503024671176564
886	2.503024671176564
887	2.503024671176564
888	2.924570143535958
889	2.924570143535958
890	2.924570143535958
891	2.924570143535958
892	2.924570143535958
893	2.924570143535958
894	2.924570143535958
895	2.907184754445459
896	2.907184754445459
897	2.907184754445459
898	2.907184754445459
899	2.907184754445459
900	2.907184754445459
901	2.907184754445459
902	2.9172068680923506
903	2.9172068680923506
904	2.9172068680923506
905	2.9172068680923506
906	2.9172068680923506
907	2.6093420496438955
908	2.6093420496438955
909	1.7069929391433105
910	1.7069929391433105
911	1.593832383191788
912	1.593832383191788
913	1.593832383191788
914	1.593832383191788
915	1.5815196021928888
916	1.5815196021928888
917	1.5815196021928888
918	1.5815196021928888
919	1.5815196021928888
920	1.8578493007152201
921	1.8578493007152201
922	1.8578493007152201
923	1.8578493007152201
924	1.8578493007152201
925	1.8578493007152201
926	1.8578493007152201
927	1.6714090100491812
928	1.6714090100491812
929	1.6714090100491812
930	1.6714090100491812
931	1.6714090100491812
932	1.6714090100491812
933	1.6714090100491812
934	2.29270496000384
935	2.29270496000384
936	2.29270496000384
937	2.29270496000384
938	2.29270496000384
939	2.29270496000384
940	2.29270496000384
941	2.1560715539694284
942	2.1560715539694284
943	1.649284849133536
944	1.649284849133536
945	1.649284849133536
946	1.649284849133536
947	1.649284849133536
948	1.649284849133536
949	1.649284849133536
950	1.851806190005225
951	1.851806190005225
952	1.851806190005225
953	1.851806190005225
954	1.851806190005225
955	1.851806190005225
956	1.851806190005225
957	1.6902013799716715
958	1.6902013799716715
959	1.6902013799716715
960	1.6902013799716715
961	1.6902013799716715
962	1.6902013799716715
963	1.6902013799716715
964	1.7100624289967052
965	1.7100624289967052
966	1.7100624289967052
967	1.7100624289967052
968	1.7100624289967052
969	1.7100624289967052
970	1.7100624289967052
971	1.4238702522874238
972	1.4238702522874238
973	1.4238702522874238
974	1.4238702522874238
975	1.4238702522874238
976	1.4238702522874238
977	1.4238702522874238
978	1.7334166933437922
979	1.7334166933437922
980	1.7334166933437922
981	1.7334166933437922
982	1.7334166933437922
983	1.7334166933437922
984	1.7334166933437922
985	1.718242682089707
986	1.718242682089707
987	1.718242682089707
988	1.718242682089707
989	1.718242682089707
990	1.718242682089707
991	1.718242682089707
992	1.6398820560664198
993	1.6398820560664198
994	1.6398820560664198
995	1.9433376977737797
996	1.9433376977737797
997	1.9433376977737797
998	1.9433376977737797
999	1.9433376977737797
1000	1.9433376977737797
1001	1.9433376977737797
1002	2.0404961799597863
1003	2.0404961799597863
1004	2.0404961799597863
1005	2.0404961799597863
1006	2.0404961799597863
1007	2.0404961799597863
1008	2.0404961799597863
1009	2.135282718771805
1010	2.135282718771805
1011	2.135282718771805
1012	2.479549810119671
1013	2.479549810119671
1014	2.479549810119671
1015	2.479549810119671
1016	2.479549810119671
1017	2.479549810119671
1018	2.479549810119671
1019	2.0561038108610505
1020	2.0561038108610505
1021	2.0561038108610505
1022	2.0561038108610505
1023	2.0561038108610505
1024	2.0561038108610505
1025	2.0561038108610505
1026	2.432408912194098
1027	2.432408912194098
1028	2.432408912194098
1029	2.432408912194098
1030	2.432408912194098
1031	2.432408912194098
1032	2.432408912194098
1033	2.403776414574246
1034	2.403776414574246
1035	2.403776414574246
1036	2.403776414574246
1037	2.403776414574246
1038	2.4127994841155243
1039	2.4127994841155243
1040	2.4127994841155243
1041	2.4127994841155243
1042	2.4127994841155243
1043	2.4127994841155243
1044	2.4127994841155243
1045	2.69874802361152
1046	2.69874802361152
1047	2.69874802361152
1048	2.69874802361152
1049	2.69874802361152
1050	2.69874802361152
1051	2.69874802361152
1052	2.6401642059536234
1053	2.6401642059536234
1054	2.6401642059536234
1055	2.6401642059536234
1056	2.6401642059536234
1057	2.6401642059536234
1058	2.6401642059536234
1059	2.5255589118819484
1060	2.5255589118819484
1061	2.5255589118819484
1062	2.5255589118819484
1063	2.5255589118819484
1064	2.5255589118819484
1065	2.5255589118819484
1066	2.808064428659117
1067	2.808064428659117
1068	2.808064428659117
1069	2.808064428659117
1070	2.808064428659117
1071	2.808064428659117
1072	2.808064428659117
1073	2.4347708174365423
1074	2.4347708174365423
1075	2.4347708174365423
1076	2.4347708174365423
1077	2.4347708174365423
1078	2.4347708174365423
1079	2.4347708174365423
1080	2.40461275707708
1081	2.40461275707708
1082	2.40461275707708
1083	2.40461275707708
1084	2.40461275707708
1085	2.40461275707708
1086	2.40461275707708
1087	2.530747371056224
1088	2.530747371056224
1089	2.530747371056224
1090	2.530747371056224
1091	2.530747371056224
1092	2.530747371056224
1093	2.530747371056224
1094	2.6282402354791765
1095	2.6282402354791765
1096	2.6282402354791765
1097	2.6282402354791765
1098	2.6282402354791765
1099	2.6282402354791765
1100	2.6282402354791765
1101	2.4172528824365744
1102	2.4172528824365744
1103	2.4172528824365744
1104	2.4172528824365744
1105	2.4172528824365744
1106	2.4172528824365744
1107	1.967146407501957
1108	1.967146407501957
1109	1.967146407501957
1110	1.967146407501957
1111	1.967146407501957
1112	1.967146407501957
1113	1.967146407501957
1114	1.7841481938087946
1115	1.7841481938087946
1116	1.7841481938087946
1117	1.7841481938087946
1118	1.7841481938087946
1119	1.7841481938087946
1120	1.7841481938087946
1121	2.3762160364239673
1122	2.3762160364239673
1123	2.3762160364239673
1124	2.3762160364239673
1125	2.2188670080091595
1126	2.2188670080091595
1127	2.2188670080091595
1128	2.2188670080091595
1129	2.2188670080091595
1130	2.2188670080091595
1131	2.2188670080091595
1132	2.6641968800830576
1133	2.6641968800830576
1134	2.6641968800830576
1135	2.6641968800830576
1136	2.6641968800830576
1137	2.6641968800830576
1138	2.6641968800830576
1139	2.342030404614029
1140	2.342030404614029
1141	2.342030404614029
1142	2.342030404614029
1143	2.342030404614029
1144	2.342030404614029
1145	2.342030404614029
1146	2.5477374664119092
1147	2.5477374664119092
1148	2.5477374664119092
1149	2.5477374664119092
1150	2.5477374664119092
1151	2.5477374664119092
1152	2.5477374664119092
1153	2.438639681714461
1154	2.438639681714461
1155	2.438639681714461
1156	3.0535759999113004
1157	3.0535759999113004
1158	3.0535759999113004
1159	3.0535759999113004
1160	3.0535759999113004
1161	3.0535759999113004
1162	3.0535759999113004
1163	2.5991067589201804
1164	2.5991067589201804
1165	2.5991067589201804
1166	2.5991067589201804
1167	2.5991067589201804
1168	2.5991067589201804
1169	2.5991067589201804
1170	2.2885208681012164
1171	2.2885208681012164
1172	2.2885208681012164
1173	2.2885208681012164
1174	2.2885208681012164
1175	2.2885208681012164
1176	2.2885208681012164
1177	2.663967113420411
1178	2.663967113420411
1179	2.663967113420411
1180	2.663967113420411
1181	2.663967113420411
1182	2.663967113420411
1183	2.663967113420411
1184	2.6372274234891617
1185	2.6372274234891617
1186	2.6372274234891617
1187	2.6372274234891617
1188	2.6372274234891617
1189	2.6372274234891617
1190	2.6372274234891617
1191	2.344769769903795
1192	2.344769769903795
1193	2.344769769903795
1194	2.344769769903795
1195	2.344769769903795
1196	2.344769769903795
1197	2.344769769903795
1198	3.301288847615285
1199	3.301288847615285
1200	3.301288847615285
1201	2.5351902161163595
1202	2.5200534304045643
1203	2.5200534304045643
1204	2.5200534304045643
1205	2.9534664837875946
1206	2.9534664837875946
1207	2.9534664837875946
1208	2.9534664837875946
1209	2.9534664837875946
1210	2.9534664837875946
1211	2.9534664837875946
1212	1.9333745947215277
1213	1.9333745947215277
1214	1.9333745947215277
1215	1.9333745947215277
1216	1.9333745947215277
1217	1.9333745947215277
1218	3.1008817088770693
1219	3.1008817088770693
1220	3.1008817088770693
1221	3.1008817088770693
1222	3.1008817088770693
1223	3.1008817088770693
1224	3.1008817088770693
1225	2.6237912408888007
1226	2.6237912408888007
1227	2.6237912408888007
1228	2.6237912408888007
1229	2.6237912408888007
1230	2.6237912408888007
1231	2.6237912408888007
1232	2.517666179919883
1233	2.517666179919883
1234	2.517666179919883
1235	2.517666179919883
1236	2.517666179919883
1237	2.517666179919883
1238	2.517666179919883
1239	3.0404931527396597
1240	3.0404931527396597
1241	3.0404931527396597
1242	3.0404931527396597
1243	3.0404931527396597
1244	3.0404931527396597
1245	3.0404931527396597
1246	2.6174014361010736
1247	2.6174014361010736
1248	2.6174014361010736
1249	2.6174014361010736
1250	2.6174014361010736
1251	2.6174014361010736
1252	2.6174014361010736
1253	2.984480333653892
1254	2.984480333653892
1255	2.984480333653892
1256	2.984480333653892
1257	2.984480333653892
1258	2.984480333653892
1259	2.984480333653892
1260	3.548331191724775
1261	3.548331191724775
1262	3.548331191724775
1263	3.548331191724775
1264	3.548331191724775
1265	3.548331191724775
1266	3.548331191724775
1267	2.713228180490922
1268	2.713228180490922
1269	2.713228180490922
1270	2.713228180490922
1271	2.713228180490922
1272	2.713228180490922
1273	2.713228180490922
1274	3.241650010226976
1275	3.241650010226976
1276	3.241650010226976
1277	3.241650010226976
1278	3.241650010226976
1279	3.241650010226976
1280	3.241650010226976
1281	3.4522507790531383
1282	3.4522507790531383
1283	3.4522507790531383
1284	3.4522507790531383
1285	3.4522507790531383
1286	3.4522507790531383
1287	3.4522507790531383
1288	2.9445390660573434
1289	2.9445390660573434
1290	2.9445390660573434
1291	2.9445390660573434
1292	2.9445390660573434
1293	2.9445390660573434
1294	2.9445390660573434
1295	3.473181115920239
1296	3.473181115920239
1297	3.473181115920239
1298	3.473181115920239
1299	3.473181115920239
1300	3.473181115920239
1301	3.473181115920239
1302	3.1973370736244697
1303	3.1973370736244697
1304	2.5031622063554972
1305	2.5031622063554972
1306	2.5031622063554972
1307	3.259602481956487
1308	3.259602481956487
1309	3.259602481956487
1310	3.259602481956487
1311	3.259602481956487
1312	3.259602481956487
1313	2.389324768390083
1314	2.389324768390083
1315	2.389324768390083
1316	1.8060648906615353
1317	1.8060648906615353
1318	1.8060648906615353
1319	1.8060648906615353
1320	1.8060648906615353
1321	1.8060648906615353
1322	1.8060648906615353
1323	2.1033005726545126
1324	2.1033005726545126
1325	2.1033005726545126
1326	2.1033005726545126
1327	2.1033005726545126
1328	1.688566493185095
1329	1.688566493185095
1330	1.688566493185095
1331	1.688566493185095
1332	1.688566493185095
1333	1.688566493185095
1334	1.688566493185095
1335	1.7405671738981183
1336	1.7405671738981183
1337	1.7405671738981183
1338	1.7405671738981183
1339	1.7405671738981183
1340	1.7405671738981183
1341	1.7405671738981183
1342	1.9509026497396975
1343	1.9509026497396975
1344	1.9509026497396975
1345	1.9509026497396975
1346	1.9509026497396975
1347	1.9509026497396975
1348	1.9509026497396975
1349	1.582266688437378
1350	1.582266688437378
1351	1.582266688437378
1352	1.582266688437378
1353	1.582266688437378
1354	1.582266688437378
1355	1.582266688437378
1356	2.263847743978974
1357	2.263847743978974
1358	2.263847743978974
1359	2.263847743978974
1360	2.263847743978974
1361	2.263847743978974
1362	2.263847743978974
1363	1.7230807907122532
1364	1.7230807907122532
1365	1.7230807907122532
1366	1.7230807907122532
1367	1.7230807907122532
1368	1.7230807907122532
1369	1.7230807907122532
1370	1.7326509638057856
1371	1.7326509638057856
1372	1.7326509638057856
1373	1.7326509638057856
1374	1.7326509638057856
1375	1.7326509638057856
1376	1.7326509638057856
1377	1.782977767171246
1378	2.3851959057736614
1379	2.3851959057736614
1380	2.3851959057736614
1381	2.3851959057736614
1382	2.615124979433846
1383	2.615124979433846
1384	2.615124979433846
1385	2.615124979433846
1386	2.615124979433846
1387	2.615124979433846
1388	2.615124979433846
1389	3.284305523330228
1390	3.284305523330228
1391	3.284305523330228
1392	3.284305523330228
1393	3.284305523330228
1394	3.284305523330228
1395	3.284305523330228
1396	2.8953269870494998
1397	2.8953269870494998
1398	2.8953269870494998
1399	2.8953269870494998
1400	2.8953269870494998
1401	2.8953269870494998
1402	2.8953269870494998
1403	2.7383768887033786
1404	2.7383768887033786
1405	2.7383768887033786
1406	2.7383768887033786
1407	2.7383768887033786
1408	2.7383768887033786
1409	2.7383768887033786
1410	2.502602052091646
1411	2.502602052091646
1412	2.502602052091646
1413	2.502602052091646
1414	2.502602052091646
1415	2.502602052091646
1416	2.502602052091646
1417	2.9121092620067044
1418	2.9121092620067044
1419	2.9121092620067044
1420	2.9121092620067044
1421	2.9121092620067044
1422	2.9121092620067044
1423	2.9121092620067044
1424	2.780568855367859
1425	2.780568855367859
1426	2.780568855367859
1427	2.780568855367859
1428	2.780568855367859
1429	2.780568855367859
1430	2.780568855367859
1431	2.993718724037653
1432	2.993718724037653
1433	2.4582113345317227
1434	2.4582113345317227
1435	2.4582113345317227
1436	2.4582113345317227
1437	2.4582113345317227
1438	2.4582113345317227
1439	2.4582113345317227
1440	2.088856168157421
1441	2.088856168157421
1442	2.088856168157421
1443	2.088856168157421
1444	2.088856168157421
1445	2.088856168157421
1446	2.088856168157421
1447	2.29693529531767
1448	2.29693529531767
1449	2.29693529531767
1450	2.29693529531767
1451	2.29693529531767
1452	2.29693529531767
1453	2.29693529531767
1454	2.1876414525533185
1455	2.1876414525533185
1456	2.1876414525533185
1457	2.1876414525533185
1458	2.1876414525533185
1459	2.1876414525533185
1460	1.8241002027448219
1461	1.8241002027448219
1462	1.8241002027448219
1463	1.8241002027448219
1464	1.8241002027448219
1465	1.8241002027448219
1466	1.8241002027448219
1467	1.877536171853163
1468	1.877536171853163
1469	1.877536171853163
1470	1.877536171853163
1471	1.877536171853163
1472	1.877536171853163
1473	1.877536171853163
1474	1.5992249226908324
1475	1.5992249226908324
1476	1.5992249226908324
1477	1.5992249226908324
1478	1.5992249226908324
1479	1.5992249226908324
1480	1.5992249226908324
1481	1.5854663822017212
1482	1.5854663822017212
1483	1.5854663822017212
1484	1.5854663822017212
1485	1.5854663822017212
1486	1.5854663822017212
1487	1.5854663822017212
1488	1.7247155670717158
1489	1.7247155670717158
1490	1.7247155670717158
1491	1.7247155670717158
1492	1.7247155670717158
1493	1.7247155670717158
1494	1.7247155670717158
1495	1.5191181000477518
1496	1.5191181000477518
1497	1.5191181000477518
1498	1.5191181000477518
1499	1.5191181000477518
1500	1.5191181000477518
1501	1.5191181000477518
1502	1.6232271777031158
1503	1.6232271777031158
1504	1.6232271777031158
1505	1.6232271777031158
1506	1.6232271777031158
1507	1.6232271777031158
1508	1.6232271777031158
1509	1.6066975612684127
1510	1.6066975612684127
1511	1.6066975612684127
1512	1.6066975612684127
1513	1.4411338860428178
1514	1.4411338860428178
1515	1.4411338860428178
1516	1.4411338860428178
1517	1.4411338860428178
1518	1.4411338860428178
1519	1.4411338860428178
1520	1.5955236757134286
1521	1.5955236757134286
1522	1.5955236757134286
1523	1.5955236757134286
1524	1.5955236757134286
1525	1.5955236757134286
1526	1.5955236757134286
1527	1.3983494577867206
1528	1.3983494577867206
1529	1.3983494577867206
1530	1.3983494577867206
1531	1.3983494577867206
1532	1.3983494577867206
1533	1.3983494577867206
1534	1.5825573329940488
1535	1.5825573329940488
1536	1.5825573329940488
1537	1.5825573329940488
1538	1.5825573329940488
1539	1.5825573329940488
1540	1.5825573329940488
1541	1.2551920751020162
1542	1.2551920751020162
1543	1.2551920751020162
1544	1.2551920751020162
1545	1.2551920751020162
1546	1.2551920751020162
1547	1.2551920751020162
1548	1.4878181949459368
1549	1.4878181949459368
1550	1.4878181949459368
1551	1.4878181949459368
1552	1.4878181949459368
1553	1.4878181949459368
1554	1.4878181949459368
1555	1.3160434410887625
1556	1.3160434410887625
1557	1.3160434410887625
1558	1.3160434410887625
1559	1.8275813395045815
1560	1.8275813395045815
1561	1.8275813395045815
1562	1.8275813395045815
1563	1.8275813395045815
1564	1.8275813395045815
1565	1.8275813395045815
1566	1.9521632394071329
1567	1.9521632394071329
1568	1.9521632394071329
1569	1.9521632394071329
1570	1.9521632394071329
1571	1.9521632394071329
1572	1.9521632394071329
1573	1.5464038293346423
1574	1.5464038293346423
1575	1.5464038293346423
1576	1.5464038293346423
1577	1.5464038293346423
1578	1.5464038293346423
1579	1.5464038293346423
1580	1.8722296512005656
1581	1.8722296512005656
1582	1.8722296512005656
1583	1.8722296512005656
1584	1.8722296512005656
1585	1.8722296512005656
1586	1.8722296512005656
1587	1.813032465210988
1588	1.813032465210988
1589	1.813032465210988
1590	1.813032465210988
1591	1.813032465210988
1592	1.813032465210988
1593	1.813032465210988
1594	2.262434955383497
1595	2.262434955383497
1596	2.262434955383497
1597	1.539721096007775
1598	1.539721096007775
1599	1.539721096007775
1600	1.539721096007775
1601	1.539721096007775
1602	1.539721096007775
1603	1.539721096007775
1604	1.4210223811129277
1605	1.4210223811129277
1606	1.4210223811129277
1607	1.4210223811129277
1608	1.4210223811129277
1609	1.4210223811129277
1610	1.4210223811129277
1611	1.3964533780718642
1612	1.3964533780718642
1613	1.3964533780718642
1614	1.3964533780718642
1615	1.3964533780718642
1616	1.3964533780718642
1617	1.3964533780718642
1618	1.6098931718246248
1619	1.6098931718246248
1620	1.6098931718246248
1621	1.6098931718246248
1622	1.6098931718246248
1623	1.6098931718246248
1624	1.6098931718246248
1625	1.5475252806813193
1626	1.5475252806813193
1627	1.5475252806813193
1628	1.5475252806813193
1629	1.5475252806813193
1630	1.5475252806813193
1631	1.5475252806813193
1632	1.4977705250386382
1633	1.4977705250386382
1634	1.4977705250386382
1635	1.4977705250386382
1636	1.4977705250386382
1637	1.4977705250386382
1638	1.4977705250386382
1639	1.380665443962958
1640	1.380665443962958
1641	1.380665443962958
1642	1.380665443962958
1643	1.380665443962958
1644	1.380665443962958
1645	1.380665443962958
1646	1.3860899606730042
1647	1.3860899606730042
1648	1.3860899606730042
1649	1.3860899606730042
1650	1.3860899606730042
1651	1.3860899606730042
1652	1.3860899606730042
1653	1.2549463021141436
1654	1.2549463021141436
1655	1.2549463021141436
1656	1.2549463021141436
1657	1.2549463021141436
1658	1.2549463021141436
1659	1.2549463021141436
1660	1.5773679775145824
1661	1.5773679775145824
1662	1.5773679775145824
1663	1.5773679775145824
1664	1.5773679775145824
1665	1.5773679775145824
1666	1.5773679775145824
1667	1.4405127973309229
1668	1.4405127973309229
1669	1.4405127973309229
1670	1.4405127973309229
1671	1.4405127973309229
1672	1.4405127973309229
1673	1.4405127973309229
1674	1.4164626764637998
1675	1.4164626764637998
1676	1.4164626764637998
1677	1.4164626764637998
1678	1.4164626764637998
1679	1.4164626764637998
1680	1.4164626764637998
1681	1.5338573675501321
1682	1.5338573675501321
1683	1.5338573675501321
1684	1.5338573675501321
1685	1.5338573675501321
1686	1.5338573675501321
1687	1.5338573675501321
1688	1.7734275627473823
1689	1.7734275627473823
1690	1.7734275627473823
1691	1.7734275627473823
1692	1.7734275627473823
1693	1.7734275627473823
1694	1.7734275627473823
1695	1.8594163059903723
1696	1.8594163059903723
1697	1.759541943254866
1698	1.759541943254866
1699	1.759541943254866
1700	1.759541943254866
1701	1.759541943254866
1702	1.759541943254866
1703	1.759541943254866
1704	2.1500441333833002
1705	2.1500441333833002
1706	2.1500441333833002
1707	2.1500441333833002
1708	2.1500441333833002
1709	2.1500441333833002
1710	2.1500441333833002
1711	2.2198367720995393
1712	2.2198367720995393
1713	2.2198367720995393
1714	2.2198367720995393
1715	2.2198367720995393
1716	2.2198367720995393
1717	2.2198367720995393
1718	2.126876574294012
1719	2.126876574294012
1720	2.126876574294012
1721	2.126876574294012
1722	2.126876574294012
1723	2.126876574294012
1724	2.126876574294012
1725	1.7730306961348399
1726	1.7730306961348399
1727	1.7730306961348399
1728	1.7730306961348399
1729	1.7730306961348399
1730	1.7730306961348399
1731	1.7730306961348399
1732	1.75958025123696
1733	1.75958025123696
1734	1.75958025123696
1735	1.75958025123696
1736	1.75958025123696
1737	1.75958025123696
1738	1.75958025123696
1739	2.264507102401699
1740	2.264507102401699
1741	2.264507102401699
1742	2.264507102401699
1743	2.264507102401699
1744	2.264507102401699
1745	2.264507102401699
1746	2.3496653538473335
1747	2.3496653538473335
1748	2.3496653538473335
1749	2.3496653538473335
1750	2.3496653538473335
1751	2.3496653538473335
1752	2.3496653538473335
1753	1.8323440234580142
1754	1.8323440234580142
1755	1.8323440234580142
1756	1.8323440234580142
1757	1.8323440234580142
1758	1.8323440234580142
1759	1.8815752619615385
1760	1.8815752619615385
1761	1.8815752619615385
1762	1.8815752619615385
1763	1.8815752619615385
1764	1.8815752619615385
1765	1.8815752619615385
1766	1.7976827199968624
1767	1.7976827199968624
1768	1.7976827199968624
1769	1.7976827199968624
1770	1.7976827199968624
1771	1.7976827199968624
1772	2.1744261128759064
1773	2.1744261128759064
1774	2.1744261128759064
1775	2.1744261128759064
1776	2.1744261128759064
1777	2.1744261128759064
1778	2.1744261128759064
1779	1.692186856633525
1780	1.692186856633525
1781	1.692186856633525
1782	1.692186856633525
1783	1.692186856633525
1784	1.692186856633525
1785	1.692186856633525
1786	1.9655870966233013
1787	1.9655870966233013
1788	1.9655870966233013
1789	1.9655870966233013
1790	1.9655870966233013
1791	1.9655870966233013
1792	1.9655870966233013
1793	1.9154034258893957
1794	1.9154034258893957
1795	1.9154034258893957
1796	1.9154034258893957
1797	1.9154034258893957
1798	1.9154034258893957
1799	1.9154034258893957
1800	1.6648487548590976
1801	1.6648487548590976
1802	1.6648487548590976
1803	1.6648487548590976
1804	1.6648487548590976
1805	1.6648487548590976
1806	1.6648487548590976
1807	2.3931682198219377
1808	2.3931682198219377
1809	2.3931682198219377
1810	2.3931682198219377
1811	2.3931682198219377
1812	2.3931682198219377
1813	2.3931682198219377
1814	1.7480472061474188
1815	1.7480472061474188
1816	1.7480472061474188
1817	1.7480472061474188
1818	1.7480472061474188
1819	1.7480472061474188
1820	1.7480472061474188
1821	2.0900012214521997
1822	2.0900012214521997
1823	2.0900012214521997
1824	2.0900012214521997
1825	2.0900012214521997
1826	2.0900012214521997
1827	2.0900012214521997
1828	2.2645419507536886
1829	2.2645419507536886
1830	2.2645419507536886
1831	2.2645419507536886
1832	2.2645419507536886
1833	2.2645419507536886
1834	2.2645419507536886
1835	1.763082753866764
1836	1.763082753866764
1837	1.763082753866764
1838	1.763082753866764
1839	1.763082753866764
1840	1.763082753866764
1841	1.763082753866764
1842	2.45576614850188
1843	2.45576614850188
1844	2.45576614850188
1845	2.45576614850188
1846	2.45576614850188
1847	2.3299249963110724
1848	2.3299249963110724
1849	2.3299249963110724
1850	2.3299249963110724
1851	2.3299249963110724
1852	2.3299249963110724
1853	2.3299249963110724
1854	2.1398279348616764
1855	2.1398279348616764
1856	2.1398279348616764
1857	2.1398279348616764
1858	2.1398279348616764
1859	2.1398279348616764
1860	2.1398279348616764
1861	2.0000287350598263
1862	2.0000287350598263
1863	2.0000287350598263
1864	2.0000287350598263
1865	2.0000287350598263
1866	2.0000287350598263
1867	2.0000287350598263
1868	2.219014422419652
1869	2.219014422419652
1870	2.219014422419652
1871	3.080118518858976
1872	3.080118518858976
1873	3.080118518858976
1874	3.080118518858976
1875	3.080118518858976
1876	3.080118518858976
1877	3.080118518858976
1878	2.66031296574252
1879	2.66031296574252
1880	2.66031296574252
1881	2.66031296574252
1882	2.66031296574252
1883	2.66031296574252
1884	2.66031296574252
1885	2.9452022140124474
1886	2.9452022140124474
1887	2.9452022140124474
1888	2.9452022140124474
1889	2.9452022140124474
1890	2.9452022140124474
1891	2.9452022140124474
1892	2.747609118655549
1893	2.747609118655549
1894	2.747609118655549
1895	2.747609118655549
1896	2.747609118655549
1897	2.747609118655549
1898	2.747609118655549
1899	2.838193536365527
1900	2.838193536365527
1901	2.838193536365527
1902	2.838193536365527
1903	2.838193536365527
1904	2.838193536365527
1905	2.838193536365527
1906	2.9368759968925655
1907	2.9368759968925655
1908	2.9368759968925655
1909	2.9368759968925655
1910	2.9368759968925655
1911	2.9368759968925655
1912	2.9368759968925655
1913	2.5497034309841453
1914	2.5497034309841453
1915	2.5497034309841453
1916	2.5497034309841453
1917	2.5497034309841453
1918	2.5497034309841453
1919	2.8554706991962457
1920	2.8554706991962457
1921	2.8554706991962457
1922	2.8554706991962457
1923	2.8554706991962457
1924	2.8554706991962457
1925	2.8554706991962457
1926	2.2672460596491995
1927	2.2672460596491995
1928	2.2672460596491995
1929	2.2672460596491995
1930	2.2672460596491995
1931	2.2672460596491995
1932	2.2672460596491995
1933	2.787930744834281
1934	2.446517578685881
1935	2.446517578685881
1936	2.7282682953803437
1937	2.7282682953803437
1938	2.7282682953803437
1939	2.7282682953803437
1940	2.7282682953803437
1941	2.7282682953803437
1942	2.7282682953803437
1943	3.0582292470517185
1944	3.0582292470517185
1945	3.0582292470517185
1946	3.0582292470517185
1947	3.0582292470517185
1948	3.0582292470517185
1949	3.0582292470517185
1950	2.8882877491659253
1951	2.8882877491659253
1952	2.8882877491659253
1953	2.1642455125721343
1954	2.1642455125721343
1955	2.1642455125721343
1956	2.1642455125721343
1957	2.1642455125721343
1958	2.1642455125721343
1959	2.1642455125721343
1960	2.3976815573160044
1961	2.3976815573160044
1962	2.3976815573160044
1963	2.3976815573160044
1964	2.3976815573160044
1965	2.3976815573160044
1966	2.3976815573160044
1967	1.79661842528396
1968	1.79661842528396
1969	1.79661842528396
1970	1.79661842528396
1971	2.2377592321785604
1972	2.2377592321785604
1973	2.2377592321785604
1974	2.2377592321785604
1975	2.2377592321785604
1976	2.2377592321785604
1977	2.2377592321785604
1978	2.4621822667643922
1979	2.4621822667643922
1980	2.4621822667643922
1981	2.4621822667643922
1982	2.4621822667643922
1983	2.4621822667643922
1984	2.4621822667643922
1985	1.9377138243596714
1986	1.9377138243596714
1987	1.9377138243596714
1988	1.9377138243596714
1989	1.9377138243596714
1990	1.9377138243596714
1991	1.9377138243596714
1992	2.1748579747169248
1993	2.1748579747169248
1994	2.1748579747169248
1995	2.1748579747169248
1996	2.1748579747169248
1997	2.1748579747169248
1998	2.1748579747169248
1999	1.951253945042073
2000	1.951253945042073
2001	1.951253945042073
2002	1.951253945042073
2003	1.951253945042073
2004	1.951253945042073
2005	1.951253945042073
2006	2.5520131852563015
2007	1.438774897837272
2008	1.438774897837272
2009	1.438774897837272
2010	1.438774897837272
2011	1.438774897837272
2012	1.438774897837272
2013	1.438774897837272
2014	1.2005889176788338
2015	1.2005889176788338
2016	1.2005889176788338
2017	1.2005889176788338
2018	1.2005889176788338
2019	1.2005889176788338
2020	1.2005889176788338
2021	1.0804150850524392
2022	1.0804150850524392
2023	1.0804150850524392
2024	1.0804150850524392
2025	1.0804150850524392
2026	1.0804150850524392
2027	1.0804150850524392
2028	1.1858187640622624
2029	1.1858187640622624
2030	1.1858187640622624
2031	1.1858187640622624
2032	1.1858187640622624
2033	1.1858187640622624
2034	1.1858187640622624
2035	1.251544913894888
2036	1.251544913894888
2037	1.251544913894888
2038	1.251544913894888
2039	1.251544913894888
2040	1.251544913894888
2041	1.251544913894888
2042	1.074920756042538
2043	1.074920756042538
2044	1.074920756042538
2045	1.074920756042538
2046	1.074920756042538
2047	1.074920756042538
2048	1.074920756042538
2049	1.2543305774320077
2050	1.2543305774320077
2051	1.2543305774320077
2052	1.8774353471612877
2053	1.8774353471612877
2054	1.8774353471612877
2055	1.8774353471612877
2056	1.8774353471612877
2057	1.8774353471612877
2058	1.8774353471612877
2059	1.822129822099304
2060	1.822129822099304
2061	1.822129822099304
2062	1.822129822099304
2063	1.822129822099304
2064	1.822129822099304
2065	1.822129822099304
2066	1.58231621864074
2067	1.58231621864074
2068	1.58231621864074
2069	1.58231621864074
2070	1.58231621864074
2071	1.58231621864074
2072	1.58231621864074
2073	1.44898887138452
2074	1.44898887138452
2075	1.44898887138452
2076	1.44898887138452
2077	1.44898887138452
2078	1.44898887138452
2079	2.229162626984539
2080	2.229162626984539
2081	2.229162626984539
2082	2.229162626984539
2083	2.229162626984539
2084	2.229162626984539
2085	2.229162626984539
2086	3.3593720613679534
2087	3.3593720613679534
2088	3.3593720613679534
2089	3.3593720613679534
2090	3.3593720613679534
2091	3.3593720613679534
2092	3.3593720613679534
2093	2.751669400447481
2094	2.751669400447481
2095	2.751669400447481
2096	2.751669400447481
2097	2.751669400447481
2098	2.751669400447481
2099	2.751669400447481
2100	2.5292681714489413
2101	2.5292681714489413
2102	2.5292681714489413
2103	2.5292681714489413
2104	2.5292681714489413
2105	2.5292681714489413
2106	2.5292681714489413
2107	2.8240425638259605
2108	2.8240425638259605
2109	2.8240425638259605
2110	2.8240425638259605
2111	2.8240425638259605
2112	2.8240425638259605
2113	2.8240425638259605
2114	2.6946131405540985
2115	2.6946131405540985
2116	2.4799801039640705
2117	2.4799801039640705
2118	2.4799801039640705
2119	2.4799801039640705
2120	2.4799801039640705
2121	2.4799801039640705
2122	2.4799801039640705
2123	2.8772089264840073
2124	2.8772089264840073
2125	2.8772089264840073
2126	2.4259571643963755
2127	2.348982950393651
2128	2.348982950393651
2129	2.348982950393651
2130	2.348982950393651
2131	2.348982950393651
2132	2.348982950393651
2133	2.348982950393651
2134	2.630041106834701
2135	2.630041106834701
2136	2.630041106834701
2137	2.630041106834701
2138	2.630041106834701
2139	2.630041106834701
2140	2.630041106834701
2141	2.1266709211100374
2142	2.1266709211100374
2143	2.1266709211100374
2144	2.4786988685358975
2145	2.4786988685358975
2146	2.4786988685358975
2147	2.4786988685358975
2148	2.4786988685358975
2149	2.4786988685358975
2150	2.4786988685358975
2151	2.6744582614120547
2152	2.6744582614120547
2153	2.6744582614120547
2154	2.555091731364131
2155	2.555091731364131
2156	2.555091731364131
2157	2.555091731364131
2158	2.555091731364131
2159	2.555091731364131
2160	2.555091731364131
2161	2.091804000212274
2162	2.091804000212274
2163	2.091804000212274
2164	2.091804000212274
2165	2.091804000212274
2166	2.091804000212274
2167	2.091804000212274
2168	2.588513692508841
2169	2.588513692508841
2170	2.588513692508841
2171	2.588513692508841
2172	2.588513692508841
2173	2.588513692508841
2174	2.588513692508841
2175	2.3423471437404775
2176	2.3423471437404775
2177	2.3423471437404775
2178	2.3423471437404775
2179	2.3423471437404775
2180	2.3423471437404775
2181	2.3423471437404775
2182	2.2713420343689648
2183	2.2713420343689648
2184	2.2713420343689648
2185	2.2713420343689648
2186	2.2713420343689648
2187	2.2713420343689648
2188	2.2713420343689648
2189	2.040341610195403
2190	2.040341610195403
2191	2.040341610195403
2192	2.040341610195403
2193	2.040341610195403
2194	2.040341610195403
2195	2.040341610195403
2196	2.537561279132583
2197	2.537561279132583
2198	2.537561279132583
2199	2.537561279132583
2200	2.537561279132583
2201	2.537561279132583
2202	2.537561279132583
2203	2.1326674753542343
2204	2.1326674753542343
2205	2.1326674753542343
2206	2.1326674753542343
2207	1.9751393473063612
2208	1.9751393473063612
2209	1.9751393473063612
2210	1.9751393473063612
2211	1.9751393473063612
2212	1.9751393473063612
2213	1.9751393473063612
2214	2.0991576080789716
2215	2.0991576080789716
2216	2.0991576080789716
2217	1.8095308158697048
2218	1.8095308158697048
2219	1.8095308158697048
2220	1.8095308158697048
2221	1.8095308158697048
2222	1.8095308158697048
2223	1.8095308158697048
2224	1.4941880800646001
2225	1.4941880800646001
2226	1.4941880800646001
2227	1.4941880800646001
2228	1.5238816568516615
2229	1.5238816568516615
2230	1.5238816568516615
2231	1.5238816568516615
2232	1.5238816568516615
2233	1.5238816568516615
2234	1.5238816568516615
2235	1.6476611764861426
2236	1.6476611764861426
2237	1.6476611764861426
2238	1.6476611764861426
2239	1.6476611764861426
2240	1.6476611764861426
2241	1.6476611764861426
2242	1.5629394211089873
2243	1.5629394211089873
2244	1.5629394211089873
2245	1.5629394211089873
2246	1.5629394211089873
2247	1.5629394211089873
2248	1.5629394211089873
2249	1.6892719954195703
2250	1.6892719954195703
2251	1.6892719954195703
2252	1.6892719954195703
2253	1.6892719954195703
2254	1.6892719954195703
2255	1.2785184628724402
2256	1.2785184628724402
2257	1.2785184628724402
2258	1.2785184628724402
2259	1.2785184628724402
2260	1.2785184628724402
2261	1.2785184628724402
2262	1.155246523975374
2263	1.155246523975374
2264	1.155246523975374
2265	1.155246523975374
2266	1.155246523975374
2267	1.155246523975374
2268	1.155246523975374
2269	1.4563121418819998
2270	1.4563121418819998
2271	1.4563121418819998
2272	1.4563121418819998
2273	1.4563121418819998
2274	1.4563121418819998
2275	1.4563121418819998
2276	1.2155872903960303
2277	1.2155872903960303
2278	1.2155872903960303
2279	1.2155872903960303
2280	1.2155872903960303
2281	1.2155872903960303
2282	1.2155872903960303
2283	1.55669731597823
2284	1.55669731597823
2285	1.55669731597823
2286	1.55669731597823
2287	1.55669731597823
2288	1.55669731597823
2289	1.55669731597823
2290	1.2556680202798454
2291	1.689033948132922
2292	1.689033948132922
2293	1.689033948132922
2294	1.689033948132922
2295	1.689033948132922
2296	1.689033948132922
2297	1.779841901529271
2298	1.779841901529271
2299	1.779841901529271
2300	1.779841901529271
2301	1.779841901529271
2302	1.779841901529271
2303	1.779841901529271
2304	1.9411257415193257
2305	1.9411257415193257
2306	1.9411257415193257
2307	1.9411257415193257
2308	1.9411257415193257
2309	1.9411257415193257
2310	1.9411257415193257
2311	2.3580983899668704
2312	2.3580983899668704
2313	2.3580983899668704
2314	2.3580983899668704
2315	2.3580983899668704
2316	2.3580983899668704
2317	2.3580983899668704
2318	2.1078311180890434
2319	2.1078311180890434
2320	2.1078311180890434
2321	2.1078311180890434
2322	2.1078311180890434
2323	2.1078311180890434
2324	2.1078311180890434
2325	1.6375144516585625
2326	1.6375144516585625
2327	1.6375144516585625
2328	1.6375144516585625
2329	1.6375144516585625
2330	1.6375144516585625
2331	1.6375144516585625
2332	2.001991337724425
2333	2.001991337724425
2334	2.001991337724425
2335	2.001991337724425
2336	2.001991337724425
2337	2.001991337724425
2338	2.001991337724425
2339	1.9678635695695237
2340	2.3087600533465547
2341	2.776931024075263
2342	2.776931024075263
2343	2.776931024075263
2344	2.776931024075263
2345	2.776931024075263
2346	2.776931024075263
2347	2.776931024075263
2348	2.2701778925308966
2349	2.2701778925308966
2350	2.2701778925308966
2351	2.2701778925308966
2352	2.2701778925308966
2353	2.2701778925308966
2354	2.2701778925308966
2355	2.8370260366349704
2356	2.8370260366349704
2357	2.8370260366349704
2358	2.8370260366349704
2359	2.8370260366349704
2360	2.8370260366349704
2361	2.8370260366349704
2362	2.5068219936824416
2363	2.5068219936824416
2364	2.5068219936824416
2365	2.5068219936824416
2366	2.5068219936824416
2367	2.5068219936824416
2368	2.5068219936824416
2369	3.1053612405553945
2370	3.1053612405553945
2371	3.1053612405553945
2372	3.1053612405553945
2373	3.1053612405553945
2374	3.1053612405553945
2375	3.1053612405553945
2376	2.4156154646031474
2377	2.4156154646031474
2378	2.4156154646031474
2379	2.4156154646031474
2380	2.4156154646031474
2381	2.4156154646031474
2382	2.4156154646031474
2383	2.7100016422716786
2384	2.7100016422716786
2385	2.7100016422716786
2386	2.7100016422716786
2387	2.7100016422716786
2388	2.7100016422716786
2389	2.7100016422716786
2390	2.9626683929619424
2391	2.9626683929619424
2392	2.9626683929619424
2393	2.9626683929619424
2394	2.9626683929619424
2395	2.9626683929619424
2396	2.9626683929619424
2397	2.303410984407238
2398	2.303410984407238
2399	2.303410984407238
2400	2.303410984407238
2401	2.303410984407238
2402	2.303410984407238
2403	2.303410984407238
2404	3.3956429540978155
2405	3.3956429540978155
2406	2.3894037503947234
2407	2.3894037503947234
2408	2.3894037503947234
2409	2.3894037503947234
2410	2.3894037503947234
2411	2.3894037503947234
2412	2.3894037503947234
2413	2.395694679388484
2414	2.395694679388484
2415	2.395694679388484
2416	2.395694679388484
2417	2.395694679388484
2418	2.395694679388484
2419	2.395694679388484
2420	2.64780569798619
2421	2.64780569798619
2422	2.64780569798619
2423	2.64780569798619
2424	2.64780569798619
2425	2.64780569798619
2426	2.64780569798619
2427	2.228222690208126
2428	2.228222690208126
2429	2.228222690208126
2430	2.228222690208126
2431	2.228222690208126
2432	2.228222690208126
2433	2.228222690208126
2434	3.00783593622572
2435	2.288831605829562
2436	2.288831605829562
2437	2.288831605829562
2438	2.288831605829562
2439	2.288831605829562
2440	2.288831605829562
2441	2.288831605829562
2442	2.0511630110596144
2443	2.0511630110596144
2444	2.0511630110596144
2445	2.0511630110596144
2446	2.0511630110596144
2447	2.0511630110596144
2448	2.0511630110596144
2449	2.622004394612229
2450	2.622004394612229
2451	2.622004394612229
2452	2.622004394612229
2453	2.622004394612229
2454	2.622004394612229
2455	2.622004394612229
2456	2.545080642606201
2457	2.545080642606201
2458	2.545080642606201
2459	2.545080642606201
2460	2.545080642606201
2461	2.545080642606201
2462	2.545080642606201
2463	2.068780440452581
2464	2.068780440452581
2465	2.068780440452581
2466	2.068780440452581
2467	2.068780440452581
2468	2.068780440452581
2469	2.068780440452581
2470	2.179368231007525
2471	2.179368231007525
2472	2.179368231007525
2473	2.179368231007525
2474	2.179368231007525
2475	2.179368231007525
2476	2.179368231007525
2477	2.730707404896413
2478	2.730707404896413
2479	2.730707404896413
2480	2.730707404896413
2481	2.730707404896413
2482	2.730707404896413
2483	2.730707404896413
2484	2.3882675158747557
2485	2.3882675158747557
2486	2.3882675158747557
2487	2.3882675158747557
2488	2.3882675158747557
2489	2.3882675158747557
2490	2.3882675158747557
2491	2.5183341166077997
2492	2.5183341166077997
2493	2.5183341166077997
2494	2.5183341166077997
2495	2.5183341166077997
2496	2.5183341166077997
2497	2.5183341166077997
2498	2.325063077615168
2499	2.325063077615168
2500	2.325063077615168
2501	2.325063077615168
2502	2.325063077615168
2503	2.325063077615168
2504	2.325063077615168
2505	2.3665050944764627
2506	2.3665050944764627
2507	2.3665050944764627
2508	2.3665050944764627
2509	2.3665050944764627
2510	2.3665050944764627
2511	2.3665050944764627
2512	2.812629863440385
2513	2.812629863440385
2514	2.812629863440385
2515	2.812629863440385
2516	2.812629863440385
2517	2.812629863440385
2518	2.812629863440385
2519	2.8158181120244583
2520	2.8158181120244583
2521	2.8728054688143057
2522	2.8728054688143057
2523	2.8728054688143057
2524	2.8728054688143057
2525	2.8728054688143057
2526	2.8728054688143057
2527	2.8728054688143057
2528	2.5851915971115655
2529	2.5851915971115655
2530	2.5851915971115655
2531	2.5851915971115655
2532	2.5851915971115655
2533	2.5851915971115655
2534	2.5851915971115655
2535	3.1297859576650295
2536	3.1297859576650295
2537	3.1297859576650295
2538	3.1297859576650295
2539	3.1297859576650295
2540	3.1297859576650295
2541	3.1297859576650295
2542	2.694262787602117
2543	2.694262787602117
2544	2.694262787602117
2545	2.694262787602117
2546	2.694262787602117
2547	2.694262787602117
2548	2.694262787602117
2549	3.0180279167457
2550	3.0180279167457
2551	3.0180279167457
2552	3.0180279167457
2553	3.0180279167457
2554	3.0180279167457
2555	3.0180279167457
2556	2.98199804834788
2557	2.98199804834788
2558	2.98199804834788
2559	2.98199804834788
2560	2.98199804834788
2561	2.98199804834788
2562	2.98199804834788
2563	2.4238050403420313
2564	2.4238050403420313
2565	2.4238050403420313
2566	2.4238050403420313
2567	2.4238050403420313
2568	2.4238050403420313
2569	2.4238050403420313
2570	2.8401388751578076
2571	2.8401388751578076
2572	2.8401388751578076
2573	2.8401388751578076
2574	2.8401388751578076
2575	2.8401388751578076
2576	2.8401388751578076
2577	2.7111792664760412
2578	2.7111792664760412
2579	2.7111792664760412
2580	2.7111792664760412
2581	2.7111792664760412
2582	2.7111792664760412
2583	2.7111792664760412
2584	2.677949516749005
2585	2.677949516749005
2586	2.677949516749005
2587	2.677949516749005
2588	2.677949516749005
2589	2.677949516749005
2590	2.677949516749005
2591	2.710399026111101
2592	2.710399026111101
2593	2.710399026111101
2594	2.710399026111101
2595	2.710399026111101
2596	2.710399026111101
2597	2.710399026111101
2598	2.4219576985004956
2599	2.4219576985004956
2600	2.4219576985004956
2601	2.4219576985004956
2602	2.4219576985004956
2603	2.4219576985004956
2604	2.4219576985004956
2605	2.2726053315314423
2606	2.2726053315314423
2607	2.2726053315314423
2608	2.2726053315314423
2609	2.2726053315314423
2610	2.2726053315314423
2611	2.2726053315314423
2612	2.750051812909579
2613	2.750051812909579
2614	2.750051812909579
2615	2.9393632737279534
2616	2.9393632737279534
2617	2.9393632737279534
2618	2.9393632737279534
2619	2.9393632737279534
2620	2.9393632737279534
2621	2.9393632737279534
2622	2.520231614791616
2623	2.520231614791616
2624	2.520231614791616
2625	2.520231614791616
2626	2.520231614791616
2627	2.520231614791616
2628	2.520231614791616
2629	3.2029331837723483
2630	3.2029331837723483
2631	3.2029331837723483
2632	3.2029331837723483
2633	3.2029331837723483
2634	3.2029331837723483
2635	3.2029331837723483
2636	2.607781251267041
2637	2.2906981751491715
2638	2.2906981751491715
2639	2.2906981751491715
2640	2.2906981751491715
2641	2.2906981751491715
2642	2.2906981751491715
2643	2.2906981751491715
2644	2.681838730065845
2645	2.681838730065845
2646	2.681838730065845
2647	2.681838730065845
2648	2.681838730065845
2649	2.681838730065845
2650	2.393428466387726
2651	2.393428466387726
2652	2.393428466387726
2653	2.393428466387726
2654	2.393428466387726
2655	2.393428466387726
2656	2.393428466387726
2657	2.0374040092194394
2658	1.9908293338733851
2659	1.9908293338733851
2660	1.9908293338733851
2661	1.9908293338733851
2662	1.9908293338733851
2663	1.9908293338733851
2664	1.9908293338733851
2665	2.0721064668337443
2666	2.0721064668337443
2667	2.0721064668337443
2668	2.0721064668337443
2669	2.0721064668337443
2670	2.4531247507428335
2671	2.4531247507428335
2672	2.4531247507428335
2673	2.4531247507428335
2674	2.4531247507428335
2675	2.4531247507428335
2676	2.4531247507428335
2677	2.6331825478945574
2678	2.6331825478945574
2679	2.6331825478945574
2680	2.6331825478945574
2681	2.6331825478945574
2682	2.6331825478945574
2683	2.6331825478945574
2684	2.758413598417929
2685	2.758413598417929
2686	2.758413598417929
2687	2.758413598417929
2688	2.758413598417929
2689	2.758413598417929
2690	2.758413598417929
2691	2.419585210441532
2692	2.419585210441532
2693	2.419585210441532
2694	2.419585210441532
2695	2.419585210441532
2696	2.419585210441532
2697	2.419585210441532
2698	2.411551928645853
2699	2.411551928645853
2700	2.411551928645853
2701	2.411551928645853
2702	2.411551928645853
2703	2.411551928645853
2704	2.411551928645853
2705	2.4470889334659023
2706	2.4470889334659023
2707	2.4470889334659023
2708	2.4470889334659023
2709	2.4470889334659023
2710	2.2518956760125604
2711	2.2518956760125604
2712	2.2518956760125604
2713	2.2518956760125604
2714	2.2518956760125604
2715	2.2518956760125604
2716	2.2518956760125604
2717	2.1521806926138245
2718	2.1521806926138245
2719	2.1521806926138245
2720	2.1521806926138245
2721	2.1521806926138245
2722	2.1521806926138245
2723	2.1521806926138245
2724	1.6776331566569838
2725	1.6776331566569838
2726	1.6776331566569838
2727	1.6776331566569838
2728	1.6776331566569838
2729	1.6776331566569838
2730	1.6776331566569838
2731	2.1987468547694906
2732	2.1987468547694906
2733	2.1987468547694906
2734	2.1987468547694906
2735	2.1987468547694906
2736	2.1987468547694906
2737	2.1987468547694906
2738	2.1827781149326055
2739	2.1827781149326055
2740	2.1827781149326055
2741	2.1827781149326055
2742	2.1827781149326055
2743	2.1827781149326055
2744	2.1827781149326055
2745	1.9914278548572384
2746	1.9914278548572384
2747	1.9914278548572384
2748	1.9914278548572384
2749	1.9914278548572384
2750	1.9914278548572384
2751	1.9914278548572384
2752	1.7160251648285447
2753	1.7160251648285447
2754	1.8984571646902095
2755	1.8984571646902095
2756	1.8984571646902095
2757	1.5097399161907266
2758	1.5097399161907266
2759	1.5097399161907266
2760	1.5097399161907266
2761	1.5097399161907266
2762	1.5097399161907266
2763	1.5097399161907266
2764	1.7130604511000918
2765	1.7130604511000918
2766	1.7130604511000918
2767	1.7130604511000918
2768	1.7130604511000918
2769	1.7130604511000918
2770	1.7130604511000918
2771	1.5209585280014037
2772	1.5209585280014037
2773	1.5209585280014037
2774	1.5209585280014037
2775	1.5209585280014037
2776	1.5209585280014037
2777	1.5209585280014037
2778	1.675200080408476
2779	1.675200080408476
2780	1.675200080408476
2781	1.675200080408476
2782	1.675200080408476
2783	1.675200080408476
2784	1.675200080408476
2785	1.7647942681399043
2786	1.7647942681399043
2787	1.7647942681399043
2788	1.7647942681399043
2789	1.7647942681399043
2790	1.7647942681399043
2791	1.7647942681399043
2792	2.1452403765162145
2793	2.1452403765162145
2794	2.1452403765162145
2795	2.1452403765162145
2796	2.1452403765162145
2797	2.1452403765162145
2798	2.1452403765162145
2799	2.2804490195162552
2800	2.2804490195162552
2801	2.2804490195162552
2802	2.2804490195162552
2803	2.2804490195162552
2804	2.2804490195162552
2805	2.2804490195162552
2806	2.071991342288669
2807	2.071991342288669
2808	2.071991342288669
2809	2.071991342288669
2810	1.5011658700082122
2811	1.5011658700082122
2812	1.5011658700082122
2813	1.5011658700082122
2814	1.5011658700082122
2815	1.5011658700082122
2816	1.5011658700082122
2817	1.6339469971091412
2818	1.6339469971091412
2819	1.6339469971091412
2820	1.6339469971091412
2821	1.6339469971091412
2822	1.6339469971091412
2823	1.6339469971091412
2824	1.5927243789039511
2825	1.5927243789039511
2826	1.5927243789039511
2827	1.5927243789039511
2828	1.5927243789039511
2829	1.5927243789039511
2830	1.5927243789039511
2831	1.931670749291454
2832	1.904163908363932
2833	1.904163908363932
2834	1.904163908363932
2835	1.904163908363932
2836	2.353710414992749
2837	2.353710414992749
2838	2.353710414992749
2839	2.353710414992749
2840	2.353710414992749
2841	2.353710414992749
2842	2.353710414992749
2843	1.603474920585899
2844	1.603474920585899
2845	1.603474920585899
2846	1.603474920585899
2847	1.603474920585899
2848	1.603474920585899
