0	20.500378552270526
1	20.500378552270526
2	20.500378552270526
3	20.500378552270526
4	20.500378552270526
5	20.500378552270526
6	20.500378552270526
7	9.693073284255803
8	9.693073284255803
9	9.693073284255803
10	9.693073284255803
11	9.693073284255803
12	9.693073284255803
13	9.693073284255803
14	18.664582838314256
15	18.664582838314256
16	18.664582838314256
17	18.664582838314256
18	18.664582838314256
19	18.664582838314256
20	18.664582838314256
21	21.35151771176715
22	21.35151771176715
23	21.35151771176715
24	21.35151771176715
25	21.35151771176715
26	21.35151771176715
27	21.35151771176715
28	10.610496242285976
29	10.610496242285976
30	10.610496242285976
31	10.610496242285976
32	10.610496242285976
33	10.610496242285976
34	10.610496242285976
35	8.561592742289852
36	8.561592742289852
37	8.561592742289852
38	8.561592742289852
39	8.561592742289852
40	8.561592742289852
41	8.561592742289852
42	28.92160058174639
43	28.92160058174639
44	28.92160058174639
45	28.92160058174639
46	28.92160058174639
47	28.92160058174639
48	28.92160058174639
49	21.776108229412475
50	21.776108229412475
51	21.776108229412475
52	21.776108229412475
53	21.776108229412475
54	21.776108229412475
55	21.776108229412475
56	22.808968661249104
57	22.808968661249104
58	22.808968661249104
59	22.808968661249104
60	22.808968661249104
61	22.808968661249104
62	22.808968661249104
63	18.461682864590472
64	13.478469603511995
65	13.478469603511995
66	13.478469603511995
67	13.478469603511995
68	13.478469603511995
69	13.478469603511995
70	13.478469603511995
71	22.5151541835951
72	22.5151541835951
73	22.5151541835951
74	22.5151541835951
75	22.5151541835951
76	22.5151541835951
77	22.5151541835951
78	1.6686019662451095
79	1.6686019662451095
80	1.6686019662451095
81	1.6686019662451095
82	1.6686019662451095
83	1.6686019662451095
84	1.6686019662451095
85	17.73101394898299
86	17.73101394898299
87	17.73101394898299
88	17.73101394898299
89	17.73101394898299
90	17.73101394898299
91	17.73101394898299
92	33.906306111327865
93	33.906306111327865
94	33.906306111327865
95	33.906306111327865
96	33.906306111327865
97	33.906306111327865
98	33.906306111327865
99	28.654109732615616
100	28.654109732615616
101	28.654109732615616
102	28.654109732615616
103	28.654109732615616
104	28.654109732615616
105	28.654109732615616
106	13.773283151163975
107	13.773283151163975
108	13.773283151163975
109	13.773283151163975
110	13.773283151163975
111	13.773283151163975
112	13.773283151163975
113	28.494818853529736
114	28.494818853529736
115	28.494818853529736
116	28.494818853529736
117	28.494818853529736
118	28.494818853529736
119	28.494818853529736
120	17.488502121376094
121	17.488502121376094
122	17.488502121376094
123	17.488502121376094
124	17.488502121376094
125	17.488502121376094
126	17.488502121376094
127	16.309150792576375
128	16.309150792576375
129	16.309150792576375
130	16.309150792576375
131	16.309150792576375
132	16.309150792576375
133	16.309150792576375
134	15.336342273385377
135	15.336342273385377
136	15.336342273385377
137	15.336342273385377
138	15.336342273385377
139	15.336342273385377
140	15.336342273385377
141	24.33682131431145
142	24.33682131431145
143	24.33682131431145
144	24.33682131431145
145	24.33682131431145
146	24.33682131431145
147	24.33682131431145
148	14.445703734900746
149	14.445703734900746
150	14.445703734900746
151	14.445703734900746
152	14.445703734900746
153	14.445703734900746
154	14.445703734900746
155	9.109560606022743
156	9.109560606022743
157	9.109560606022743
158	9.109560606022743
159	13.97830943509148
160	13.97830943509148
161	11.555081967100932
162	11.555081967100932
163	11.555081967100932
164	11.555081967100932
165	11.555081967100932
166	11.555081967100932
167	11.555081967100932
168	17.4370101640762
169	17.4370101640762
170	17.4370101640762
171	17.4370101640762
172	17.4370101640762
173	17.4370101640762
174	17.4370101640762
175	12.56789544104301
176	12.56789544104301
177	4.054513497641992
178	4.054513497641992
179	4.054513497641992
180	4.054513497641992
181	4.054513497641992
182	4.054513497641992
183	4.054513497641992
184	23.50495634641672
185	23.50495634641672
186	23.50495634641672
187	23.50495634641672
188	23.50495634641672
189	23.50495634641672
190	23.50495634641672
191	22.269718932816954
192	22.269718932816954
193	22.269718932816954
194	22.269718932816954
195	22.269718932816954
196	22.269718932816954
197	22.269718932816954
198	28.82795421655771
199	28.82795421655771
200	28.82795421655771
201	28.82795421655771
202	28.82795421655771
203	28.82795421655771
204	28.82795421655771
205	23.377285014467127
206	23.377285014467127
207	23.377285014467127
208	23.377285014467127
209	23.377285014467127
210	23.377285014467127
211	23.377285014467127
212	15.225444396870518
213	15.225444396870518
214	15.225444396870518
215	15.225444396870518
216	15.225444396870518
217	15.225444396870518
218	15.225444396870518
219	16.360251196769767
220	8.443714324548518
221	8.443714324548518
222	8.443714324548518
223	8.443714324548518
224	8.443714324548518
225	8.443714324548518
226	8.443714324548518
227	2.428625450696625
228	2.428625450696625
229	2.428625450696625
230	2.428625450696625
231	2.428625450696625
232	2.428625450696625
233	2.428625450696625
234	13.212285562470797
235	13.212285562470797
236	13.212285562470797
237	13.212285562470797
238	13.212285562470797
239	13.212285562470797
240	13.212285562470797
241	20.769827291581542
242	20.769827291581542
243	20.769827291581542
244	20.769827291581542
245	20.769827291581542
246	20.769827291581542
247	20.751330791816716
248	20.751330791816716
249	20.751330791816716
250	20.751330791816716
251	21.365156997451578
252	21.365156997451578
253	21.365156997451578
254	21.365156997451578
255	21.365156997451578
256	21.365156997451578
257	21.365156997451578
258	27.841595714472422
259	27.841595714472422
260	27.841595714472422
261	27.841595714472422
262	27.841595714472422
263	27.841595714472422
264	27.841595714472422
265	14.182584575066972
266	14.182584575066972
267	14.182584575066972
268	14.182584575066972
269	14.182584575066972
270	14.182584575066972
271	14.182584575066972
272	8.813673272849842
273	8.813673272849842
274	8.813673272849842
275	8.813673272849842
276	8.813673272849842
277	8.813673272849842
278	8.813673272849842
279	23.094650895229435
280	23.094650895229435
281	23.094650895229435
282	23.094650895229435
283	23.094650895229435
284	23.094650895229435
285	23.065293808745167
286	8.416810477341274
287	8.416810477341274
288	8.416810477341274
289	8.416810477341274
290	8.416810477341274
291	8.416810477341274
292	8.416810477341274
293	9.013794177810682
294	9.013794177810682
295	9.013794177810682
296	9.013794177810682
297	9.013794177810682
298	9.013794177810682
299	9.013794177810682
300	18.504686988236244
301	18.504686988236244
302	18.504686988236244
303	18.504686988236244
304	18.504686988236244
305	18.504686988236244
306	18.504686988236244
307	12.201153946104899
308	12.201153946104899
309	12.201153946104899
310	12.201153946104899
311	12.201153946104899
312	12.201153946104899
313	10.739551372078889
314	10.739551372078889
315	10.739551372078889
316	10.739551372078889
317	10.739551372078889
318	10.739551372078889
319	10.739551372078889
320	28.132169555212418
321	28.132169555212418
322	28.132169555212418
323	28.132169555212418
324	28.132169555212418
325	28.132169555212418
326	28.132169555212418
327	18.590348527464904
328	18.590348527464904
329	18.590348527464904
330	18.590348527464904
331	18.590348527464904
332	18.590348527464904
333	18.590348527464904
334	16.347052183938473
335	16.347052183938473
336	16.347052183938473
337	16.347052183938473
338	16.347052183938473
339	16.347052183938473
340	16.347052183938473
341	16.91962155864696
342	16.91962155864696
343	16.91962155864696
344	16.91962155864696
345	16.91962155864696
346	16.91962155864696
347	16.91962155864696
348	0.1
349	0.1
350	0.1
351	0.1
352	0.1
353	0.1
354	0.1
355	9.863918903335843
356	9.863918903335843
357	9.863918903335843
358	9.863918903335843
359	9.863918903335843
360	9.863918903335843
361	9.863918903335843
362	18.433147662355758
363	18.433147662355758
364	18.433147662355758
365	18.433147662355758
366	18.433147662355758
367	18.433147662355758
368	18.433147662355758
369	17.264350158622037
370	17.264350158622037
371	17.264350158622037
372	17.264350158622037
373	17.264350158622037
374	17.264350158622037
375	17.264350158622037
376	8.460544345861592
377	8.460544345861592
378	8.460544345861592
379	32.01503458352981
380	32.01503458352981
381	32.01503458352981
382	32.01503458352981
383	32.01503458352981
384	32.01503458352981
385	32.01503458352981
386	9.731952791496692
387	9.731952791496692
388	9.731952791496692
389	9.731952791496692
390	9.731952791496692
391	9.731952791496692
392	9.731952791496692
393	16.89339455822725
394	16.89339455822725
395	16.89339455822725
396	16.89339455822725
397	16.89339455822725
398	16.89339455822725
399	16.89339455822725
400	16.784933581905452
401	16.784933581905452
402	16.784933581905452
403	16.784933581905452
404	16.784933581905452
405	16.784933581905452
406	16.784933581905452
407	30.704402923148702
408	30.704402923148702
409	30.704402923148702
410	30.704402923148702
411	30.704402923148702
412	30.704402923148702
413	30.704402923148702
414	28.488986959983983
415	28.488986959983983
416	28.488986959983983
417	28.488986959983983
418	28.488986959983983
419	28.488986959983983
420	28.488986959983983
421	20.402917541639084
422	20.402917541639084
423	20.402917541639084
424	20.402917541639084
425	20.402917541639084
426	20.402917541639084
427	20.402917541639084
428	2.4622471420885503
429	2.4622471420885503
430	2.4622471420885503
431	2.4622471420885503
432	2.4622471420885503
433	2.4622471420885503
434	2.4622471420885503
435	20.53175001388512
436	20.53175001388512
437	20.53175001388512
438	20.53175001388512
439	20.53175001388512
440	20.53175001388512
441	20.53175001388512
442	8.067011520708885
443	8.067011520708885
444	8.067011520708885
445	8.067011520708885
446	8.067011520708885
447	8.067011520708885
448	8.067011520708885
449	8.089895733321605
450	8.089895733321605
451	8.089895733321605
452	8.089895733321605
453	8.089895733321605
454	8.089895733321605
455	8.089895733321605
456	32.426868397546734
457	32.426868397546734
458	32.426868397546734
459	32.426868397546734
460	32.426868397546734
461	32.426868397546734
462	32.426868397546734
463	21.828831791180626
464	21.828831791180626
465	21.828831791180626
466	21.828831791180626
467	21.828831791180626
468	21.828831791180626
469	21.828831791180626
470	8.60555545037218
471	8.60555545037218
472	8.60555545037218
473	8.60555545037218
474	8.60555545037218
475	8.60555545037218
476	8.60555545037218
477	21.610354746760134
478	21.610354746760134
479	21.610354746760134
480	21.610354746760134
481	21.610354746760134
482	21.610354746760134
483	21.610354746760134
484	21.797413011430248
485	21.797413011430248
486	21.797413011430248
487	21.797413011430248
488	21.797413011430248
489	21.797413011430248
490	21.797413011430248
491	19.45759920581143
492	19.45759920581143
493	19.45759920581143
494	19.45759920581143
495	19.45759920581143
496	19.45759920581143
497	19.45759920581143
498	19.137806322055543
499	19.137806322055543
500	19.137806322055543
501	19.137806322055543
502	14.276865897744464
503	14.276865897744464
504	14.276865897744464
505	14.276865897744464
506	14.276865897744464
507	14.276865897744464
508	14.276865897744464
509	3.194578946019101
510	3.194578946019101
511	3.194578946019101
512	3.194578946019101
513	3.194578946019101
514	3.194578946019101
515	3.194578946019101
516	34.05066558316376
517	34.05066558316376
518	34.05066558316376
519	34.05066558316376
520	34.05066558316376
521	34.05066558316376
522	34.05066558316376
523	8.80404025716879
524	8.80404025716879
525	8.80404025716879
526	8.80404025716879
527	8.80404025716879
528	8.80404025716879
529	8.80404025716879
530	18.488991378410606
531	18.488991378410606
532	18.488991378410606
533	18.488991378410606
534	18.488991378410606
535	18.488991378410606
536	18.488991378410606
537	3.975610467418491
538	21.00107923971013
539	21.00107923971013
540	21.00107923971013
541	21.00107923971013
542	21.00107923971013
543	21.00107923971013
544	21.00107923971013
545	19.365065259264856
546	19.365065259264856
547	19.365065259264856
548	19.365065259264856
549	19.365065259264856
550	19.365065259264856
551	21.058004252096776
552	21.058004252096776
553	21.058004252096776
554	21.058004252096776
555	21.058004252096776
556	21.058004252096776
557	21.058004252096776
558	7.668755886060978
559	7.668755886060978
560	7.668755886060978
561	7.668755886060978
562	7.668755886060978
563	7.668755886060978
564	7.668755886060978
565	2.103635567331434
566	2.103635567331434
567	2.103635567331434
568	2.103635567331434
569	2.103635567331434
570	2.103635567331434
571	2.103635567331434
572	20.279773035285704
573	20.279773035285704
574	20.279773035285704
575	20.279773035285704
576	20.279773035285704
577	20.279773035285704
578	20.279773035285704
579	31.512069276586807
580	31.512069276586807
581	31.512069276586807
582	31.512069276586807
583	31.512069276586807
584	31.512069276586807
585	31.512069276586807
586	15.044937217000408
587	15.044937217000408
588	15.044937217000408
589	15.044937217000408
590	15.044937217000408
591	15.044937217000408
592	15.044937217000408
593	18.93027381346912
594	18.93027381346912
595	18.93027381346912
596	18.93027381346912
597	18.93027381346912
598	18.93027381346912
599	18.93027381346912
600	17.454873405786465
601	17.454873405786465
602	17.454873405786465
603	17.454873405786465
604	17.454873405786465
605	17.454873405786465
606	17.454873405786465
607	12.479076594261056
608	12.479076594261056
609	12.479076594261056
610	12.479076594261056
611	12.479076594261056
612	12.479076594261056
613	12.479076594261056
614	26.469322426558733
615	26.469322426558733
616	26.469322426558733
617	26.469322426558733
618	26.469322426558733
619	26.469322426558733
620	26.469322426558733
621	17.293387019819733
622	17.293387019819733
623	17.293387019819733
624	17.293387019819733
625	17.293387019819733
626	17.293387019819733
627	17.293387019819733
628	7.005217406318634
629	7.005217406318634
630	13.899527650523765
631	13.899527650523765
632	13.899527650523765
633	13.899527650523765
634	13.899527650523765
635	13.899527650523765
636	13.899527650523765
637	29.105585795441556
638	29.105585795441556
639	29.105585795441556
640	29.105585795441556
641	29.105585795441556
642	29.105585795441556
643	29.105585795441556
644	1.9797845672850691
645	1.9797845672850691
646	1.9797845672850691
647	1.9797845672850691
648	1.9797845672850691
649	1.9797845672850691
650	1.9797845672850691
651	30.21979108280134
652	30.21979108280134
653	30.21979108280134
654	30.21979108280134
655	30.21979108280134
656	30.21979108280134
657	30.21979108280134
658	23.6923926874438
659	23.6923926874438
660	23.6923926874438
661	23.6923926874438
662	23.6923926874438
663	23.6923926874438
664	22.575534305106757
665	22.575534305106757
666	13.004718087615725
667	13.004718087615725
668	13.004718087615725
669	13.004718087615725
670	13.004718087615725
671	13.004718087615725
672	13.004718087615725
673	18.45485529884644
674	18.45485529884644
675	18.45485529884644
676	18.45485529884644
677	18.45485529884644
678	18.45485529884644
679	18.45485529884644
680	0.1
681	0.1
682	0.1
683	0.1
684	0.1
685	0.1
686	18.400720875279518
687	18.400720875279518
688	18.400720875279518
689	18.400720875279518
690	18.400720875279518
691	18.400720875279518
692	18.400720875279518
693	13.67697790825097
694	13.67697790825097
695	13.67697790825097
696	13.67697790825097
697	13.67697790825097
698	13.67697790825097
699	13.67697790825097
700	18.603757640781026
701	18.603757640781026
702	18.603757640781026
703	18.603757640781026
704	18.603757640781026
705	18.603757640781026
706	18.603757640781026
707	16.065899763868554
708	16.065899763868554
709	16.065899763868554
710	16.065899763868554
711	16.065899763868554
712	16.065899763868554
713	16.065899763868554
714	28.99460779265937
715	28.99460779265937
716	28.99460779265937
717	28.99460779265937
718	28.99460779265937
719	28.99460779265937
720	28.99460779265937
721	14.697331096796916
722	14.697331096796916
723	14.697331096796916
724	14.697331096796916
725	14.697331096796916
726	14.697331096796916
727	14.697331096796916
728	19.647341235098956
729	19.647341235098956
730	19.647341235098956
731	19.647341235098956
732	19.647341235098956
733	19.647341235098956
734	19.647341235098956
735	21.20904733695337
736	21.20904733695337
737	21.20904733695337
738	21.20904733695337
739	21.20904733695337
740	21.20904733695337
741	21.20904733695337
742	7.985167084415918
743	7.985167084415918
744	7.985167084415918
745	7.985167084415918
746	7.985167084415918
747	7.985167084415918
748	7.985167084415918
749	37.08102022784428
750	37.08102022784428
751	37.08102022784428
752	37.08102022784428
753	37.08102022784428
754	37.08102022784428
755	37.08102022784428
756	5.30848690717929
757	5.30848690717929
758	5.30848690717929
759	5.30848690717929
760	5.30848690717929
761	5.30848690717929
762	5.30848690717929
763	28.659482409001214
764	28.659482409001214
765	28.659482409001214
766	28.659482409001214
767	28.659482409001214
768	28.659482409001214
769	28.659482409001214
770	24.718468216585514
771	24.718468216585514
772	24.718468216585514
773	24.718468216585514
774	24.718468216585514
775	24.718468216585514
776	24.718468216585514
777	10.597946914728983
778	10.597946914728983
779	10.597946914728983
780	10.597946914728983
781	10.597946914728983
782	10.597946914728983
783	10.597946914728983
784	15.74751512338708
785	15.74751512338708
786	15.74751512338708
787	15.74751512338708
788	15.74751512338708
789	15.74751512338708
790	15.74751512338708
791	2.029750027442372
792	2.029750027442372
793	2.029750027442372
794	2.029750027442372
795	2.029750027442372
796	6.295184935642746
797	6.295184935642746
798	6.295184935642746
799	6.295184935642746
800	6.295184935642746
801	6.295184935642746
802	6.295184935642746
803	20.850729724051448
804	20.850729724051448
805	20.850729724051448
806	20.850729724051448
807	20.850729724051448
808	20.850729724051448
809	20.850729724051448
810	0.1
811	0.1
812	0.1
813	0.1
814	0.1
815	0.1
816	0.1
817	11.376921669472065
818	11.376921669472065
819	11.376921669472065
820	11.376921669472065
821	11.376921669472065
822	11.376921669472065
823	11.376921669472065
824	20.40860596634929
825	20.40860596634929
826	20.40860596634929
827	20.40860596634929
828	20.40860596634929
829	20.40860596634929
830	20.40860596634929
831	34.628429299245525
832	34.628429299245525
833	34.628429299245525
834	34.628429299245525
835	34.628429299245525
836	34.628429299245525
837	34.628429299245525
838	13.293476257368841
839	13.293476257368841
840	13.293476257368841
841	13.293476257368841
842	13.293476257368841
843	13.293476257368841
844	13.293476257368841
845	13.135938060239647
846	13.135938060239647
847	13.135938060239647
848	13.135938060239647
849	13.135938060239647
850	13.135938060239647
851	13.135938060239647
852	25.76438132833064
853	25.76438132833064
854	25.76438132833064
855	25.76438132833064
856	25.76438132833064
857	25.76438132833064
858	25.76438132833064
859	10.894950987086016
860	10.894950987086016
861	10.894950987086016
862	10.894950987086016
863	10.894950987086016
864	10.894950987086016
865	10.894950987086016
866	23.41887887592422
867	23.41887887592422
868	23.41887887592422
869	23.41887887592422
870	23.41887887592422
871	23.41887887592422
872	23.41887887592422
873	20.094750372445457
874	20.094750372445457
875	21.85338339768839
876	21.85338339768839
877	21.85338339768839
878	21.85338339768839
879	21.85338339768839
880	21.85338339768839
881	21.85338339768839
882	15.848286991900519
883	19.314544971001293
884	19.314544971001293
885	19.314544971001293
886	19.314544971001293
887	19.314544971001293
888	19.314544971001293
889	19.314544971001293
890	14.632093827879157
891	14.632093827879157
892	14.632093827879157
893	14.632093827879157
894	14.632093827879157
895	14.632093827879157
896	14.632093827879157
897	22.431159462725777
898	22.431159462725777
899	22.431159462725777
900	22.431159462725777
901	22.431159462725777
902	22.431159462725777
903	22.431159462725777
904	17.514908645515526
905	17.514908645515526
906	17.514908645515526
907	17.514908645515526
908	17.514908645515526
909	17.514908645515526
910	17.514908645515526
911	12.485147655919402
912	12.485147655919402
913	12.485147655919402
914	12.485147655919402
915	12.485147655919402
916	12.485147655919402
917	12.485147655919402
918	8.724688038736883
919	8.724688038736883
920	8.724688038736883
921	8.724688038736883
922	22.488419881976057
923	22.488419881976057
924	22.488419881976057
925	22.488419881976057
926	22.488419881976057
927	22.488419881976057
928	22.488419881976057
929	14.051336869520359
930	14.051336869520359
931	14.051336869520359
932	14.051336869520359
933	14.051336869520359
934	14.051336869520359
935	14.051336869520359
936	22.52879090506544
937	22.52879090506544
938	22.52879090506544
939	22.52879090506544
940	22.52879090506544
941	22.52879090506544
942	22.52879090506544
943	2.0634835737216015
944	2.0634835737216015
945	2.0634835737216015
946	2.0634835737216015
947	2.0634835737216015
948	2.0634835737216015
949	2.0634835737216015
950	1.9445153331744471
951	1.9445153331744471
952	1.9445153331744471
953	1.9445153331744471
954	1.9445153331744471
955	1.9445153331744471
956	1.9445153331744471
957	8.285343223116328
958	8.285343223116328
959	8.285343223116328
960	8.285343223116328
961	8.285343223116328
962	8.285343223116328
963	8.285343223116328
964	27.5592440165222
965	27.5592440165222
966	27.5592440165222
967	27.5592440165222
968	27.5592440165222
969	27.5592440165222
970	27.5592440165222
971	25.721228526086207
972	25.721228526086207
973	25.721228526086207
974	25.721228526086207
975	25.721228526086207
976	25.721228526086207
977	25.721228526086207
978	22.65740039141636
979	22.65740039141636
980	22.65740039141636
981	22.65740039141636
982	22.65740039141636
983	22.65740039141636
984	22.65740039141636
985	31.268418820899175
986	31.268418820899175
987	31.268418820899175
988	31.268418820899175
989	31.268418820899175
990	31.268418820899175
991	31.268418820899175
992	16.11198177332993
993	16.11198177332993
994	16.11198177332993
995	16.11198177332993
996	16.11198177332993
997	16.11198177332993
998	16.11198177332993
999	13.364780868861105
1000	13.364780868861105
1001	13.364780868861105
1002	13.364780868861105
1003	13.364780868861105
1004	13.364780868861105
1005	13.364780868861105
1006	10.674946750330857
1007	10.674946750330857
1008	10.674946750330857
1009	10.674946750330857
1010	10.674946750330857
1011	10.674946750330857
1012	10.674946750330857
1013	16.5132424117026
1014	16.5132424117026
1015	16.5132424117026
1016	16.5132424117026
1017	16.5132424117026
1018	16.5132424117026
1019	16.5132424117026
1020	16.182821535877824
1021	16.182821535877824
1022	16.182821535877824
1023	16.182821535877824
1024	16.182821535877824
1025	16.182821535877824
1026	16.182821535877824
1027	19.522788997209517
1028	19.522788997209517
1029	24.036427442377057
1030	24.036427442377057
1031	24.036427442377057
1032	24.036427442377057
1033	24.036427442377057
1034	24.036427442377057
1035	16.988919181032497
1036	16.988919181032497
1037	16.988919181032497
1038	16.988919181032497
1039	16.988919181032497
1040	16.988919181032497
1041	16.988919181032497
1042	17.40458117259688
1043	17.40458117259688
1044	17.40458117259688
1045	17.40458117259688
1046	17.40458117259688
1047	17.40458117259688
1048	17.40458117259688
1049	7.7762246601922875
1050	7.7762246601922875
1051	7.7762246601922875
1052	7.7762246601922875
1053	7.7762246601922875
1054	7.7762246601922875
1055	7.7762246601922875
1056	10.308863109936938
1057	10.308863109936938
1058	10.308863109936938
1059	10.308863109936938
1060	10.308863109936938
1061	10.308863109936938
1062	10.308863109936938
1063	20.639008811753214
1064	20.639008811753214
1065	20.639008811753214
1066	20.639008811753214
1067	20.639008811753214
1068	20.639008811753214
1069	20.639008811753214
1070	21.055244385396108
1071	0.1
1072	0.1
1073	0.1
1074	0.1
1075	0.1
1076	0.1
1077	0.1
1078	22.566564145134393
1079	22.566564145134393
1080	22.566564145134393
1081	22.566564145134393
1082	22.566564145134393
1083	22.566564145134393
1084	22.566564145134393
1085	12.809260966616273
1086	12.809260966616273
1087	12.809260966616273
1088	12.809260966616273
1089	12.809260966616273
1090	12.809260966616273
1091	12.809260966616273
1092	8.01379972145527
1093	8.01379972145527
1094	8.01379972145527
1095	8.01379972145527
1096	8.01379972145527
1097	8.01379972145527
1098	8.01379972145527
1099	19.413978207668134
1100	19.413978207668134
1101	19.413978207668134
1102	19.413978207668134
1103	19.413978207668134
1104	19.413978207668134
1105	19.413978207668134
1106	3.5006734814405114
1107	3.5006734814405114
1108	3.5006734814405114
1109	3.5006734814405114
1110	20.491635484560042
1111	20.491635484560042
1112	20.491635484560042
1113	20.491635484560042
1114	20.491635484560042
1115	20.491635484560042
1116	20.491635484560042
1117	12.642698534893835
1118	12.642698534893835
1119	12.642698534893835
1120	12.642698534893835
1121	12.642698534893835
1122	12.642698534893835
1123	12.642698534893835
1124	7.374036874756833
1125	7.374036874756833
1126	7.374036874756833
1127	7.374036874756833
1128	7.374036874756833
1129	7.374036874756833
1130	7.374036874756833
1131	31.058033000119625
1132	31.058033000119625
1133	31.058033000119625
1134	31.058033000119625
1135	31.058033000119625
1136	31.058033000119625
1137	31.058033000119625
1138	32.04900090234161
1139	32.04900090234161
1140	32.04900090234161
1141	32.04900090234161
1142	32.04900090234161
1143	32.04900090234161
1144	32.04900090234161
1145	7.577510827107282
1146	7.577510827107282
1147	7.577510827107282
1148	7.577510827107282
1149	7.577510827107282
1150	7.577510827107282
1151	7.577510827107282
1152	11.610025769419764
1153	11.610025769419764
1154	9.027618169507761
1155	9.027618169507761
1156	9.027618169507761
1157	9.027618169507761
1158	9.027618169507761
1159	9.027618169507761
1160	9.027618169507761
1161	14.390284707789093
1162	14.390284707789093
1163	14.390284707789093
1164	14.390284707789093
1165	14.390284707789093
1166	14.390284707789093
1167	14.390284707789093
1168	34.55407265505293
1169	34.55407265505293
1170	34.55407265505293
1171	34.55407265505293
1172	34.55407265505293
1173	34.55407265505293
1174	34.55407265505293
1175	20.461315601109185
1176	20.461315601109185
1177	20.461315601109185
1178	20.461315601109185
1179	20.461315601109185
1180	20.461315601109185
1181	20.461315601109185
1182	22.4731880685775
1183	22.4731880685775
1184	25.643646347137818
1185	25.643646347137818
1186	25.643646347137818
1187	25.643646347137818
1188	25.643646347137818
1189	25.643646347137818
