0	11.16933908957043
1	11.16933908957043
2	11.16933908957043
3	11.16933908957043
4	11.16933908957043
5	11.16933908957043
6	8.50793368311636
7	8.274551717903083
8	12.67282162433311
9	12.67282162433311
10	12.67282162433311
11	12.67282162433311
12	12.67282162433311
13	12.67282162433311
14	12.67282162433311
15	12.67282162433311
16	12.67282162433311
17	0.1
18	0.1
19	0.1
20	12.279433118981707
21	12.279433118981707
22	12.279433118981707
23	12.279433118981707
24	12.279433118981707
25	12.279433118981707
26	12.279433118981707
27	12.279433118981707
28	12.279433118981707
29	17.97838983211756
30	17.97838983211756
31	9.632848966462925
32	9.632848966462925
33	9.632848966462925
34	9.632848966462925
35	7.433483464117248
36	7.433483464117248
37	7.433483464117248
38	7.433483464117248
39	7.433483464117248
40	7.433483464117248
41	7.433483464117248
42	4.769278242013003
43	4.769278242013003
44	4.769278242013003
45	4.769278242013003
46	11.709446623700913
47	11.709446623700913
48	11.709446623700913
49	13.526770392981529
50	13.526770392981529
51	13.526770392981529
52	8.769942020211065
53	8.769942020211065
54	8.769942020211065
55	8.769942020211065
56	9.974315006270269
57	9.974315006270269
58	9.974315006270269
59	7.576270731537992
60	7.576270731537992
61	7.576270731537992
62	10.823444521936969
63	11.450338466822444
64	11.450338466822444
65	11.450338466822444
66	11.450338466822444
67	15.917454804499851
68	15.917454804499851
69	15.917454804499851
70	15.917454804499851
71	9.381523178459757
72	9.381523178459757
73	9.381523178459757
74	9.381523178459757
75	9.381523178459757
76	17.64881821955191
77	5.6288320337890205
78	5.6288320337890205
79	5.6288320337890205
80	5.6288320337890205
81	3.5378268753698388
82	10.990578330480473
83	10.990578330480473
84	11.714628213277933
85	12.433985302712554
86	8.252153015414912
87	8.252153015414912
88	8.252153015414912
89	9.361649372832058
90	9.361649372832058
91	9.361649372832058
92	9.361649372832058
93	9.361649372832058
94	10.446312966279322
95	10.446312966279322
96	10.446312966279322
97	10.446312966279322
98	10.446312966279322
99	10.446312966279322
100	10.446312966279322
101	10.446312966279322
102	18.86542368101133
103	4.917473309980319
104	4.917473309980319
105	15.733553867283623
106	15.733553867283623
107	15.733553867283623
108	15.733553867283623
109	15.733553867283623
110	15.733553867283623
111	15.733553867283623
112	7.983847800973359
113	7.983847800973359
114	15.768369745469453
115	15.768369745469453
116	20.531225575332947
117	20.531225575332947
118	20.531225575332947
119	20.531225575332947
120	20.531225575332947
121	20.531225575332947
122	20.531225575332947
123	20.531225575332947
124	4.200027687279118
125	4.200027687279118
126	4.200027687279118
127	4.200027687279118
128	11.057402591951032
129	20.798734894523633
130	20.798734894523633
131	2.499116190987281
132	2.499116190987281
133	16.904849696910684
134	1.6450518617425267
135	1.6450518617425267
136	1.6450518617425267
137	1.6450518617425267
138	4.825602283614239
139	8.542893853725412
140	14.454935180960808
141	14.454935180960808
142	14.454935180960808
143	2.462650989437865
144	20.86265380208433
145	20.86265380208433
146	20.86265380208433
147	20.86265380208433
148	20.86265380208433
149	20.86265380208433
150	20.86265380208433
151	6.459634753887998
152	6.459634753887998
153	6.459634753887998
154	2.2853104067750856
155	16.360991558507934
156	16.360991558507934
157	16.360991558507934
158	14.299843688566195
159	14.299843688566195
160	14.299843688566195
161	14.299843688566195
162	14.299843688566195
163	17.57792167946711
164	17.57792167946711
165	14.371478937104023
166	9.485439093485668
167	9.485439093485668
168	9.485439093485668
169	9.485439093485668
170	9.485439093485668
171	10.057413807381007
172	10.057413807381007
173	13.92589031346516
174	13.92589031346516
175	16.927348048478414
176	16.927348048478414
177	16.927348048478414
178	16.927348048478414
179	16.927348048478414
180	14.225519328277763
181	14.225519328277763
182	10.615867328956051
183	10.615867328956051
184	10.615867328956051
185	10.615867328956051
186	10.615867328956051
187	10.615867328956051
188	19.16286781344863
189	19.16286781344863
190	19.16286781344863
191	19.16286781344863
192	19.16286781344863
193	19.16286781344863
194	19.16286781344863
195	16.945318991280438
196	16.945318991280438
197	16.945318991280438
198	16.945318991280438
199	16.945318991280438
200	2.336325850716464
201	2.336325850716464
202	2.336325850716464
203	2.336325850716464
204	2.036060710943639
205	0.1
206	0.1
207	0.1
208	0.5285681724157847
209	13.647518102458966
210	12.581269667497919
211	12.581269667497919
212	12.581269667497919
213	12.581269667497919
214	12.581269667497919
215	12.581269667497919
216	9.708809937297739
217	9.708809937297739
218	0.1
219	0.1
220	13.02519884314027
221	13.02519884314027
222	7.049308253513484
223	7.049308253513484
224	10.746953654470703
225	10.746953654470703
226	10.746953654470703
227	10.746953654470703
228	10.746953654470703
229	10.746953654470703
230	10.746953654470703
231	10.746953654470703
232	6.54781881386579
233	6.54781881386579
234	13.110423402762635
235	13.110423402762635
236	13.110423402762635
237	13.110423402762635
238	13.110423402762635
239	13.110423402762635
240	9.13488561570095
241	9.13488561570095
242	9.13488561570095
243	9.13488561570095
244	9.13488561570095
245	9.13488561570095
246	2.5605032481141237
247	2.5605032481141237
248	2.5605032481141237
249	2.5605032481141237
250	2.5605032481141237
251	12.653860062037472
252	12.653860062037472
253	12.653860062037472
254	12.653860062037472
255	12.653860062037472
256	12.653860062037472
257	12.653860062037472
258	2.472896481800464
259	2.472896481800464
260	11.235853359790983
261	11.235853359790983
262	11.235853359790983
263	11.235853359790983
264	11.235853359790983
265	10.279589422301127
266	10.279589422301127
267	10.279589422301127
268	10.279589422301127
269	10.279589422301127
270	10.202222166733781
271	10.202222166733781
272	10.202222166733781
273	15.729924877794932
274	15.729924877794932
275	15.729924877794932
276	15.729924877794932
277	15.729924877794932
278	15.729924877794932
279	15.729924877794932
280	15.729924877794932
281	10.318267606158924
282	13.390787348009777
283	13.390787348009777
284	13.390787348009777
285	13.390787348009777
286	13.390787348009777
287	13.390787348009777
288	13.390787348009777
289	13.390787348009777
290	13.390787348009777
291	12.190165178452817
292	12.190165178452817
293	0.1
294	0.1
295	0.1
296	0.1
297	0.1
298	0.1
299	0.1
300	8.131828982223539
301	8.131828982223539
302	8.131828982223539
303	8.131828982223539
304	8.131828982223539
305	8.131828982223539
306	8.131828982223539
307	8.131828982223539
308	9.101947674703103
309	9.101947674703103
310	5.913888761916796
311	5.913888761916796
312	7.732635985357499
313	7.221324830664986
314	7.221324830664986
315	7.221324830664986
316	7.221324830664986
317	7.221324830664986
318	7.221324830664986
319	9.94307816084919
320	5.946133175286932
321	8.489775608468058
322	8.489775608468058
323	8.489775608468058
324	8.489775608468058
325	8.489775608468058
326	8.489775608468058
327	8.489775608468058
328	8.489775608468058
329	8.489775608468058
330	0.1
331	7.82079788003413
332	7.82079788003413
333	7.82079788003413
334	7.82079788003413
335	7.82079788003413
336	7.82079788003413
337	7.82079788003413
338	7.82079788003413
339	7.82079788003413
340	5.90638001765093
341	8.776480570117457
342	8.776480570117457
343	8.776480570117457
344	8.776480570117457
345	18.58822984627959
346	18.58822984627959
347	18.58822984627959
348	18.58822984627959
349	18.58822984627959
350	18.58822984627959
351	11.213386269894894
352	11.213386269894894
353	5.5548104699351635
354	5.679182420229218
355	5.679182420229218
356	5.679182420229218
357	5.679182420229218
358	5.679182420229218
359	5.679182420229218
360	12.354366421675024
361	23.822266985304744
362	10.362341041446507
363	13.37864602866016
364	13.37864602866016
365	13.37864602866016
366	14.73226864534973
367	22.326918185664024
368	22.326918185664024
369	22.326918185664024
370	22.326918185664024
371	22.326918185664024
372	22.326918185664024
373	22.326918185664024
374	22.326918185664024
375	22.326918185664024
376	14.272188159537532
377	14.272188159537532
378	14.272188159537532
379	14.272188159537532
380	14.272188159537532
381	14.272188159537532
382	18.257279181065424
383	18.257279181065424
384	18.257279181065424
385	18.257279181065424
386	18.194823495304874
387	18.194823495304874
388	18.194823495304874
389	18.194823495304874
390	18.194823495304874
391	9.529565821911154
392	9.529565821911154
393	6.899744896488284
394	8.484540526198773
395	8.484540526198773
396	7.512208898654007
397	0.1
398	0.1
399	0.1
400	0.1
401	0.1
402	0.1
403	0.1
404	0.1
405	11.589067380167577
406	11.589067380167577
407	11.589067380167577
408	11.589067380167577
409	11.589067380167577
410	11.589067380167577
411	7.289036493985392
412	7.289036493985392
413	9.586597622695136
414	9.586597622695136
415	9.586597622695136
416	9.586597622695136
417	9.608901304930772
418	10.059122349860077
419	12.43619609871403
420	12.43619609871403
421	12.43619609871403
422	12.43619609871403
423	17.430552192086964
424	15.982653701464343
425	15.982653701464343
426	15.982653701464343
427	15.982653701464343
428	15.982653701464343
429	15.982653701464343
430	15.982653701464343
431	0.7452074021270274
432	0.7452074021270274
433	0.7452074021270274
434	0.7452074021270274
435	0.7452074021270274
436	0.7452074021270274
437	12.909723846508818
438	12.909723846508818
439	12.909723846508818
440	4.335935409431255
441	4.335935409431255
442	4.335935409431255
443	0.1
444	3.2624742300702234
445	3.2624742300702234
446	3.2624742300702234
447	3.2624742300702234
448	11.903513949804347
449	11.903513949804347
450	11.903513949804347
451	11.903513949804347
452	11.903513949804347
453	11.903513949804347
454	7.517654539294538
455	11.52389509913203
456	11.52389509913203
457	11.52389509913203
458	4.475569383902327
459	4.475569383902327
460	4.475569383902327
461	15.577786426011581
462	25.773840778880995
463	8.07386510032369
464	10.276741542224118
465	10.276741542224118
466	10.276741542224118
467	10.276741542224118
468	10.276741542224118
469	10.276741542224118
470	10.276741542224118
471	13.081486687236248
472	9.596793693713993
473	4.898320415527708
474	4.898320415527708
475	4.898320415527708
476	4.898320415527708
477	8.099438722610076
478	19.114028084168037
479	19.114028084168037
480	19.114028084168037
481	19.114028084168037
482	19.114028084168037
483	5.6321930150639385
484	5.6321930150639385
485	5.014871118981127
486	5.014871118981127
487	0.1
488	14.326752247332243
489	14.326752247332243
490	14.326752247332243
491	14.326752247332243
492	13.783022650783415
493	13.783022650783415
494	13.783022650783415
495	13.783022650783415
496	13.783022650783415
497	13.783022650783415
498	16.693960046802108
499	7.974012401535131
500	7.974012401535131
501	7.974012401535131
502	13.427353927840695
503	13.427353927840695
504	13.427353927840695
505	13.427353927840695
506	7.651141670465268
507	7.651141670465268
508	7.651141670465268
509	7.651141670465268
510	7.651141670465268
511	7.651141670465268
512	7.651141670465268
513	7.651141670465268
514	7.651141670465268
515	8.89381616220807
516	8.89381616220807
517	8.139040538542954
518	7.114930808266834
519	0.1
520	0.1
521	0.1
522	0.1
523	0.1
524	0.1
525	0.1
526	0.1
527	15.665884585004232
528	15.665884585004232
529	15.665884585004232
530	15.665884585004232
531	15.665884585004232
532	15.665884585004232
533	15.665884585004232
534	15.665884585004232
535	15.665884585004232
536	0.1
537	4.0758052621067105
538	4.0758052621067105
539	23.745386783218535
540	23.745386783218535
541	4.248479366469387
542	4.248479366469387
543	8.998970478029051
544	8.998970478029051
545	9.632129069868716
546	9.632129069868716
547	9.632129069868716
548	9.632129069868716
549	4.226583816482199
550	4.226583816482199
551	5.17388359210135
552	5.17388359210135
553	5.17388359210135
554	5.17388359210135
555	5.17388359210135
556	12.29338060910561
557	12.29338060910561
558	12.29338060910561
559	12.29338060910561
560	12.29338060910561
561	12.29338060910561
562	12.29338060910561
563	12.29338060910561
564	12.29338060910561
565	0.1
566	19.59730627524397
567	19.59730627524397
568	19.59730627524397
569	19.59730627524397
570	19.59730627524397
571	19.59730627524397
572	10.152046273438474
573	10.152046273438474
574	10.152046273438474
575	10.152046273438474
576	10.152046273438474
577	10.152046273438474
578	10.152046273438474
579	10.152046273438474
580	10.152046273438474
581	10.660964592122701
582	10.660964592122701
583	10.660964592122701
584	10.660964592122701
585	6.1063854787908385
586	6.1063854787908385
587	6.1063854787908385
588	6.1063854787908385
589	6.1063854787908385
590	6.1063854787908385
591	6.1063854787908385
592	6.1063854787908385
593	6.1063854787908385
594	0.33409630130146617
595	0.33409630130146617
596	0.33409630130146617
597	0.33409630130146617
598	0.33409630130146617
599	0.33409630130146617
600	0.33409630130146617
601	12.850928667044048
602	16.899274036394857
603	16.899274036394857
604	16.899274036394857
605	16.899274036394857
606	16.899274036394857
607	0.1
608	0.1
609	0.1
610	2.849294411519539
611	2.849294411519539
612	9.530615120069088
613	9.530615120069088
614	9.530615120069088
615	9.530615120069088
616	9.688328726746416
617	9.688328726746416
618	17.977994682541496
619	17.977994682541496
620	17.977994682541496
621	1.719402085979107
622	1.719402085979107
623	1.719402085979107
624	2.6178036796837834
625	2.6178036796837834
626	2.6178036796837834
627	2.6178036796837834
628	5.341101270853511
629	5.341101270853511
630	5.341101270853511
631	5.341101270853511
632	5.341101270853511
633	5.341101270853511
634	5.341101270853511
635	5.341101270853511
636	5.341101270853511
637	10.622862202093513
638	10.622862202093513
639	10.622862202093513
640	10.622862202093513
641	10.622862202093513
642	12.52978468353395
643	12.52978468353395
644	12.52978468353395
645	12.52978468353395
646	0.1
647	0.1
648	0.1
649	0.1
650	0.1
651	0.1
652	13.941891477846486
653	13.941891477846486
654	13.941891477846486
655	13.941891477846486
656	13.941891477846486
657	13.941891477846486
658	13.941891477846486
659	13.941891477846486
660	13.941891477846486
661	4.862621027398232
662	4.862621027398232
663	4.862621027398232
664	18.133419175363937
665	18.133419175363937
666	18.133419175363937
667	18.133419175363937
668	18.133419175363937
669	18.133419175363937
670	18.133419175363937
671	7.680902204539817
672	7.680902204539817
673	7.680902204539817
674	7.464058379036672
675	7.464058379036672
676	4.635760256039976
677	4.635760256039976
678	7.063640797260962
679	7.063640797260962
680	7.063640797260962
681	7.063640797260962
682	8.844674874706554
683	8.844674874706554
684	8.844674874706554
685	8.844674874706554
686	8.844674874706554
687	12.092366323313698
688	12.092366323313698
689	12.092366323313698
690	12.092366323313698
691	12.092366323313698
692	12.092366323313698
693	12.092366323313698
694	12.092366323313698
695	12.092366323313698
696	7.9081381107704605
697	7.9081381107704605
698	7.9081381107704605
699	15.922357161039772
700	15.922357161039772
701	0.1
702	0.1
703	0.1
704	0.1
705	0.1
706	0.1
707	0.1
708	0.1
709	0.1
710	14.24424381263528
711	14.24424381263528
712	21.861161203733285
713	21.861161203733285
714	20.144983090757478
715	20.144983090757478
716	20.144983090757478
717	20.144983090757478
718	9.252061394981718
719	9.252061394981718
720	18.763559665489204
721	18.763559665489204
722	18.763559665489204
723	13.816212329221802
724	13.816212329221802
725	13.816212329221802
726	13.816212329221802
727	13.816212329221802
728	28.066699433604953
729	28.066699433604953
730	28.066699433604953
731	28.066699433604953
732	28.066699433604953
733	12.986112531815023
734	12.986112531815023
735	12.986112531815023
736	8.100223615555013
737	8.100223615555013
738	8.100223615555013
739	8.100223615555013
740	10.766844506065729
741	10.766844506065729
742	10.766844506065729
743	12.763737361453
744	12.763737361453
745	12.763737361453
746	12.763737361453
747	12.763737361453
748	6.9478628206106094
749	6.9478628206106094
750	6.9478628206106094
751	16.07329278117609
752	16.07329278117609
753	23.731801370941824
754	23.731801370941824
755	23.731801370941824
756	23.731801370941824
757	23.731801370941824
758	17.186773878391413
759	17.186773878391413
760	17.186773878391413
761	17.186773878391413
762	17.186773878391413
763	17.186773878391413
764	17.307995433882354
765	17.307995433882354
766	17.307995433882354
767	17.307995433882354
768	1.1334927271123583
769	1.1334927271123583
770	4.611970636874009
771	1.3627110132346445
772	25.21687566689262
773	25.21687566689262
774	25.21687566689262
775	25.21687566689262
776	25.21687566689262
777	3.563818194306715
778	3.563818194306715
779	3.563818194306715
780	7.984645672395308
781	7.984645672395308
782	7.984645672395308
783	7.984645672395308
784	7.984645672395308
785	7.984645672395308
786	9.439733287523968
787	9.439733287523968
788	9.439733287523968
789	9.439733287523968
790	9.439733287523968
791	9.439733287523968
792	3.5720782296327402
793	3.5720782296327402
794	3.5720782296327402
795	8.080705840518489
796	8.080705840518489
797	8.080705840518489
798	8.080705840518489
799	8.080705840518489
800	4.353812520297058
801	4.353812520297058
802	4.353812520297058
803	4.353812520297058
804	13.850805765640473
805	7.459083759662292
806	7.459083759662292
807	7.459083759662292
808	7.459083759662292
809	18.86451205575683
810	18.86451205575683
811	18.86451205575683
812	15.079119407297267
813	15.079119407297267
814	15.079119407297267
815	15.079119407297267
816	15.079119407297267
817	15.079119407297267
818	15.079119407297267
819	15.079119407297267
820	15.079119407297267
821	7.882649471282325
822	7.882649471282325
823	13.599718956551609
824	7.903934110343485
825	7.903934110343485
826	7.903934110343485
827	7.903934110343485
828	7.903934110343485
829	7.903934110343485
830	7.903934110343485
831	16.905385382457805
832	16.905385382457805
833	16.905385382457805
834	8.902492663464727
835	3.099900379799352
836	4.3809353882406095
837	4.3809353882406095
838	4.3809353882406095
839	4.3809353882406095
840	4.3809353882406095
841	20.259556841132238
842	20.259556841132238
843	8.013704055085169
844	2.336009374186135
845	2.336009374186135
846	2.336009374186135
847	2.336009374186135
848	26.84737758192135
849	26.84737758192135
850	26.84737758192135
851	26.84737758192135
852	15.444175838317339
853	15.444175838317339
854	15.444175838317339
855	0.1
856	0.1
857	0.1
858	14.793721319865629
859	8.162369676760735
860	7.89971692614651
861	7.89971692614651
862	7.89971692614651
863	7.89971692614651
864	7.89971692614651
865	6.705190475812872
866	6.705190475812872
867	9.349812357048977
868	0.7497939519302559
869	0.7497939519302559
870	0.1
871	0.1
872	0.1
873	0.1
874	9.152586248252199
875	9.152586248252199
876	9.152586248252199
877	9.152586248252199
878	9.152586248252199
879	9.152586248252199
880	9.152586248252199
881	9.152586248252199
882	10.028497100793846
883	10.028497100793846
884	10.028497100793846
885	10.028497100793846
886	10.028497100793846
887	19.073488523180668
888	19.073488523180668
889	19.073488523180668
890	19.073488523180668
891	11.820689905914705
892	11.820689905914705
893	5.203846008470514
894	5.203846008470514
895	5.203846008470514
896	5.203846008470514
897	0.1
898	0.1
899	0.1
900	11.718788540687566
901	8.454586330799078
902	11.350442798912109
903	11.236839322767734
904	11.236839322767734
905	11.236839322767734
906	11.236839322767734
907	11.236839322767734
908	11.236839322767734
909	15.216252024162943
910	7.505559399502594
911	7.505559399502594
912	7.505559399502594
913	21.52128773880601
914	21.52128773880601
915	18.289452148351607
916	18.289452148351607
917	0.1
918	0.1
919	0.1
920	0.1
921	0.1
922	0.1
923	0.1
924	0.1
925	0.1
926	14.219660076012586
927	3.357532248460955
928	3.357532248460955
929	3.357532248460955
930	3.357532248460955
931	9.68469417708693
932	9.68469417708693
933	9.68469417708693
934	9.68469417708693
935	9.68469417708693
936	8.084277583398821
937	17.29866010494696
938	10.453479042821805
939	7.086891696404116
940	7.086891696404116
941	7.086891696404116
942	7.086891696404116
943	7.086891696404116
944	7.086891696404116
945	11.574804286436839
946	9.671985722382951
947	9.671985722382951
948	6.341977517462801
949	6.40919538046262
950	6.40919538046262
951	6.40919538046262
952	13.936355137427602
953	13.936355137427602
954	13.936355137427602
955	13.936355137427602
956	13.936355137427602
957	13.936355137427602
958	0.1
959	0.1
960	9.012040236460997
961	9.012040236460997
962	9.012040236460997
963	9.012040236460997
964	9.012040236460997
965	9.012040236460997
966	4.953370778888128
967	17.62503528884067
968	17.62503528884067
969	17.62503528884067
970	17.62503528884067
971	10.447716084142403
972	10.447716084142403
973	10.447716084142403
974	10.447716084142403
975	10.447716084142403
976	10.447716084142403
977	10.447716084142403
978	11.094866310828385
979	11.094866310828385
980	11.094866310828385
981	11.094866310828385
982	12.498987438588681
983	12.498987438588681
984	12.498987438588681
985	5.098275976433398
986	3.003119646989574
987	3.003119646989574
988	9.394565521858151
989	10.737266419954697
990	10.737266419954697
991	8.528104131117143
992	8.528104131117143
993	8.528104131117143
994	5.499856918743748
995	5.499856918743748
996	5.499856918743748
997	5.499856918743748
998	5.499856918743748
999	5.499856918743748
1000	5.499856918743748
1001	5.499856918743748
1002	8.118176515780545
1003	11.774519610714414
1004	11.774519610714414
1005	11.774519610714414
1006	11.774519610714414
1007	12.859616112387268
1008	12.859616112387268
1009	12.859616112387268
1010	16.161837122916626
1011	16.161837122916626
1012	12.090991189204367
1013	12.090991189204367
1014	12.090991189204367
1015	12.090991189204367
1016	12.090991189204367
1017	10.517299167655937
1018	10.517299167655937
1019	10.517299167655937
1020	10.517299167655937
1021	10.517299167655937
1022	10.517299167655937
1023	10.517299167655937
1024	6.41200831365251
1025	6.41200831365251
1026	6.41200831365251
1027	6.41200831365251
1028	15.545747025188533
1029	15.545747025188533
1030	15.545747025188533
1031	15.545747025188533
1032	15.545747025188533
1033	15.545747025188533
1034	15.545747025188533
1035	0.1
1036	0.1
1037	0.1
1038	0.1
1039	0.1
1040	0.1
1041	0.1
1042	3.2189699418182744
1043	3.2189699418182744
1044	9.007928577161817
1045	9.007928577161817
1046	9.007928577161817
1047	9.007928577161817
1048	9.007928577161817
1049	9.007928577161817
1050	9.007928577161817
1051	9.007928577161817
1052	9.007928577161817
1053	10.898713716644256
1054	10.898713716644256
1055	10.898713716644256
1056	10.898713716644256
1057	10.898713716644256
1058	15.510915882493684
1059	15.510915882493684
1060	15.510915882493684
1061	15.510915882493684
1062	0.1
1063	0.1
1064	0.1
1065	0.1
1066	0.1
1067	0.1
1068	8.30145963977097
1069	8.30145963977097
1070	8.30145963977097
1071	8.30145963977097
1072	8.30145963977097
1073	8.30145963977097
1074	8.30145963977097
1075	8.30145963977097
1076	8.30145963977097
1077	2.105070625912041
1078	2.105070625912041
1079	21.42230729601529
1080	21.42230729601529
1081	21.42230729601529
1082	21.42230729601529
1083	21.42230729601529
1084	21.42230729601529
1085	21.42230729601529
1086	15.356870378614056
1087	15.356870378614056
1088	15.356870378614056
1089	15.356870378614056
1090	15.356870378614056
1091	6.145759081909521
1092	6.145759081909521
1093	6.145759081909521
1094	6.145759081909521
1095	4.789238511899583
1096	4.789238511899583
1097	14.006392665988082
1098	12.70847392922598
1099	12.70847392922598
1100	5.260883074592036
1101	5.260883074592036
1102	5.260883074592036
1103	5.260883074592036
1104	6.056446140481582
1105	14.076113897280951
1106	14.076113897280951
1107	14.076113897280951
1108	14.076113897280951
1109	14.076113897280951
1110	14.076113897280951
1111	14.076113897280951
1112	14.076113897280951
1113	9.196574963998252
1114	3.2879900923025502
1115	11.568117432474507
1116	11.568117432474507
1117	11.568117432474507
1118	11.568117432474507
1119	11.568117432474507
1120	3.2187576687116213
1121	8.275696634673047
1122	8.275696634673047
1123	11.969233051764485
1124	8.053017357081256
1125	8.053017357081256
1126	8.053017357081256
1127	9.182426008855678
1128	9.182426008855678
1129	9.182426008855678
1130	9.182426008855678
1131	9.182426008855678
1132	9.182426008855678
1133	3.922511297173254
1134	3.922511297173254
1135	12.676067910465608
1136	12.676067910465608
1137	12.676067910465608
1138	12.676067910465608
1139	12.676067910465608
1140	9.074540706952044
1141	9.074540706952044
1142	9.074540706952044
1143	9.074540706952044
1144	9.074540706952044
1145	9.074540706952044
1146	9.074540706952044
1147	9.074540706952044
1148	0.1
1149	0.1
1150	0.1
1151	0.1
1152	2.9935514463018524
1153	15.606823686965077
1154	15.606823686965077
1155	16.081964410088727
1156	16.081964410088727
1157	16.081964410088727
1158	5.144904616437834
1159	5.144904616437834
1160	5.144904616437834
1161	5.144904616437834
1162	5.144904616437834
1163	5.144904616437834
1164	5.144904616437834
1165	5.144904616437834
1166	5.144904616437834
1167	2.37803605563173
1168	2.37803605563173
1169	2.37803605563173
1170	11.847848734727478
1171	11.847848734727478
1172	0.9484697139653999
1173	2.540614246170639
1174	2.540614246170639
1175	2.540614246170639
1176	2.540614246170639
1177	2.540614246170639
1178	2.540614246170639
1179	15.390427364731735
1180	15.390427364731735
1181	15.390427364731735
1182	21.87851503425211
1183	21.87851503425211
1184	21.87851503425211
1185	21.87851503425211
1186	21.87851503425211
1187	10.640623677809788
1188	10.640623677809788
1189	24.84627768973572
1190	17.060055102992628
1191	17.060055102992628
1192	21.222208401785128
1193	1.729051816219231
1194	1.729051816219231
1195	1.729051816219231
1196	1.729051816219231
1197	1.729051816219231
1198	22.72638716771217
1199	22.72638716771217
1200	22.72638716771217
1201	9.188883644827218
1202	9.188883644827218
1203	9.188883644827218
1204	9.188883644827218
1205	9.188883644827218
1206	0.46461610333365044
1207	12.128684645164475
1208	12.128684645164475
1209	12.128684645164475
1210	12.128684645164475
1211	12.128684645164475
1212	12.128684645164475
1213	12.128684645164475
1214	12.128684645164475
1215	12.128684645164475
1216	1.8231741661418823
1217	1.8231741661418823
1218	1.8231741661418823
1219	1.8231741661418823
1220	1.8231741661418823
1221	10.825046551824308
1222	10.825046551824308
1223	10.825046551824308
1224	10.825046551824308
1225	10.825046551824308
1226	10.825046551824308
1227	0.1
1228	7.724243611970549
1229	5.586496102314158
1230	5.586496102314158
1231	5.586496102314158
1232	5.586496102314158
1233	5.586496102314158
1234	5.586496102314158
1235	5.586496102314158
1236	5.586496102314158
1237	5.586496102314158
1238	13.448789658312606
1239	13.448789658312606
1240	13.448789658312606
1241	13.448789658312606
1242	13.448789658312606
1243	15.57147789764129
1244	15.57147789764129
1245	15.57147789764129
1246	15.57147789764129
1247	13.130679011783267
1248	13.130679011783267
1249	13.130679011783267
1250	13.130679011783267
1251	12.888013493360518
1252	12.888013493360518
1253	12.888013493360518
1254	0.22519131208333754
1255	0.22519131208333754
1256	0.22519131208333754
1257	2.160715548066092
1258	23.13298015916525
1259	23.13298015916525
1260	23.13298015916525
1261	23.13298015916525
1262	23.13298015916525
1263	23.13298015916525
1264	23.13298015916525
1265	23.13298015916525
1266	23.13298015916525
1267	3.2707648963601086
1268	3.2707648963601086
1269	3.2707648963601086
1270	3.2707648963601086
1271	3.2707648963601086
1272	3.2707648963601086
1273	3.2707648963601086
1274	3.2707648963601086
1275	3.2707648963601086
1276	9.040075349462342
1277	9.040075349462342
1278	9.040075349462342
1279	9.040075349462342
1280	9.040075349462342
1281	0.1
1282	0.1
1283	0.1
1284	0.1
1285	0.1
1286	0.1
1287	0.1
1288	13.413759234193668
1289	13.413759234193668
1290	8.198952790924125
1291	0.1
1292	0.1
1293	14.767177486530265
1294	14.767177486530265
1295	14.767177486530265
1296	14.767177486530265
1297	14.767177486530265
1298	14.767177486530265
1299	14.767177486530265
1300	3.0620984431197673
1301	3.0620984431197673
1302	3.0620984431197673
1303	3.0620984431197673
1304	3.0620984431197673
1305	9.118361117043657
1306	5.969692980204185
1307	5.969692980204185
1308	5.969692980204185
1309	5.969692980204185
1310	5.969692980204185
1311	5.969692980204185
1312	5.969692980204185
1313	5.969692980204185
1314	5.969692980204185
1315	2.1173179474836594
1316	5.046118076299646
1317	4.23900720591656
1318	4.23900720591656
1319	4.23900720591656
1320	4.23900720591656
1321	4.23900720591656
1322	4.23900720591656
1323	14.521200250395914
1324	14.521200250395914
1325	14.521200250395914
1326	14.521200250395914
1327	0.1
1328	0.6174410807091153
1329	0.6174410807091153
1330	0.6174410807091153
1331	0.6174410807091153
1332	14.080952749910747
1333	14.080952749910747
1334	14.080952749910747
1335	15.910934224560004
1336	15.910934224560004
1337	10.734902129324992
1338	10.734902129324992
1339	10.734902129324992
1340	10.734902129324992
1341	10.460936363379691
1342	10.460936363379691
1343	10.460936363379691
1344	7.180588990192373
1345	7.180588990192373
1346	7.180588990192373
1347	7.180588990192373
1348	7.180588990192373
1349	7.180588990192373
1350	7.180588990192373
1351	7.180588990192373
1352	7.180588990192373
1353	16.447370243394985
1354	16.447370243394985
1355	8.876708839650668
1356	8.876708839650668
1357	8.876708839650668
1358	7.687869547762158
1359	15.799739935456884
1360	20.754273186475622
1361	4.017022789410289
1362	24.010793838946775
1363	24.010793838946775
1364	0.1
1365	0.1
1366	0.1
1367	0.1
1368	0.1
1369	0.1
1370	5.387592250472789
1371	12.957611764228771
1372	14.025448627154264
1373	14.025448627154264
1374	14.025448627154264
1375	14.025448627154264
1376	14.025448627154264
1377	14.025448627154264
1378	14.025448627154264
1379	14.025448627154264
1380	14.025448627154264
1381	22.167168924440528
1382	22.167168924440528
1383	13.22167008348977
1384	13.22167008348977
1385	13.22167008348977
1386	8.625990627460787
1387	0.1
1388	0.1
1389	0.1
1390	0.1
1391	1.44668672091667
1392	2.5348850870288953
1393	2.5348850870288953
1394	2.5348850870288953
1395	2.5348850870288953
1396	2.5348850870288953
1397	2.5348850870288953
1398	2.5348850870288953
1399	2.5348850870288953
1400	2.5348850870288953
1401	6.353378961020876
1402	0.14067250807123877
1403	0.14067250807123877
1404	10.826506053931682
1405	10.826506053931682
1406	10.826506053931682
1407	10.826506053931682
1408	10.826506053931682
1409	10.826506053931682
1410	10.826506053931682
1411	10.826506053931682
1412	10.826506053931682
1413	12.321164364397355
1414	11.270580217712691
1415	11.270580217712691
1416	11.270580217712691
1417	11.270580217712691
1418	11.270580217712691
1419	11.270580217712691
1420	20.754809977351663
1421	8.646220607501036
1422	8.646220607501036
1423	8.646220607501036
1424	8.646220607501036
1425	8.646220607501036
1426	14.901658936700594
1427	9.045193497234123
1428	9.045193497234123
1429	10.575104480937991
1430	10.575104480937991
1431	16.953782459804863
1432	16.953782459804863
1433	16.953782459804863
1434	16.953782459804863
1435	16.953782459804863
1436	16.953782459804863
1437	16.953782459804863
1438	16.953782459804863
1439	10.372920905308998
1440	10.372920905308998
1441	10.372920905308998
1442	10.372920905308998
1443	14.62890994169127
1444	14.62890994169127
1445	0.1
1446	0.1
1447	0.1
1448	0.1
1449	0.1
1450	0.1
1451	0.1
1452	11.608121259484728
1453	11.608121259484728
1454	11.608121259484728
1455	11.608121259484728
1456	11.608121259484728
1457	11.608121259484728
1458	1.9608236196035174
1459	16.601308940002664
1460	16.601308940002664
1461	16.601308940002664
1462	16.601308940002664
1463	16.601308940002664
1464	16.601308940002664
1465	16.601308940002664
1466	16.601308940002664
1467	16.601308940002664
1468	2.4514544655964405
1469	2.4514544655964405
1470	2.4514544655964405
1471	9.497054874643133
1472	9.497054874643133
1473	9.497054874643133
1474	9.497054874643133
1475	7.184807245530681
1476	7.184807245530681
1477	7.184807245530681
1478	7.184807245530681
1479	7.184807245530681
1480	7.184807245530681
1481	7.184807245530681
1482	7.184807245530681
1483	7.184807245530681
1484	14.064557549284947
1485	14.064557549284947
1486	14.064557549284947
1487	14.064557549284947
1488	10.419263549151983
1489	10.419263549151983
1490	10.419263549151983
1491	10.68450837521723
1492	10.68450837521723
1493	5.957738573141123
1494	5.957738573141123
1495	26.776451575389533
1496	6.804348966987309
1497	16.744157313199768
1498	16.744157313199768
1499	16.744157313199768
1500	16.744157313199768
1501	16.744157313199768
1502	5.542842795291511
1503	5.542842795291511
1504	5.542842795291511
1505	5.542842795291511
1506	5.542842795291511
1507	9.800487441403593
1508	9.800487441403593
1509	9.800487441403593
1510	9.800487441403593
1511	9.800487441403593
1512	12.202145328901407
1513	12.202145328901407
1514	17.409033685929316
1515	17.409033685929316
1516	20.05520616379725
1517	1.8342851038329409
1518	24.03516511934461
1519	11.306004202905818
1520	11.306004202905818
1521	11.306004202905818
1522	3.1429174538548157
1523	3.1429174538548157
1524	3.1429174538548157
1525	3.1429174538548157
1526	3.1429174538548157
1527	3.1429174538548157
1528	13.317160034711058
1529	13.317160034711058
1530	10.000355074071363
1531	14.53887997781262
1532	8.212397058959604
1533	8.212397058959604
1534	8.212397058959604
1535	8.212397058959604
1536	8.212397058959604
1537	8.212397058959604
1538	8.212397058959604
1539	8.212397058959604
1540	8.212397058959604
1541	10.998914053665164
1542	9.58268075544407
1543	9.58268075544407
1544	9.58268075544407
1545	6.157614759371152
1546	6.157614759371152
1547	1.7319302646131272
1548	1.7319302646131272
1549	1.7319302646131272
1550	6.361957992499319
1551	6.361957992499319
1552	6.361957992499319
1553	6.361957992499319
1554	6.361957992499319
1555	6.361957992499319
1556	6.361957992499319
1557	6.361957992499319
1558	6.361957992499319
1559	5.5498917449448015
1560	6.433596601716984
1561	6.433596601716984
1562	6.433596601716984
1563	14.980846239030015
1564	14.980846239030015
1565	14.980846239030015
1566	14.980846239030015
1567	14.980846239030015
1568	14.980846239030015
1569	14.980846239030015
1570	7.858478463966558
1571	7.858478463966558
1572	7.858478463966558
1573	7.858478463966558
1574	7.858478463966558
1575	7.858478463966558
1576	0.574188387030846
1577	11.415716782780349
1578	11.415716782780349
1579	11.415716782780349
1580	7.459865455381401
1581	7.459865455381401
1582	13.279243040125493
1583	13.279243040125493
1584	13.279243040125493
1585	13.279243040125493
1586	13.279243040125493
1587	13.279243040125493
1588	7.540960300837865
1589	7.540960300837865
1590	7.540960300837865
1591	7.540960300837865
1592	7.540960300837865
1593	7.540960300837865
1594	7.540960300837865
1595	7.540960300837865
1596	7.540960300837865
1597	21.136835836234972
1598	21.136835836234972
1599	21.136835836234972
1600	21.136835836234972
1601	21.136835836234972
1602	21.136835836234972
1603	21.136835836234972
1604	21.136835836234972
1605	21.136835836234972
1606	13.379426683191829
1607	13.379426683191829
1608	10.932318415872796
1609	10.932318415872796
1610	10.932318415872796
1611	10.932318415872796
1612	17.023855968836642
1613	17.023855968836642
1614	17.023855968836642
1615	17.023855968836642
1616	17.023855968836642
1617	17.023855968836642
1618	17.023855968836642
1619	17.023855968836642
1620	17.023855968836642
1621	0.1
1622	0.1
1623	0.1
1624	0.1
1625	0.1
1626	0.1
1627	4.646593513958814
1628	0.1
1629	0.1
1630	0.1
1631	3.0238626440707392
1632	3.0238626440707392
1633	3.0238626440707392
1634	10.319297947163832
1635	10.319297947163832
1636	10.319297947163832
1637	12.417147670743642
1638	12.417147670743642
1639	12.417147670743642
1640	12.417147670743642
1641	12.417147670743642
1642	12.417147670743642
1643	6.901648873514941
1644	6.901648873514941
1645	5.401965816843468
1646	5.401965816843468
1647	5.401965816843468
1648	12.896776607071859
1649	12.896776607071859
1650	12.896776607071859
1651	12.896776607071859
1652	12.896776607071859
1653	12.896776607071859
1654	12.896776607071859
1655	12.896776607071859
1656	5.0003050236733095
1657	5.0003050236733095
1658	5.0003050236733095
1659	5.0003050236733095
1660	5.0003050236733095
1661	5.0003050236733095
1662	5.0003050236733095
1663	25.79596287479903
1664	6.166732687865451
1665	6.166732687865451
1666	6.166732687865451
1667	6.166732687865451
1668	6.166732687865451
1669	6.166732687865451
1670	6.166732687865451
1671	6.166732687865451
1672	1.8996701684194495
1673	1.8996701684194495
1674	1.8996701684194495
1675	1.8996701684194495
1676	1.8996701684194495
1677	12.8216925375261
1678	12.8216925375261
1679	12.8216925375261
1680	12.8216925375261
1681	12.8216925375261
1682	12.8216925375261
1683	12.8216925375261
1684	6.037319102872178
1685	6.037319102872178
1686	6.037319102872178
1687	6.037319102872178
1688	6.037319102872178
1689	6.037319102872178
1690	6.037319102872178
1691	6.037319102872178
1692	6.037319102872178
1693	6.063387899750147
1694	11.374938660821716
1695	11.374938660821716
1696	11.374938660821716
1697	11.374938660821716
1698	11.374938660821716
1699	11.374938660821716
1700	11.374938660821716
1701	11.374938660821716
1702	11.374938660821716
1703	0.1
1704	16.911732748451705
1705	12.48627064997975
1706	12.48627064997975
1707	12.48627064997975
1708	5.956064335742003
1709	10.765041911080125
1710	10.765041911080125
1711	10.765041911080125
1712	10.765041911080125
1713	0.1
1714	5.883119524815976
1715	5.883119524815976
1716	0.1
1717	0.1
1718	0.1
1719	0.1
1720	0.1
1721	0.1
1722	0.1
1723	0.1
1724	0.1
1725	4.529959866318738
1726	4.529959866318738
1727	4.529959866318738
1728	10.558318287494465
1729	11.450779604311265
1730	1.2024078262663789
1731	1.2024078262663789
1732	1.2024078262663789
1733	1.2024078262663789
1734	1.2024078262663789
1735	1.2024078262663789
1736	1.2024078262663789
1737	0.7767097780354923
1738	0.7767097780354923
1739	0.7767097780354923
1740	6.645046667151264
1741	18.47495846488412
1742	3.672455075334528
1743	3.672455075334528
1744	3.672455075334528
1745	3.379951624586223
1746	3.379951624586223
1747	11.717594435173286
1748	11.717594435173286
1749	9.271308606403307
1750	9.271308606403307
1751	9.271308606403307
1752	9.271308606403307
1753	9.271308606403307
1754	9.271308606403307
1755	10.063756776247216
1756	10.063756776247216
1757	10.063756776247216
1758	10.063756776247216
1759	17.533745782349857
1760	3.6725277957190343
1761	7.716680364201932
1762	7.716680364201932
1763	7.716680364201932
1764	7.716680364201932
1765	7.716680364201932
1766	15.04897214419253
1767	15.04897214419253
1768	6.435994146319415
1769	6.435994146319415
1770	6.435994146319415
1771	6.435994146319415
1772	10.677100561579659
1773	15.021337980613449
1774	15.021337980613449
1775	15.021337980613449
1776	21.888614786468665
1777	11.825444718975902
1778	11.825444718975902
1779	11.825444718975902
1780	11.825444718975902
1781	2.327585594935343
1782	2.327585594935343
1783	2.327585594935343
1784	2.327585594935343
1785	2.327585594935343
1786	2.327585594935343
1787	13.83246519312342
1788	13.83246519312342
1789	13.83246519312342
1790	13.83246519312342
1791	13.83246519312342
1792	13.83246519312342
1793	13.83246519312342
1794	13.83246519312342
1795	13.83246519312342
1796	3.7157533429107357
1797	3.7157533429107357
1798	16.206165352922298
1799	16.760144063336174
1800	16.760144063336174
1801	16.760144063336174
1802	16.760144063336174
1803	16.760144063336174
1804	16.760144063336174
1805	16.760144063336174
1806	16.760144063336174
1807	16.760144063336174
1808	4.637036189447597
1809	4.637036189447597
1810	4.637036189447597
1811	4.637036189447597
1812	4.637036189447597
1813	4.637036189447597
1814	4.637036189447597
1815	4.637036189447597
1816	4.637036189447597
1817	10.014959084335954
1818	10.014959084335954
1819	10.014959084335954
1820	10.014959084335954
1821	10.014959084335954
1822	10.014959084335954
1823	10.014959084335954
1824	18.19029370581171
1825	17.110942216088333
1826	2.488574876388199
1827	15.654036845672463
1828	15.654036845672463
1829	4.06192524798378
1830	4.06192524798378
1831	4.06192524798378
1832	4.06192524798378
1833	12.944401209821876
1834	12.944401209821876
1835	12.944401209821876
1836	12.944401209821876
1837	12.944401209821876
1838	8.177554444010731
1839	8.177554444010731
1840	8.177554444010731
1841	5.766774385736175
1842	5.766774385736175
1843	5.766774385736175
1844	5.766774385736175
1845	5.766774385736175
1846	5.766774385736175
1847	14.875984640890774
1848	5.3446541422700236
1849	5.3446541422700236
1850	14.957066538015635
1851	14.957066538015635
1852	14.957066538015635
1853	14.957066538015635
1854	14.957066538015635
1855	14.957066538015635
1856	14.957066538015635
1857	3.1021823724353625
1858	3.1021823724353625
1859	3.1021823724353625
1860	15.144569654309407
1861	15.144569654309407
1862	15.144569654309407
1863	12.789138641096894
1864	12.789138641096894
1865	12.789138641096894
1866	12.789138641096894
1867	8.144723411350297
1868	8.144723411350297
1869	3.7448994700078684
1870	3.7448994700078684
1871	3.7448994700078684
1872	3.7448994700078684
1873	3.7448994700078684
1874	3.7448994700078684
1875	1.0633576848938944
1876	1.0633576848938944
1877	1.0633576848938944
1878	1.0633576848938944
1879	1.0633576848938944
1880	7.40186923761722
1881	7.40186923761722
1882	7.40186923761722
1883	7.40186923761722
1884	1.9021934652665937
1885	19.25705470922633
1886	19.25705470922633
1887	16.64070414761636
1888	16.64070414761636
1889	16.64070414761636
1890	16.64070414761636
1891	16.64070414761636
1892	16.64070414761636
1893	7.973918578224581
1894	6.209216501639462
1895	6.209216501639462
1896	6.209216501639462
1897	6.209216501639462
1898	14.877688117627413
1899	14.877688117627413
1900	14.877688117627413
1901	14.877688117627413
1902	14.877688117627413
1903	14.877688117627413
1904	14.877688117627413
1905	11.528787437714184
1906	5.189724894550133
1907	14.155472664682438
1908	14.155472664682438
1909	12.279605032863248
1910	12.279605032863248
1911	12.279605032863248
1912	12.279605032863248
1913	24.894243618274142
1914	24.894243618274142
1915	27.233358300537837
1916	20.285464714592603
1917	20.285464714592603
1918	20.285464714592603
1919	20.285464714592603
1920	18.269064455287463
1921	18.269064455287463
1922	18.269064455287463
1923	18.269064455287463
1924	18.269064455287463
1925	11.706379322515083
1926	21.745272568704735
1927	21.745272568704735
1928	21.745272568704735
1929	7.80114696119203
1930	7.80114696119203
1931	7.80114696119203
1932	7.80114696119203
1933	7.80114696119203
1934	7.80114696119203
1935	7.80114696119203
1936	7.80114696119203
1937	22.160792007227087
1938	18.4493387770331
1939	18.4493387770331
1940	18.036445628882813
1941	18.036445628882813
1942	22.79852442879158
1943	22.79852442879158
1944	22.79852442879158
1945	22.79852442879158
1946	22.79852442879158
1947	9.79854133056236
1948	9.79854133056236
1949	21.193490776882847
1950	22.723242478621067
1951	15.0457508176573
1952	15.0457508176573
1953	15.0457508176573
1954	15.0457508176573
1955	15.0457508176573
1956	15.0457508176573
1957	15.0457508176573
1958	15.0457508176573
1959	9.423590875031044
1960	1.7229253648122445
1961	1.7229253648122445
1962	1.7229253648122445
1963	1.7229253648122445
1964	1.7229253648122445
1965	1.7229253648122445
1966	1.7229253648122445
1967	1.7229253648122445
1968	1.7229253648122445
1969	3.852030963909029
1970	3.852030963909029
1971	3.852030963909029
1972	3.852030963909029
1973	3.852030963909029
1974	3.852030963909029
1975	3.852030963909029
1976	3.852030963909029
1977	3.852030963909029
1978	22.759443969250853
1979	22.759443969250853
1980	22.759443969250853
1981	5.645968572717082
1982	5.645968572717082
1983	7.638440408228389
1984	7.638440408228389
1985	7.638440408228389
1986	7.638440408228389
1987	7.638440408228389
1988	7.638440408228389
1989	14.711390798532236
1990	14.711390798532236
1991	14.711390798532236
1992	14.711390798532236
1993	3.134164786485652
1994	12.333782141136313
1995	12.333782141136313
1996	4.9812282761755
1997	4.9812282761755
1998	4.9812282761755
1999	4.9812282761755
2000	4.9812282761755
2001	17.4215949450656
2002	13.924442209829865
2003	13.924442209829865
2004	13.924442209829865
2005	13.924442209829865
2006	13.924442209829865
2007	13.924442209829865
2008	1.7302325597841737
2009	1.7302325597841737
2010	1.7302325597841737
2011	1.7302325597841737
2012	1.7302325597841737
2013	1.7302325597841737
2014	1.7302325597841737
2015	11.385288618761246
2016	11.385288618761246
2017	11.385288618761246
2018	11.385288618761246
2019	11.385288618761246
2020	11.385288618761246
2021	11.385288618761246
2022	11.385288618761246
2023	11.385288618761246
2024	11.663513286875714
2025	11.663513286875714
2026	11.663513286875714
2027	11.663513286875714
2028	11.663513286875714
2029	11.663513286875714
2030	11.663513286875714
2031	11.663513286875714
2032	11.663513286875714
2033	4.502304153495605
2034	4.502304153495605
2035	4.502304153495605
2036	4.502304153495605
2037	10.736729835860991
2038	10.736729835860991
2039	10.736729835860991
2040	3.921695618703545
2041	3.921695618703545
2042	3.921695618703545
2043	3.921695618703545
2044	3.921695618703545
2045	3.921695618703545
2046	3.921695618703545
2047	3.921695618703545
2048	3.921695618703545
2049	0.1
2050	0.1
2051	0.1
2052	0.1
2053	10.934341274664643
2054	10.934341274664643
2055	10.934341274664643
2056	0.1
2057	0.1
2058	0.1
2059	0.1
2060	9.37702847201065
2061	9.37702847201065
2062	9.37702847201065
2063	9.37702847201065
2064	9.37702847201065
2065	9.37702847201065
2066	9.37702847201065
2067	9.37702847201065
2068	9.37702847201065
2069	14.874662144463453
2070	14.874662144463453
2071	14.874662144463453
2072	14.874662144463453
2073	14.874662144463453
2074	14.874662144463453
2075	0.1
2076	7.658450991740953
2077	0.1
2078	0.1
2079	6.851435170118976
2080	11.278622907530078
2081	11.278622907530078
2082	11.278622907530078
2083	11.278622907530078
2084	11.278622907530078
2085	11.278622907530078
2086	15.989583457279029
2087	15.989583457279029
2088	15.930621502109563
2089	15.930621502109563
2090	15.930621502109563
2091	15.930621502109563
2092	14.001386401899005
2093	14.001386401899005
2094	14.001386401899005
2095	14.001386401899005
2096	9.351206919098855
2097	9.351206919098855
2098	9.351206919098855
2099	9.351206919098855
2100	9.351206919098855
2101	9.351206919098855
2102	27.12110194436719
2103	27.12110194436719
2104	27.12110194436719
2105	27.12110194436719
2106	4.771846441939635
2107	4.771846441939635
2108	5.976653090978522
2109	5.976653090978522
2110	5.976653090978522
2111	11.447322976136707
2112	6.623394481145315
2113	6.623394481145315
2114	6.623394481145315
2115	6.623394481145315
2116	6.623394481145315
2117	6.623394481145315
2118	6.623394481145315
2119	6.623394481145315
2120	6.623394481145315
2121	22.61817716365291
2122	22.61817716365291
2123	22.61817716365291
2124	22.61817716365291
2125	10.131199188341437
2126	10.131199188341437
2127	0.1
2128	0.1
2129	0.1
2130	0.1
2131	14.049278277443287
2132	14.049278277443287
2133	14.049278277443287
2134	14.049278277443287
2135	10.869541424806952
2136	5.106379576220495
2137	5.106379576220495
2138	14.07801226649241
2139	9.84581935429304
2140	9.84581935429304
2141	9.84581935429304
2142	9.84581935429304
2143	9.84581935429304
2144	9.84581935429304
2145	9.84581935429304
2146	9.84581935429304
2147	9.84581935429304
2148	10.286573234362443
2149	10.286573234362443
2150	10.286573234362443
2151	10.286573234362443
2152	0.29084052325527665
2153	0.29084052325527665
2154	0.29084052325527665
2155	13.669451254768246
2156	13.669451254768246
2157	13.669451254768246
2158	13.669451254768246
2159	9.29843103676117
2160	9.29843103676117
2161	9.29843103676117
2162	9.29843103676117
2163	9.29843103676117
2164	9.29843103676117
2165	9.29843103676117
2166	9.29843103676117
2167	9.29843103676117
2168	8.54148568422887
2169	9.221457520416457
2170	9.221457520416457
2171	9.221457520416457
2172	10.55321154150441
2173	10.55321154150441
2174	10.55321154150441
2175	10.55321154150441
2176	0.1
2177	0.1
2178	0.1
2179	0.1
2180	0.1
2181	0.1
2182	0.1
2183	0.1
2184	0.1
2185	7.989150471614219
2186	7.989150471614219
2187	7.989150471614219
2188	7.989150471614219
2189	7.989150471614219
2190	7.989150471614219
2191	0.1
2192	9.574431774251051
2193	9.574431774251051
2194	9.574431774251051
2195	13.806295043976707
2196	8.802067058734412
2197	8.802067058734412
2198	8.802067058734412
2199	0.1
2200	0.1
2201	0.1
2202	0.1
2203	8.843218983033635
2204	10.139211894568279
2205	10.139211894568279
2206	10.139211894568279
2207	21.533599540670835
2208	21.533599540670835
2209	21.533599540670835
2210	4.832686302201656
2211	4.832686302201656
2212	0.1
2213	0.1
2214	0.1
2215	0.1
2216	0.1
2217	0.1
2218	0.1
2219	0.1
2220	0.1
2221	5.934468489108844
2222	5.934468489108844
2223	5.934468489108844
2224	5.934468489108844
2225	5.934468489108844
2226	5.934468489108844
2227	23.856837472658363
2228	23.856837472658363
2229	10.018325037552941
2230	13.827388304696855
