0	4.008109548292936
1	1.6838056137468544
2	1.6838056137468544
3	1.6838056137468544
4	1.9932380891836579
5	1.9932380891836579
6	1.9932380891836579
7	1.9932380891836579
8	1.9932380891836579
9	1.9932380891836579
10	2.0665752596864815
11	2.0665752596864815
12	2.0665752596864815
13	2.0665752596864815
14	2.0665752596864815
15	2.0665752596864815
16	2.0665752596864815
17	2.0665752596864815
18	2.0665752596864815
19	2.0665752596864815
20	2.334075379755967
21	2.334075379755967
22	1.4817495820313913
23	1.4817495820313913
24	1.4817495820313913
25	1.4817495820313913
26	1.4817495820313913
27	1.4817495820313913
28	1.4817495820313913
29	1.4817495820313913
30	1.4817495820313913
31	1.4817495820313913
32	1.8659715734170719
33	1.8659715734170719
34	1.8659715734170719
35	1.8659715734170719
36	1.8659715734170719
37	1.8659715734170719
38	1.8659715734170719
39	1.8659715734170719
40	1.8659715734170719
41	1.8659715734170719
42	3.5139044310429024
43	1.5795619047082745
44	2.8861006162162695
45	2.8861006162162695
46	1.8031323346225707
47	1.8031323346225707
48	1.8031323346225707
49	1.8031323346225707
50	1.8031323346225707
51	1.8031323346225707
52	1.8031323346225707
53	2.2919872293649393
54	2.536949120731708
55	2.7383957841137976
56	2.7383957841137976
57	2.7383957841137976
58	2.7383957841137976
59	2.7383957841137976
60	2.7383957841137976
61	2.7383957841137976
62	2.7383957841137976
63	2.7383957841137976
64	2.7383957841137976
65	3.110510672393654
66	3.110510672393654
67	3.110510672393654
68	3.110510672393654
69	3.110510672393654
70	3.110510672393654
71	2.55844090686239
72	2.6355583464596064
73	2.6355583464596064
74	2.6355583464596064
75	2.6355583464596064
76	2.6355583464596064
77	2.6355583464596064
78	2.6355583464596064
79	2.6355583464596064
80	1.0480109105363766
81	2.393570842236113
82	2.393570842236113
83	2.393570842236113
84	2.393570842236113
85	3.7897079466821597
86	3.7897079466821597
87	4.490141443400063
88	4.490141443400063
89	4.490141443400063
90	4.490141443400063
91	4.490141443400063
92	4.490141443400063
93	4.490141443400063
94	4.490141443400063
95	4.490141443400063
96	0.8207478498062819
97	0.8207478498062819
98	0.8207478498062819
99	0.8207478498062819
100	0.8207478498062819
101	0.8207478498062819
102	0.8207478498062819
103	1.1085758314830803
104	1.1085758314830803
105	1.1085758314830803
106	1.4047168042423062
107	1.4047168042423062
108	1.4047168042423062
109	1.4047168042423062
110	1.4047168042423062
111	1.4047168042423062
112	1.4047168042423062
113	1.4047168042423062
114	1.4047168042423062
115	1.4047168042423062
116	2.5516934226848154
117	2.5516934226848154
118	2.5516934226848154
119	2.5516934226848154
120	2.5516934226848154
121	2.5516934226848154
122	2.5516934226848154
123	2.5516934226848154
124	2.5516934226848154
125	2.5947865670727692
126	2.5947865670727692
127	2.5947865670727692
128	2.5947865670727692
129	2.5947865670727692
130	2.5947865670727692
131	2.5947865670727692
132	2.5947865670727692
133	2.5947865670727692
134	2.5947865670727692
135	2.8848359488043176
136	2.8848359488043176
137	3.8016699427745744
138	3.8016699427745744
139	3.8016699427745744
140	1.9546566478537621
141	1.9546566478537621
142	1.9546566478537621
143	1.9546566478537621
144	1.9546566478537621
145	1.9546566478537621
146	1.9546566478537621
147	1.9546566478537621
148	1.9546566478537621
149	1.9546566478537621
150	2.5195273976318604
151	2.5195273976318604
152	2.5195273976318604
153	2.5195273976318604
154	2.5195273976318604
155	2.5195273976318604
156	2.5195273976318604
157	2.5195273976318604
158	2.4403811989386464
159	2.4403811989386464
160	2.30180988035029
161	2.987017828121911
162	2.987017828121911
163	2.987017828121911
164	2.987017828121911
165	2.987017828121911
166	2.6516726274352376
167	2.6516726274352376
168	2.6516726274352376
169	2.6516726274352376
170	2.6516726274352376
171	2.6516726274352376
172	2.6516726274352376
173	2.6516726274352376
174	2.6516726274352376
175	2.6516726274352376
176	4.572760294484765
177	4.572760294484765
178	4.572760294484765
179	4.572760294484765
180	4.572760294484765
181	4.572760294484765
182	4.572760294484765
183	4.572760294484765
184	4.572760294484765
185	4.572760294484765
186	4.3262577569626455
187	4.3262577569626455
188	4.3262577569626455
189	4.3262577569626455
190	4.3262577569626455
191	1.528437480629848
192	1.528437480629848
193	1.528437480629848
194	1.528437480629848
195	1.528437480629848
196	1.528437480629848
197	1.528437480629848
198	1.528437480629848
199	1.528437480629848
200	1.528437480629848
201	3.6628069937455137
202	3.6628069937455137
203	3.6628069937455137
204	3.6628069937455137
205	3.6628069937455137
206	3.6628069937455137
207	2.054615261416915
208	1.6613069691152726
209	1.6613069691152726
210	1.6613069691152726
211	1.6613069691152726
212	1.6613069691152726
213	1.6613069691152726
214	1.6613069691152726
215	1.6613069691152726
216	1.6613069691152726
217	1.6613069691152726
218	1.6133310377811398
219	1.6133310377811398
220	1.6133310377811398
221	1.6133310377811398
222	1.6133310377811398
223	1.6133310377811398
224	1.6133310377811398
225	1.6133310377811398
226	1.6133310377811398
227	1.6133310377811398
228	2.574370808876353
229	2.574370808876353
230	2.574370808876353
231	2.574370808876353
232	2.574370808876353
233	2.574370808876353
234	2.574370808876353
235	2.574370808876353
236	2.574370808876353
237	2.574370808876353
238	2.2873403585635614
239	2.2873403585635614
240	2.2873403585635614
241	2.2873403585635614
242	2.2873403585635614
243	2.2873403585635614
244	2.2873403585635614
245	2.2873403585635614
246	2.2873403585635614
247	2.2873403585635614
248	1.3731671225183029
249	1.3731671225183029
250	1.3731671225183029
251	3.6543215467904524
252	2.6397728771013913
253	2.6397728771013913
254	2.6397728771013913
255	2.6397728771013913
256	2.6397728771013913
257	2.6397728771013913
258	3.030387040348051
259	3.030387040348051
260	1.23184419095664
261	1.23184419095664
262	1.23184419095664
263	1.23184419095664
264	1.23184419095664
265	1.23184419095664
266	4.300681564024209
267	4.300681564024209
268	4.300681564024209
269	4.300681564024209
270	4.300681564024209
271	4.300681564024209
272	4.300681564024209
273	4.300681564024209
274	4.300681564024209
275	4.300681564024209
276	2.887464074075616
277	2.887464074075616
278	2.887464074075616
279	2.887464074075616
280	2.887464074075616
281	2.887464074075616
282	2.887464074075616
283	2.887464074075616
284	2.887464074075616
285	2.887464074075616
286	3.2497237312936553
287	3.2497237312936553
288	3.2497237312936553
289	3.2497237312936553
290	3.2497237312936553
291	3.2497237312936553
292	3.2497237312936553
293	3.2497237312936553
294	3.2497237312936553
295	3.2497237312936553
296	2.6243790614380162
297	2.6243790614380162
298	2.6243790614380162
299	2.6243790614380162
300	2.6243790614380162
301	2.6243790614380162
302	2.6243790614380162
303	2.6243790614380162
304	2.6243790614380162
305	2.5004467986640746
306	2.5004467986640746
307	2.5004467986640746
308	2.5004467986640746
309	2.5004467986640746
310	2.5004467986640746
311	2.5004467986640746
312	2.5004467986640746
313	2.140248805967204
314	2.140248805967204
315	4.293122790369862
316	4.293122790369862
317	4.293122790369862
318	4.293122790369862
319	4.293122790369862
320	4.293122790369862
321	4.293122790369862
322	4.293122790369862
323	4.293122790369862
324	4.293122790369862
325	2.9008115053021095
326	2.9008115053021095
327	2.9008115053021095
328	2.0629038498292402
329	2.0629038498292402
330	2.0629038498292402
331	2.0629038498292402
332	1.7684018694775516
333	1.7684018694775516
334	1.7684018694775516
335	1.7684018694775516
336	1.7684018694775516
337	1.7684018694775516
338	1.7684018694775516
339	1.7684018694775516
340	1.7684018694775516
341	1.7684018694775516
342	1.9485676842591193
343	1.9485676842591193
344	1.9485676842591193
345	1.9485676842591193
346	1.9485676842591193
347	1.9485676842591193
348	1.9485676842591193
349	1.9485676842591193
350	2.8767469778237746
351	2.8767469778237746
352	2.8767469778237746
353	2.8767469778237746
354	2.8767469778237746
355	2.8767469778237746
356	2.8767469778237746
357	2.8767469778237746
358	2.8767469778237746
359	2.8767469778237746
360	1.9036375412313074
361	1.9036375412313074
362	1.9036375412313074
363	1.9036375412313074
364	1.9036375412313074
365	1.9036375412313074
366	1.9036375412313074
367	1.9036375412313074
368	1.9036375412313074
369	1.9036375412313074
370	1.879304199386112
371	1.879304199386112
372	3.048205397647355
373	3.048205397647355
374	2.151539351638813
375	2.151539351638813
376	2.151539351638813
377	2.151539351638813
378	2.151539351638813
379	2.151539351638813
380	2.614864906013534
381	2.040895300812547
382	2.040895300812547
383	2.040895300812547
384	2.040895300812547
385	2.040895300812547
386	2.040895300812547
387	2.040895300812547
388	2.040895300812547
389	2.040895300812547
390	2.040895300812547
391	3.7806234056645547
392	3.7806234056645547
393	3.7806234056645547
394	3.7806234056645547
395	3.7806234056645547
396	2.7669601923092064
397	2.7669601923092064
398	2.7669601923092064
399	2.7669601923092064
400	2.7669601923092064
401	2.7669601923092064
402	2.7669601923092064
403	2.7669601923092064
404	2.7669601923092064
405	2.7669601923092064
406	3.3310409105439316
407	3.3310409105439316
408	3.3310409105439316
409	3.3310409105439316
410	3.3310409105439316
411	3.3310409105439316
412	3.3310409105439316
413	3.3310409105439316
414	3.3310409105439316
415	3.3310409105439316
416	2.3318438370984294
417	2.3318438370984294
418	2.3318438370984294
419	2.3318438370984294
420	2.3318438370984294
421	2.3318438370984294
422	2.3318438370984294
423	2.3318438370984294
424	2.3318438370984294
425	2.3318438370984294
426	2.1758666677442866
427	2.1758666677442866
428	0.7509068084156116
429	0.7509068084156116
430	0.7509068084156116
431	0.7509068084156116
432	0.7509068084156116
433	0.7509068084156116
434	0.7509068084156116
435	0.7509068084156116
436	0.7509068084156116
437	0.7509068084156116
438	3.2035123459292407
439	3.2035123459292407
440	2.161894944508409
441	2.161894944508409
442	2.161894944508409
443	2.161894944508409
444	2.161894944508409
445	2.161894944508409
446	2.161894944508409
447	2.161894944508409
448	2.161894944508409
449	2.161894944508409
450	1.438757233106858
451	1.438757233106858
452	1.438757233106858
453	1.438757233106858
454	1.438757233106858
455	1.438757233106858
456	1.438757233106858
457	1.438757233106858
458	1.438757233106858
459	1.438757233106858
460	1.9265714273338859
461	1.9265714273338859
462	1.9265714273338859
463	1.9265714273338859
464	1.9265714273338859
465	2.64211224730116
466	2.64211224730116
467	2.64211224730116
468	2.64211224730116
469	2.64211224730116
470	2.64211224730116
471	2.64211224730116
472	1.202985417900302
473	1.202985417900302
474	2.7268288289352096
475	2.7268288289352096
476	2.7268288289352096
477	2.7268288289352096
478	2.7268288289352096
479	2.7268288289352096
480	2.7268288289352096
481	1.06688322762408
482	1.06688322762408
483	1.06688322762408
484	3.6510272277322136
485	3.6510272277322136
486	3.5917146075793864
487	3.5917146075793864
488	3.5917146075793864
489	3.5917146075793864
490	3.5917146075793864
491	3.148200010132105
492	3.148200010132105
493	3.148200010132105
494	2.601089188813699
495	2.601089188813699
496	2.601089188813699
497	2.601089188813699
498	2.601089188813699
499	3.8176227656622768
500	3.8176227656622768
501	3.8176227656622768
502	3.8176227656622768
503	2.313261542330645
504	2.313261542330645
505	2.313261542330645
506	2.313261542330645
507	2.313261542330645
508	2.313261542330645
509	2.313261542330645
510	2.313261542330645
511	2.313261542330645
512	2.313261542330645
513	2.466258766642886
514	3.688502910976564
515	3.688502910976564
516	3.688502910976564
517	3.688502910976564
518	3.688502910976564
519	3.688502910976564
520	3.688502910976564
521	3.688502910976564
522	3.688502910976564
523	3.918253354308332
524	1.543147352436998
525	1.543147352436998
526	1.543147352436998
527	1.543147352436998
528	1.543147352436998
529	1.543147352436998
530	1.543147352436998
531	1.543147352436998
532	1.543147352436998
533	1.543147352436998
534	1.7176164604335915
535	1.7176164604335915
536	1.7176164604335915
537	1.7176164604335915
538	1.7176164604335915
539	1.7176164604335915
540	1.7176164604335915
541	1.7176164604335915
542	1.7176164604335915
543	1.7176164604335915
544	3.925443915422812
545	3.925443915422812
546	3.925443915422812
547	3.925443915422812
548	3.925443915422812
549	3.925443915422812
550	3.925443915422812
551	3.925443915422812
552	3.925443915422812
553	3.925443915422812
554	2.3264439638090506
555	2.3264439638090506
556	2.3264439638090506
557	2.3264439638090506
558	2.3264439638090506
559	3.503249306732106
560	3.503249306732106
561	1.826462451175094
562	1.826462451175094
563	1.826462451175094
564	1.826462451175094
565	1.826462451175094
566	1.826462451175094
567	1.826462451175094
568	1.826462451175094
569	1.579182152472487
570	1.579182152472487
571	1.579182152472487
572	1.579182152472487
573	1.579182152472487
574	1.579182152472487
575	1.579182152472487
576	1.579182152472487
577	1.579182152472487
578	1.579182152472487
579	3.073321815507164
580	3.073321815507164
581	3.073321815507164
582	3.073321815507164
583	3.6427698738415897
584	3.6427698738415897
585	3.6427698738415897
586	3.6427698738415897
587	2.7031156480875573
588	2.7031156480875573
589	2.0407801773997893
590	2.0407801773997893
591	2.0407801773997893
592	2.0407801773997893
593	2.0407801773997893
594	2.0407801773997893
595	1.5560123729144257
596	1.5560123729144257
597	1.5560123729144257
598	1.5560123729144257
599	1.5560123729144257
600	1.5560123729144257
601	1.5560123729144257
602	1.644056966709317
603	1.644056966709317
604	1.644056966709317
605	2.300655298128137
606	2.300655298128137
607	2.300655298128137
608	2.300655298128137
609	2.300655298128137
610	2.300655298128137
611	2.300655298128137
612	2.4799902309194994
613	2.4799902309194994
614	2.4799902309194994
615	2.4799902309194994
616	0.5639827653162337
617	0.5639827653162337
618	0.5639827653162337
619	0.5639827653162337
620	0.5639827653162337
621	0.5639827653162337
622	0.5639827653162337
623	2.8625828726258744
624	1.6339688024478658
625	3.089656469176626
626	3.089656469176626
627	3.089656469176626
628	3.089656469176626
629	3.089656469176626
630	3.089656469176626
631	3.089656469176626
632	3.089656469176626
633	3.089656469176626
634	3.089656469176626
635	1.6573757491623513
636	1.6573757491623513
637	1.6573757491623513
638	1.6573757491623513
639	1.6573757491623513
640	1.6573757491623513
641	1.6573757491623513
642	1.6573757491623513
643	1.6573757491623513
644	1.6573757491623513
645	1.0694860029158275
646	1.0694860029158275
647	1.0694860029158275
648	2.7655764900259117
649	1.5554096710728367
650	1.5554096710728367
651	1.5554096710728367
652	1.5554096710728367
653	1.5554096710728367
654	1.5554096710728367
655	1.5554096710728367
656	1.5554096710728367
657	1.5554096710728367
658	1.5554096710728367
659	3.279883586076279
660	3.279883586076279
661	3.279883586076279
662	1.506168420460752
663	1.506168420460752
664	1.506168420460752
665	1.506168420460752
666	1.4115103389902235
667	1.4115103389902235
668	1.4115103389902235
669	1.4115103389902235
670	1.4115103389902235
671	1.4115103389902235
672	1.4115103389902235
673	3.1465112507481545
674	3.1465112507481545
675	2.4197822406913523
676	2.4197822406913523
677	2.4197822406913523
678	2.4197822406913523
679	2.4197822406913523
680	2.4197822406913523
681	2.4197822406913523
682	2.4197822406913523
683	2.4197822406913523
684	2.4197822406913523
685	3.6533751140037922
686	3.6533751140037922
687	3.6533751140037922
688	3.6533751140037922
689	3.6533751140037922
690	3.3926399257213156
691	0.11305822453863446
692	0.11305822453863446
693	0.11305822453863446
694	0.11305822453863446
695	0.11305822453863446
696	0.11305822453863446
697	2.956735007054895
698	2.956735007054895
699	2.956735007054895
700	2.956735007054895
701	2.956735007054895
702	2.956735007054895
703	2.956735007054895
704	2.956735007054895
705	2.956735007054895
706	2.956735007054895
707	3.7833580006681204
708	3.7833580006681204
709	3.7833580006681204
710	3.7833580006681204
711	3.7833580006681204
712	3.7833580006681204
713	3.7833580006681204
714	3.7833580006681204
715	3.7833580006681204
716	3.7833580006681204
717	3.783865651720421
718	3.783865651720421
719	3.783865651720421
720	3.783865651720421
721	3.783865651720421
722	3.783865651720421
723	3.783865651720421
724	3.783865651720421
725	3.783865651720421
726	2.468256520385442
727	2.468256520385442
728	2.468256520385442
729	2.468256520385442
730	2.468256520385442
731	2.468256520385442
732	2.468256520385442
733	2.468256520385442
734	2.468256520385442
735	2.468256520385442
736	3.322462436559904
737	3.322462436559904
738	3.322462436559904
739	3.322462436559904
740	3.322462436559904
741	3.322462436559904
742	3.322462436559904
743	3.322462436559904
744	3.322462436559904
745	1.849948172878157
746	1.849948172878157
747	1.849948172878157
748	1.849948172878157
749	1.849948172878157
750	1.849948172878157
751	3.1456495652950007
752	3.1456495652950007
753	3.1456495652950007
754	3.1456495652950007
755	3.1456495652950007
756	2.128825131039229
757	2.128825131039229
758	2.128825131039229
759	1.6937657750886626
760	1.6937657750886626
761	1.6937657750886626
762	1.6937657750886626
763	1.6937657750886626
764	1.6937657750886626
765	1.6937657750886626
766	1.6937657750886626
767	1.6937657750886626
768	1.6937657750886626
769	1.6377107874796568
770	1.6377107874796568
771	1.6377107874796568
772	1.6377107874796568
773	1.6377107874796568
774	1.6377107874796568
775	1.6377107874796568
776	1.6377107874796568
777	1.6377107874796568
778	1.6377107874796568
779	2.26574759158753
780	2.26574759158753
781	2.26574759158753
782	2.453544914618415
783	2.453544914618415
784	2.453544914618415
785	2.453544914618415
786	2.453544914618415
787	2.453544914618415
788	2.453544914618415
789	2.453544914618415
790	2.453544914618415
791	2.453544914618415
792	1.2652312896125273
793	1.2652312896125273
794	3.9364626704758825
795	3.046627172734508
796	3.046627172734508
797	3.046627172734508
798	3.046627172734508
799	3.046627172734508
800	2.7151393294790322
801	2.7151393294790322
802	2.7151393294790322
803	2.7151393294790322
804	2.7151393294790322
805	2.7151393294790322
806	2.7151393294790322
807	2.7151393294790322
808	2.7151393294790322
809	2.7151393294790322
810	2.7872064391849047
811	2.7872064391849047
812	0.6759087490367524
813	0.6759087490367524
814	2.7823569824047865
815	2.7823569824047865
816	2.7823569824047865
817	2.7823569824047865
818	2.7823569824047865
819	2.7823569824047865
820	2.7823569824047865
821	2.7823569824047865
822	2.7823569824047865
823	2.7823569824047865
824	2.0113329148061783
825	2.0113329148061783
826	2.0113329148061783
827	2.0113329148061783
828	2.0113329148061783
829	2.0113329148061783
830	2.0113329148061783
831	3.014120888056887
832	3.014120888056887
833	3.014120888056887
834	3.014120888056887
835	3.014120888056887
836	3.014120888056887
837	3.014120888056887
838	3.014120888056887
839	3.014120888056887
840	3.014120888056887
841	2.2924676441360186
842	2.2924676441360186
843	2.2924676441360186
844	2.2924676441360186
845	2.9588843526804984
846	2.9588843526804984
847	2.372091554120679
848	2.372091554120679
849	2.372091554120679
850	2.372091554120679
851	2.372091554120679
852	2.372091554120679
853	2.372091554120679
854	2.372091554120679
855	2.372091554120679
856	2.372091554120679
857	0.18632382189791175
858	0.18632382189791175
859	0.18632382189791175
860	0.18632382189791175
861	0.18632382189791175
862	0.18632382189791175
863	0.18632382189791175
864	0.18632382189791175
865	3.351506648875415
866	3.351506648875415
867	3.351506648875415
868	3.351506648875415
869	1.3545836867122907
870	1.3545836867122907
871	1.3545836867122907
872	2.4802053028732627
873	2.4802053028732627
874	2.4802053028732627
875	2.4802053028732627
876	2.4802053028732627
877	3.0555778020077353
878	3.0555778020077353
879	3.0555778020077353
880	0.9656328916211638
881	0.9656328916211638
882	0.9656328916211638
883	0.9656328916211638
884	0.9656328916211638
885	0.9656328916211638
886	0.9656328916211638
887	2.592106922805792
888	2.592106922805792
889	2.592106922805792
890	2.592106922805792
891	2.592106922805792
892	2.592106922805792
893	2.592106922805792
894	2.592106922805792
895	2.592106922805792
896	2.592106922805792
897	1.9857800083556456
898	1.9857800083556456
899	1.9857800083556456
900	1.9857800083556456
901	1.9857800083556456
902	1.9857800083556456
903	1.9857800083556456
904	1.4755572125253174
905	1.4755572125253174
906	1.4755572125253174
907	1.4755572125253174
908	1.4755572125253174
909	1.4755572125253174
910	3.0941655326489683
911	3.0941655326489683
912	3.0941655326489683
913	3.0941655326489683
914	1.6197347823253463
915	1.6197347823253463
916	1.6197347823253463
917	1.6197347823253463
918	1.6197347823253463
919	1.6197347823253463
920	1.6197347823253463
921	1.6197347823253463
922	1.6197347823253463
923	4.629053393557597
924	4.629053393557597
925	3.1367289986177402
926	3.1367289986177402
927	3.1367289986177402
928	4.763385711665533
929	4.763385711665533
930	4.763385711665533
931	4.763385711665533
932	4.763385711665533
933	4.763385711665533
934	4.763385711665533
935	4.763385711665533
936	4.763385711665533
937	4.763385711665533
938	2.853638971978532
939	2.853638971978532
940	2.853638971978532
941	2.853638971978532
942	2.1090502684931196
943	3.1399754995737874
944	3.1399754995737874
945	3.1399754995737874
946	3.1399754995737874
947	3.420945080007548
948	3.420945080007548
949	1.719906511594463
950	1.719906511594463
951	1.719906511594463
952	1.719906511594463
953	1.719906511594463
954	1.719906511594463
955	1.719906511594463
956	3.376949766457244
957	4.726966987700379
958	4.726966987700379
959	4.726966987700379
960	4.726966987700379
961	4.726966987700379
962	4.726966987700379
963	4.726966987700379
964	4.726966987700379
965	4.726966987700379
966	4.726966987700379
967	3.0733902759849467
968	3.0733902759849467
969	4.495130481867513
970	4.495130481867513
971	4.495130481867513
972	4.495130481867513
973	3.517256182977272
974	3.517256182977272
975	3.517256182977272
976	3.517256182977272
977	3.517256182977272
978	3.517256182977272
979	3.517256182977272
980	3.517256182977272
981	3.517256182977272
982	3.517256182977272
983	3.5487957468242453
984	3.5487957468242453
985	3.5487957468242453
986	3.5487957468242453
987	3.5487957468242453
988	3.5487957468242453
989	3.5487957468242453
990	3.5487957468242453
991	3.5487957468242453
992	3.5487957468242453
993	2.0621820436932357
994	2.0621820436932357
995	2.0621820436932357
996	1.7323825651937026
997	1.7323825651937026
998	1.7323825651937026
999	1.7323825651937026
1000	1.4085344563226014
1001	1.4085344563226014
1002	1.4085344563226014
1003	1.4085344563226014
1004	1.4085344563226014
1005	1.4085344563226014
1006	1.4085344563226014
1007	1.4085344563226014
1008	2.6429003217063873
1009	2.6429003217063873
1010	2.6429003217063873
1011	2.6429003217063873
1012	2.6429003217063873
1013	2.6429003217063873
1014	2.6429003217063873
1015	2.6429003217063873
1016	2.6429003217063873
1017	2.6429003217063873
1018	3.977767762357238
1019	3.977767762357238
1020	3.977767762357238
1021	3.977767762357238
1022	2.5809298250324706
1023	2.5809298250324706
1024	2.5809298250324706
1025	2.5809298250324706
1026	2.5809298250324706
1027	2.5809298250324706
1028	2.5809298250324706
1029	2.5809298250324706
1030	2.5809298250324706
1031	2.5809298250324706
1032	3.8591319831996946
1033	3.8591319831996946
1034	3.8591319831996946
1035	1.4126638668449178
1036	1.4126638668449178
1037	1.4126638668449178
1038	1.4126638668449178
1039	1.4126638668449178
1040	1.4126638668449178
1041	1.4126638668449178
1042	1.4126638668449178
1043	1.4126638668449178
1044	2.7717733453983744
1045	2.7717733453983744
1046	2.7717733453983744
1047	2.7717733453983744
1048	2.7717733453983744
1049	2.7717733453983744
1050	2.7717733453983744
1051	2.7717733453983744
1052	2.7717733453983744
1053	2.7717733453983744
1054	2.3104407254084047
1055	3.9822948127031523
1056	3.9822948127031523
1057	3.9822948127031523
1058	3.9822948127031523
1059	3.9822948127031523
1060	2.499280521325705
1061	1.36840510739198
1062	1.36840510739198
1063	1.36840510739198
1064	1.36840510739198
1065	1.36840510739198
1066	1.432917758455746
1067	1.432917758455746
1068	1.432917758455746
1069	1.432917758455746
1070	1.432917758455746
1071	1.432917758455746
1072	1.432917758455746
1073	1.432917758455746
1074	1.432917758455746
1075	1.432917758455746
1076	1.9503001040990728
1077	1.9503001040990728
1078	1.9503001040990728
1079	1.9503001040990728
1080	1.9503001040990728
1081	1.9503001040990728
1082	1.9503001040990728
1083	1.9503001040990728
1084	1.9503001040990728
1085	1.9503001040990728
1086	2.043114124979019
1087	2.043114124979019
1088	0.8748974275693033
1089	0.8748974275693033
1090	0.8748974275693033
1091	0.8748974275693033
1092	0.8748974275693033
1093	0.8748974275693033
1094	0.8748974275693033
1095	0.8748974275693033
1096	0.8748974275693033
1097	0.8748974275693033
1098	2.3707156494430146
1099	2.3707156494430146
1100	3.786398311366998
1101	3.786398311366998
1102	3.786398311366998
1103	3.786398311366998
1104	3.786398311366998
1105	3.786398311366998
1106	3.786398311366998
1107	1.781920797563051
1108	1.781920797563051
1109	2.6954313631180185
1110	2.6954313631180185
1111	2.6954313631180185
1112	2.6954313631180185
1113	2.6954313631180185
1114	2.6954313631180185
1115	2.6954313631180185
1116	2.6954313631180185
1117	2.6954313631180185
1118	2.6954313631180185
1119	2.126850025394721
1120	2.126850025394721
1121	2.126850025394721
1122	2.126850025394721
1123	2.126850025394721
1124	2.126850025394721
1125	2.126850025394721
1126	2.126850025394721
1127	2.126850025394721
1128	1.9431681721617702
1129	1.9431681721617702
1130	1.9431681721617702
1131	1.9431681721617702
1132	1.9736329647881263
1133	1.9736329647881263
1134	1.9736329647881263
1135	1.9736329647881263
1136	1.9736329647881263
1137	1.9736329647881263
1138	1.9736329647881263
1139	1.9736329647881263
1140	1.9736329647881263
1141	1.9736329647881263
1142	2.4420811749837834
1143	2.4420811749837834
1144	2.4420811749837834
1145	2.4420811749837834
1146	2.4420811749837834
1147	2.4420811749837834
1148	2.4420811749837834
1149	2.4420811749837834
1150	2.4420811749837834
1151	2.4420811749837834
1152	2.7705779659042644
1153	2.7705779659042644
1154	2.7705779659042644
1155	2.2532834259366723
1156	2.2532834259366723
1157	2.2532834259366723
1158	2.2532834259366723
1159	2.2532834259366723
1160	2.2532834259366723
1161	2.210325682968412
1162	2.210325682968412
1163	2.210325682968412
1164	2.210325682968412
1165	2.210325682968412
1166	2.210325682968412
1167	2.210325682968412
1168	2.210325682968412
1169	2.210325682968412
1170	2.210325682968412
1171	2.548642888447967
1172	2.548642888447967
1173	2.548642888447967
1174	1.87967091256141
1175	1.87967091256141
1176	1.87967091256141
1177	1.87967091256141
1178	1.87967091256141
1179	1.87967091256141
1180	1.87967091256141
1181	1.6606630010681949
1182	2.033562268596346
1183	2.033562268596346
1184	2.033562268596346
1185	2.033562268596346
1186	2.033562268596346
1187	2.033562268596346
1188	2.033562268596346
1189	2.033562268596346
1190	2.033562268596346
1191	2.033562268596346
1192	5.243561252631713
1193	5.243561252631713
1194	5.243561252631713
1195	5.243561252631713
1196	5.243561252631713
1197	3.9510504264404847
1198	3.9510504264404847
1199	3.9510504264404847
1200	3.9510504264404847
1201	3.9510504264404847
1202	3.9510504264404847
1203	3.9510504264404847
1204	3.9510504264404847
1205	3.9510504264404847
1206	3.9510504264404847
1207	3.513317657931198
1208	2.013164998364993
1209	4.2197422141358825
1210	4.2197422141358825
1211	4.2197422141358825
1212	4.2197422141358825
1213	4.2197422141358825
1214	4.2197422141358825
1215	4.2197422141358825
1216	4.2197422141358825
1217	4.2197422141358825
1218	4.2197422141358825
1219	3.0248990632946855
1220	3.0248990632946855
1221	3.0248990632946855
1222	3.0248990632946855
1223	3.0248990632946855
1224	3.0248990632946855
1225	3.0248990632946855
1226	3.0248990632946855
1227	3.0248990632946855
1228	3.0248990632946855
1229	1.777955562891452
1230	1.777955562891452
1231	1.777955562891452
1232	1.777955562891452
1233	1.777955562891452
1234	1.777955562891452
1235	1.777955562891452
1236	1.777955562891452
1237	1.777955562891452
1238	1.777955562891452
1239	2.545115768474073
1240	2.545115768474073
1241	2.545115768474073
1242	2.545115768474073
1243	2.545115768474073
1244	2.545115768474073
1245	2.545115768474073
1246	3.2543585002647224
1247	2.2313435864618723
1248	2.2313435864618723
1249	2.2313435864618723
1250	2.2313435864618723
1251	2.110193553027162
1252	2.110193553027162
1253	2.110193553027162
1254	1.8612227204679497
1255	1.8612227204679497
1256	4.01990071541141
1257	4.01990071541141
1258	4.01990071541141
1259	4.01990071541141
1260	4.01990071541141
1261	4.01990071541141
1262	4.01990071541141
1263	4.01990071541141
1264	4.01990071541141
1265	4.01990071541141
1266	1.18772507738028
1267	3.24719039578801
1268	3.24719039578801
1269	3.24719039578801
1270	3.24719039578801
1271	3.24719039578801
1272	3.24719039578801
1273	2.758507338331031
1274	2.758507338331031
1275	2.758507338331031
1276	2.758507338331031
1277	2.758507338331031
1278	2.758507338331031
1279	2.758507338331031
1280	2.758507338331031
1281	2.758507338331031
1282	2.758507338331031
1283	4.0645434645729175
1284	4.0645434645729175
1285	4.0645434645729175
1286	2.771135785976404
1287	2.5288317429631713
1288	2.5288317429631713
1289	2.5288317429631713
1290	2.5288317429631713
1291	2.5288317429631713
1292	2.5288317429631713
1293	2.5288317429631713
1294	2.5288317429631713
1295	2.5288317429631713
1296	2.5288317429631713
1297	4.467507640505668
1298	4.467507640505668
1299	4.467507640505668
1300	4.467507640505668
1301	4.467507640505668
1302	4.467507640505668
1303	4.467507640505668
1304	4.467507640505668
1305	4.467507640505668
1306	4.467507640505668
1307	4.842753357239898
1308	4.842753357239898
1309	4.842753357239898
1310	3.495253426783156
1311	3.495253426783156
1312	3.495253426783156
1313	3.495253426783156
1314	3.495253426783156
1315	3.495253426783156
1316	3.495253426783156
1317	3.495253426783156
1318	3.495253426783156
1319	3.495253426783156
1320	0.39662814733313256
1321	0.39662814733313256
1322	0.39662814733313256
1323	0.39662814733313256
1324	0.39662814733313256
1325	0.39662814733313256
1326	0.39662814733313256
1327	0.39662814733313256
1328	1.0983352372370294
1329	1.0983352372370294
1330	1.0983352372370294
1331	1.0983352372370294
1332	1.0983352372370294
1333	1.0983352372370294
1334	1.0983352372370294
1335	1.0983352372370294
1336	1.0983352372370294
1337	1.0983352372370294
1338	3.185454285173289
1339	3.185454285173289
1340	3.185454285173289
1341	3.185454285173289
1342	3.185454285173289
1343	3.7379885244878643
1344	4.081193776020606
1345	3.958489854904947
1346	3.958489854904947
1347	3.958489854904947
1348	3.958489854904947
1349	3.958489854904947
1350	3.958489854904947
1351	3.958489854904947
1352	3.958489854904947
1353	3.958489854904947
1354	3.958489854904947
1355	2.7611596702725874
1356	2.7611596702725874
1357	2.7611596702725874
1358	2.7611596702725874
1359	2.7611596702725874
1360	2.7611596702725874
1361	2.7611596702725874
1362	2.7611596702725874
1363	2.7611596702725874
1364	2.7611596702725874
1365	3.8135781803596105
1366	3.8135781803596105
1367	3.8135781803596105
1368	3.8135781803596105
1369	3.8135781803596105
1370	3.8135781803596105
1371	3.046671479561304
1372	3.046671479561304
1373	3.046671479561304
1374	3.046671479561304
1375	3.046671479561304
1376	3.046671479561304
1377	3.046671479561304
1378	3.046671479561304
1379	2.9863796951307604
1380	2.9863796951307604
1381	2.9863796951307604
1382	2.664912228865268
1383	2.664912228865268
1384	2.664912228865268
1385	2.664912228865268
1386	2.769145192948377
1387	2.769145192948377
1388	2.769145192948377
1389	2.769145192948377
1390	2.1541811231554924
1391	2.1541811231554924
1392	3.7563515089507478
1393	3.7563515089507478
1394	3.7563515089507478
1395	3.7563515089507478
1396	3.880757351391196
1397	3.880757351391196
1398	3.880757351391196
1399	3.380041017481657
1400	3.380041017481657
1401	3.380041017481657
1402	3.380041017481657
1403	3.380041017481657
1404	3.380041017481657
1405	3.380041017481657
1406	2.6270397192367843
1407	1.3681855662996247
1408	1.3681855662996247
1409	1.3681855662996247
1410	1.3681855662996247
1411	1.3681855662996247
1412	1.3681855662996247
1413	1.3681855662996247
1414	1.3681855662996247
1415	1.3681855662996247
1416	1.3681855662996247
1417	2.129749990835358
1418	2.129749990835358
1419	2.129749990835358
1420	2.129749990835358
1421	2.129749990835358
1422	2.129749990835358
1423	2.129749990835358
1424	2.129749990835358
1425	4.086614468597843
1426	4.086614468597843
1427	4.086614468597843
1428	4.086614468597843
1429	4.086614468597843
1430	4.086614468597843
1431	4.086614468597843
1432	4.086614468597843
1433	4.086614468597843
1434	4.712430726985236
1435	4.712430726985236
1436	4.712430726985236
1437	4.712430726985236
1438	4.712430726985236
1439	4.712430726985236
1440	4.712430726985236
1441	4.712430726985236
1442	1.7385496977597708
1443	2.72556614567797
1444	2.72556614567797
1445	2.72556614567797
1446	2.72556614567797
1447	2.72556614567797
1448	2.72556614567797
1449	2.72556614567797
1450	2.72556614567797
1451	2.72556614567797
1452	2.72556614567797
1453	2.8261246131167685
1454	2.8261246131167685
1455	2.8261246131167685
1456	2.8261246131167685
1457	2.8261246131167685
1458	2.8261246131167685
1459	2.8261246131167685
1460	2.8261246131167685
1461	2.8261246131167685
1462	2.8261246131167685
1463	1.9324760289780016
1464	1.9324760289780016
1465	1.9324760289780016
1466	1.9324760289780016
1467	1.9324760289780016
1468	1.9324760289780016
1469	1.9324760289780016
1470	1.9324760289780016
1471	1.9324760289780016
1472	1.9324760289780016
1473	2.0028674887467224
1474	2.0028674887467224
1475	2.0028674887467224
1476	2.0028674887467224
1477	2.0028674887467224
1478	2.0028674887467224
1479	2.0028674887467224
1480	2.0028674887467224
1481	2.0028674887467224
1482	2.0028674887467224
1483	3.227164142294238
1484	3.227164142294238
1485	2.6592804174935947
1486	2.6592804174935947
1487	2.6592804174935947
1488	2.6592804174935947
1489	2.6592804174935947
1490	2.6592804174935947
1491	2.6592804174935947
1492	3.885674783312094
1493	3.885674783312094
1494	3.885674783312094
1495	3.885674783312094
1496	3.885674783312094
1497	2.974412701338963
1498	2.974412701338963
1499	2.974412701338963
1500	1.3825675907413177
1501	1.3825675907413177
1502	1.3825675907413177
1503	1.3825675907413177
1504	1.3825675907413177
1505	1.3825675907413177
1506	1.3825675907413177
1507	1.3825675907413177
1508	1.3825675907413177
1509	1.3825675907413177
1510	3.2231868559738004
1511	3.2231868559738004
1512	3.2231868559738004
1513	3.2231868559738004
1514	3.2231868559738004
1515	1.428504948276634
1516	3.1566693183426624
1517	3.1566693183426624
1518	3.1566693183426624
1519	3.1566693183426624
1520	3.1566693183426624
1521	3.1566693183426624
1522	3.1566693183426624
1523	3.1566693183426624
1524	3.1566693183426624
1525	3.1566693183426624
1526	2.1986871499454286
1527	2.1986871499454286
1528	2.1986871499454286
1529	2.1986871499454286
1530	2.1986871499454286
1531	2.1986871499454286
1532	2.1986871499454286
1533	2.1986871499454286
1534	2.1986871499454286
1535	2.1986871499454286
1536	2.203781729760032
1537	2.203781729760032
1538	2.203781729760032
1539	2.203781729760032
1540	2.203781729760032
1541	2.203781729760032
1542	2.203781729760032
1543	2.203781729760032
1544	2.203781729760032
1545	2.280682969807091
1546	2.280682969807091
1547	2.280682969807091
1548	2.280682969807091
1549	2.280682969807091
1550	2.280682969807091
1551	2.280682969807091
1552	2.280682969807091
1553	2.280682969807091
1554	2.280682969807091
1555	1.5609216316744297
1556	1.5609216316744297
1557	1.5609216316744297
1558	1.5609216316744297
1559	1.5609216316744297
1560	1.5609216316744297
1561	1.5609216316744297
1562	1.5609216316744297
1563	1.5609216316744297
1564	1.5609216316744297
1565	2.426249006688951
1566	2.426249006688951
1567	2.426249006688951
1568	2.426249006688951
1569	2.426249006688951
1570	2.875320398992898
1571	2.875320398992898
1572	2.875320398992898
1573	2.875320398992898
1574	2.875320398992898
1575	2.875320398992898
1576	2.875320398992898
1577	2.875320398992898
1578	2.875320398992898
1579	2.875320398992898
1580	2.8559651803282584
1581	2.8559651803282584
1582	2.8559651803282584
1583	2.8559651803282584
1584	2.8559651803282584
1585	2.8559651803282584
1586	2.8559651803282584
1587	2.8559651803282584
1588	2.440092876401687
1589	2.440092876401687
1590	2.440092876401687
1591	2.440092876401687
1592	2.440092876401687
1593	2.440092876401687
1594	2.440092876401687
1595	2.440092876401687
1596	2.440092876401687
1597	2.440092876401687
1598	2.8342377717014107
1599	1.8553443333252597
1600	2.521055145259704
1601	2.521055145259704
1602	2.521055145259704
1603	1.900557487986924
1604	1.900557487986924
1605	1.900557487986924
1606	1.900557487986924
1607	1.900557487986924
1608	1.900557487986924
1609	1.900557487986924
1610	1.900557487986924
1611	1.900557487986924
1612	1.900557487986924
1613	0.934049791697757
1614	0.934049791697757
1615	0.934049791697757
1616	0.934049791697757
1617	0.934049791697757
1618	0.934049791697757
1619	0.934049791697757
1620	0.934049791697757
1621	1.2365993750614612
1622	1.2365993750614612
1623	1.2365993750614612
1624	1.2365993750614612
1625	1.2365993750614612
1626	1.2365993750614612
1627	1.2365993750614612
1628	1.2365993750614612
1629	1.2365993750614612
1630	1.2365993750614612
1631	2.808710547550968
1632	2.808710547550968
1633	2.808710547550968
1634	2.808710547550968
1635	2.6228653900619023
1636	2.6228653900619023
1637	2.6228653900619023
1638	2.6228653900619023
1639	2.6228653900619023
1640	2.6228653900619023
1641	2.6228653900619023
1642	2.6228653900619023
1643	2.6228653900619023
1644	2.6228653900619023
1645	3.5605127103637995
1646	3.5605127103637995
1647	3.5605127103637995
1648	3.5605127103637995
1649	3.5605127103637995
1650	3.5605127103637995
1651	3.5605127103637995
1652	3.5605127103637995
1653	3.5605127103637995
1654	3.5605127103637995
1655	4.05893449073146
1656	4.05893449073146
1657	4.05893449073146
1658	4.05893449073146
1659	4.05893449073146
1660	4.05893449073146
1661	4.0608654062930265
1662	4.0608654062930265
1663	4.0608654062930265
1664	4.0608654062930265
1665	4.0608654062930265
1666	4.836287475904792
1667	4.836287475904792
1668	1.650432438646064
1669	1.650432438646064
1670	1.650432438646064
1671	1.650432438646064
1672	1.650432438646064
1673	1.650432438646064
1674	1.650432438646064
1675	1.650432438646064
1676	1.650432438646064
1677	1.650432438646064
1678	2.8355523661314006
1679	2.8355523661314006
1680	2.8355523661314006
1681	2.8355523661314006
1682	2.8355523661314006
1683	2.8355523661314006
1684	2.8355523661314006
1685	2.8355523661314006
1686	2.8355523661314006
1687	2.8355523661314006
1688	2.2364593478528585
1689	2.2364593478528585
1690	2.2364593478528585
1691	2.2364593478528585
1692	2.2364593478528585
1693	2.2364593478528585
1694	2.2364593478528585
1695	2.2364593478528585
1696	2.2364593478528585
1697	2.2364593478528585
1698	3.0635358532911456
1699	3.0635358532911456
1700	3.0635358532911456
1701	3.0635358532911456
1702	3.0635358532911456
1703	3.0635358532911456
1704	3.0635358532911456
1705	3.0635358532911456
1706	3.0635358532911456
1707	3.0635358532911456
1708	1.5166957338910838
1709	1.5166957338910838
1710	1.5166957338910838
1711	1.5166957338910838
1712	1.5166957338910838
1713	1.5166957338910838
1714	1.5166957338910838
1715	1.5166957338910838
1716	1.5166957338910838
1717	1.5166957338910838
1718	0.7764347714331308
1719	0.7764347714331308
1720	0.7764347714331308
1721	0.7764347714331308
1722	0.7764347714331308
1723	0.7764347714331308
1724	0.7764347714331308
1725	0.7764347714331308
1726	0.7764347714331308
1727	0.7764347714331308
1728	2.1364401324960767
1729	2.1364401324960767
1730	2.1364401324960767
1731	2.1364401324960767
1732	2.1364401324960767
1733	2.1364401324960767
1734	2.1364401324960767
1735	3.3753156857877626
1736	3.3753156857877626
1737	3.3753156857877626
1738	3.3753156857877626
1739	3.3753156857877626
1740	3.3753156857877626
1741	3.3753156857877626
1742	3.3753156857877626
1743	3.3753156857877626
1744	3.3753156857877626
1745	2.3665613948235698
1746	2.3665613948235698
1747	2.3665613948235698
1748	0.7843266031237668
1749	0.7843266031237668
1750	0.7843266031237668
1751	2.719124263723134
1752	2.719124263723134
1753	2.116750820787588
1754	2.116750820787588
1755	3.101634153068674
1756	3.101634153068674
1757	3.101634153068674
1758	3.101634153068674
1759	3.101634153068674
1760	3.101634153068674
1761	3.101634153068674
1762	3.101634153068674
1763	3.101634153068674
1764	1.3590337876646952
1765	1.3590337876646952
1766	1.3590337876646952
1767	1.3590337876646952
1768	1.3590337876646952
1769	1.3590337876646952
1770	1.3590337876646952
1771	1.3590337876646952
1772	1.3590337876646952
1773	1.3590337876646952
1774	1.9453732954957033
1775	1.9453732954957033
1776	1.9453732954957033
1777	1.9453732954957033
1778	1.9453732954957033
1779	1.9453732954957033
1780	1.9453732954957033
1781	1.9453732954957033
1782	3.0746463081043314
1783	3.0746463081043314
1784	3.0746463081043314
1785	3.5447747176683286
1786	3.5447747176683286
1787	3.5447747176683286
1788	3.5447747176683286
1789	3.5447747176683286
1790	2.6357727692240127
1791	2.2025041857824323
1792	2.2025041857824323
1793	2.2025041857824323
1794	2.2025041857824323
1795	2.2025041857824323
1796	2.2025041857824323
1797	2.2025041857824323
1798	2.2025041857824323
1799	2.2025041857824323
1800	2.2025041857824323
1801	3.6653400765592825
1802	3.6653400765592825
1803	3.6653400765592825
1804	3.6653400765592825
1805	3.6653400765592825
1806	3.6653400765592825
1807	3.6653400765592825
1808	3.6653400765592825
1809	3.6653400765592825
1810	3.6653400765592825
1811	1.9803718244814963
1812	1.9803718244814963
1813	1.9803718244814963
1814	1.9803718244814963
1815	1.9803718244814963
1816	1.9803718244814963
1817	1.9803718244814963
1818	1.9803718244814963
1819	1.9803718244814963
1820	1.9803718244814963
1821	3.5251471157531853
1822	3.5251471157531853
1823	3.5251471157531853
1824	3.5251471157531853
1825	2.3742547416956516
1826	2.3742547416956516
1827	2.3742547416956516
1828	2.3742547416956516
1829	2.3742547416956516
1830	2.3742547416956516
1831	2.3742547416956516
1832	2.3742547416956516
1833	2.3742547416956516
1834	2.3742547416956516
1835	3.8437702758636973
1836	3.8437702758636973
1837	3.8437702758636973
1838	3.8437702758636973
1839	3.8437702758636973
1840	3.8437702758636973
1841	3.8437702758636973
1842	3.8437702758636973
1843	3.8437702758636973
1844	3.8437702758636973
1845	2.777873241624824
1846	2.777873241624824
1847	2.777873241624824
1848	2.777873241624824
1849	2.777873241624824
1850	2.777873241624824
1851	2.777873241624824
1852	2.777873241624824
1853	2.777873241624824
1854	2.777873241624824
1855	2.28601867670916
1856	2.28601867670916
1857	2.28601867670916
1858	2.28601867670916
1859	3.0146140357649474
1860	3.0146140357649474
1861	3.0146140357649474
1862	3.0146140357649474
1863	3.0146140357649474
1864	3.0146140357649474
1865	3.0146140357649474
1866	3.0146140357649474
1867	3.0146140357649474
1868	3.0146140357649474
1869	2.5713494524477145
1870	2.5713494524477145
1871	2.5713494524477145
1872	2.5713494524477145
1873	2.5713494524477145
1874	2.5713494524477145
1875	3.462874184243563
1876	3.462874184243563
1877	3.462874184243563
1878	2.031089157439325
1879	2.4625552069310443
1880	2.4625552069310443
1881	2.4625552069310443
1882	2.4625552069310443
1883	2.4625552069310443
1884	2.4625552069310443
1885	2.4625552069310443
1886	2.4625552069310443
1887	2.4625552069310443
1888	2.4625552069310443
1889	2.9709314766986243
1890	2.9709314766986243
1891	2.9709314766986243
1892	2.9709314766986243
1893	2.9709314766986243
1894	2.9709314766986243
1895	2.9709314766986243
1896	2.9709314766986243
1897	3.146050435675354
1898	3.146050435675354
1899	4.756852828187193
1900	4.756852828187193
1901	4.756852828187193
1902	4.756852828187193
1903	4.756852828187193
1904	4.756852828187193
1905	2.26726052900861
1906	2.26726052900861
1907	2.26726052900861
1908	2.26726052900861
1909	1.8105893646665219
1910	1.8105893646665219
1911	1.8105893646665219
1912	1.8105893646665219
1913	1.8105893646665219
1914	1.8105893646665219
1915	1.8105893646665219
1916	1.8105893646665219
1917	1.8105893646665219
1918	1.8105893646665219
1919	2.326304966125225
1920	2.496008994924516
1921	2.496008994924516
1922	2.496008994924516
1923	2.496008994924516
1924	2.496008994924516
1925	2.496008994924516
1926	2.496008994924516
1927	2.496008994924516
1928	2.841357182607591
1929	2.841357182607591
1930	2.841357182607591
1931	2.841357182607591
1932	2.841357182607591
1933	2.870123836619026
1934	2.870123836619026
1935	2.870123836619026
1936	2.870123836619026
1937	2.870123836619026
1938	2.870123836619026
1939	2.870123836619026
1940	2.870123836619026
1941	2.870123836619026
1942	2.870123836619026
1943	2.9412371382864206
1944	2.9412371382864206
1945	2.9412371382864206
1946	2.9412371382864206
1947	2.9412371382864206
1948	2.9412371382864206
1949	2.9412371382864206
1950	2.9412371382864206
1951	2.9412371382864206
1952	2.9412371382864206
1953	4.544986522189488
1954	4.544986522189488
1955	4.544986522189488
1956	4.544986522189488
1957	3.6465286640819894
1958	3.6465286640819894
1959	3.6465286640819894
1960	3.6465286640819894
1961	3.6465286640819894
1962	3.6465286640819894
1963	1.8026762121897484
1964	1.8026762121897484
1965	1.8026762121897484
1966	1.8026762121897484
1967	1.4390434844207716
1968	1.4390434844207716
1969	1.4390434844207716
1970	1.4390434844207716
1971	1.4390434844207716
1972	1.4390434844207716
1973	2.877230595799462
1974	2.877230595799462
1975	2.877230595799462
1976	2.877230595799462
1977	0.1
1978	0.1
1979	0.1
1980	0.1
1981	0.1
1982	0.1
1983	0.1
1984	0.1
1985	0.1
1986	0.1
1987	2.828015894586472
1988	2.828015894586472
1989	5.134466706409361
1990	5.134466706409361
1991	5.134466706409361
1992	5.134466706409361
1993	3.2119446874291686
1994	3.2119446874291686
1995	3.2119446874291686
1996	3.2119446874291686
1997	3.2119446874291686
1998	3.2119446874291686
1999	3.9878433943056155
2000	3.0290135758999632
2001	3.7901733709182315
2002	3.7901733709182315
2003	3.7901733709182315
2004	2.3816133411346905
2005	2.3816133411346905
2006	2.3816133411346905
2007	2.3816133411346905
2008	2.3816133411346905
2009	2.3816133411346905
2010	2.3816133411346905
2011	2.3816133411346905
2012	2.3816133411346905
2013	2.3816133411346905
2014	2.065666842802812
2015	2.065666842802812
2016	2.065666842802812
2017	2.065666842802812
2018	2.065666842802812
2019	3.090077237507109
2020	3.090077237507109
2021	3.090077237507109
2022	3.090077237507109
2023	3.090077237507109
2024	3.090077237507109
2025	3.090077237507109
2026	3.090077237507109
2027	2.6610828097980335
2028	2.6610828097980335
2029	2.6610828097980335
2030	2.6610828097980335
2031	2.6610828097980335
2032	2.6610828097980335
2033	2.6610828097980335
2034	2.6610828097980335
2035	2.6610828097980335
2036	2.6610828097980335
2037	1.8974744198666997
2038	1.8974744198666997
2039	1.8974744198666997
2040	1.8974744198666997
2041	1.8974744198666997
2042	1.8974744198666997
2043	1.8974744198666997
2044	1.8974744198666997
2045	1.8974744198666997
2046	1.8974744198666997
2047	2.839134588409086
2048	2.839134588409086
2049	2.839134588409086
2050	2.839134588409086
2051	2.839134588409086
2052	2.839134588409086
2053	2.7164322226020707
2054	2.7164322226020707
2055	2.7164322226020707
2056	2.7164322226020707
2057	2.7164322226020707
2058	2.7164322226020707
2059	2.7164322226020707
2060	2.7164322226020707
2061	2.7164322226020707
2062	2.7164322226020707
2063	3.0264995137225625
2064	3.0264995137225625
2065	3.0264995137225625
2066	3.0264995137225625
2067	3.0264995137225625
2068	3.0264995137225625
2069	3.0264995137225625
2070	3.0264995137225625
2071	3.0264995137225625
2072	3.0264995137225625
2073	1.133340383258702
2074	1.133340383258702
2075	1.133340383258702
2076	1.133340383258702
2077	1.133340383258702
2078	1.133340383258702
2079	1.133340383258702
2080	1.133340383258702
2081	1.133340383258702
2082	1.133340383258702
2083	2.888363693542418
2084	2.888363693542418
2085	2.6149229330161274
2086	2.6149229330161274
2087	2.6149229330161274
2088	3.191276270620792
2089	3.191276270620792
2090	2.043227925846419
2091	2.043227925846419
2092	2.043227925846419
2093	2.043227925846419
2094	2.043227925846419
2095	2.043227925846419
2096	2.043227925846419
2097	2.043227925846419
2098	2.043227925846419
2099	2.043227925846419
2100	2.205811719962291
2101	2.205811719962291
2102	2.205811719962291
2103	2.205811719962291
2104	2.205811719962291
2105	2.205811719962291
2106	2.205811719962291
2107	2.205811719962291
2108	2.205811719962291
2109	2.205811719962291
2110	2.36721169700527
2111	2.36721169700527
2112	2.36721169700527
2113	2.36721169700527
2114	2.36721169700527
2115	2.36721169700527
2116	4.170731784801446
2117	1.7656026156223898
2118	1.7656026156223898
2119	1.7656026156223898
2120	1.7656026156223898
2121	1.7656026156223898
2122	1.7656026156223898
2123	1.7656026156223898
2124	1.7656026156223898
2125	1.7656026156223898
2126	1.7656026156223898
2127	4.749497721952729
2128	4.749497721952729
2129	4.749497721952729
2130	4.749497721952729
2131	4.749497721952729
2132	4.749497721952729
2133	4.749497721952729
2134	4.749497721952729
2135	4.749497721952729
2136	4.749497721952729
2137	3.3398487662945753
2138	3.3398487662945753
2139	2.7775217345863044
2140	2.7775217345863044
2141	2.7775217345863044
2142	2.7775217345863044
2143	2.7775217345863044
2144	2.26129762116553
2145	2.26129762116553
2146	2.26129762116553
2147	2.26129762116553
2148	2.26129762116553
2149	2.26129762116553
2150	4.654149993807546
2151	4.654149993807546
2152	4.654149993807546
2153	4.654149993807546
2154	4.654149993807546
2155	4.654149993807546
2156	4.654149993807546
2157	2.7329887736802223
2158	2.0665184515492507
2159	2.1424360184126536
2160	0.1
2161	0.1
2162	0.1
2163	0.1
2164	0.1
2165	4.181654449879543
2166	4.181654449879543
2167	1.0403994343516731
2168	1.0403994343516731
2169	1.0403994343516731
2170	1.0403994343516731
2171	1.0403994343516731
2172	1.840450173473679
2173	1.840450173473679
2174	1.840450173473679
2175	1.840450173473679
2176	1.840450173473679
2177	1.840450173473679
2178	1.840450173473679
2179	1.840450173473679
2180	1.840450173473679
2181	1.840450173473679
2182	3.6255450950455357
2183	3.6255450950455357
2184	3.6255450950455357
2185	3.6255450950455357
2186	3.6255450950455357
2187	3.6255450950455357
2188	3.6255450950455357
2189	3.6255450950455357
2190	3.6255450950455357
2191	3.6255450950455357
2192	2.850983021594723
2193	2.850983021594723
2194	2.850983021594723
2195	2.850983021594723
2196	2.850983021594723
2197	2.850983021594723
2198	2.850983021594723
2199	2.850983021594723
2200	2.850983021594723
2201	2.850983021594723
2202	2.812425540409039
2203	2.7160187480611864
2204	2.7160187480611864
2205	2.7160187480611864
2206	2.7160187480611864
2207	2.5463354177857918
2208	2.5463354177857918
2209	2.5463354177857918
2210	2.5463354177857918
2211	2.5463354177857918
2212	2.5463354177857918
2213	2.433677747239603
2214	2.433677747239603
2215	2.433677747239603
2216	2.9081359647238516
2217	2.9081359647238516
2218	2.9081359647238516
2219	2.9081359647238516
2220	2.138107806511702
2221	2.138107806511702
2222	2.138107806511702
2223	2.138107806511702
2224	2.138107806511702
2225	2.138107806511702
2226	2.138107806511702
2227	2.138107806511702
2228	2.138107806511702
2229	2.138107806511702
2230	1.1883317516325422
2231	1.597608806129778
2232	1.597608806129778
2233	1.597608806129778
2234	1.597608806129778
2235	1.597608806129778
2236	1.597608806129778
2237	2.879433110888802
2238	2.879433110888802
2239	2.879433110888802
2240	2.879433110888802
2241	2.879433110888802
2242	2.879433110888802
2243	1.7578422656092245
2244	1.7578422656092245
2245	2.8572350831739626
2246	2.8572350831739626
2247	1.203244107529972
2248	1.203244107529972
2249	1.203244107529972
2250	1.203244107529972
2251	1.203244107529972
2252	3.6099579183755193
2253	3.6099579183755193
2254	2.6847148818236746
2255	2.6847148818236746
2256	2.6847148818236746
2257	2.6847148818236746
2258	2.6847148818236746
2259	3.114079615587356
2260	3.114079615587356
2261	1.5890117627280511
2262	1.5890117627280511
2263	1.5890117627280511
2264	1.5890117627280511
2265	1.5890117627280511
2266	1.5890117627280511
2267	1.5890117627280511
2268	1.5890117627280511
2269	1.5890117627280511
2270	1.9526497457911614
2271	1.9526497457911614
2272	4.335915257165261
2273	4.335915257165261
2274	4.335915257165261
2275	4.335915257165261
2276	4.335915257165261
2277	4.335915257165261
2278	4.335915257165261
2279	4.335915257165261
2280	4.335915257165261
2281	4.335915257165261
2282	2.133236408497767
2283	2.133236408497767
2284	2.133236408497767
2285	2.133236408497767
2286	2.133236408497767
2287	2.133236408497767
2288	2.133236408497767
2289	2.133236408497767
2290	2.133236408497767
2291	2.133236408497767
2292	2.6081828991394813
2293	2.6081828991394813
2294	2.6081828991394813
2295	1.5862790798735142
2296	1.5862790798735142
2297	1.5862790798735142
2298	1.5862790798735142
2299	1.5862790798735142
2300	1.5862790798735142
2301	1.5862790798735142
2302	1.5862790798735142
2303	1.5862790798735142
2304	1.5862790798735142
2305	2.140567948994608
2306	2.140567948994608
2307	2.140567948994608
2308	2.140567948994608
2309	2.140567948994608
2310	2.140567948994608
2311	2.140567948994608
2312	2.340037609309791
2313	2.340037609309791
2314	2.340037609309791
2315	2.340037609309791
2316	2.340037609309791
2317	2.340037609309791
2318	2.340037609309791
2319	2.340037609309791
2320	2.340037609309791
2321	2.340037609309791
2322	3.292188507345608
2323	3.292188507345608
2324	3.292188507345608
2325	2.7026323567136896
2326	3.7114007560932096
2327	3.7114007560932096
2328	3.7114007560932096
2329	1.290874973677129
2330	1.290874973677129
2331	0.35613372636499685
2332	0.35613372636499685
2333	0.35613372636499685
2334	0.35613372636499685
2335	0.35613372636499685
2336	0.35613372636499685
2337	0.35613372636499685
2338	0.35613372636499685
2339	0.35613372636499685
2340	0.35613372636499685
2341	2.794217501720764
2342	2.794217501720764
2343	2.794217501720764
2344	1.1073956389480355
2345	1.1073956389480355
2346	1.1073956389480355
2347	1.1073956389480355
2348	1.1073956389480355
2349	1.1073956389480355
2350	3.6363903196464777
2351	3.6363903196464777
2352	3.6363903196464777
2353	3.6363903196464777
2354	3.6363903196464777
2355	3.6363903196464777
2356	3.6363903196464777
2357	3.6363903196464777
2358	3.6363903196464777
2359	3.6363903196464777
2360	2.160182189571683
2361	2.160182189571683
2362	2.160182189571683
2363	2.160182189571683
2364	2.160182189571683
2365	2.160182189571683
2366	2.160182189571683
2367	2.160182189571683
2368	2.160182189571683
2369	2.160182189571683
2370	3.139492560903367
2371	3.139492560903367
2372	3.139492560903367
2373	3.139492560903367
2374	3.139492560903367
2375	3.139492560903367
2376	3.139492560903367
2377	3.139492560903367
2378	3.139492560903367
2379	3.139492560903367
2380	2.998317768690789
2381	2.998317768690789
2382	2.998317768690789
2383	2.998317768690789
2384	2.998317768690789
2385	2.998317768690789
2386	2.998317768690789
2387	2.924025681486689
2388	2.924025681486689
2389	2.924025681486689
2390	2.924025681486689
2391	2.924025681486689
2392	2.924025681486689
2393	2.924025681486689
2394	2.924025681486689
2395	2.924025681486689
2396	2.924025681486689
2397	2.384007212811832
2398	2.384007212811832
2399	2.384007212811832
2400	2.384007212811832
2401	2.384007212811832
2402	2.384007212811832
2403	2.384007212811832
2404	2.384007212811832
2405	2.384007212811832
2406	2.384007212811832
2407	2.462690342372316
2408	2.462690342372316
2409	2.462690342372316
2410	2.462690342372316
2411	2.462690342372316
2412	2.462690342372316
2413	2.462690342372316
2414	2.462690342372316
2415	2.462690342372316
2416	2.462690342372316
2417	2.9774202643031167
2418	2.9774202643031167
2419	2.7869951158412247
2420	2.7869951158412247
2421	2.7869951158412247
2422	2.7869951158412247
2423	2.7869951158412247
2424	2.7869951158412247
2425	2.7869951158412247
2426	2.7869951158412247
2427	2.7869951158412247
2428	2.7869951158412247
2429	2.9110781289867473
2430	2.9110781289867473
2431	2.9110781289867473
2432	2.9110781289867473
2433	2.9110781289867473
2434	2.9110781289867473
2435	2.9110781289867473
2436	2.9110781289867473
2437	1.9998614042247937
2438	1.9998614042247937
2439	1.9998614042247937
2440	1.9998614042247937
2441	1.9998614042247937
2442	1.9998614042247937
2443	1.9998614042247937
2444	1.9998614042247937
2445	1.9998614042247937
2446	1.9998614042247937
2447	1.7970095741284853
2448	1.7970095741284853
2449	2.9008448291863425
2450	2.9008448291863425
2451	2.9008448291863425
2452	2.9008448291863425
2453	2.9008448291863425
2454	2.9008448291863425
2455	2.9008448291863425
2456	2.576298130651461
2457	2.576298130651461
2458	2.576298130651461
2459	2.576298130651461
2460	2.576298130651461
2461	2.576298130651461
2462	2.576298130651461
2463	2.576298130651461
2464	2.576298130651461
2465	2.576298130651461
2466	2.851296778602508
2467	2.851296778602508
2468	2.851296778602508
2469	2.851296778602508
2470	2.851296778602508
2471	2.851296778602508
2472	2.851296778602508
2473	2.851296778602508
2474	2.851296778602508
2475	2.851296778602508
2476	2.5516785110594404
2477	2.5516785110594404
2478	2.5516785110594404
2479	1.8580068119316424
2480	1.8580068119316424
2481	1.8580068119316424
2482	1.8580068119316424
2483	1.8580068119316424
2484	1.6556821231343264
2485	1.6556821231343264
2486	1.6556821231343264
2487	1.6556821231343264
2488	1.6556821231343264
2489	1.6556821231343264
2490	1.6556821231343264
2491	1.6556821231343264
2492	1.6556821231343264
2493	1.3254372123355103
2494	1.3254372123355103
2495	1.3254372123355103
2496	1.3254372123355103
2497	1.3254372123355103
2498	2.1705650709948667
2499	2.1705650709948667
2500	2.1705650709948667
2501	2.1705650709948667
2502	2.1705650709948667
2503	2.1705650709948667
2504	2.1705650709948667
2505	2.1705650709948667
2506	2.1705650709948667
2507	2.1705650709948667
2508	2.930967475836441
2509	2.930967475836441
2510	2.930967475836441
2511	2.930967475836441
2512	2.548111698093231
2513	2.629899946113322
2514	2.629899946113322
2515	2.629899946113322
2516	2.629899946113322
2517	2.629899946113322
2518	2.629899946113322
2519	2.629899946113322
2520	2.629899946113322
2521	2.629899946113322
2522	2.5125284539610866
2523	2.5125284539610866
2524	2.5125284539610866
2525	2.5125284539610866
2526	2.5125284539610866
2527	2.5125284539610866
2528	3.2307626851285374
2529	3.2307626851285374
2530	3.2307626851285374
2531	3.2307626851285374
2532	3.2307626851285374
2533	3.2307626851285374
2534	3.2307626851285374
2535	3.2307626851285374
2536	3.2307626851285374
2537	3.2307626851285374
2538	1.9645682560810451
2539	1.9645682560810451
2540	1.9645682560810451
2541	1.9645682560810451
2542	1.9645682560810451
2543	4.1987510839423
2544	4.1987510839423
2545	4.1987510839423
2546	4.1987510839423
2547	4.1987510839423
2548	4.1987510839423
2549	1.9399418752130468
2550	1.9399418752130468
2551	1.9399418752130468
2552	1.9399418752130468
2553	1.9399418752130468
2554	3.716058447121014
2555	3.716058447121014
2556	1.7097425313595767
2557	2.7124154001295873
2558	2.7124154001295873
2559	2.7124154001295873
2560	2.7124154001295873
2561	2.7124154001295873
2562	2.7124154001295873
2563	2.7124154001295873
2564	2.7124154001295873
2565	2.7124154001295873
2566	2.7124154001295873
2567	4.421023458974554
2568	4.421023458974554
2569	4.421023458974554
2570	4.421023458974554
2571	4.421023458974554
2572	4.421023458974554
2573	4.421023458974554
2574	4.421023458974554
2575	4.421023458974554
2576	4.421023458974554
2577	3.257529906261227
2578	3.257529906261227
2579	3.257529906261227
2580	3.257529906261227
2581	3.257529906261227
2582	3.257529906261227
2583	3.257529906261227
2584	3.257529906261227
2585	3.257529906261227
2586	3.257529906261227
2587	2.2494902048249275
2588	2.2494902048249275
2589	2.2494902048249275
