0	1.2536910946981439
1	1.2536910946981439
2	0.9058938677513837
3	0.9058938677513837
4	0.9058938677513837
5	0.9058938677513837
6	0.9058938677513837
7	1.0637060533937046
8	1.0637060533937046
9	1.0637060533937046
10	1.0637060533937046
11	1.0637060533937046
12	1.103349703925401
13	1.103349703925401
14	1.103349703925401
15	1.0949435357641297
16	1.0949435357641297
17	1.0949435357641297
18	1.0949435357641297
19	1.0949435357641297
20	1.0815430860060438
21	1.0815430860060438
22	1.0815430860060438
23	1.0815430860060438
24	1.0815430860060438
25	1.2257077775675844
26	1.2257077775675844
27	1.2257077775675844
28	1.2257077775675844
29	1.2257077775675844
30	1.205874192577648
31	1.205874192577648
32	1.205874192577648
33	1.205874192577648
34	1.205874192577648
35	1.113518446609315
36	1.113518446609315
37	1.113518446609315
38	1.113518446609315
39	1.113518446609315
40	1.090990460339726
41	1.090990460339726
42	1.090990460339726
43	1.090990460339726
44	1.090990460339726
45	1.0464445330728032
46	1.0464445330728032
47	1.0464445330728032
48	1.0464445330728032
49	1.0464445330728032
50	1.2752664634542201
51	1.2752664634542201
52	1.2752664634542201
53	1.2752664634542201
54	1.2752664634542201
55	1.0692237053660727
56	1.0692237053660727
57	1.0692237053660727
58	1.0692237053660727
59	1.0692237053660727
60	1.1536484661950999
61	1.1536484661950999
62	1.1536484661950999
63	1.1536484661950999
64	1.1536484661950999
65	1.278093171009856
66	1.278093171009856
67	1.278093171009856
68	1.278093171009856
69	1.278093171009856
70	1.0857155405752699
71	1.0857155405752699
72	1.0857155405752699
73	1.0857155405752699
74	1.0857155405752699
75	1.1190006004554767
76	1.1190006004554767
77	1.1190006004554767
78	1.1190006004554767
79	1.1190006004554767
80	0.9369878450701337
81	0.9369878450701337
82	0.9369878450701337
83	0.9369878450701337
84	0.9369878450701337
85	1.2748243948173568
86	1.2748243948173568
87	0.8868862765933254
88	0.8868862765933254
89	0.8868862765933254
90	0.8868862765933254
91	0.8868862765933254
92	0.9228054372573633
93	1.3106133040175554
94	1.3106133040175554
95	1.3106133040175554
96	1.19573446176096
97	1.19573446176096
98	1.19573446176096
99	1.19573446176096
100	1.19573446176096
101	1.485455759882299
102	1.485455759882299
103	1.485455759882299
104	1.485455759882299
105	1.485455759882299
106	1.3748966920456527
107	1.3748966920456527
108	1.3748966920456527
109	1.3748966920456527
110	1.3748966920456527
111	1.1060443934828215
112	1.1060443934828215
113	1.1060443934828215
114	1.1060443934828215
115	1.1060443934828215
116	1.2238248591816998
117	1.2238248591816998
118	1.2238248591816998
119	1.2238248591816998
120	1.2238248591816998
121	1.01996217154602
122	1.01996217154602
123	1.01996217154602
124	1.01996217154602
125	1.01996217154602
126	1.111326196337583
127	1.111326196337583
128	1.111326196337583
129	1.111326196337583
130	1.1021092268004145
131	1.1021092268004145
132	1.1021092268004145
133	1.1021092268004145
134	1.1021092268004145
135	1.0170657240935392
136	1.0170657240935392
137	1.0170657240935392
138	1.0170657240935392
139	1.0170657240935392
140	0.9250912050928772
141	0.9250912050928772
142	0.9250912050928772
143	0.9250912050928772
144	0.9163061482450934
145	0.9163061482450934
146	0.9163061482450934
147	0.9163061482450934
148	0.9163061482450934
149	0.9424805396102144
150	0.9424805396102144
151	0.9424805396102144
152	0.9424805396102144
153	0.9424805396102144
154	1.0148584764726303
155	1.0148584764726303
156	1.0148584764726303
157	1.0148584764726303
158	1.0148584764726303
159	0.9762210084874403
160	0.9762210084874403
161	0.9762210084874403
162	0.9762210084874403
163	0.9762210084874403
164	1.0763926768057703
165	1.0763926768057703
166	1.0763926768057703
167	1.0763926768057703
168	1.0763926768057703
169	0.9257891147042346
170	0.9257891147042346
171	0.9257891147042346
172	0.9257891147042346
173	0.9257891147042346
174	1.0862944485463066
175	1.0862944485463066
176	1.0862944485463066
177	1.0862944485463066
178	1.0862944485463066
179	1.1591317098825678
180	1.1591317098825678
181	1.1591317098825678
182	1.1591317098825678
183	1.1591317098825678
184	0.9011758540460862
185	0.9011758540460862
186	0.9011758540460862
187	0.9011758540460862
188	0.9011758540460862
189	0.7236957221463316
190	1.1956531291952546
191	1.1956531291952546
192	1.1956531291952546
193	1.1956531291952546
194	1.1956531291952546
195	1.0432187607252807
196	1.0432187607252807
197	1.0432187607252807
198	1.0432187607252807
199	1.0432187607252807
200	0.9834413795725259
201	0.9834413795725259
202	0.9834413795725259
203	0.9834413795725259
204	0.9834413795725259
205	1.0157008595956842
206	1.0157008595956842
207	1.0157008595956842
208	1.0157008595956842
209	1.0157008595956842
210	1.080688913051162
211	1.080688913051162
212	1.080688913051162
213	1.080688913051162
214	1.080688913051162
215	1.1524406227645962
216	1.1524406227645962
217	1.1524406227645962
218	1.1524406227645962
219	1.1524406227645962
220	1.033669616773106
221	1.033669616773106
222	1.033669616773106
223	1.033669616773106
224	1.033669616773106
225	1.0314556457362083
226	1.0314556457362083
227	1.0314556457362083
228	1.0314556457362083
229	1.0314556457362083
230	0.9535124665517526
231	0.9535124665517526
232	0.9535124665517526
233	0.9535124665517526
234	0.9535124665517526
235	1.0550561173723665
236	1.0550561173723665
237	1.0550561173723665
238	1.0550561173723665
239	1.0550561173723665
240	1.024721740508631
241	1.024721740508631
242	1.024721740508631
243	1.024721740508631
244	1.024721740508631
245	1.1534199364814177
246	1.1534199364814177
247	1.1534199364814177
248	1.1534199364814177
249	1.1534199364814177
250	1.0847346869013392
251	1.0847346869013392
252	1.0847346869013392
253	1.0847346869013392
254	1.0847346869013392
255	1.0636689127916297
256	1.0636689127916297
257	1.0636689127916297
258	1.0636689127916297
259	1.0636689127916297
260	1.1147987533307941
261	1.1147987533307941
262	1.1147987533307941
263	1.1147987533307941
264	1.1147987533307941
265	1.051190941386857
266	1.051190941386857
267	1.051190941386857
268	1.051190941386857
269	1.051190941386857
270	1.06814819822252
271	1.06814819822252
272	1.06814819822252
273	1.06814819822252
274	1.06814819822252
275	1.016825675980863
276	1.016825675980863
277	1.016825675980863
278	1.016825675980863
279	1.016825675980863
280	0.993980740072119
281	0.993980740072119
282	0.993980740072119
283	0.993980740072119
284	0.993980740072119
285	1.2019749903907706
286	1.2019749903907706
287	1.2019749903907706
288	1.2019749903907706
289	1.2019749903907706
290	1.3069870109868393
291	1.3069870109868393
292	1.3069870109868393
293	1.3069870109868393
294	1.3069870109868393
295	1.048236783847534
296	1.048236783847534
297	1.048236783847534
298	1.048236783847534
299	1.048236783847534
300	1.194765760325058
301	1.194765760325058
302	1.194765760325058
303	1.194765760325058
304	1.194765760325058
305	1.0781825170326498
306	1.0781825170326498
307	1.0781825170326498
308	1.0781825170326498
309	1.0781825170326498
310	0.8817250918281648
311	0.8817250918281648
312	0.8817250918281648
313	0.8817250918281648
314	0.8817250918281648
315	0.6992121916911289
316	0.6992121916911289
317	0.6992121916911289
318	0.6992121916911289
319	1.2647183336787537
320	0.9228609464171038
321	0.9228609464171038
322	0.9228609464171038
323	0.9228609464171038
324	0.9228609464171038
325	0.95160651457772
326	0.95160651457772
327	0.95160651457772
328	0.95160651457772
329	0.95160651457772
330	0.9015811508251689
331	0.9015811508251689
332	0.9015811508251689
333	0.9015811508251689
334	0.9015811508251689
335	0.8619228232651905
336	0.8619228232651905
337	0.8619228232651905
338	0.8619228232651905
339	1.0416731028561979
340	1.0416731028561979
341	1.0416731028561979
342	1.0416731028561979
343	1.0416731028561979
344	1.0148810282985365
345	1.0148810282985365
346	1.0148810282985365
347	1.0148810282985365
348	1.0148810282985365
349	1.0688254241907698
350	1.0688254241907698
351	1.0688254241907698
352	1.0688254241907698
353	1.0688254241907698
354	0.8715660872150974
355	0.8715660872150974
356	0.8715660872150974
357	0.8715660872150974
358	0.8715660872150974
359	1.0908104725492325
360	1.0908104725492325
361	1.0908104725492325
362	1.0908104725492325
363	1.0908104725492325
364	0.9973756838944637
365	0.9973756838944637
366	0.9973756838944637
367	0.9973756838944637
368	0.9973756838944637
369	1.2063319832399433
370	1.2063319832399433
371	1.2063319832399433
372	1.2063319832399433
373	1.2063319832399433
374	1.2344847293867738
375	1.2344847293867738
376	1.2344847293867738
377	1.2344847293867738
378	1.2344847293867738
379	1.1135652564615297
380	1.1135652564615297
381	1.1135652564615297
382	1.1135652564615297
383	1.1135652564615297
384	1.1821474303994877
385	1.1821474303994877
386	1.1821474303994877
387	1.1821474303994877
388	1.1821474303994877
389	0.9303424112908709
390	0.9303424112908709
391	0.9303424112908709
392	0.9303424112908709
393	0.9303424112908709
394	0.9267741360844183
395	0.9267741360844183
396	0.9267741360844183
397	0.9267741360844183
398	0.9267741360844183
399	0.9326047112356882
400	0.9326047112356882
401	0.9326047112356882
402	0.9326047112356882
403	0.9326047112356882
404	1.2995514330090767
405	1.2995514330090767
406	1.2995514330090767
407	1.2995514330090767
408	1.2995514330090767
409	1.0785807209376226
410	1.0785807209376226
411	1.0785807209376226
412	1.0785807209376226
413	1.0785807209376226
414	0.8594831758045061
415	0.8594831758045061
416	0.8594831758045061
417	0.8594831758045061
418	0.8594831758045061
419	1.088392782333852
420	1.088392782333852
421	1.088392782333852
422	1.088392782333852
423	1.088392782333852
424	0.9849891238363389
425	0.9849891238363389
426	0.9849891238363389
427	1.0078007005313927
428	1.0078007005313927
429	1.0078007005313927
430	1.0078007005313927
431	1.0078007005313927
432	1.347707594784887
433	1.347707594784887
434	1.347707594784887
435	1.347707594784887
436	1.347707594784887
437	1.3617047278832912
438	1.3617047278832912
439	1.3617047278832912
440	1.3617047278832912
441	1.3617047278832912
442	1.3403439013030305
443	1.3403439013030305
444	1.3403439013030305
445	1.3403439013030305
446	1.3403439013030305
447	1.106488159065726
448	1.106488159065726
449	1.106488159065726
450	1.106488159065726
451	1.106488159065726
452	1.4652040821600554
453	1.4652040821600554
454	1.4652040821600554
455	1.4652040821600554
456	1.4652040821600554
457	1.3803042634017828
458	1.3803042634017828
459	1.3803042634017828
460	1.3803042634017828
461	1.3803042634017828
462	1.2313897458974958
463	1.2313897458974958
464	1.2313897458974958
465	1.2313897458974958
466	1.2313897458974958
467	1.2276624300312506
468	1.2276624300312506
469	1.2276624300312506
470	1.2276624300312506
471	1.2276624300312506
472	1.4294729244990536
473	1.4294729244990536
474	1.4294729244990536
475	1.4294729244990536
476	1.4294729244990536
477	1.3200008761890043
478	1.3200008761890043
479	1.3200008761890043
480	1.3200008761890043
481	1.3200008761890043
482	1.1606819141444222
483	1.1606819141444222
484	1.1606819141444222
485	1.1606819141444222
486	1.1606819141444222
487	1.144767935792995
488	1.144767935792995
489	1.144767935792995
490	1.144767935792995
491	1.144767935792995
492	1.32311497574722
493	1.32311497574722
494	1.32311497574722
495	1.32311497574722
496	1.32311497574722
497	1.1617946466663303
498	1.1617946466663303
499	1.1617946466663303
500	1.1617946466663303
501	1.1617946466663303
502	1.3051701531767537
503	1.3051701531767537
504	1.3051701531767537
505	1.3051701531767537
506	1.3051701531767537
507	1.2017421359932332
508	1.2017421359932332
509	1.2017421359932332
510	1.2017421359932332
511	1.2017421359932332
512	1.3876469199897234
513	1.3876469199897234
514	1.3876469199897234
515	1.3876469199897234
516	1.3876469199897234
517	1.3933330859344166
518	1.3933330859344166
519	1.3933330859344166
520	1.3933330859344166
521	1.3933330859344166
522	1.3570113219568916
523	1.3570113219568916
524	1.3570113219568916
525	1.3570113219568916
526	1.3570113219568916
527	1.3648927144995473
528	1.3648927144995473
529	1.3648927144995473
530	1.3648927144995473
531	1.3648927144995473
532	1.3620945575630707
533	1.3620945575630707
534	1.3620945575630707
535	1.3620945575630707
536	1.5235138267811128
537	1.5235138267811128
538	1.5235138267811128
539	1.5235138267811128
540	1.5235138267811128
541	1.3136840813848183
542	1.3136840813848183
543	1.3136840813848183
544	1.3136840813848183
545	1.3136840813848183
546	1.356272349345073
547	1.1061700168368913
548	1.1061700168368913
549	1.1061700168368913
550	1.1061700168368913
551	1.1061700168368913
552	1.1360442763546352
553	1.1360442763546352
554	1.1360442763546352
555	1.1360442763546352
556	1.1360442763546352
557	1.1186639221982264
558	1.1186639221982264
559	1.1186639221982264
560	1.1186639221982264
561	1.1186639221982264
562	1.1637878106840167
563	1.1637878106840167
564	1.1637878106840167
565	1.1637878106840167
566	1.288822272069868
567	1.288822272069868
568	1.288822272069868
569	1.288822272069868
570	1.288822272069868
571	1.2717280183486501
572	1.2717280183486501
573	1.2717280183486501
574	1.2717280183486501
575	1.2717280183486501
576	1.313048368483022
577	1.313048368483022
578	1.313048368483022
579	1.313048368483022
580	1.313048368483022
581	1.1321474364635704
582	1.1321474364635704
583	1.1321474364635704
584	1.1321474364635704
585	1.1321474364635704
586	1.0994399170095221
587	1.0994399170095221
588	1.0994399170095221
589	1.0994399170095221
590	1.0994399170095221
591	1.3524254485253167
592	1.3524254485253167
593	1.3524254485253167
594	1.3524254485253167
595	1.3524254485253167
596	1.4547330644255674
597	1.4547330644255674
598	1.4547330644255674
599	1.4547330644255674
600	1.4547330644255674
601	1.2321364897304892
602	1.2321364897304892
603	1.2321364897304892
604	1.2321364897304892
605	1.2321364897304892
606	1.247354780162365
607	1.247354780162365
608	1.247354780162365
609	1.247354780162365
610	1.0420358652709305
611	1.0420358652709305
612	1.0420358652709305
613	1.0420358652709305
614	1.0420358652709305
615	1.3053629483687106
616	1.3053629483687106
617	1.3053629483687106
618	1.3053629483687106
619	1.3053629483687106
620	1.2622088491766665
621	1.2622088491766665
622	1.2622088491766665
623	1.2622088491766665
624	1.2622088491766665
625	1.0487099611744555
626	1.0487099611744555
627	1.0487099611744555
628	1.0487099611744555
629	1.0487099611744555
630	1.2904915516787228
631	1.2904915516787228
632	1.2904915516787228
633	1.2904915516787228
634	1.2904915516787228
635	1.2517478069000385
636	1.2517478069000385
637	1.2517478069000385
638	0.9689197372435432
639	0.9689197372435432
640	0.9689197372435432
641	0.9689197372435432
642	0.9689197372435432
643	1.086414708404735
644	1.086414708404735
645	0.9484603325948003
646	0.9484603325948003
647	0.9484603325948003
648	0.9484603325948003
649	0.9484603325948003
650	1.0452547325979173
651	1.0452547325979173
652	1.0452547325979173
653	1.0452547325979173
654	1.0452547325979173
655	0.9478630432136628
656	0.9478630432136628
657	0.9478630432136628
658	0.9478630432136628
659	0.9478630432136628
660	0.957273029578629
661	0.957273029578629
662	0.957273029578629
663	0.957273029578629
664	0.957273029578629
665	0.9944250265316699
666	0.9944250265316699
667	0.9944250265316699
668	0.9944250265316699
669	0.9944250265316699
670	1.2543740455567245
671	1.2543740455567245
672	1.2543740455567245
673	1.2543740455567245
674	1.2543740455567245
675	1.0409746679354257
676	1.0409746679354257
677	1.0409746679354257
678	1.0409746679354257
679	1.0409746679354257
680	1.3733154478360232
681	1.3733154478360232
682	1.3733154478360232
683	1.3733154478360232
684	1.3733154478360232
685	1.2941031329080845
686	1.2941031329080845
687	1.2941031329080845
688	1.2941031329080845
689	1.2941031329080845
690	1.581447597501957
691	1.581447597501957
692	1.581447597501957
693	1.581447597501957
694	1.3779122616698298
695	1.3779122616698298
696	1.3779122616698298
697	1.3779122616698298
698	1.3779122616698298
699	1.0979437792989482
700	1.0979437792989482
701	1.0979437792989482
702	1.0979437792989482
703	1.0979437792989482
704	1.2751855917526054
705	1.2751855917526054
706	1.2751855917526054
707	1.2751855917526054
708	1.2751855917526054
709	1.2253004406453252
710	1.2253004406453252
711	1.2253004406453252
712	1.2253004406453252
713	1.2253004406453252
714	1.1678922552464515
715	1.1678922552464515
716	1.1678922552464515
717	1.1678922552464515
718	1.1678922552464515
719	1.2167541288428807
720	1.2167541288428807
721	1.2167541288428807
722	1.2167541288428807
723	1.2167541288428807
724	1.1506922009367617
725	1.1506922009367617
726	1.1506922009367617
727	1.1506922009367617
728	1.1506922009367617
729	0.9518204321838514
730	0.9518204321838514
731	0.9518204321838514
732	0.9518204321838514
733	0.9518204321838514
734	1.2058960438570416
735	1.2058960438570416
736	1.2058960438570416
737	1.2058960438570416
738	1.2058960438570416
739	1.0943908780998801
740	1.0943908780998801
741	1.0943908780998801
742	1.0943908780998801
743	1.0943908780998801
744	1.1158504070082287
745	1.1158504070082287
746	1.1158504070082287
747	1.1158504070082287
748	1.1158504070082287
749	1.416841746998715
750	1.416841746998715
751	1.416841746998715
752	1.416841746998715
753	1.416841746998715
754	1.11535998020088
755	1.11535998020088
756	1.11535998020088
757	1.11535998020088
758	1.11535998020088
759	1.0470440911851677
760	1.0470440911851677
761	1.0470440911851677
762	1.0470440911851677
763	1.0470440911851677
764	1.0964224604714088
765	1.0964224604714088
766	1.0964224604714088
767	1.0964224604714088
768	1.0964224604714088
769	1.1680507006919456
770	1.1680507006919456
771	1.1680507006919456
772	1.1680507006919456
773	1.1680507006919456
774	1.120372007102655
775	1.120372007102655
776	1.120372007102655
777	1.120372007102655
778	1.120372007102655
779	1.2833201544812711
780	1.2833201544812711
781	1.2833201544812711
782	1.2833201544812711
783	1.2833201544812711
784	1.225218811259541
785	1.225218811259541
786	1.225218811259541
787	1.225218811259541
788	1.225218811259541
789	1.189214336497117
790	1.189214336497117
791	1.189214336497117
792	1.189214336497117
793	1.189214336497117
794	1.1957564050767553
795	1.1957564050767553
796	1.1957564050767553
797	1.1957564050767553
798	1.1957564050767553
799	1.0644506838122483
800	1.0644506838122483
801	1.0644506838122483
802	1.0644506838122483
803	1.0644506838122483
804	1.2566601547257499
805	1.2566601547257499
806	0.9962327755447468
807	0.9962327755447468
808	0.9962327755447468
809	0.9962327755447468
810	0.9962327755447468
811	0.9176783232518961
812	0.9176783232518961
813	0.9176783232518961
814	0.9176783232518961
815	0.9176783232518961
816	1.0290528698760013
817	1.0290528698760013
818	1.0290528698760013
819	1.0290528698760013
820	1.0290528698760013
821	1.001346311997113
822	1.001346311997113
823	1.001346311997113
824	1.001346311997113
825	1.12443886893449
826	1.12443886893449
827	1.12443886893449
828	1.12443886893449
829	1.12443886893449
830	1.1504643186838264
831	1.1504643186838264
832	1.1504643186838264
833	1.3763963544059832
834	1.3763963544059832
835	1.3763963544059832
836	1.3763963544059832
837	1.3763963544059832
838	1.311566373010813
839	1.311566373010813
840	1.311566373010813
841	1.311566373010813
842	1.311566373010813
843	1.1336014570632928
844	1.1336014570632928
845	1.1336014570632928
846	1.1336014570632928
847	1.1336014570632928
848	1.1721633658479524
849	1.1721633658479524
850	1.1721633658479524
851	1.1721633658479524
852	1.1721633658479524
853	1.3930167336447574
854	1.3930167336447574
855	1.3930167336447574
856	1.3930167336447574
857	1.3930167336447574
858	1.3355850298317833
859	1.3355850298317833
860	1.3355850298317833
861	1.3355850298317833
862	1.3355850298317833
863	1.2207401649805394
864	1.2207401649805394
865	1.2207401649805394
866	1.2893038369672514
867	1.2893038369672514
868	1.2893038369672514
869	1.2893038369672514
870	1.2893038369672514
871	1.0280726582719777
872	1.0280726582719777
873	1.0280726582719777
874	1.0280726582719777
875	1.0280726582719777
876	0.9608267667203167
877	0.9608267667203167
878	0.9608267667203167
879	0.9608267667203167
880	0.9608267667203167
881	1.1237784931334236
882	1.1237784931334236
883	1.1237784931334236
884	1.1237784931334236
885	1.1237784931334236
886	0.9998990582714562
887	0.9998990582714562
888	0.9998990582714562
889	0.9998990582714562
890	0.9998990582714562
891	1.0586644754697707
892	1.0586644754697707
893	1.0586644754697707
894	1.0586644754697707
895	1.0586644754697707
896	0.8875167337233075
897	0.8875167337233075
898	0.8875167337233075
899	0.8875167337233075
900	0.8875167337233075
901	1.0507892830172414
902	1.0507892830172414
903	0.9832715237184207
904	0.9832715237184207
905	0.9832715237184207
906	0.9832715237184207
907	0.9832715237184207
908	0.7240176059666166
909	0.7240176059666166
910	0.7240176059666166
911	0.7240176059666166
912	0.7240176059666166
913	0.8965853304236935
914	0.8965853304236935
915	0.8965853304236935
916	0.8965853304236935
917	1.203080009981676
918	1.203080009981676
919	1.203080009981676
920	1.203080009981676
921	1.203080009981676
922	0.915630752546623
923	0.915630752546623
924	0.915630752546623
925	0.915630752546623
926	0.915630752546623
927	0.9425662702099922
928	0.9425662702099922
929	0.9425662702099922
930	0.9425662702099922
931	0.9425662702099922
932	0.9945029559076011
933	0.9945029559076011
934	0.9945029559076011
935	0.9945029559076011
936	0.9945029559076011
937	1.0646912657144165
938	1.0646912657144165
939	1.0646912657144165
940	1.0646912657144165
941	1.0646912657144165
942	1.0143553386460895
943	1.0143553386460895
944	0.982076239207752
945	0.982076239207752
946	1.0890146308121913
947	1.0890146308121913
948	1.0890146308121913
949	1.0890146308121913
950	1.0890146308121913
951	1.1398769528622936
952	1.1398769528622936
953	1.1398769528622936
954	1.1398769528622936
955	1.1398769528622936
956	0.9436217629064616
957	0.9436217629064616
958	0.9436217629064616
959	0.9436217629064616
960	0.9436217629064616
961	1.1222361381494663
962	1.1222361381494663
963	1.1222361381494663
964	1.1222361381494663
965	1.1222361381494663
966	1.1407859198000803
967	1.1407859198000803
968	1.1407859198000803
969	1.1407859198000803
970	1.1407859198000803
971	1.2507415363524212
972	1.2507415363524212
973	1.2507415363524212
974	1.2507415363524212
975	1.2507415363524212
976	1.2078572727698025
977	1.2078572727698025
978	1.2078572727698025
979	1.2078572727698025
980	1.2078572727698025
981	1.2995559642004788
982	1.2995559642004788
983	1.2995559642004788
984	1.2995559642004788
985	1.2995559642004788
986	0.9983063174203245
987	0.9983063174203245
988	0.9983063174203245
989	0.9983063174203245
990	0.9983063174203245
991	1.0628981699918814
992	1.0628981699918814
993	1.0628981699918814
994	1.0628981699918814
995	1.0628981699918814
996	1.0531394897522748
997	1.0531394897522748
998	1.0531394897522748
999	1.0531394897522748
1000	1.0531394897522748
1001	1.0446583168937542
1002	1.0446583168937542
1003	1.0446583168937542
1004	1.0446583168937542
1005	1.0446583168937542
1006	1.1181297888445287
1007	1.1181297888445287
1008	1.1181297888445287
1009	1.1181297888445287
1010	1.1181297888445287
1011	0.9200311280387374
1012	0.9200311280387374
1013	0.9200311280387374
1014	0.9200311280387374
1015	0.9200311280387374
1016	1.0818523981769916
1017	1.0818523981769916
1018	1.0818523981769916
1019	1.0818523981769916
1020	1.0818523981769916
1021	1.2009017201192573
1022	1.2009017201192573
1023	1.2009017201192573
1024	1.2009017201192573
1025	1.2009017201192573
1026	1.077008232907173
1027	1.077008232907173
1028	1.077008232907173
1029	1.077008232907173
1030	1.077008232907173
1031	1.2452056831741773
1032	1.2452056831741773
1033	1.2452056831741773
1034	1.2452056831741773
1035	1.2452056831741773
1036	1.1377232364516137
1037	1.1377232364516137
1038	1.1377232364516137
1039	1.1377232364516137
1040	1.1377232364516137
1041	1.0893369503394092
1042	1.0893369503394092
1043	1.0893369503394092
1044	1.0893369503394092
1045	1.0893369503394092
1046	1.054022960820814
1047	1.054022960820814
1048	1.054022960820814
1049	1.054022960820814
1050	1.054022960820814
1051	1.2868079277614657
1052	1.2868079277614657
1053	1.2868079277614657
1054	0.9446092832471887
1055	0.9446092832471887
1056	0.9446092832471887
1057	0.9446092832471887
1058	1.2655081725200472
1059	1.2655081725200472
1060	1.2655081725200472
1061	1.2655081725200472
1062	1.2655081725200472
1063	1.0489982558762572
1064	1.0489982558762572
1065	1.0489982558762572
1066	1.0489982558762572
1067	1.0489982558762572
1068	1.1600149259847663
1069	1.1600149259847663
1070	1.1600149259847663
1071	1.1600149259847663
1072	1.1600149259847663
1073	1.1293836766189114
1074	1.1293836766189114
1075	1.1293836766189114
1076	1.1293836766189114
1077	1.1293836766189114
1078	1.103821955975947
1079	1.103821955975947
1080	1.103821955975947
1081	1.103821955975947
1082	1.103821955975947
1083	1.501871351151141
1084	1.501871351151141
1085	1.501871351151141
1086	1.501871351151141
1087	1.501871351151141
1088	1.0163219215806851
1089	1.2356258410423115
1090	1.2356258410423115
1091	1.2356258410423115
1092	1.2356258410423115
1093	1.2356258410423115
1094	1.084552695823556
1095	1.084552695823556
1096	1.084552695823556
1097	1.0167054737564505
1098	1.0167054737564505
1099	1.0167054737564505
1100	1.0167054737564505
1101	1.0167054737564505
1102	0.8259395156023336
1103	0.8259395156023336
1104	0.8259395156023336
1105	0.8259395156023336
1106	0.8259395156023336
1107	1.1454929120393473
1108	1.1454929120393473
1109	1.1454929120393473
1110	1.1454929120393473
1111	1.1454929120393473
1112	0.947246401359784
1113	0.947246401359784
1114	0.947246401359784
1115	0.947246401359784
1116	0.947246401359784
1117	1.0429389096291095
1118	1.0429389096291095
1119	1.0429389096291095
1120	1.0429389096291095
1121	1.0429389096291095
1122	1.1706410245848369
1123	1.1706410245848369
1124	1.1706410245848369
1125	1.1706410245848369
1126	1.1706410245848369
1127	1.2710727608235384
1128	1.2710727608235384
1129	1.2710727608235384
1130	1.2710727608235384
1131	1.2710727608235384
1132	1.1969645794952337
1133	1.1969645794952337
1134	1.1969645794952337
1135	1.1969645794952337
1136	1.1969645794952337
1137	1.2223331186575035
1138	1.2223331186575035
1139	1.2223331186575035
1140	1.2223331186575035
1141	1.2223331186575035
1142	1.2423977672449047
1143	1.2423977672449047
1144	1.2423977672449047
1145	1.2423977672449047
1146	1.2423977672449047
1147	1.1507631081920249
1148	1.1507631081920249
1149	1.1507631081920249
1150	1.1507631081920249
1151	1.1507631081920249
1152	1.1570742296077214
1153	1.1570742296077214
1154	1.1570742296077214
1155	1.1570742296077214
1156	1.1570742296077214
1157	1.094430318313966
1158	1.094430318313966
1159	1.094430318313966
1160	1.123898393568347
1161	1.123898393568347
1162	1.123898393568347
1163	1.123898393568347
1164	1.123898393568347
1165	1.1791339491250834
1166	1.1791339491250834
1167	1.1791339491250834
1168	1.1791339491250834
1169	1.1791339491250834
1170	1.2868332628741572
1171	1.2868332628741572
1172	1.2868332628741572
1173	1.2868332628741572
1174	1.2868332628741572
1175	1.0699947950318838
1176	1.0699947950318838
1177	1.0699947950318838
1178	1.0699947950318838
1179	1.0699947950318838
1180	1.1704860235654397
1181	1.1704860235654397
1182	1.1704860235654397
1183	1.1704860235654397
1184	1.1704860235654397
1185	1.0714943928819454
1186	1.0714943928819454
1187	1.0714943928819454
1188	1.0714943928819454
1189	1.0714943928819454
1190	0.9904868253709764
1191	0.9904868253709764
1192	0.9904868253709764
1193	0.9904868253709764
1194	0.9904868253709764
1195	1.2478866438574394
1196	1.2478866438574394
1197	1.2478866438574394
1198	1.087110818046946
1199	1.087110818046946
1200	1.087110818046946
1201	1.087110818046946
1202	1.087110818046946
1203	1.1137483069810503
1204	1.1137483069810503
1205	1.1137483069810503
1206	1.1137483069810503
1207	1.1137483069810503
1208	0.9889475906652468
1209	0.9889475906652468
1210	0.9889475906652468
1211	0.9889475906652468
1212	0.9889475906652468
1213	1.009520907080207
1214	1.009520907080207
1215	1.009520907080207
1216	1.009520907080207
1217	1.009520907080207
1218	1.23061804535301
1219	1.23061804535301
1220	1.23061804535301
1221	1.23061804535301
1222	1.23061804535301
1223	1.1243579190138488
1224	1.1243579190138488
1225	1.1243579190138488
1226	1.1243579190138488
1227	1.1243579190138488
1228	1.2513245830896274
1229	1.2513245830896274
1230	1.2513245830896274
1231	1.2513245830896274
1232	1.2513245830896274
1233	1.1130330867552447
1234	1.1130330867552447
1235	1.1130330867552447
1236	1.1130330867552447
1237	1.1130330867552447
1238	1.274252308180398
1239	1.274252308180398
1240	1.274252308180398
1241	1.274252308180398
1242	1.274252308180398
1243	0.9769591678540316
1244	0.9769591678540316
1245	0.9769591678540316
1246	0.9769591678540316
1247	0.9769591678540316
1248	1.0656427795340968
1249	1.0656427795340968
1250	1.0656427795340968
1251	1.0656427795340968
1252	1.0656427795340968
1253	0.9935170052393106
1254	0.9935170052393106
1255	0.9935170052393106
1256	0.9935170052393106
1257	0.9935170052393106
1258	1.0953559404761999
1259	1.0953559404761999
1260	1.0953559404761999
1261	1.0953559404761999
1262	1.0953559404761999
1263	0.8696745236272274
1264	0.8696745236272274
1265	0.8696745236272274
1266	0.8696745236272274
1267	0.8696745236272274
1268	1.0705635058910659
1269	1.0705635058910659
1270	1.0705635058910659
1271	1.0705635058910659
1272	1.0705635058910659
1273	1.006438174130944
1274	1.006438174130944
1275	1.006438174130944
1276	1.006438174130944
1277	1.006438174130944
1278	1.004206104966578
1279	1.004206104966578
1280	1.004206104966578
1281	1.004206104966578
1282	1.004206104966578
1283	1.1144618622641729
1284	1.1144618622641729
1285	1.1144618622641729
1286	1.1144618622641729
1287	1.1144618622641729
1288	1.3084657739452434
1289	1.3084657739452434
1290	1.3084657739452434
1291	1.3084657739452434
1292	1.3084657739452434
1293	1.0956049783199897
1294	1.0956049783199897
1295	1.0956049783199897
1296	1.0956049783199897
1297	1.0956049783199897
1298	1.1133676180100245
1299	1.1133676180100245
1300	1.1133676180100245
1301	1.1133676180100245
1302	1.1133676180100245
1303	1.0057444231644552
1304	1.0057444231644552
1305	1.0057444231644552
1306	1.0057444231644552
1307	1.0057444231644552
1308	1.4115896817894122
1309	1.4115896817894122
1310	1.4115896817894122
1311	1.4115896817894122
1312	1.4115896817894122
1313	1.1193892996632495
1314	1.1193892996632495
1315	1.1193892996632495
1316	0.8830700840429095
1317	0.8830700840429095
1318	0.8830700840429095
1319	0.8830700840429095
1320	0.8830700840429095
1321	0.852128711528933
1322	0.852128711528933
1323	0.852128711528933
1324	0.852128711528933
1325	0.852128711528933
1326	0.9350071078036779
1327	0.9350071078036779
1328	1.0234055060000267
1329	1.0234055060000267
1330	1.0234055060000267
1331	1.0234055060000267
1332	1.0234055060000267
1333	0.983068139351111
1334	0.983068139351111
1335	0.983068139351111
1336	0.983068139351111
1337	0.983068139351111
1338	1.1054861919583263
1339	1.1054861919583263
1340	1.1054861919583263
1341	1.1054861919583263
1342	1.1054861919583263
1343	1.3752512113385578
1344	1.3752512113385578
1345	1.3752512113385578
1346	1.3752512113385578
1347	1.3752512113385578
1348	1.1609628460656582
1349	1.1609628460656582
1350	1.1609628460656582
1351	1.1609628460656582
1352	1.1609628460656582
1353	1.1670388811263268
1354	1.1670388811263268
1355	1.1670388811263268
1356	1.1670388811263268
1357	1.1670388811263268
1358	1.086404070034715
1359	1.086404070034715
1360	1.086404070034715
1361	1.086404070034715
1362	1.086404070034715
1363	1.1874075831784654
1364	1.1874075831784654
1365	1.1874075831784654
1366	1.1874075831784654
1367	1.1874075831784654
1368	1.4222814844060307
1369	1.4222814844060307
1370	1.4222814844060307
1371	1.4222814844060307
1372	1.4222814844060307
1373	1.1326734547769917
1374	1.1326734547769917
1375	1.1326734547769917
1376	1.1326734547769917
1377	1.1326734547769917
1378	1.2642650745910073
1379	1.2663007821078862
1380	1.5149992885304544
1381	1.5149992885304544
1382	1.5149992885304544
1383	1.5149992885304544
1384	1.5149992885304544
1385	1.3811740550290459
1386	1.3811740550290459
1387	1.3811740550290459
1388	1.3811740550290459
1389	1.3811740550290459
1390	1.355167334143493
1391	1.355167334143493
1392	1.355167334143493
1393	1.355167334143493
1394	1.355167334143493
1395	1.1556132881249492
1396	1.1556132881249492
1397	1.1556132881249492
1398	1.1556132881249492
1399	1.1556132881249492
1400	1.292626402402589
1401	1.292626402402589
1402	1.292626402402589
1403	1.292626402402589
1404	1.245716255666164
1405	1.245716255666164
1406	1.245716255666164
1407	1.245716255666164
1408	1.245716255666164
1409	1.4020446394319324
1410	1.4020446394319324
1411	1.4020446394319324
1412	1.4020446394319324
1413	1.4020446394319324
1414	1.2860516912493716
1415	1.2860516912493716
1416	1.2860516912493716
1417	1.2860516912493716
1418	1.2860516912493716
1419	1.0144413027394485
1420	1.0144413027394485
1421	1.0144413027394485
1422	1.0144413027394485
1423	1.0144413027394485
1424	1.0842259410035988
1425	1.0842259410035988
1426	1.0842259410035988
1427	1.0842259410035988
1428	1.0842259410035988
1429	1.29339869041256
1430	1.29339869041256
1431	1.29339869041256
1432	1.29339869041256
1433	1.29339869041256
1434	1.2839596321530222
1435	1.2839596321530222
1436	1.2839596321530222
1437	1.2839596321530222
1438	1.2839596321530222
1439	1.2478021364524812
1440	1.2478021364524812
1441	1.2478021364524812
1442	1.2478021364524812
1443	1.2478021364524812
1444	1.3175375038892405
1445	1.3175375038892405
1446	1.3175375038892405
1447	1.3682706981237684
1448	1.3682706981237684
1449	1.3682706981237684
1450	1.3682706981237684
1451	1.3682706981237684
1452	1.4805795935872352
1453	1.4805795935872352
1454	1.4805795935872352
1455	1.4805795935872352
1456	1.4805795935872352
1457	1.6263283306037755
1458	1.6263283306037755
1459	1.1369441008250856
1460	1.1369441008250856
1461	1.1369441008250856
1462	1.1369441008250856
1463	1.1369441008250856
1464	1.2751294052475257
1465	1.2751294052475257
1466	1.2751294052475257
1467	1.2751294052475257
1468	1.2751294052475257
1469	1.3635724993184646
1470	1.3635724993184646
1471	1.3635724993184646
1472	1.3635724993184646
1473	1.3635724993184646
1474	1.5697427081965838
1475	1.5697427081965838
1476	1.5697427081965838
1477	1.5697427081965838
1478	1.5697427081965838
1479	1.3714517109481323
1480	1.3714517109481323
1481	1.3714517109481323
1482	1.3714517109481323
1483	1.3714517109481323
1484	1.24235105418688
1485	1.24235105418688
1486	1.24235105418688
1487	1.24235105418688
1488	1.24235105418688
1489	1.7636931400196096
1490	1.265863574547042
1491	1.265863574547042
1492	1.265863574547042
1493	1.265863574547042
1494	1.265863574547042
1495	1.2271501525242083
1496	1.2271501525242083
1497	1.2271501525242083
1498	1.2271501525242083
1499	1.2271501525242083
1500	1.3441310764770804
1501	1.3441310764770804
1502	1.3441310764770804
1503	1.3441310764770804
1504	1.3441310764770804
1505	1.1851903909191408
1506	1.1851903909191408
1507	1.1851903909191408
1508	1.1851903909191408
1509	1.1851903909191408
1510	1.3098402916447975
1511	1.3098402916447975
1512	1.3098402916447975
1513	1.3098402916447975
1514	1.3098402916447975
1515	1.2098196242297101
1516	1.2098196242297101
1517	1.2098196242297101
1518	1.2098196242297101
1519	1.2098196242297101
1520	1.286340930645565
1521	1.286340930645565
1522	1.286340930645565
1523	1.286340930645565
1524	1.286340930645565
1525	1.3082485407137043
1526	1.3082485407137043
1527	1.3082485407137043
1528	1.3082485407137043
1529	1.3082485407137043
1530	1.2903650314117743
1531	1.2903650314117743
1532	1.2198481955087528
1533	1.2198481955087528
1534	1.2198481955087528
1535	1.2198481955087528
1536	1.2198481955087528
1537	1.455488697605947
1538	1.455488697605947
1539	1.455488697605947
1540	1.455488697605947
1541	1.455488697605947
1542	1.4140578913161297
1543	1.4140578913161297
1544	1.4140578913161297
1545	1.4140578913161297
1546	1.4140578913161297
1547	1.6456372502380017
1548	1.6456372502380017
1549	1.6456372502380017
1550	1.6456372502380017
1551	1.6456372502380017
1552	1.4743030611084653
1553	1.4743030611084653
1554	1.4743030611084653
1555	1.4743030611084653
1556	1.4743030611084653
1557	1.101928808969502
1558	1.101928808969502
1559	1.101928808969502
