0	9.993528957332098
1	9.993528957332098
2	9.993528957332098
3	9.993528957332098
4	9.993528957332098
5	9.993528957332098
6	9.993528957332098
7	9.993528957332098
8	9.993528957332098
9	9.993528957332098
10	7.387654737526881
11	7.387654737526881
12	7.387654737526881
13	7.387654737526881
14	7.387654737526881
15	7.387654737526881
16	7.387654737526881
17	7.387654737526881
18	7.387654737526881
19	7.387654737526881
20	12.596352470747561
21	12.596352470747561
22	12.596352470747561
23	12.596352470747561
24	12.596352470747561
25	12.596352470747561
26	12.596352470747561
27	12.596352470747561
28	12.596352470747561
29	12.596352470747561
30	7.984552878638721
31	7.984552878638721
32	7.984552878638721
33	7.984552878638721
34	7.984552878638721
35	7.984552878638721
36	7.984552878638721
37	7.984552878638721
38	7.984552878638721
39	7.984552878638721
40	13.220439638382409
41	13.220439638382409
42	13.220439638382409
43	13.220439638382409
44	13.220439638382409
45	13.220439638382409
46	13.220439638382409
47	13.220439638382409
48	4.559885932290351
49	4.559885932290351
50	4.559885932290351
51	4.559885932290351
52	4.559885932290351
53	4.559885932290351
54	4.559885932290351
55	4.559885932290351
56	4.559885932290351
57	4.559885932290351
58	6.827782320670443
59	6.827782320670443
60	6.827782320670443
61	6.827782320670443
62	12.682569129796278
63	12.682569129796278
64	12.682569129796278
65	12.682569129796278
66	12.682569129796278
67	12.682569129796278
68	12.682569129796278
69	12.682569129796278
70	12.682569129796278
71	12.682569129796278
72	9.262457381226
73	9.262457381226
74	9.262457381226
75	9.262457381226
76	9.262457381226
77	9.262457381226
78	9.262457381226
79	9.262457381226
80	9.262457381226
81	9.262457381226
82	11.81522454788754
83	11.81522454788754
84	11.81522454788754
85	11.81522454788754
86	11.81522454788754
87	11.81522454788754
88	13.91912184261043
89	13.91912184261043
90	13.91912184261043
91	13.91912184261043
92	11.217569255131346
93	11.217569255131346
94	12.281109598952053
95	12.281109598952053
96	12.281109598952053
97	12.281109598952053
98	12.281109598952053
99	12.281109598952053
100	12.281109598952053
101	9.443006848102176
102	6.277994953825358
103	6.277994953825358
104	6.277994953825358
105	6.277994953825358
106	6.277994953825358
107	6.277994953825358
108	6.277994953825358
109	6.277994953825358
110	6.277994953825358
111	6.277994953825358
112	8.029832722859044
113	8.029832722859044
114	8.029832722859044
115	8.029832722859044
116	8.029832722859044
117	6.688368970821234
118	6.688368970821234
119	6.688368970821234
120	6.688368970821234
121	6.688368970821234
122	6.688368970821234
123	6.688368970821234
124	6.688368970821234
125	6.688368970821234
126	6.688368970821234
127	5.861325971466389
128	5.861325971466389
129	5.861325971466389
130	5.861325971466389
131	5.861325971466389
132	5.861325971466389
133	5.861325971466389
134	5.861325971466389
135	5.861325971466389
136	5.861325971466389
137	7.523490513221726
138	7.523490513221726
139	7.523490513221726
140	7.523490513221726
141	7.523490513221726
142	7.523490513221726
143	7.523490513221726
144	7.523490513221726
145	7.523490513221726
146	7.523490513221726
147	6.918825803899382
148	6.918825803899382
149	6.918825803899382
150	6.918825803899382
151	6.918825803899382
152	6.918825803899382
153	6.918825803899382
154	6.918825803899382
155	6.918825803899382
156	6.918825803899382
157	5.296911682504548
158	5.296911682504548
159	5.296911682504548
160	5.296911682504548
161	5.296911682504548
162	5.296911682504548
163	5.296911682504548
164	5.296911682504548
165	5.296911682504548
166	5.296911682504548
167	7.678391034198883
168	7.678391034198883
169	7.678391034198883
170	7.678391034198883
171	7.678391034198883
172	7.678391034198883
173	7.678391034198883
174	7.678391034198883
175	7.678391034198883
176	7.678391034198883
177	7.1727631001486625
178	7.1727631001486625
179	7.1727631001486625
180	7.1727631001486625
181	7.1727631001486625
182	7.1727631001486625
183	7.1727631001486625
184	7.1727631001486625
185	7.1727631001486625
186	7.1727631001486625
187	5.303953018104484
188	5.303953018104484
189	5.303953018104484
190	5.303953018104484
191	5.303953018104484
192	5.303953018104484
193	5.303953018104484
194	5.303953018104484
195	5.303953018104484
196	5.303953018104484
197	4.01655951719491
198	4.01655951719491
199	6.744024073770179
200	6.744024073770179
201	6.744024073770179
202	6.744024073770179
203	6.744024073770179
204	6.744024073770179
205	6.744024073770179
206	6.744024073770179
207	6.744024073770179
208	6.744024073770179
209	6.127467815740548
210	6.127467815740548
211	6.127467815740548
212	6.127467815740548
213	6.127467815740548
214	8.054736750901759
215	8.054736750901759
216	8.054736750901759
217	8.054736750901759
218	8.054736750901759
219	8.054736750901759
220	8.054736750901759
221	8.054736750901759
222	8.054736750901759
223	8.054736750901759
224	6.915959255074765
225	6.915959255074765
226	8.516012284386633
227	8.516012284386633
228	8.516012284386633
229	8.516012284386633
230	8.516012284386633
231	11.484922423254837
232	11.484922423254837
233	11.484922423254837
234	11.484922423254837
235	11.484922423254837
236	11.484922423254837
237	11.484922423254837
238	11.484922423254837
239	11.484922423254837
240	5.55708755099858
241	5.55708755099858
242	5.55708755099858
243	5.55708755099858
244	5.55708755099858
245	5.55708755099858
246	5.55708755099858
247	5.55708755099858
248	5.55708755099858
249	5.55708755099858
250	8.418417290466893
251	8.418417290466893
252	8.418417290466893
253	8.418417290466893
254	8.418417290466893
255	8.418417290466893
256	8.418417290466893
257	8.418417290466893
258	8.418417290466893
259	8.418417290466893
260	7.243922240732073
261	7.243922240732073
262	7.243922240732073
263	7.243922240732073
264	7.243922240732073
265	7.243922240732073
266	7.243922240732073
267	7.243922240732073
268	7.243922240732073
269	7.243922240732073
270	8.04622879499312
271	8.04622879499312
272	8.04622879499312
273	8.04622879499312
274	8.04622879499312
275	8.04622879499312
276	8.04622879499312
277	8.04622879499312
278	8.04622879499312
279	6.544789712013129
280	6.544789712013129
281	6.544789712013129
282	6.544789712013129
283	6.544789712013129
284	6.544789712013129
285	6.544789712013129
286	6.544789712013129
287	6.544789712013129
288	6.544789712013129
289	7.272298344105831
290	7.272298344105831
291	7.272298344105831
292	7.272298344105831
293	7.272298344105831
294	7.272298344105831
295	7.272298344105831
296	7.272298344105831
297	7.272298344105831
298	7.272298344105831
299	6.422360545558943
300	6.422360545558943
301	6.422360545558943
302	6.422360545558943
303	6.422360545558943
304	6.422360545558943
305	6.422360545558943
306	6.422360545558943
307	6.422360545558943
308	6.422360545558943
309	6.969603931826083
310	6.969603931826083
311	6.969603931826083
312	6.969603931826083
313	6.969603931826083
314	6.969603931826083
315	12.0585002192493
316	12.0585002192493
317	12.0585002192493
318	12.0585002192493
319	12.0585002192493
320	8.628010142110805
321	8.628010142110805
322	8.628010142110805
323	8.628010142110805
324	8.628010142110805
325	8.628010142110805
326	8.628010142110805
327	8.628010142110805
328	8.628010142110805
329	8.628010142110805
330	11.4754952428408
331	14.847315376844351
332	14.847315376844351
333	14.847315376844351
334	14.847315376844351
335	14.847315376844351
336	14.847315376844351
337	14.847315376844351
338	4.438625897722868
339	4.438625897722868
340	4.438625897722868
341	4.438625897722868
342	4.438625897722868
343	4.438625897722868
344	4.438625897722868
345	4.438625897722868
346	4.438625897722868
347	4.438625897722868
348	4.353202628215673
349	4.353202628215673
350	9.889368785195638
351	9.889368785195638
352	9.889368785195638
353	9.889368785195638
354	9.889368785195638
355	9.889368785195638
356	9.889368785195638
357	9.889368785195638
358	9.889368785195638
359	9.889368785195638
360	10.518557601282637
361	10.518557601282637
362	10.518557601282637
363	10.518557601282637
364	10.518557601282637
365	10.518557601282637
366	10.518557601282637
367	10.518557601282637
368	10.518557601282637
369	6.253715485084941
370	6.253715485084941
371	6.253715485084941
372	6.253715485084941
373	6.253715485084941
374	6.253715485084941
375	6.253715485084941
376	6.253715485084941
377	6.253715485084941
378	6.253715485084941
379	5.8937452682982
380	5.8937452682982
381	5.8937452682982
382	5.8937452682982
383	5.8937452682982
384	5.8937452682982
385	5.8937452682982
386	5.8937452682982
387	5.8937452682982
388	5.8937452682982
389	7.262341240736973
390	7.262341240736973
391	7.262341240736973
392	7.262341240736973
393	5.649996334448911
394	5.649996334448911
395	5.649996334448911
396	5.649996334448911
397	5.649996334448911
398	5.649996334448911
399	5.649996334448911
400	5.649996334448911
401	5.649996334448911
402	5.649996334448911
403	5.923121853670563
404	5.923121853670563
405	5.923121853670563
406	5.923121853670563
407	5.923121853670563
408	5.923121853670563
409	8.735118875492121
410	8.735118875492121
411	8.735118875492121
412	8.735118875492121
413	8.735118875492121
414	8.735118875492121
415	8.735118875492121
416	8.735118875492121
417	8.735118875492121
418	8.735118875492121
419	9.432889321118296
420	9.432889321118296
421	9.432889321118296
422	9.432889321118296
423	9.432889321118296
424	9.432889321118296
425	9.432889321118296
426	9.432889321118296
427	9.432889321118296
428	9.432889321118296
429	8.175682116184053
430	8.175682116184053
431	8.175682116184053
432	8.175682116184053
433	8.175682116184053
434	8.175682116184053
435	8.175682116184053
436	8.175682116184053
437	8.175682116184053
438	8.175682116184053
439	8.289684135289212
440	8.289684135289212
441	8.289684135289212
442	8.289684135289212
443	7.511183697675492
444	7.511183697675492
445	7.511183697675492
446	7.511183697675492
447	7.511183697675492
448	7.511183697675492
449	7.511183697675492
450	7.511183697675492
451	7.511183697675492
452	7.511183697675492
453	9.119301388027441
454	9.119301388027441
455	9.119301388027441
456	9.119301388027441
457	9.119301388027441
458	9.119301388027441
459	9.119301388027441
460	9.119301388027441
461	9.119301388027441
462	9.119301388027441
463	5.3446085977367
464	5.3446085977367
465	5.3446085977367
466	5.3446085977367
467	5.3446085977367
468	5.3446085977367
469	5.3446085977367
470	5.3446085977367
471	5.3446085977367
472	5.3446085977367
473	6.578792248932461
474	6.578792248932461
475	6.578792248932461
476	6.578792248932461
477	6.578792248932461
478	6.578792248932461
479	6.578792248932461
480	6.578792248932461
481	6.578792248932461
482	6.578792248932461
483	7.557203894333971
484	7.557203894333971
485	7.557203894333971
486	7.557203894333971
487	7.557203894333971
488	7.557203894333971
489	7.557203894333971
490	7.557203894333971
491	7.557203894333971
492	7.557203894333971
493	9.31557932700155
494	9.31557932700155
495	9.31557932700155
496	8.27996308258016
497	8.469139390488232
498	8.469139390488232
499	8.469139390488232
500	8.469139390488232
501	8.469139390488232
502	8.469139390488232
503	8.469139390488232
504	8.469139390488232
505	8.469139390488232
506	8.469139390488232
507	8.687296806739992
508	7.101540476484919
509	7.101540476484919
510	7.101540476484919
511	7.101540476484919
512	7.101540476484919
513	7.101540476484919
514	7.101540476484919
515	7.101540476484919
516	12.500013422575519
517	12.500013422575519
518	12.500013422575519
519	12.500013422575519
520	12.500013422575519
521	12.500013422575519
522	12.500013422575519
523	12.500013422575519
524	12.500013422575519
525	12.500013422575519
526	11.198136531262275
527	11.198136531262275
528	11.198136531262275
529	11.198136531262275
530	11.198136531262275
531	11.198136531262275
532	11.198136531262275
533	11.198136531262275
534	11.198136531262275
535	11.198136531262275
536	12.186844905526485
537	12.186844905526485
538	12.186844905526485
539	12.186844905526485
540	12.186844905526485
541	12.186844905526485
542	12.186844905526485
543	12.186844905526485
544	6.622961902507092
545	6.622961902507092
546	6.622961902507092
547	6.622961902507092
548	6.622961902507092
549	6.622961902507092
550	6.622961902507092
551	6.622961902507092
552	10.063131946712966
553	10.063131946712966
554	6.155382641423227
555	6.155382641423227
556	6.151593942260333
557	6.151593942260333
558	6.151593942260333
559	6.151593942260333
560	6.151593942260333
561	6.151593942260333
562	6.151593942260333
563	6.151593942260333
564	6.151593942260333
565	6.151593942260333
566	6.175680499605246
567	6.175680499605246
568	6.175680499605246
569	6.175680499605246
570	6.175680499605246
571	6.175680499605246
572	6.175680499605246
573	6.175680499605246
574	6.175680499605246
575	6.175680499605246
576	9.226286583271888
577	9.226286583271888
578	9.226286583271888
579	9.226286583271888
580	9.226286583271888
581	9.226286583271888
582	7.269510280677801
583	7.269510280677801
584	7.269510280677801
585	7.269510280677801
586	7.269510280677801
587	7.269510280677801
588	7.269510280677801
589	7.269510280677801
590	7.269510280677801
591	7.269510280677801
592	5.926059899346642
593	5.926059899346642
594	5.926059899346642
595	5.926059899346642
596	5.926059899346642
597	5.926059899346642
598	5.926059899346642
599	5.926059899346642
600	5.926059899346642
601	5.926059899346642
602	5.560687031620993
603	5.560687031620993
604	5.560687031620993
605	5.560687031620993
606	5.560687031620993
607	5.560687031620993
608	5.560687031620993
609	5.560687031620993
610	5.560687031620993
611	5.560687031620993
612	7.486239298720616
613	7.486239298720616
614	7.486239298720616
615	7.486239298720616
616	7.486239298720616
617	7.486239298720616
618	7.486239298720616
619	7.486239298720616
620	7.486239298720616
621	7.486239298720616
622	5.635805145534956
623	5.635805145534956
624	5.635805145534956
625	5.635805145534956
626	5.635805145534956
627	5.635805145534956
628	5.635805145534956
629	5.635805145534956
630	5.635805145534956
631	5.635805145534956
632	6.665412787250031
633	4.248434752365778
634	4.248434752365778
635	4.248434752365778
636	4.248434752365778
637	4.248434752365778
638	4.248434752365778
639	4.248434752365778
640	4.248434752365778
641	4.248434752365778
642	4.248434752365778
643	3.5069246795355076
644	3.5069246795355076
645	3.5069246795355076
646	3.5069246795355076
647	5.780184117076673
648	5.780184117076673
649	5.780184117076673
650	5.780184117076673
651	5.780184117076673
652	5.780184117076673
653	5.780184117076673
654	5.780184117076673
655	5.780184117076673
656	5.780184117076673
657	5.479749572728065
658	5.479749572728065
659	5.479749572728065
660	5.479749572728065
661	5.479749572728065
662	5.479749572728065
663	5.479749572728065
664	5.479749572728065
665	5.479749572728065
666	5.479749572728065
667	4.013184687073506
668	4.013184687073506
669	4.013184687073506
670	4.013184687073506
671	4.013184687073506
672	4.013184687073506
673	4.013184687073506
674	4.013184687073506
675	4.013184687073506
676	4.013184687073506
677	5.623683024919595
678	5.623683024919595
679	5.623683024919595
680	5.623683024919595
681	5.623683024919595
682	5.623683024919595
683	5.623683024919595
684	5.623683024919595
685	5.623683024919595
686	5.623683024919595
687	5.697832691220425
688	5.697832691220425
689	5.697832691220425
690	5.697832691220425
691	5.697832691220425
692	5.697832691220425
693	7.996332694224465
694	7.996332694224465
695	7.996332694224465
696	7.996332694224465
697	7.996332694224465
698	7.996332694224465
699	7.996332694224465
700	7.996332694224465
701	6.602039098592594
702	6.602039098592594
703	7.291854776057128
704	7.291854776057128
705	7.291854776057128
706	7.291854776057128
707	7.291854776057128
708	7.291854776057128
709	7.291854776057128
710	7.291854776057128
711	7.291854776057128
712	7.291854776057128
713	9.6757757669882
714	9.6757757669882
715	9.6757757669882
716	7.712501040628173
717	7.712501040628173
718	7.712501040628173
719	7.712501040628173
720	7.712501040628173
721	7.712501040628173
722	7.712501040628173
723	7.712501040628173
724	7.712501040628173
725	7.712501040628173
726	8.027842244846122
727	8.027842244846122
728	8.027842244846122
729	8.027842244846122
730	8.027842244846122
731	8.027842244846122
732	8.027842244846122
733	8.027842244846122
734	8.027842244846122
735	8.027842244846122
736	6.503623307728527
737	6.503623307728527
738	6.503623307728527
739	6.503623307728527
740	6.503623307728527
741	6.503623307728527
742	6.503623307728527
743	6.503623307728527
744	6.503623307728527
745	6.503623307728527
746	6.97653142599528
747	6.97653142599528
748	6.97653142599528
749	6.97653142599528
750	6.97653142599528
751	6.97653142599528
752	6.97653142599528
753	6.97653142599528
754	6.97653142599528
755	6.97653142599528
756	3.237094741245203
757	3.237094741245203
758	3.237094741245203
759	3.237094741245203
760	3.237094741245203
761	3.237094741245203
762	3.237094741245203
763	3.237094741245203
764	3.237094741245203
765	3.237094741245203
766	8.578190618560608
767	8.578190618560608
768	8.578190618560608
769	8.578190618560608
770	8.578190618560608
771	8.578190618560608
772	8.578190618560608
773	8.578190618560608
774	8.578190618560608
775	8.578190618560608
776	9.619543115050877
777	9.619543115050877
778	9.619543115050877
779	9.619543115050877
780	9.619543115050877
781	9.619543115050877
782	9.619543115050877
783	9.619543115050877
784	9.619543115050877
785	9.619543115050877
786	9.36131458219328
787	9.36131458219328
788	9.36131458219328
789	9.36131458219328
790	9.36131458219328
791	9.36131458219328
792	9.36131458219328
793	9.36131458219328
794	9.36131458219328
795	9.36131458219328
796	5.335020443618522
797	5.335020443618522
798	5.335020443618522
799	5.335020443618522
800	5.335020443618522
801	5.335020443618522
802	5.335020443618522
803	5.335020443618522
804	5.335020443618522
805	5.335020443618522
806	5.5781013952102345
807	5.5781013952102345
808	5.5781013952102345
809	5.5781013952102345
810	3.478516025044521
811	4.114836711590618
812	4.114836711590618
813	4.114836711590618
814	4.114836711590618
815	4.114836711590618
816	4.114836711590618
817	4.114836711590618
818	4.114836711590618
819	4.114836711590618
820	4.114836711590618
821	7.798098000256843
822	7.798098000256843
823	7.798098000256843
824	7.798098000256843
825	9.411747770504451
826	9.411747770504451
827	9.411747770504451
828	9.411747770504451
829	9.411747770504451
830	9.411747770504451
831	9.411747770504451
832	9.411747770504451
833	9.411747770504451
834	9.411747770504451
835	8.302984419761717
836	8.302984419761717
837	8.302984419761717
838	8.302984419761717
839	8.302984419761717
840	8.302984419761717
841	8.302984419761717
842	8.302984419761717
843	8.302984419761717
844	8.302984419761717
845	7.542181151595329
846	7.542181151595329
847	7.542181151595329
848	7.542181151595329
849	7.542181151595329
850	7.542181151595329
851	7.542181151595329
852	7.542181151595329
853	6.834242045625856
854	6.834242045625856
855	6.834242045625856
856	6.834242045625856
857	6.834242045625856
858	6.834242045625856
859	6.834242045625856
860	6.834242045625856
861	6.834242045625856
862	6.834242045625856
863	7.063496858502783
864	7.063496858502783
865	7.063496858502783
866	7.063496858502783
867	7.063496858502783
868	7.063496858502783
869	7.063496858502783
870	7.063496858502783
871	7.063496858502783
872	7.063496858502783
873	8.045224973564784
874	8.045224973564784
875	8.045224973564784
876	8.045224973564784
877	8.045224973564784
878	8.045224973564784
879	8.045224973564784
880	8.045224973564784
881	8.045224973564784
882	8.045224973564784
883	5.1383889221370875
884	5.1383889221370875
885	5.1383889221370875
886	5.1383889221370875
887	5.1383889221370875
888	5.1383889221370875
889	5.1383889221370875
890	8.676900418687268
891	8.676900418687268
892	8.676900418687268
893	8.676900418687268
894	8.676900418687268
895	8.676900418687268
896	8.676900418687268
897	8.676900418687268
898	8.676900418687268
899	8.676900418687268
900	7.734285448407314
901	7.734285448407314
902	7.734285448407314
903	7.734285448407314
904	7.734285448407314
905	7.734285448407314
906	7.734285448407314
907	7.734285448407314
908	7.734285448407314
909	7.734285448407314
910	10.163739042217474
911	10.163739042217474
912	10.163739042217474
913	10.163739042217474
914	10.163739042217474
915	10.163739042217474
916	10.163739042217474
917	10.163739042217474
918	10.163739042217474
919	10.163739042217474
920	7.681488286907958
921	7.681488286907958
922	7.681488286907958
923	7.681488286907958
924	7.681488286907958
925	7.681488286907958
926	7.681488286907958
927	7.681488286907958
928	7.681488286907958
929	7.681488286907958
930	12.402536308125985
931	12.402536308125985
932	12.402536308125985
933	12.402536308125985
934	12.402536308125985
935	12.402536308125985
936	12.402536308125985
937	12.402536308125985
938	12.402536308125985
939	12.402536308125985
940	8.827388877479512
941	8.827388877479512
942	8.827388877479512
943	8.827388877479512
944	8.827388877479512
945	8.827388877479512
946	8.827388877479512
947	8.827388877479512
948	8.827388877479512
949	8.827388877479512
950	6.739546062093678
951	6.739546062093678
952	6.739546062093678
953	6.739546062093678
954	6.739546062093678
955	6.739546062093678
956	6.739546062093678
957	6.739546062093678
958	6.739546062093678
959	6.739546062093678
960	10.309280763841906
961	10.309280763841906
962	10.309280763841906
963	10.309280763841906
964	10.309280763841906
965	10.309280763841906
966	10.309280763841906
967	10.309280763841906
968	10.309280763841906
969	10.309280763841906
970	4.822226334139294
971	4.822226334139294
972	4.822226334139294
973	7.166446192965217
974	7.166446192965217
975	7.166446192965217
976	7.166446192965217
977	7.166446192965217
978	7.166446192965217
979	7.166446192965217
980	7.166446192965217
981	7.166446192965217
982	7.166446192965217
983	4.366671313951953
984	4.366671313951953
985	4.366671313951953
986	4.366671313951953
987	4.328860391864737
988	4.328860391864737
989	4.328860391864737
990	4.328860391864737
991	4.328860391864737
992	4.328860391864737
993	4.328860391864737
994	4.328860391864737
995	4.328860391864737
996	4.328860391864737
997	3.1199267232585126
998	3.1199267232585126
999	3.1199267232585126
1000	3.1199267232585126
1001	3.1199267232585126
1002	3.1199267232585126
1003	3.1199267232585126
1004	3.1199267232585126
1005	3.1199267232585126
1006	3.1199267232585126
1007	2.9705958136732082
1008	2.6807624477980045
1009	2.6807624477980045
1010	2.6807624477980045
1011	2.6807624477980045
1012	2.6807624477980045
1013	2.6807624477980045
1014	2.6807624477980045
1015	2.6807624477980045
1016	2.6807624477980045
1017	2.6807624477980045
1018	1.1594139290216954
1019	1.1594139290216954
1020	1.1594139290216954
1021	1.1594139290216954
1022	1.1594139290216954
1023	1.1594139290216954
1024	1.1594139290216954
1025	1.1594139290216954
1026	1.1594139290216954
1027	1.1594139290216954
1028	3.117610885865992
1029	3.117610885865992
1030	3.117610885865992
1031	3.117610885865992
1032	3.117610885865992
1033	3.117610885865992
1034	3.117610885865992
1035	3.117610885865992
1036	3.117610885865992
1037	3.117610885865992
1038	3.854087909678998
1039	3.854087909678998
1040	3.854087909678998
1041	3.854087909678998
1042	3.854087909678998
1043	3.854087909678998
1044	3.854087909678998
1045	3.854087909678998
1046	3.854087909678998
1047	3.854087909678998
1048	5.678290856814334
1049	5.678290856814334
1050	5.678290856814334
1051	5.678290856814334
1052	5.678290856814334
1053	5.678290856814334
1054	5.678290856814334
1055	5.678290856814334
1056	5.678290856814334
1057	5.678290856814334
1058	2.230612451025136
1059	2.230612451025136
1060	2.230612451025136
1061	2.230612451025136
1062	2.230612451025136
1063	2.230612451025136
1064	2.230612451025136
1065	2.230612451025136
1066	2.230612451025136
1067	2.230612451025136
1068	2.2508582933636196
1069	2.2508582933636196
1070	2.2508582933636196
1071	2.2508582933636196
1072	2.2508582933636196
1073	2.2508582933636196
1074	2.2508582933636196
1075	2.2508582933636196
1076	2.2508582933636196
1077	2.2508582933636196
1078	3.084141361614287
1079	3.084141361614287
1080	3.084141361614287
1081	6.530406401149656
1082	6.530406401149656
1083	6.530406401149656
1084	6.530406401149656
1085	6.530406401149656
1086	6.530406401149656
1087	6.530406401149656
1088	6.530406401149656
1089	6.530406401149656
1090	6.530406401149656
1091	4.848634195202491
1092	4.848634195202491
1093	4.848634195202491
1094	4.848634195202491
1095	4.848634195202491
1096	4.848634195202491
1097	4.848634195202491
1098	4.848634195202491
1099	4.848634195202491
1100	4.848634195202491
1101	3.9806004939268993
1102	3.9806004939268993
1103	3.9806004939268993
1104	3.9806004939268993
1105	3.9806004939268993
1106	3.9806004939268993
1107	3.9806004939268993
1108	3.9806004939268993
1109	3.9806004939268993
1110	3.9806004939268993
1111	6.7624383735965505
1112	6.7624383735965505
1113	6.7624383735965505
1114	6.7624383735965505
1115	6.7624383735965505
1116	6.7624383735965505
1117	6.7624383735965505
1118	6.7624383735965505
1119	6.7624383735965505
1120	6.7624383735965505
1121	5.044616346837637
1122	5.044616346837637
1123	5.044616346837637
1124	5.044616346837637
1125	5.044616346837637
1126	5.044616346837637
1127	5.044616346837637
1128	5.044616346837637
1129	5.044616346837637
1130	5.044616346837637
1131	8.805216281612774
1132	8.805216281612774
1133	8.805216281612774
1134	8.805216281612774
1135	8.805216281612774
1136	8.805216281612774
1137	8.805216281612774
1138	8.805216281612774
1139	8.805216281612774
1140	8.805216281612774
1141	4.421891484937417
1142	4.421891484937417
1143	4.421891484937417
1144	4.421891484937417
1145	4.421891484937417
1146	4.421891484937417
1147	4.421891484937417
1148	4.421891484937417
1149	4.421891484937417
1150	4.421891484937417
1151	8.812983522602021
1152	8.812983522602021
1153	8.812983522602021
1154	8.812983522602021
1155	8.812983522602021
1156	8.812983522602021
1157	8.812983522602021
1158	8.812983522602021
1159	8.812983522602021
1160	9.681956987618461
1161	9.681956987618461
1162	9.681956987618461
1163	9.681956987618461
1164	9.681956987618461
1165	9.681956987618461
1166	9.681956987618461
1167	9.681956987618461
1168	9.681956987618461
1169	9.681956987618461
1170	8.055336086746035
1171	8.055336086746035
1172	5.76182635162623
1173	5.76182635162623
1174	5.76182635162623
1175	5.76182635162623
1176	5.76182635162623
1177	5.76182635162623
1178	5.76182635162623
1179	5.76182635162623
1180	5.76182635162623
1181	5.76182635162623
1182	6.462048952382517
1183	6.462048952382517
1184	6.462048952382517
1185	6.462048952382517
1186	6.462048952382517
1187	6.462048952382517
1188	6.462048952382517
1189	6.462048952382517
1190	6.462048952382517
1191	6.462048952382517
1192	7.950834242924548
1193	7.950834242924548
1194	7.950834242924548
1195	7.950834242924548
1196	7.950834242924548
1197	7.950834242924548
1198	7.950834242924548
1199	7.950834242924548
1200	7.950834242924548
1201	7.950834242924548
1202	5.773058524322069
1203	5.773058524322069
1204	5.773058524322069
1205	5.773058524322069
1206	5.773058524322069
1207	5.773058524322069
1208	5.773058524322069
1209	5.773058524322069
1210	5.773058524322069
1211	5.773058524322069
1212	5.076286082360356
1213	5.076286082360356
1214	5.076286082360356
1215	5.076286082360356
1216	5.076286082360356
1217	5.076286082360356
1218	5.076286082360356
1219	5.076286082360356
1220	5.076286082360356
1221	5.076286082360356
1222	2.807301241695926
1223	2.807301241695926
1224	2.807301241695926
1225	2.807301241695926
1226	2.807301241695926
1227	2.807301241695926
1228	2.807301241695926
1229	2.807301241695926
1230	9.029646621153162
1231	9.029646621153162
1232	9.029646621153162
1233	9.029646621153162
1234	9.029646621153162
1235	9.029646621153162
1236	9.029646621153162
1237	9.029646621153162
1238	9.029646621153162
1239	9.029646621153162
1240	8.289151586355976
1241	8.289151586355976
1242	8.289151586355976
1243	8.289151586355976
1244	8.289151586355976
1245	8.289151586355976
1246	8.289151586355976
1247	8.289151586355976
1248	8.289151586355976
1249	8.289151586355976
1250	10.593829420244576
1251	10.593829420244576
1252	10.593829420244576
1253	10.593829420244576
1254	10.593829420244576
1255	10.593829420244576
1256	10.593829420244576
1257	10.593829420244576
1258	10.593829420244576
1259	10.593829420244576
1260	8.94722926324742
1261	8.94722926324742
1262	8.94722926324742
1263	8.94722926324742
1264	8.94722926324742
1265	8.94722926324742
1266	8.94722926324742
1267	8.94722926324742
1268	8.94722926324742
1269	8.94722926324742
1270	6.853712748171697
1271	6.853712748171697
1272	6.853712748171697
1273	6.853712748171697
1274	6.853712748171697
1275	6.853712748171697
1276	6.853712748171697
1277	6.853712748171697
1278	6.853712748171697
1279	6.853712748171697
1280	7.870016612815766
1281	7.870016612815766
1282	7.870016612815766
1283	7.870016612815766
1284	7.870016612815766
1285	7.870016612815766
1286	7.870016612815766
1287	7.870016612815766
1288	7.870016612815766
1289	7.870016612815766
1290	6.898013087013357
1291	6.898013087013357
1292	6.898013087013357
1293	6.898013087013357
1294	6.898013087013357
1295	6.898013087013357
1296	6.898013087013357
1297	6.898013087013357
1298	6.898013087013357
1299	6.898013087013357
1300	5.991383427112319
1301	5.991383427112319
1302	5.991383427112319
1303	5.991383427112319
1304	5.991383427112319
1305	5.991383427112319
1306	5.991383427112319
1307	5.991383427112319
1308	5.991383427112319
1309	5.991383427112319
1310	7.460079414886105
1311	7.460079414886105
1312	7.460079414886105
1313	7.460079414886105
1314	7.460079414886105
1315	7.460079414886105
1316	7.460079414886105
1317	7.460079414886105
1318	7.460079414886105
1319	7.460079414886105
1320	10.643711179064294
1321	10.643711179064294
1322	4.754388552288394
1323	4.754388552288394
1324	4.754388552288394
1325	4.754388552288394
1326	4.754388552288394
1327	4.754388552288394
1328	4.754388552288394
1329	4.754388552288394
1330	4.754388552288394
1331	4.754388552288394
1332	4.153675674527923
1333	4.153675674527923
1334	4.153675674527923
1335	4.153675674527923
1336	4.153675674527923
1337	4.153675674527923
1338	4.153675674527923
1339	4.153675674527923
1340	4.153675674527923
1341	4.153675674527923
1342	5.750807525489018
1343	5.750807525489018
1344	5.750807525489018
1345	5.750807525489018
1346	5.750807525489018
1347	5.750807525489018
1348	5.750807525489018
1349	5.750807525489018
1350	5.750807525489018
1351	5.750807525489018
1352	3.189632531908491
1353	3.189632531908491
1354	3.189632531908491
1355	3.189632531908491
1356	3.189632531908491
1357	3.189632531908491
1358	3.189632531908491
1359	3.189632531908491
1360	3.189632531908491
1361	3.189632531908491
1362	5.2681773195670765
1363	5.2681773195670765
1364	5.2681773195670765
1365	5.2681773195670765
1366	5.2681773195670765
1367	5.2681773195670765
1368	5.2681773195670765
1369	5.2681773195670765
1370	5.2681773195670765
1371	5.2681773195670765
1372	7.34979554794232
1373	7.34979554794232
1374	7.34979554794232
1375	8.882950049602169
1376	8.882950049602169
1377	8.882950049602169
1378	8.882950049602169
1379	8.882950049602169
1380	8.882950049602169
1381	8.882950049602169
1382	8.882950049602169
1383	8.882950049602169
1384	8.882950049602169
1385	3.9250566584598325
1386	6.428033948423117
1387	6.428033948423117
1388	6.428033948423117
1389	6.428033948423117
1390	6.428033948423117
1391	6.428033948423117
1392	6.428033948423117
1393	6.428033948423117
1394	6.428033948423117
1395	6.428033948423117
1396	9.633423343163479
1397	9.633423343163479
1398	9.633423343163479
1399	9.633423343163479
1400	9.633423343163479
1401	9.633423343163479
1402	9.633423343163479
1403	9.633423343163479
1404	9.633423343163479
1405	9.633423343163479
1406	8.126225171103826
1407	8.126225171103826
1408	8.126225171103826
1409	8.126225171103826
1410	8.126225171103826
1411	8.126225171103826
1412	8.126225171103826
1413	8.126225171103826
1414	8.126225171103826
1415	8.126225171103826
1416	4.992509443674738
1417	4.992509443674738
1418	4.992509443674738
1419	4.992509443674738
1420	4.992509443674738
1421	4.992509443674738
1422	4.992509443674738
1423	4.992509443674738
1424	4.992509443674738
1425	4.992509443674738
1426	3.9657944771905083
1427	3.9657944771905083
1428	3.9657944771905083
1429	3.9657944771905083
1430	3.9657944771905083
1431	3.9657944771905083
1432	3.9657944771905083
1433	3.9657944771905083
1434	3.9657944771905083
1435	3.9657944771905083
1436	6.255247930531546
1437	3.5798896405263614
1438	3.5798896405263614
1439	3.5798896405263614
1440	3.5798896405263614
1441	3.5798896405263614
1442	3.5798896405263614
1443	3.5798896405263614
1444	3.5798896405263614
1445	3.5798896405263614
1446	3.5798896405263614
1447	4.990161994766385
1448	4.990161994766385
1449	4.990161994766385
1450	4.990161994766385
1451	4.990161994766385
1452	4.990161994766385
1453	4.990161994766385
1454	4.990161994766385
1455	4.990161994766385
1456	4.990161994766385
1457	3.922166217405257
1458	3.922166217405257
1459	3.922166217405257
1460	3.922166217405257
1461	3.922166217405257
1462	3.922166217405257
1463	3.922166217405257
1464	3.922166217405257
1465	3.922166217405257
1466	3.922166217405257
1467	5.282238387457831
1468	5.282238387457831
1469	5.282238387457831
1470	5.282238387457831
1471	5.282238387457831
1472	5.282238387457831
1473	5.282238387457831
1474	5.282238387457831
1475	5.282238387457831
1476	5.282238387457831
1477	4.52645862090496
1478	4.52645862090496
1479	4.52645862090496
1480	4.52645862090496
1481	4.52645862090496
1482	4.52645862090496
1483	4.52645862090496
1484	4.52645862090496
1485	4.52645862090496
1486	4.52645862090496
1487	5.509753693965571
1488	5.509753693965571
1489	5.509753693965571
1490	5.509753693965571
1491	5.509753693965571
1492	5.509753693965571
1493	5.509753693965571
1494	5.509753693965571
1495	4.2682931220198315
1496	4.2682931220198315
1497	4.2682931220198315
1498	4.2682931220198315
1499	4.2682931220198315
1500	4.2682931220198315
1501	4.2682931220198315
1502	4.2682931220198315
1503	4.2682931220198315
1504	4.2682931220198315
1505	5.01033506563596
1506	5.01033506563596
1507	5.01033506563596
1508	5.01033506563596
1509	5.01033506563596
1510	5.01033506563596
1511	5.01033506563596
1512	5.01033506563596
1513	5.01033506563596
1514	5.01033506563596
1515	8.127433650424209
1516	8.127433650424209
1517	8.127433650424209
1518	8.127433650424209
1519	8.127433650424209
1520	8.127433650424209
1521	8.127433650424209
1522	3.673649076813826
1523	3.673649076813826
1524	3.673649076813826
1525	3.673649076813826
1526	6.313802320385852
1527	6.313802320385852
1528	6.313802320385852
1529	6.313802320385852
1530	6.313802320385852
1531	6.313802320385852
1532	6.313802320385852
1533	6.313802320385852
1534	6.313802320385852
1535	6.313802320385852
1536	7.454387323394775
1537	7.454387323394775
1538	7.454387323394775
1539	7.454387323394775
1540	7.454387323394775
1541	7.454387323394775
1542	7.454387323394775
1543	3.1797989573547873
1544	3.1797989573547873
1545	3.1797989573547873
1546	3.1797989573547873
1547	3.1797989573547873
1548	3.1797989573547873
1549	3.1797989573547873
1550	3.1797989573547873
1551	3.1797989573547873
1552	3.1797989573547873
1553	5.189657391325866
1554	5.189657391325866
1555	5.189657391325866
1556	5.189657391325866
1557	5.189657391325866
1558	5.189657391325866
1559	5.189657391325866
1560	5.189657391325866
1561	5.189657391325866
1562	5.189657391325866
1563	3.173678290424757
1564	3.173678290424757
1565	3.173678290424757
1566	3.173678290424757
1567	3.173678290424757
1568	3.173678290424757
1569	3.173678290424757
1570	3.173678290424757
