0	1.6872680269166191
1	1.6872680269166191
2	1.6872680269166191
3	1.6872680269166191
4	2.215463721088699
5	2.215463721088699
6	2.215463721088699
7	2.215463721088699
8	2.8081786526551547
9	2.8081786526551547
10	2.8081786526551547
11	2.8081786526551547
12	1.698162031937871
13	1.698162031937871
14	1.698162031937871
15	1.698162031937871
16	2.312238502792124
17	2.312238502792124
18	2.312238502792124
19	2.312238502792124
20	1.5611307665618872
21	1.4155411632235864
22	1.4155411632235864
23	1.4155411632235864
24	1.4155411632235864
25	1.6302682489668796
26	1.6302682489668796
27	1.6302682489668796
28	1.6302682489668796
29	1.584386311967357
30	1.584386311967357
31	1.584386311967357
32	1.584386311967357
33	2.02890572976445
34	2.02890572976445
35	2.02890572976445
36	2.02890572976445
37	1.925268945755
38	1.925268945755
39	1.925268945755
40	1.925268945755
41	1.4252236022594111
42	1.4252236022594111
43	1.4252236022594111
44	1.4252236022594111
45	2.033286914086574
46	2.033286914086574
47	2.033286914086574
48	2.033286914086574
49	2.087546661194081
50	2.087546661194081
51	2.087546661194081
52	2.087546661194081
53	1.8484679630203635
54	1.8484679630203635
55	1.8484679630203635
56	1.8484679630203635
57	1.3220759828361746
58	1.3220759828361746
59	1.3220759828361746
60	1.3220759828361746
61	1.9087785249017388
62	1.9087785249017388
63	1.9087785249017388
64	1.9087785249017388
65	1.598083326046011
66	1.598083326046011
67	1.598083326046011
68	1.598083326046011
69	2.095715027221214
70	2.095715027221214
71	2.095715027221214
72	2.095715027221214
73	1.4789601937161705
74	1.4789601937161705
75	1.4789601937161705
76	1.4789601937161705
77	1.786344310072795
78	1.786344310072795
79	1.786344310072795
80	1.786344310072795
81	1.842367571226337
82	1.842367571226337
83	1.842367571226337
84	1.842367571226337
85	1.6458311575889317
86	1.6458311575889317
87	1.6458311575889317
88	1.6458311575889317
89	1.6329219883683204
90	1.6329219883683204
91	1.6329219883683204
92	1.6329219883683204
93	1.3993306628990154
94	1.3993306628990154
95	1.3993306628990154
96	1.3993306628990154
97	1.6076243143777165
98	1.6076243143777165
99	1.6076243143777165
100	1.6076243143777165
101	1.404327090031227
102	1.404327090031227
103	1.404327090031227
104	1.404327090031227
105	1.9599730873044443
106	1.9599730873044443
107	1.9599730873044443
108	1.9599730873044443
109	1.858181955208014
110	1.858181955208014
111	1.858181955208014
112	1.858181955208014
113	1.3338305537505277
114	1.3338305537505277
115	1.3338305537505277
116	1.3338305537505277
117	1.4933152590612215
118	1.4933152590612215
119	1.4933152590612215
120	1.4933152590612215
121	1.826541091100196
122	1.826541091100196
123	1.826541091100196
124	1.826541091100196
125	1.665443723542599
126	1.665443723542599
127	1.665443723542599
128	1.665443723542599
129	2.105624728041298
130	2.105624728041298
131	2.105624728041298
132	2.105624728041298
133	1.5576606622967961
134	1.5576606622967961
135	1.5576606622967961
136	1.5576606622967961
137	1.7390910036184477
138	1.7390910036184477
139	1.7390910036184477
140	1.7390910036184477
141	1.4085721815738212
142	1.4085721815738212
143	1.4085721815738212
144	1.4085721815738212
145	1.4883701382474976
146	1.4883701382474976
147	1.4883701382474976
148	1.4883701382474976
149	1.248548091629523
150	1.248548091629523
151	1.248548091629523
152	1.248548091629523
153	2.023445899122566
154	2.023445899122566
155	2.023445899122566
156	2.023445899122566
157	2.510924706648147
158	2.510924706648147
159	2.510924706648147
160	2.510924706648147
161	1.2015517707396057
162	1.2015517707396057
163	1.2015517707396057
164	1.2015517707396057
165	1.8241820908656456
166	2.087684968669854
167	2.087684968669854
168	2.087684968669854
169	2.087684968669854
170	1.4258243557151227
171	1.4258243557151227
172	1.4258243557151227
173	1.4258243557151227
174	0.7018739655286448
175	0.7018739655286448
176	0.7018739655286448
177	0.7018739655286448
178	1.432618101902347
179	1.432618101902347
180	1.432618101902347
181	1.432618101902347
182	1.4539621998850123
183	1.4539621998850123
184	1.4539621998850123
185	1.4539621998850123
186	1.956297048652723
187	1.956297048652723
188	1.956297048652723
189	1.956297048652723
190	2.023476564334967
191	2.023476564334967
192	2.023476564334967
193	2.023476564334967
194	1.5117984148121217
195	1.5117984148121217
196	1.5117984148121217
197	1.5117984148121217
198	1.2759124773589166
199	1.2759124773589166
200	1.2759124773589166
201	1.2759124773589166
202	2.104591998068396
203	2.104591998068396
204	2.104591998068396
205	2.104591998068396
206	1.9366029417212065
207	1.9366029417212065
208	1.9366029417212065
209	1.9366029417212065
210	1.8839941938787792
211	1.8839941938787792
212	1.8839941938787792
213	1.8839941938787792
214	1.7511949218917449
215	1.7511949218917449
216	1.7511949218917449
217	1.7511949218917449
218	1.7911999699790715
219	1.7911999699790715
220	1.7911999699790715
221	1.7911999699790715
222	2.2687621179202444
223	2.2687621179202444
224	2.2687621179202444
225	2.2687621179202444
226	1.3793882567810085
227	1.3793882567810085
228	1.3793882567810085
229	1.3793882567810085
230	1.8634331111134113
231	1.8634331111134113
232	1.8634331111134113
233	1.8634331111134113
234	1.8537692414265932
235	1.8537692414265932
236	1.8537692414265932
237	1.8537692414265932
238	1.728553724650035
239	1.728553724650035
240	1.728553724650035
241	1.728553724650035
242	2.203327422828143
243	2.203327422828143
244	2.203327422828143
245	2.203327422828143
246	1.584841917491277
247	1.584841917491277
248	1.584841917491277
249	1.584841917491277
250	1.4457734313650437
251	1.4457734313650437
252	1.4457734313650437
253	1.4457734313650437
254	2.0208992650016935
255	2.0208992650016935
256	2.0208992650016935
257	2.0208992650016935
258	1.7372728349242943
259	1.7372728349242943
260	1.7372728349242943
261	2.1931810848666644
262	2.1931810848666644
263	2.1931810848666644
264	2.1931810848666644
265	1.5075003296139726
266	1.5075003296139726
267	1.5075003296139726
268	1.5075003296139726
269	1.4795647017768083
270	1.4795647017768083
271	1.4795647017768083
272	1.4795647017768083
273	1.6573045679133058
274	1.6573045679133058
275	1.6573045679133058
276	1.6573045679133058
277	1.5928253909476005
278	1.5928253909476005
279	1.5928253909476005
280	1.5928253909476005
281	1.6292305929707416
282	1.6292305929707416
283	1.6292305929707416
284	1.6292305929707416
285	1.410261344994415
286	1.410261344994415
287	1.410261344994415
288	1.410261344994415
289	1.8773915422882308
290	1.8773915422882308
291	1.8773915422882308
292	1.8773915422882308
293	1.7140982128797568
294	1.7140982128797568
295	1.7140982128797568
296	1.7140982128797568
297	1.725434565978912
298	1.725434565978912
299	1.725434565978912
300	1.725434565978912
301	2.0239097524045375
302	2.0239097524045375
303	2.0239097524045375
304	2.0239097524045375
305	1.9629068887357546
306	1.9629068887357546
307	1.9629068887357546
308	1.9629068887357546
309	2.156782671813772
310	2.156782671813772
311	2.156782671813772
312	2.156782671813772
313	1.6448188681446607
314	1.6448188681446607
315	1.6448188681446607
316	1.6448188681446607
317	1.5965751517592375
318	1.5965751517592375
319	1.5965751517592375
320	1.5965751517592375
321	2.053778259146082
322	2.053778259146082
323	2.053778259146082
324	2.053778259146082
325	2.4992496011887098
326	2.4992496011887098
327	2.4992496011887098
328	2.4992496011887098
329	1.222166407374521
330	1.222166407374521
331	1.222166407374521
332	1.222166407374521
333	1.8001818301511172
334	1.8001818301511172
335	1.8001818301511172
336	1.8001818301511172
337	1.7289151570594414
338	1.7289151570594414
339	1.7289151570594414
340	1.7289151570594414
341	1.4995207421763608
342	1.4995207421763608
343	1.4995207421763608
344	1.4995207421763608
345	1.6716925258361637
346	1.6716925258361637
347	1.6716925258361637
348	1.6716925258361637
349	1.9418918922804012
350	1.9418918922804012
351	1.9418918922804012
352	1.9418918922804012
353	1.8078474497358272
354	1.8078474497358272
355	1.8078474497358272
356	1.8078474497358272
357	1.702303867415757
358	1.702303867415757
359	1.702303867415757
360	1.702303867415757
361	1.7087768552682707
362	1.7087768552682707
363	1.7087768552682707
364	1.7087768552682707
365	1.8034569530920934
366	1.8034569530920934
367	1.8034569530920934
368	1.8034569530920934
369	1.9450240966663328
370	1.9450240966663328
371	1.9450240966663328
372	1.9450240966663328
373	1.9980002552805969
374	1.9980002552805969
375	1.9980002552805969
376	1.9980002552805969
377	1.7172520416547357
378	1.7172520416547357
379	1.7172520416547357
380	1.7172520416547357
381	1.8440569694356146
382	1.8440569694356146
383	1.8440569694356146
384	1.8440569694356146
385	1.6685909221943607
386	1.6685909221943607
387	1.6685909221943607
388	1.6685909221943607
389	1.3068447303705018
390	1.3068447303705018
391	1.3068447303705018
392	1.3068447303705018
393	1.9553415114197361
394	1.9553415114197361
395	1.9553415114197361
396	1.9553415114197361
397	1.7388413143533148
398	1.7388413143533148
399	1.7388413143533148
400	1.7388413143533148
401	2.3155566557219673
402	1.5130287784004106
403	1.5130287784004106
404	1.5130287784004106
405	1.5130287784004106
406	1.7334208667237645
407	1.7334208667237645
408	1.7334208667237645
409	1.7334208667237645
410	1.6207469233501146
411	1.6207469233501146
412	1.6207469233501146
413	1.6207469233501146
414	1.938245150410847
415	1.938245150410847
416	1.938245150410847
417	1.938245150410847
418	1.9175196190996924
419	1.9175196190996924
420	1.9175196190996924
421	1.9175196190996924
422	1.094618865465743
423	1.094618865465743
424	1.094618865465743
425	1.094618865465743
426	1.3149955119908723
427	1.3149955119908723
428	1.3149955119908723
429	1.3149955119908723
430	1.6558266147096887
431	1.6558266147096887
432	1.6558266147096887
433	1.6558266147096887
434	2.3932487290855633
435	2.3932487290855633
436	2.3932487290855633
437	2.3932487290855633
438	1.5572506914430202
439	1.5572506914430202
440	1.5572506914430202
441	1.5572506914430202
442	1.4932101187887814
443	1.4932101187887814
444	1.4932101187887814
445	1.4932101187887814
446	2.040428139918724
447	2.040428139918724
448	2.040428139918724
449	2.040428139918724
450	2.462446423523607
451	2.462446423523607
452	2.462446423523607
453	2.462446423523607
454	1.2943015334619195
455	1.2943015334619195
456	1.2943015334619195
457	1.2943015334619195
458	1.743401228414805
459	1.743401228414805
460	1.743401228414805
461	1.743401228414805
462	2.260468508479915
463	2.260468508479915
464	2.260468508479915
465	2.260468508479915
466	1.5284636031783922
467	1.5284636031783922
468	1.5284636031783922
469	1.5284636031783922
470	1.8020499766836686
471	1.8020499766836686
472	1.8020499766836686
473	1.8020499766836686
474	1.3730012802557487
475	1.3730012802557487
476	1.3730012802557487
477	1.3730012802557487
478	2.2085507005828067
479	2.2085507005828067
480	2.2085507005828067
481	2.2085507005828067
482	2.027847140317039
483	2.027847140317039
484	2.027847140317039
485	2.027847140317039
486	2.041371540577568
487	2.041371540577568
488	2.041371540577568
489	2.041371540577568
490	1.6380142997208473
491	1.6380142997208473
492	1.6380142997208473
493	1.6380142997208473
494	1.769769095735837
495	1.769769095735837
496	1.769769095735837
497	1.769769095735837
498	2.3487028790121838
499	2.3487028790121838
500	2.3487028790121838
501	2.3487028790121838
502	1.4714559183913254
503	1.4714559183913254
504	1.4714559183913254
505	1.4714559183913254
506	1.7993773323503945
507	1.7993773323503945
508	1.7993773323503945
509	1.7993773323503945
510	2.2097166326140556
511	2.2097166326140556
512	2.2097166326140556
513	2.2097166326140556
514	0.9201623520354733
515	0.9201623520354733
516	0.9201623520354733
517	0.9201623520354733
518	1.6708130229585614
519	1.6708130229585614
520	1.6708130229585614
521	1.6708130229585614
522	2.191939969997621
523	2.191939969997621
524	2.191939969997621
525	2.191939969997621
526	1.8646514084219283
527	1.8646514084219283
528	1.8646514084219283
529	1.8646514084219283
530	1.5051105956522537
531	1.5051105956522537
532	1.5051105956522537
533	1.5051105956522537
534	2.125910914864069
535	2.125910914864069
536	1.5253529481106993
537	1.5253529481106993
538	1.5253529481106993
539	1.5253529481106993
540	1.4288859215798246
541	1.4288859215798246
542	1.4288859215798246
543	1.4288859215798246
544	1.1973571583477578
545	1.1973571583477578
546	1.1973571583477578
547	1.1973571583477578
548	1.3297844006152626
549	1.3297844006152626
550	1.3297844006152626
551	1.3297844006152626
552	2.0063563080744413
553	2.0063563080744413
554	2.0063563080744413
555	2.0063563080744413
556	1.9397631377683768
557	1.9397631377683768
558	1.9397631377683768
559	1.9397631377683768
560	1.745433899638605
561	1.745433899638605
562	1.745433899638605
563	1.745433899638605
564	1.6485145098962546
565	1.6485145098962546
566	1.6485145098962546
567	1.6485145098962546
568	1.369574759502259
569	1.369574759502259
570	1.369574759502259
571	1.369574759502259
572	0.8854094398766819
573	0.8854094398766819
574	1.7901586403704182
575	1.7901586403704182
576	1.7901586403704182
577	1.7901586403704182
578	1.3847365314998252
579	1.3847365314998252
580	1.3847365314998252
581	1.3847365314998252
582	2.1366807039811904
583	2.1366807039811904
584	2.1366807039811904
585	2.1366807039811904
586	1.894610907386274
587	1.894610907386274
588	1.894610907386274
589	1.894610907386274
590	1.446076509182651
591	1.446076509182651
592	1.446076509182651
593	1.446076509182651
594	1.171714866099888
595	1.171714866099888
596	1.171714866099888
597	1.171714866099888
598	1.186709388570021
599	1.186709388570021
600	1.186709388570021
601	1.186709388570021
602	1.8644647682348907
603	1.8644647682348907
604	1.8644647682348907
605	1.8644647682348907
606	1.544142385252141
607	1.8131905929020562
608	1.8131905929020562
609	1.8131905929020562
610	1.8131905929020562
611	1.563273366839935
612	1.563273366839935
613	1.563273366839935
614	1.563273366839935
615	1.72247835203636
616	1.72247835203636
617	1.72247835203636
618	1.72247835203636
619	1.6182358695188348
620	1.6182358695188348
621	1.6182358695188348
622	1.6182358695188348
623	1.911945722821095
624	1.911945722821095
625	1.911945722821095
626	1.911945722821095
627	1.7514443163469016
628	1.6267894156209584
629	1.6267894156209584
630	1.6267894156209584
631	1.6267894156209584
632	1.4376665827605963
633	1.4376665827605963
634	1.4376665827605963
635	1.4376665827605963
636	2.137382999680706
637	2.137382999680706
638	2.137382999680706
639	2.137382999680706
640	1.812059735353115
641	1.812059735353115
642	1.812059735353115
643	1.812059735353115
644	0.9429633461229616
645	0.9429633461229616
646	0.9429633461229616
647	0.9429633461229616
648	2.158326324890433
649	2.158326324890433
650	2.158326324890433
651	2.158326324890433
652	2.0430360601559783
653	2.0430360601559783
654	2.0430360601559783
655	2.0430360601559783
656	1.2658459080281819
657	1.2658459080281819
658	1.2658459080281819
659	1.2658459080281819
660	1.5081811618253647
661	1.5081811618253647
662	1.5081811618253647
663	1.5081811618253647
664	1.9496411167410468
665	1.9496411167410468
666	1.9496411167410468
667	1.9219220350533601
668	1.9219220350533601
669	1.9219220350533601
670	1.9219220350533601
671	1.645093522158457
672	1.645093522158457
673	1.645093522158457
674	1.645093522158457
675	1.7391741563720315
676	1.7391741563720315
677	1.7391741563720315
678	1.7391741563720315
679	1.4196788349116838
680	1.4196788349116838
681	1.4196788349116838
682	1.4196788349116838
683	2.043721091124997
684	2.043721091124997
685	2.043721091124997
686	2.043721091124997
687	1.9693215330798766
688	1.9693215330798766
689	1.9693215330798766
690	1.9693215330798766
691	2.2937399194957013
692	2.2937399194957013
693	2.2937399194957013
694	2.2937399194957013
695	0.888962361346898
696	0.888962361346898
697	0.888962361346898
698	0.888962361346898
699	2.0674382284002357
700	2.0674382284002357
701	2.0674382284002357
702	2.0674382284002357
703	1.9142342495655256
704	1.9142342495655256
705	1.9142342495655256
706	1.9142342495655256
707	2.081800890660953
708	2.081800890660953
709	2.081800890660953
710	2.081800890660953
711	1.8556679985495035
712	1.8556679985495035
713	1.5159475301856093
714	1.2271057621341896
715	1.2271057621341896
716	1.2271057621341896
717	1.2271057621341896
718	1.8387729576162002
719	1.8387729576162002
720	1.8387729576162002
721	1.8387729576162002
722	1.5315258323697634
723	1.5315258323697634
724	1.5315258323697634
725	1.5315258323697634
726	1.639321885867431
727	1.639321885867431
728	1.639321885867431
729	1.639321885867431
730	1.7114690046493704
731	1.7114690046493704
732	1.7114690046493704
733	1.7114690046493704
734	1.9255900370990917
735	1.9255900370990917
736	1.9255900370990917
737	1.9255900370990917
738	1.7308080589318833
739	1.7308080589318833
740	1.7308080589318833
741	1.7308080589318833
742	1.5927915488926434
743	1.5927915488926434
744	1.5927915488926434
745	1.5927915488926434
746	2.0579142402551582
747	2.0579142402551582
748	2.0579142402551582
749	2.0579142402551582
750	1.645825227184825
751	1.645825227184825
752	1.645825227184825
753	1.645825227184825
754	1.67865309888363
755	1.67865309888363
756	1.67865309888363
757	1.67865309888363
758	2.221295988367919
759	2.221295988367919
760	2.221295988367919
761	2.221295988367919
762	1.5937526214571978
763	1.5937526214571978
764	1.5937526214571978
765	1.5937526214571978
766	1.680803947031468
767	1.680803947031468
768	1.680803947031468
769	1.680803947031468
770	1.9005295319288171
771	1.9005295319288171
772	1.9005295319288171
773	1.9005295319288171
774	2.1003279834017032
775	2.1003279834017032
776	2.1003279834017032
777	2.1003279834017032
778	1.842262396553935
779	1.842262396553935
780	1.842262396553935
781	1.842262396553935
782	1.1819382003053414
783	1.1819382003053414
784	1.1819382003053414
785	1.1819382003053414
786	1.9485640083332039
787	1.9485640083332039
788	1.9485640083332039
789	1.9485640083332039
790	2.1486596797186763
791	2.1486596797186763
792	2.1486596797186763
793	2.1486596797186763
794	1.285862424729901
795	1.285862424729901
796	1.285862424729901
797	1.285862424729901
798	1.9161659858476718
799	1.9161659858476718
800	1.9161659858476718
801	1.9161659858476718
802	1.1907233508600383
803	1.1907233508600383
804	1.1907233508600383
805	1.1907233508600383
806	1.7935368981712958
807	1.7935368981712958
808	1.7935368981712958
809	1.7935368981712958
810	1.496382009752867
811	1.496382009752867
812	1.496382009752867
813	1.496382009752867
814	2.5200076181784814
815	2.5200076181784814
816	2.5200076181784814
817	2.5200076181784814
818	1.451049915028387
819	1.451049915028387
820	1.451049915028387
821	1.6915454857465588
822	1.6915454857465588
823	1.6915454857465588
824	1.6915454857465588
825	1.5855260904813366
826	1.5855260904813366
827	1.5855260904813366
828	1.5855260904813366
829	2.1433333897165556
830	2.1433333897165556
831	2.1433333897165556
832	2.1433333897165556
833	1.5465665520394039
834	1.5465665520394039
835	1.5465665520394039
836	1.5465665520394039
837	0.989881584320556
838	0.989881584320556
839	0.989881584320556
840	0.989881584320556
841	2.1710644878784224
842	2.1710644878784224
843	2.1710644878784224
844	2.1710644878784224
845	2.148392143973509
846	2.148392143973509
847	2.148392143973509
848	2.148392143973509
849	1.2532539349883705
850	1.2532539349883705
851	1.2532539349883705
852	1.2532539349883705
853	1.7166974876811114
854	1.7166974876811114
855	1.7166974876811114
856	1.7166974876811114
857	2.265657489861798
858	2.265657489861798
859	2.265657489861798
860	2.265657489861798
861	1.5190548223964844
862	1.5190548223964844
863	1.5190548223964844
864	1.5190548223964844
865	1.3235842964195308
866	1.3235842964195308
867	1.3235842964195308
868	1.3235842964195308
869	1.7248961945434897
870	1.7248961945434897
871	1.7248961945434897
872	1.7248961945434897
873	1.6237620162064665
874	1.6237620162064665
875	1.6237620162064665
876	1.6237620162064665
877	1.7698302738543261
878	1.7698302738543261
879	1.7698302738543261
880	1.7698302738543261
881	2.449220981168114
882	2.449220981168114
883	2.449220981168114
884	2.449220981168114
885	1.8334541703235965
886	1.8334541703235965
887	1.8334541703235965
888	1.8334541703235965
889	1.2076849031708239
890	1.2076849031708239
891	1.2076849031708239
892	1.2076849031708239
893	1.9149391442896264
894	1.9149391442896264
895	1.9149391442896264
896	1.9149391442896264
897	1.6031347594183318
898	1.6031347594183318
899	1.6031347594183318
900	1.6031347594183318
901	1.6438239760140483
902	1.6438239760140483
903	1.6438239760140483
904	1.6438239760140483
905	1.67139956861474
906	1.67139956861474
907	1.67139956861474
908	1.67139956861474
909	1.5242074981805187
910	1.5242074981805187
911	1.5242074981805187
912	1.5242074981805187
913	1.874680422714789
914	1.874680422714789
915	1.874680422714789
916	1.874680422714789
917	2.1101083125288724
918	2.1101083125288724
919	2.1101083125288724
920	2.1101083125288724
921	1.546034517897163
922	1.546034517897163
923	1.546034517897163
924	1.546034517897163
925	1.307944531575267
926	1.307944531575267
927	1.307944531575267
928	1.307944531575267
929	1.37131445619061
930	1.37131445619061
931	1.37131445619061
932	1.37131445619061
933	1.5508336227273836
934	1.5508336227273836
935	1.5508336227273836
936	1.5508336227273836
937	1.5316608383473946
938	1.5316608383473946
939	1.3761046307516773
940	1.3761046307516773
941	1.3761046307516773
942	1.3761046307516773
943	1.8951610683227536
944	1.8951610683227536
945	1.8951610683227536
946	1.8951610683227536
947	2.106629467385727
948	2.106629467385727
949	2.106629467385727
950	2.106629467385727
951	1.6329298863272907
952	1.6329298863272907
953	1.6329298863272907
954	1.6708104650828965
955	1.6708104650828965
956	1.6708104650828965
957	1.6708104650828965
958	2.0745190371053086
959	2.0745190371053086
960	2.0745190371053086
961	2.0745190371053086
962	1.9617095837892184
963	1.9617095837892184
964	1.9617095837892184
965	1.9617095837892184
966	2.1537253469895608
967	2.1537253469895608
968	2.1537253469895608
969	2.1537253469895608
970	2.3673738216476083
971	2.3673738216476083
972	2.3673738216476083
973	2.3673738216476083
974	1.9911726428241754
975	1.9911726428241754
976	1.9911726428241754
977	1.9911726428241754
978	0.7540288972139415
979	0.7540288972139415
980	0.7540288972139415
981	0.7540288972139415
982	2.051950138746954
983	2.051950138746954
984	2.051950138746954
985	2.051950138746954
986	1.8651421557118661
987	1.8651421557118661
988	1.8651421557118661
989	1.8651421557118661
990	2.1588224159647136
991	2.1588224159647136
992	2.1588224159647136
993	2.1588224159647136
994	1.7523564017194506
995	1.7523564017194506
996	1.7523564017194506
997	1.9210073089365671
998	1.9210073089365671
999	1.9210073089365671
1000	1.9210073089365671
1001	1.9060767363361353
1002	1.9060767363361353
1003	1.9060767363361353
1004	1.9060767363361353
1005	1.387212034240863
1006	1.387212034240863
1007	1.387212034240863
1008	1.387212034240863
1009	1.7298748247398354
1010	1.7298748247398354
1011	1.7298748247398354
1012	1.7298748247398354
1013	1.5229601923100333
1014	1.5229601923100333
1015	1.5229601923100333
1016	1.5229601923100333
1017	1.7971741260735674
1018	1.7971741260735674
1019	1.7971741260735674
1020	1.7971741260735674
1021	2.2148162524960338
1022	2.2148162524960338
1023	2.2148162524960338
1024	2.2148162524960338
1025	1.4966664175521232
1026	1.4966664175521232
1027	1.4966664175521232
1028	1.4966664175521232
1029	1.035221061025111
1030	1.035221061025111
1031	1.035221061025111
1032	1.035221061025111
1033	2.228501070771595
1034	2.228501070771595
1035	2.228501070771595
1036	2.228501070771595
1037	1.4369484206557004
1038	1.4369484206557004
1039	1.4369484206557004
1040	1.4369484206557004
1041	1.4452913174436897
1042	1.4452913174436897
1043	1.4452913174436897
1044	1.4452913174436897
1045	1.706519937556598
1046	1.706519937556598
1047	1.706519937556598
1048	1.706519937556598
1049	1.4109587493876932
1050	1.4109587493876932
1051	1.4109587493876932
1052	1.4109587493876932
1053	2.2823157295921344
1054	2.2823157295921344
1055	2.2823157295921344
1056	2.2823157295921344
1057	1.8446822443572513
1058	1.8446822443572513
1059	1.8446822443572513
1060	1.8446822443572513
1061	1.9938192315160053
1062	1.9938192315160053
1063	1.9938192315160053
1064	1.1481904439571535
1065	1.1481904439571535
1066	1.1481904439571535
1067	1.1481904439571535
1068	1.4351297754332872
1069	1.4351297754332872
1070	1.4351297754332872
1071	1.4351297754332872
1072	1.9773182156556852
1073	1.9773182156556852
1074	1.9773182156556852
1075	1.9773182156556852
1076	2.053806065292926
1077	2.053806065292926
1078	2.053806065292926
1079	2.053806065292926
1080	1.5917091842167261
1081	1.5917091842167261
1082	1.5917091842167261
1083	1.5917091842167261
1084	1.7399443974946915
1085	1.7399443974946915
1086	1.7399443974946915
1087	1.7399443974946915
1088	1.6268619888280536
1089	1.6268619888280536
1090	1.6268619888280536
1091	1.6268619888280536
1092	1.8033892372646187
1093	1.8033892372646187
1094	1.8033892372646187
1095	1.8033892372646187
1096	1.6458648148716841
1097	1.6458648148716841
1098	1.6458648148716841
1099	1.6458648148716841
1100	1.501267690759365
1101	1.501267690759365
1102	1.501267690759365
1103	1.501267690759365
1104	1.7444116072651485
1105	1.7444116072651485
1106	1.7444116072651485
1107	1.7444116072651485
1108	1.7413677559480452
1109	1.7413677559480452
1110	1.7413677559480452
1111	1.7413677559480452
1112	0.572940571474092
1113	0.572940571474092
1114	0.572940571474092
1115	1.9317278034345227
1116	1.9317278034345227
1117	1.9317278034345227
1118	1.9317278034345227
1119	1.369301386539984
1120	1.369301386539984
1121	1.6201967102475272
1122	1.6201967102475272
1123	1.6201967102475272
1124	1.6201967102475272
1125	1.5645362027140268
1126	1.5645362027140268
1127	1.5645362027140268
1128	1.5645362027140268
1129	1.4010992140038936
1130	1.4010992140038936
1131	1.4010992140038936
1132	1.4010992140038936
1133	2.137601946660274
1134	2.137601946660274
1135	2.137601946660274
1136	2.137601946660274
1137	1.8169324281320056
1138	1.8169324281320056
1139	1.8169324281320056
1140	1.8169324281320056
1141	1.602720575476089
1142	1.602720575476089
1143	1.602720575476089
1144	1.602720575476089
1145	1.9730214558399135
1146	1.9730214558399135
1147	1.9730214558399135
1148	1.9730214558399135
1149	2.170482240663373
1150	2.170482240663373
1151	2.170482240663373
1152	2.170482240663373
1153	1.533854990418619
1154	1.533854990418619
1155	1.533854990418619
1156	1.533854990418619
1157	1.8394935951574647
1158	1.8394935951574647
1159	1.8394935951574647
1160	1.8394935951574647
1161	1.8308335444546464
1162	1.8308335444546464
1163	1.8308335444546464
1164	1.8308335444546464
1165	1.1107092130258442
1166	1.1107092130258442
1167	1.1107092130258442
1168	1.1107092130258442
1169	2.0162777254923716
1170	2.0162777254923716
1171	2.0162777254923716
1172	2.0162777254923716
1173	2.1120257193072796
1174	2.1120257193072796
1175	2.1120257193072796
1176	2.1120257193072796
1177	1.54576717935324
1178	1.54576717935324
1179	1.54576717935324
1180	1.54576717935324
1181	0.8787629825759232
1182	0.8787629825759232
1183	0.8787629825759232
1184	0.8787629825759232
1185	2.191066908619135
1186	2.191066908619135
1187	2.191066908619135
1188	2.191066908619135
1189	1.8564064169995207
1190	1.8564064169995207
1191	1.8564064169995207
1192	1.8564064169995207
1193	1.9122839402056608
1194	1.9122839402056608
1195	1.9122839402056608
1196	1.9122839402056608
1197	1.5017024173160962
1198	1.5017024173160962
1199	1.5017024173160962
1200	1.5017024173160962
1201	1.602339733566449
1202	1.602339733566449
1203	1.602339733566449
1204	1.602339733566449
1205	1.7106278528476593
1206	1.7106278528476593
1207	1.7106278528476593
1208	1.7106278528476593
1209	1.1577130747793027
1210	1.1577130747793027
1211	1.1577130747793027
1212	1.1577130747793027
1213	1.178416344865572
1214	1.178416344865572
1215	1.178416344865572
1216	1.178416344865572
1217	1.5321937145342641
1218	1.5321937145342641
1219	1.5321937145342641
1220	1.5321937145342641
1221	1.9516338773493975
1222	1.9516338773493975
1223	1.9516338773493975
1224	1.9516338773493975
1225	1.944351734327057
1226	1.944351734327057
1227	1.944351734327057
1228	1.944351734327057
1229	1.927606675391428
1230	1.927606675391428
1231	1.927606675391428
1232	1.927606675391428
1233	2.063290402692376
1234	2.063290402692376
1235	2.063290402692376
1236	2.063290402692376
1237	1.8889584542305107
1238	1.8889584542305107
1239	1.8889584542305107
1240	1.8889584542305107
1241	1.2315598272259165
1242	1.2315598272259165
1243	1.2315598272259165
1244	1.2315598272259165
1245	1.406472892706327
1246	1.406472892706327
1247	1.406472892706327
1248	1.406472892706327
1249	1.9638431983035196
1250	1.9638431983035196
1251	1.9638431983035196
1252	1.9638431983035196
1253	1.5623388310583404
1254	1.5623388310583404
1255	1.5623388310583404
1256	1.5623388310583404
1257	1.4461251972157059
1258	1.4461251972157059
1259	1.4461251972157059
1260	1.4461251972157059
1261	1.9895311738729404
1262	1.9895311738729404
1263	1.9895311738729404
1264	1.9895311738729404
1265	1.94137779643904
1266	1.94137779643904
1267	1.94137779643904
1268	1.94137779643904
1269	1.7010161105037827
1270	1.7010161105037827
1271	1.7010161105037827
1272	1.7010161105037827
1273	1.3896477029127614
1274	1.3896477029127614
1275	1.3896477029127614
1276	1.3896477029127614
1277	1.26161201307927
1278	1.26161201307927
1279	1.26161201307927
1280	1.26161201307927
1281	1.8444369227160848
1282	1.8444369227160848
1283	1.8444369227160848
1284	1.8444369227160848
1285	2.267670974321079
1286	2.267670974321079
1287	2.267670974321079
1288	2.267670974321079
1289	1.5643003956089692
1290	1.5643003956089692
1291	1.5643003956089692
1292	1.5643003956089692
1293	2.189318061748003
1294	2.189318061748003
1295	2.189318061748003
1296	2.189318061748003
1297	1.5888140149773788
1298	1.5888140149773788
1299	1.5888140149773788
1300	1.5888140149773788
1301	1.1005680223011254
1302	1.1005680223011254
1303	1.1005680223011254
1304	1.1005680223011254
1305	1.503260594523853
1306	1.503260594523853
1307	1.503260594523853
1308	1.503260594523853
1309	1.741544087460772
1310	1.741544087460772
1311	1.741544087460772
1312	1.741544087460772
1313	1.506916902710504
1314	1.506916902710504
1315	1.506916902710504
1316	1.506916902710504
1317	1.5453648914044016
1318	1.5453648914044016
1319	1.5453648914044016
1320	1.5453648914044016
1321	1.564273186845577
1322	1.564273186845577
1323	1.564273186845577
1324	1.564273186845577
1325	2.598222427162912
1326	2.598222427162912
1327	2.598222427162912
1328	2.598222427162912
1329	1.5662917901605367
1330	1.5662917901605367
1331	1.5662917901605367
1332	1.5662917901605367
1333	1.6964163057033221
1334	1.6964163057033221
1335	1.6964163057033221
1336	1.6964163057033221
1337	1.8620797773004716
1338	1.8620797773004716
1339	1.8620797773004716
1340	1.8620797773004716
1341	1.3839911230384865
1342	1.3839911230384865
1343	1.3839911230384865
1344	1.3839911230384865
1345	1.8478238204549422
1346	1.8478238204549422
1347	1.8478238204549422
1348	1.8478238204549422
1349	1.777872047736964
1350	1.777872047736964
1351	1.777872047736964
1352	1.777872047736964
1353	1.8816534729262966
1354	1.8816534729262966
1355	1.8816534729262966
1356	1.8816534729262966
1357	1.8525476478464569
1358	1.8525476478464569
1359	1.8525476478464569
1360	1.8525476478464569
1361	1.5137997316114578
1362	1.5137997316114578
1363	1.5137997316114578
1364	1.5137997316114578
1365	2.1406986074076237
1366	2.1406986074076237
1367	2.1406986074076237
1368	2.1406986074076237
1369	1.5142700841410017
1370	1.5142700841410017
1371	1.5142700841410017
1372	1.5142700841410017
1373	1.4183418272805661
1374	1.4183418272805661
1375	1.4183418272805661
1376	1.4183418272805661
1377	1.4871669270845156
1378	1.4871669270845156
1379	1.4871669270845156
1380	1.4871669270845156
1381	2.2251393317787924
1382	2.2251393317787924
1383	2.2251393317787924
1384	2.2251393317787924
1385	1.7251257846614043
1386	1.7251257846614043
1387	1.7251257846614043
1388	1.7251257846614043
1389	1.2716681977768722
1390	1.2716681977768722
1391	1.2716681977768722
1392	1.2716681977768722
1393	2.021412708678672
1394	2.021412708678672
1395	2.021412708678672
1396	2.021412708678672
1397	1.6416758695144926
1398	1.6416758695144926
1399	1.6416758695144926
1400	1.6416758695144926
1401	1.4082023396627972
1402	1.4082023396627972
1403	1.4082023396627972
1404	1.4082023396627972
1405	1.1564634725872394
1406	1.1564634725872394
1407	1.1564634725872394
1408	1.1564634725872394
1409	1.7482259638089943
1410	1.7482259638089943
1411	1.7482259638089943
1412	1.7482259638089943
1413	1.6665533979789897
1414	1.6665533979789897
1415	1.6665533979789897
1416	1.6665533979789897
1417	2.052964537390258
1418	2.052964537390258
1419	2.052964537390258
1420	2.052964537390258
1421	1.1845859549516673
1422	1.1845859549516673
1423	1.1845859549516673
1424	1.1845859549516673
1425	1.5514507807846836
1426	1.5514507807846836
1427	1.5514507807846836
1428	1.5514507807846836
1429	1.2114518842235786
1430	1.2114518842235786
1431	1.2114518842235786
1432	1.2114518842235786
1433	1.7426032065646941
1434	1.7426032065646941
1435	1.7426032065646941
1436	1.7426032065646941
1437	1.1475012813942684
1438	1.1475012813942684
1439	1.1475012813942684
1440	1.1475012813942684
1441	1.7843161902040583
1442	1.7843161902040583
1443	1.7843161902040583
1444	1.7843161902040583
1445	2.297811956218455
1446	2.297811956218455
1447	2.297811956218455
1448	2.297811956218455
1449	1.6844362623748297
1450	1.6844362623748297
1451	1.6844362623748297
1452	1.6844362623748297
1453	2.3013452798756804
1454	2.3013452798756804
1455	2.3013452798756804
1456	2.3013452798756804
1457	0.9615693570035947
1458	0.9615693570035947
1459	0.9615693570035947
1460	0.9615693570035947
1461	2.252003977323974
1462	2.252003977323974
1463	2.252003977323974
1464	2.252003977323974
1465	1.084635846233015
1466	1.084635846233015
1467	1.084635846233015
1468	1.084635846233015
1469	1.6688411396168426
1470	1.6688411396168426
1471	1.6688411396168426
1472	1.6688411396168426
1473	1.9277127388701556
1474	1.9277127388701556
1475	1.9277127388701556
1476	1.9277127388701556
1477	1.94106297594864
1478	1.94106297594864
1479	1.94106297594864
1480	1.94106297594864
1481	1.6092054498157815
1482	1.6092054498157815
1483	1.6092054498157815
1484	1.6092054498157815
1485	1.4811945235479795
1486	1.4811945235479795
1487	1.4811945235479795
1488	1.4811945235479795
1489	1.5849638613226782
1490	1.5849638613226782
1491	1.5849638613226782
1492	1.5849638613226782
1493	1.251317515115006
1494	1.251317515115006
1495	1.251317515115006
1496	1.251317515115006
1497	1.3373963749360223
1498	1.3373963749360223
1499	1.3373963749360223
1500	1.3373963749360223
1501	1.952090638430619
1502	1.952090638430619
1503	1.952090638430619
1504	1.952090638430619
1505	1.6834760215766689
1506	1.6834760215766689
1507	1.6834760215766689
1508	1.6834760215766689
1509	1.2234337371609152
1510	1.2234337371609152
1511	1.2234337371609152
1512	1.2234337371609152
1513	1.221875985931916
1514	1.221875985931916
1515	1.221875985931916
1516	1.221875985931916
1517	1.4814213595786836
1518	1.4814213595786836
1519	1.4814213595786836
1520	1.4814213595786836
1521	1.2972394089120978
1522	1.2972394089120978
1523	1.2972394089120978
1524	1.2972394089120978
1525	1.6446024452706214
1526	1.6446024452706214
1527	1.6446024452706214
1528	1.6446024452706214
1529	2.170910811444171
1530	2.170910811444171
1531	2.170910811444171
1532	2.170910811444171
1533	1.591622496203756
1534	1.591622496203756
1535	1.591622496203756
1536	1.591622496203756
1537	1.6958597669276372
1538	1.6958597669276372
1539	1.6958597669276372
1540	1.6958597669276372
1541	1.8211858079394827
1542	1.8211858079394827
1543	1.8211858079394827
1544	1.8211858079394827
1545	1.2600359758361854
1546	1.2600359758361854
1547	1.2600359758361854
1548	1.2600359758361854
1549	1.9477890858711897
1550	1.9477890858711897
1551	1.9477890858711897
1552	1.9477890858711897
1553	1.785206497693554
1554	1.785206497693554
1555	1.785206497693554
1556	1.785206497693554
1557	1.5249498201811607
1558	1.5249498201811607
1559	1.5249498201811607
1560	1.5249498201811607
1561	1.5532209035478017
1562	1.5532209035478017
1563	1.5532209035478017
1564	1.5532209035478017
1565	1.6994496826623622
1566	1.6994496826623622
1567	1.6994496826623622
1568	1.6994496826623622
1569	0.9416808661175932
1570	0.9416808661175932
1571	0.9416808661175932
1572	0.9416808661175932
1573	1.3409841401882394
1574	1.3409841401882394
1575	1.3409841401882394
1576	1.3409841401882394
1577	2.0909573990370225
1578	2.0909573990370225
1579	2.0909573990370225
1580	2.0909573990370225
1581	1.0972947686318213
1582	1.0972947686318213
1583	1.0972947686318213
1584	1.0972947686318213
1585	2.405743101933343
1586	2.405743101933343
1587	2.405743101933343
1588	2.405743101933343
1589	0.9556565016699368
1590	0.9556565016699368
1591	0.9556565016699368
1592	0.9556565016699368
1593	2.151112810268802
1594	2.151112810268802
1595	2.151112810268802
1596	2.151112810268802
1597	0.9294504225975204
1598	0.9294504225975204
1599	0.9294504225975204
1600	0.9294504225975204
1601	1.7039003610623957
1602	1.7039003610623957
1603	1.7039003610623957
1604	1.7039003610623957
1605	1.6488306555939654
1606	1.6488306555939654
1607	1.6488306555939654
1608	1.6488306555939654
1609	2.051840011055892
1610	2.051840011055892
1611	2.051840011055892
1612	2.051840011055892
1613	2.1863891317820254
1614	2.1863891317820254
1615	2.1863891317820254
1616	2.1863891317820254
1617	1.4915889609808928
1618	1.4915889609808928
1619	1.4915889609808928
1620	1.4915889609808928
1621	1.1527132578115358
1622	1.1527132578115358
1623	1.1527132578115358
1624	1.1527132578115358
1625	2.106886552901452
1626	2.106886552901452
1627	2.106886552901452
1628	2.106886552901452
1629	1.2973493393987645
1630	1.2973493393987645
1631	1.2973493393987645
1632	1.2973493393987645
1633	1.8419083096442983
1634	1.9176081825868407
1635	1.9176081825868407
1636	1.9176081825868407
1637	1.9176081825868407
1638	1.2406188533182703
1639	1.2406188533182703
1640	1.2406188533182703
1641	1.2406188533182703
1642	2.203754461582503
1643	2.203754461582503
1644	1.9573844948668047
1645	1.9573844948668047
1646	1.9573844948668047
1647	1.9573844948668047
1648	1.5384006164759425
1649	1.5384006164759425
1650	1.5384006164759425
1651	1.5384006164759425
1652	1.8650642538976416
1653	1.8650642538976416
1654	1.8650642538976416
1655	1.8650642538976416
1656	1.621169898274147
1657	1.621169898274147
1658	1.621169898274147
1659	1.621169898274147
1660	1.352214422007219
1661	1.352214422007219
1662	1.352214422007219
1663	1.352214422007219
1664	2.5139204166644893
1665	2.5139204166644893
1666	2.5139204166644893
1667	2.5139204166644893
1668	1.6984649802013738
1669	1.6984649802013738
1670	1.6984649802013738
1671	1.6984649802013738
1672	2.103278023688729
1673	2.103278023688729
1674	2.103278023688729
1675	2.103278023688729
1676	1.888359119260115
1677	1.888359119260115
1678	1.888359119260115
1679	1.888359119260115
1680	1.830793776641145
1681	1.830793776641145
1682	1.830793776641145
1683	1.830793776641145
1684	2.3158087527200073
1685	2.3158087527200073
1686	2.3158087527200073
1687	2.3158087527200073
1688	2.529953079217428
1689	2.529953079217428
1690	2.529953079217428
1691	2.529953079217428
1692	1.5253522715663206
1693	1.5253522715663206
1694	1.5253522715663206
1695	1.5253522715663206
1696	1.5329891082989628
1697	1.5329891082989628
1698	1.5329891082989628
1699	1.5329891082989628
1700	1.7353793481384683
1701	1.7353793481384683
1702	1.7353793481384683
1703	1.7353793481384683
1704	1.943621849856532
1705	1.943621849856532
1706	1.943621849856532
1707	1.943621849856532
1708	2.1837635224863092
1709	2.1837635224863092
1710	2.1837635224863092
1711	2.1837635224863092
1712	2.0662147642495357
1713	2.0662147642495357
1714	2.0662147642495357
1715	2.0662147642495357
1716	1.7388372016105773
1717	1.7388372016105773
1718	1.7388372016105773
1719	1.7388372016105773
1720	1.6449919069159147
1721	1.6449919069159147
1722	1.6449919069159147
1723	1.6449919069159147
1724	1.9243053209051253
1725	1.9243053209051253
1726	1.9243053209051253
1727	1.9243053209051253
1728	2.090367902906218
1729	2.090367902906218
1730	2.090367902906218
1731	2.090367902906218
1732	2.1208301426188405
1733	2.1208301426188405
1734	2.1208301426188405
1735	2.1208301426188405
1736	1.5070082826620104
1737	1.5070082826620104
1738	1.5070082826620104
1739	1.5070082826620104
1740	2.3129965407781414
1741	2.3129965407781414
1742	2.3129965407781414
1743	2.3129965407781414
1744	1.8488334577111085
1745	1.8488334577111085
1746	1.6520650340934993
1747	1.6520650340934993
1748	1.6520650340934993
1749	1.6520650340934993
1750	1.8981297018819285
1751	1.8981297018819285
1752	1.8981297018819285
1753	1.8981297018819285
1754	1.3996734418444676
1755	1.3996734418444676
1756	1.3996734418444676
1757	1.3996734418444676
1758	2.0922900135331273
1759	2.0922900135331273
1760	2.0922900135331273
1761	2.0922900135331273
1762	2.052905683859411
1763	2.052905683859411
1764	2.052905683859411
1765	2.052905683859411
1766	1.7385052477365786
1767	1.7385052477365786
1768	1.7385052477365786
1769	1.7385052477365786
1770	2.245121924233011
1771	2.245121924233011
1772	2.245121924233011
1773	2.245121924233011
1774	1.3806999828101827
1775	1.3806999828101827
1776	1.3806999828101827
1777	1.3806999828101827
1778	1.8050735470204273
1779	1.8050735470204273
1780	1.8050735470204273
1781	1.6849270957193958
1782	1.6849270957193958
1783	1.6849270957193958
1784	1.6849270957193958
1785	2.0228908915114365
1786	2.0228908915114365
1787	2.0228908915114365
1788	2.0228908915114365
1789	1.7328831876961879
1790	1.7328831876961879
1791	1.7328831876961879
1792	1.7328831876961879
1793	1.4399662282564247
1794	1.4399662282564247
1795	1.4399662282564247
1796	1.4399662282564247
1797	2.4729144120745796
1798	2.4729144120745796
1799	2.4729144120745796
1800	2.4729144120745796
1801	1.139215810102386
1802	1.139215810102386
1803	1.139215810102386
1804	1.139215810102386
1805	2.162681031510921
1806	2.162681031510921
1807	2.162681031510921
1808	2.162681031510921
1809	1.8785439966732667
1810	1.8785439966732667
1811	1.9434382868313491
1812	1.9434382868313491
1813	1.9434382868313491
1814	1.9434382868313491
1815	1.180102803226188
1816	1.180102803226188
1817	1.180102803226188
1818	1.180102803226188
1819	2.264763232293947
1820	2.264763232293947
1821	2.264763232293947
1822	2.264763232293947
1823	2.1185818559822747
1824	2.1185818559822747
1825	2.1185818559822747
1826	2.1185818559822747
1827	1.9975672694932152
1828	1.9975672694932152
1829	1.9975672694932152
1830	1.9975672694932152
1831	1.5506048933913463
1832	1.5506048933913463
1833	1.5506048933913463
1834	1.5506048933913463
1835	1.63091639292952
1836	1.63091639292952
1837	1.63091639292952
1838	1.63091639292952
1839	1.3267108872890852
1840	1.3267108872890852
1841	1.3267108872890852
1842	1.3267108872890852
1843	1.2777115319585342
1844	1.2777115319585342
1845	1.2777115319585342
1846	1.2777115319585342
1847	1.828167969412747
1848	1.828167969412747
1849	1.828167969412747
1850	1.828167969412747
1851	2.132007379666063
1852	2.132007379666063
1853	2.132007379666063
1854	2.132007379666063
1855	1.8677544842850895
1856	1.8677544842850895
1857	1.8677544842850895
1858	1.8677544842850895
1859	1.617644811855813
1860	1.617644811855813
1861	1.617644811855813
1862	1.617644811855813
1863	1.4873452392183628
1864	1.4873452392183628
1865	1.4873452392183628
1866	1.4873452392183628
1867	2.1623169298059266
1868	2.1623169298059266
1869	2.1623169298059266
1870	2.1623169298059266
1871	2.072136167517236
1872	2.072136167517236
1873	2.072136167517236
1874	2.072136167517236
1875	1.980960472008195
1876	1.980960472008195
1877	1.980960472008195
1878	1.980960472008195
1879	1.0716773511306146
1880	1.0716773511306146
1881	1.0716773511306146
1882	1.0716773511306146
1883	1.3790336631601854
1884	1.3790336631601854
1885	1.3790336631601854
1886	1.3790336631601854
1887	2.2985752111917956
1888	2.2985752111917956
1889	2.2985752111917956
1890	2.2985752111917956
1891	1.4410488022924004
1892	1.4410488022924004
1893	1.4410488022924004
1894	1.4410488022924004
1895	1.433202274557296
1896	1.433202274557296
1897	1.433202274557296
1898	1.433202274557296
1899	1.3873176494569146
1900	1.3873176494569146
1901	1.3873176494569146
1902	1.3873176494569146
1903	1.8390550509439159
1904	1.8390550509439159
1905	1.8390550509439159
1906	1.8390550509439159
1907	1.9861669824296508
1908	1.9861669824296508
1909	1.9861669824296508
1910	1.9861669824296508
1911	1.4062854542821568
1912	1.4062854542821568
1913	1.4062854542821568
1914	1.4062854542821568
1915	1.859971427846903
1916	1.859971427846903
1917	1.859971427846903
1918	1.859971427846903
1919	1.5650292946355695
1920	1.5650292946355695
1921	1.5650292946355695
1922	1.5650292946355695
1923	2.2278009615503844
1924	2.2278009615503844
1925	2.2278009615503844
1926	2.2278009615503844
1927	1.5616013261251274
1928	1.5616013261251274
1929	1.5616013261251274
1930	1.5616013261251274
1931	1.8837881564179484
1932	1.8837881564179484
1933	1.8837881564179484
1934	1.8837881564179484
1935	1.9951423118447533
1936	1.9951423118447533
1937	1.9951423118447533
1938	1.9951423118447533
1939	2.250012497560504
1940	2.250012497560504
1941	2.250012497560504
1942	2.250012497560504
1943	1.9557828304153793
1944	1.9557828304153793
1945	1.9557828304153793
1946	1.9557828304153793
1947	1.4494926820352205
1948	1.4494926820352205
1949	1.4494926820352205
1950	1.4494926820352205
1951	2.431837965343851
1952	2.431837965343851
1953	2.431837965343851
1954	2.431837965343851
1955	1.7884412400361689
1956	1.7884412400361689
1957	1.7884412400361689
1958	1.7884412400361689
1959	1.7667391872713938
1960	1.7667391872713938
1961	1.7667391872713938
1962	1.7667391872713938
1963	1.3735131631039827
1964	1.3735131631039827
1965	1.3735131631039827
1966	1.3735131631039827
1967	1.0900312429153152
1968	1.0900312429153152
1969	1.0900312429153152
1970	1.0900312429153152
1971	1.880239755990665
1972	1.880239755990665
1973	1.880239755990665
1974	1.880239755990665
1975	2.076134711263456
1976	2.076134711263456
1977	2.076134711263456
1978	2.076134711263456
1979	1.333376078170634
1980	1.333376078170634
1981	1.333376078170634
1982	1.333376078170634
1983	1.993792411244553
1984	1.993792411244553
1985	1.993792411244553
1986	1.993792411244553
1987	2.1084604201235595
1988	2.1084604201235595
1989	2.1084604201235595
1990	2.1084604201235595
1991	1.6492025560770254
1992	1.6492025560770254
1993	1.6492025560770254
1994	1.6492025560770254
1995	1.5114386982620927
1996	1.5114386982620927
1997	1.5114386982620927
1998	1.5114386982620927
1999	1.8464223525810886
2000	1.8464223525810886
2001	1.8464223525810886
2002	1.8464223525810886
2003	2.0434363350978297
2004	2.0434363350978297
2005	2.0434363350978297
2006	2.0434363350978297
2007	2.4694999980523775
2008	2.4694999980523775
2009	2.4694999980523775
2010	2.4694999980523775
2011	1.1400977946021742
2012	1.1400977946021742
2013	1.1400977946021742
2014	1.1400977946021742
2015	1.2478061346197855
2016	1.2478061346197855
2017	1.2478061346197855
2018	1.2478061346197855
2019	2.220918161664618
2020	2.220918161664618
2021	2.220918161664618
2022	2.220918161664618
2023	1.1269072561332558
2024	1.1269072561332558
2025	1.1269072561332558
2026	1.1269072561332558
2027	1.661200687732267
2028	1.661200687732267
2029	1.661200687732267
2030	1.661200687732267
2031	2.126720010822398
2032	2.126720010822398
2033	2.126720010822398
2034	2.126720010822398
2035	1.6262684322526038
2036	1.6262684322526038
2037	1.6262684322526038
2038	1.6262684322526038
2039	2.550522965197736
2040	2.550522965197736
2041	2.550522965197736
2042	2.550522965197736
2043	1.6082555951276807
2044	1.6082555951276807
2045	1.6082555951276807
2046	1.6082555951276807
2047	1.8729908629769314
2048	1.8729908629769314
2049	1.8729908629769314
2050	1.8729908629769314
2051	0.9446475344851502
2052	1.6610565211850377
2053	1.6610565211850377
2054	1.6610565211850377
2055	1.6610565211850377
2056	0.7640502365972534
2057	0.7640502365972534
2058	0.7640502365972534
2059	0.7640502365972534
2060	1.231487748907096
2061	1.231487748907096
2062	1.231487748907096
2063	1.231487748907096
2064	1.4244776550685567
2065	1.4244776550685567
2066	1.4244776550685567
2067	1.4244776550685567
2068	1.1915926887295885
2069	1.1915926887295885
2070	1.1915926887295885
2071	1.1915926887295885
2072	1.5320870821667685
2073	1.5320870821667685
2074	1.5320870821667685
2075	1.5320870821667685
2076	1.3841271606913828
2077	1.3841271606913828
2078	1.3841271606913828
2079	1.3841271606913828
2080	1.868896446085119
2081	1.868896446085119
2082	1.868896446085119
2083	1.148393655211609
2084	1.148393655211609
2085	1.148393655211609
2086	1.148393655211609
2087	2.0936777893326637
2088	2.0936777893326637
2089	2.0936777893326637
2090	2.0936777893326637
2091	1.570878315999872
2092	1.570878315999872
2093	1.570878315999872
2094	1.570878315999872
2095	2.1040309970565017
2096	2.1040309970565017
2097	2.1040309970565017
2098	2.1040309970565017
2099	1.4449638812921002
2100	1.4449638812921002
2101	1.4449638812921002
2102	1.4449638812921002
2103	2.0793897293502335
2104	2.0793897293502335
2105	2.0793897293502335
2106	2.0793897293502335
2107	1.712249212511495
2108	1.712249212511495
2109	1.712249212511495
2110	1.712249212511495
2111	1.8380638151400224
2112	1.8380638151400224
2113	1.8380638151400224
2114	1.8380638151400224
2115	1.0480519459367996
2116	1.0480519459367996
2117	1.0480519459367996
2118	1.0480519459367996
2119	1.4879390739089857
2120	1.4879390739089857
2121	1.4879390739089857
2122	1.4879390739089857
2123	1.6787821911400693
2124	1.6787821911400693
2125	1.6787821911400693
2126	1.6787821911400693
2127	1.3168271244775271
2128	1.3168271244775271
2129	1.6777672948141285
2130	1.6777672948141285
2131	1.6777672948141285
2132	1.6777672948141285
2133	1.8940880912475766
2134	1.8940880912475766
2135	1.8940880912475766
2136	1.8940880912475766
2137	2.088955831600332
2138	2.088955831600332
2139	2.088955831600332
2140	2.088955831600332
2141	2.10468811763885
2142	2.10468811763885
2143	2.10468811763885
2144	2.10468811763885
2145	1.3275031738139838
2146	1.3275031738139838
2147	1.3275031738139838
2148	1.3275031738139838
2149	2.184194957160773
2150	2.184194957160773
2151	2.184194957160773
2152	2.184194957160773
2153	2.072206626132668
2154	2.072206626132668
2155	2.072206626132668
2156	2.072206626132668
2157	1.7168810565113144
2158	1.7168810565113144
2159	1.7168810565113144
2160	1.7168810565113144
2161	2.1547109575018
2162	2.1547109575018
2163	2.1547109575018
2164	2.1547109575018
2165	1.7222126982989727
2166	1.7222126982989727
2167	1.7222126982989727
2168	1.7222126982989727
2169	1.1887231512482008
2170	1.1887231512482008
2171	1.1887231512482008
2172	1.1887231512482008
2173	1.6595867142593685
2174	1.6595867142593685
2175	1.6595867142593685
2176	1.6595867142593685
2177	1.5917135302000578
2178	1.5917135302000578
2179	1.5917135302000578
2180	1.5917135302000578
2181	1.6036313700120937
2182	1.6036313700120937
2183	1.6036313700120937
2184	1.6036313700120937
2185	2.3273966445158596
2186	2.3273966445158596
2187	2.3273966445158596
2188	2.3273966445158596
2189	1.6635920030777325
2190	1.6635920030777325
2191	1.6635920030777325
2192	1.6635920030777325
2193	1.5083426364944732
2194	1.5083426364944732
2195	1.5083426364944732
2196	1.5083426364944732
2197	1.6541087029460133
2198	1.6541087029460133
2199	1.6541087029460133
2200	1.6541087029460133
2201	1.8255390945138914
2202	1.8255390945138914
2203	1.8255390945138914
2204	1.8255390945138914
2205	2.1346572773046204
2206	2.1346572773046204
2207	2.1346572773046204
2208	2.1346572773046204
2209	1.8046173127671676
2210	1.8046173127671676
2211	1.8046173127671676
2212	1.8046173127671676
2213	1.768616458633123
2214	1.768616458633123
2215	1.768616458633123
2216	1.768616458633123
2217	2.21371980537948
2218	2.21371980537948
2219	2.21371980537948
2220	1.9850243031957164
2221	1.9850243031957164
2222	1.9850243031957164
2223	1.9850243031957164
2224	1.903533354191151
2225	1.903533354191151
2226	1.903533354191151
2227	1.903533354191151
2228	1.8984362846764116
2229	1.8984362846764116
2230	1.8984362846764116
2231	1.8984362846764116
2232	1.837789953494701
2233	1.837789953494701
2234	1.837789953494701
2235	1.837789953494701
2236	1.5450511939780365
2237	1.5450511939780365
2238	1.5450511939780365
2239	1.5450511939780365
2240	1.5807593152132473
2241	1.5807593152132473
2242	1.7715331552649933
2243	1.7715331552649933
2244	1.7715331552649933
2245	1.7715331552649933
2246	1.6966254836067707
2247	1.6966254836067707
2248	1.6966254836067707
2249	1.6966254836067707
2250	1.9159319535530295
2251	1.9159319535530295
2252	1.9159319535530295
2253	1.9159319535530295
2254	1.4257268688313582
2255	1.4257268688313582
2256	1.4257268688313582
2257	1.4257268688313582
2258	1.9628476507628156
2259	1.9628476507628156
2260	1.9628476507628156
2261	1.9628476507628156
2262	1.3860526766031116
2263	1.3860526766031116
2264	1.3860526766031116
2265	1.3860526766031116
2266	1.6514410405110107
2267	1.6514410405110107
2268	1.6514410405110107
2269	1.6514410405110107
2270	2.0619980237091196
2271	2.0619980237091196
2272	2.0619980237091196
2273	2.0619980237091196
2274	2.0560918120000378
2275	2.0560918120000378
2276	2.0560918120000378
2277	2.0560918120000378
2278	1.857209322278
2279	1.857209322278
2280	1.857209322278
2281	1.857209322278
2282	1.5582446163697736
2283	1.5582446163697736
2284	1.5582446163697736
2285	1.5582446163697736
2286	1.915505209099758
2287	1.915505209099758
2288	1.915505209099758
2289	1.915505209099758
2290	1.7706631285822176
2291	1.865196539993075
2292	1.865196539993075
2293	1.865196539993075
