0	0.3600007325980885
1	0.3600007325980885
2	0.3600007325980885
3	0.3600007325980885
4	0.3600007325980885
5	0.3600007325980885
6	0.3600007325980885
7	0.3600007325980885
8	0.36686622130879665
9	0.36686622130879665
10	0.36686622130879665
11	0.36686622130879665
12	0.36686622130879665
13	0.36686622130879665
14	0.36686622130879665
15	0.36686622130879665
16	0.24612093735799592
17	0.24612093735799592
18	0.24612093735799592
19	0.24612093735799592
20	0.24612093735799592
21	0.24612093735799592
22	0.24612093735799592
23	0.24612093735799592
24	0.5177203443316465
25	0.5177203443316465
26	0.5177203443316465
27	0.5177203443316465
28	0.5177203443316465
29	0.5177203443316465
30	0.5177203443316465
31	0.5177203443316465
32	0.3079112974466587
33	0.3079112974466587
34	0.3079112974466587
35	0.3079112974466587
36	0.3079112974466587
37	0.3079112974466587
38	0.3079112974466587
39	0.3079112974466587
40	0.19629876459604112
41	0.19629876459604112
42	0.19629876459604112
43	0.19629876459604112
44	0.19629876459604112
45	0.19629876459604112
46	0.19629876459604112
47	0.19629876459604112
48	0.11897141948123457
49	0.11897141948123457
50	0.11897141948123457
51	0.11897141948123457
52	0.11897141948123457
53	0.11897141948123457
54	0.11897141948123457
55	0.11897141948123457
56	0.24715716537985843
57	0.24715716537985843
58	0.24715716537985843
59	0.24715716537985843
60	0.24715716537985843
61	0.24715716537985843
62	0.24715716537985843
63	0.24715716537985843
64	0.1
65	0.1
66	0.1
67	0.1
68	0.1
69	0.1
70	0.1
71	0.1
72	0.41788580350780985
73	0.41788580350780985
74	0.41788580350780985
75	0.41788580350780985
76	0.3014206304402774
77	0.3014206304402774
78	0.3014206304402774
79	0.3014206304402774
80	0.3014206304402774
81	0.3014206304402774
82	0.3014206304402774
83	0.3014206304402774
84	0.2530570835081244
85	0.2530570835081244
86	0.2530570835081244
87	0.2530570835081244
88	0.2530570835081244
89	0.2530570835081244
90	0.2530570835081244
91	0.2530570835081244
92	0.6546561167585241
93	0.6546561167585241
94	0.6546561167585241
95	0.6546561167585241
96	0.6546561167585241
97	0.6546561167585241
98	0.6546561167585241
99	0.6546561167585241
100	0.6087917183177347
101	0.7750628318972527
102	0.7750628318972527
103	0.7750628318972527
104	0.7750628318972527
105	0.7750628318972527
106	0.7750628318972527
107	0.7750628318972527
108	0.7750628318972527
109	0.7946973760833522
110	0.7946973760833522
111	0.7946973760833522
112	0.7946973760833522
113	0.7946973760833522
114	0.7946973760833522
115	0.7946973760833522
116	0.7946973760833522
117	0.6543176560469304
118	0.6543176560469304
119	0.6543176560469304
120	0.6543176560469304
121	0.6543176560469304
122	0.6543176560469304
123	0.6543176560469304
124	0.6543176560469304
125	0.13979867544777858
126	0.13979867544777858
127	0.13979867544777858
128	0.13979867544777858
129	0.13979867544777858
130	0.13979867544777858
131	0.13979867544777858
132	0.13979867544777858
133	0.6378099135700512
134	0.6378099135700512
135	0.6378099135700512
136	0.6378099135700512
137	0.6378099135700512
138	0.6378099135700512
139	0.6378099135700512
140	0.6378099135700512
141	0.1
142	0.1
143	0.1
144	0.1
145	0.1
146	0.1
147	0.1
148	0.1
149	0.46254987611116605
150	0.46254987611116605
151	0.46254987611116605
152	0.46254987611116605
153	0.46254987611116605
154	0.46254987611116605
155	0.46254987611116605
156	0.46254987611116605
157	0.6602519945067342
158	0.6602519945067342
159	0.6602519945067342
160	0.6602519945067342
161	0.6602519945067342
162	0.6602519945067342
163	0.6602519945067342
164	0.6602519945067342
165	0.5466102960906445
166	0.5466102960906445
167	0.5466102960906445
168	0.5466102960906445
169	0.5466102960906445
170	0.5466102960906445
171	0.5466102960906445
172	0.5466102960906445
173	0.8031187644738496
174	0.8031187644738496
175	0.8031187644738496
176	0.8031187644738496
177	0.8031187644738496
178	0.8031187644738496
179	0.8031187644738496
180	0.8031187644738496
181	0.7150277149336127
182	0.7150277149336127
183	0.7150277149336127
184	0.7150277149336127
185	0.7150277149336127
186	0.7150277149336127
187	0.7150277149336127
188	0.7150277149336127
189	0.6305352343348136
190	0.6305352343348136
191	0.6305352343348136
192	0.6305352343348136
193	0.6305352343348136
194	0.6305352343348136
195	0.6305352343348136
196	0.6305352343348136
197	0.7776114815343301
198	0.7776114815343301
199	0.7776114815343301
200	0.7776114815343301
201	0.7776114815343301
202	0.7776114815343301
203	0.7776114815343301
204	0.7776114815343301
205	0.8599142461980565
206	0.8599142461980565
207	0.8599142461980565
208	0.8599142461980565
209	0.8599142461980565
210	0.8599142461980565
211	0.8599142461980565
212	0.8599142461980565
213	0.5876453133880164
214	0.5876453133880164
215	0.5876453133880164
216	0.5876453133880164
217	0.5876453133880164
218	0.5876453133880164
219	0.5876453133880164
220	0.5876453133880164
221	1.8041648814345022
222	1.8041648814345022
223	1.8041648814345022
224	1.8041648814345022
225	1.8041648814345022
226	1.8041648814345022
227	1.8041648814345022
228	1.8041648814345022
229	0.30961102365383675
230	0.30961102365383675
231	0.6544781823752501
232	0.6544781823752501
233	0.6544781823752501
234	0.6544781823752501
235	0.6544781823752501
236	0.6544781823752501
237	0.6544781823752501
238	0.6544781823752501
239	0.7220782404825539
240	0.7220782404825539
241	0.7220782404825539
242	0.7220782404825539
243	0.7220782404825539
244	0.7220782404825539
245	0.7220782404825539
246	0.7220782404825539
247	0.41729515116958216
248	0.41729515116958216
249	0.41729515116958216
250	0.41729515116958216
251	0.41729515116958216
252	0.41729515116958216
253	0.41729515116958216
254	0.41729515116958216
255	1.1002264394250272
256	1.1002264394250272
257	1.1002264394250272
258	1.1002264394250272
259	1.1002264394250272
260	1.1002264394250272
261	1.1002264394250272
262	1.1002264394250272
263	1.4586572362408583
264	1.4586572362408583
265	1.4586572362408583
266	1.4586572362408583
267	1.4586572362408583
268	1.4586572362408583
269	1.4586572362408583
270	1.4586572362408583
271	1.2051058530460486
272	1.2051058530460486
273	1.2051058530460486
274	1.2051058530460486
275	1.2051058530460486
276	1.2051058530460486
277	1.2051058530460486
278	1.2051058530460486
279	1.213181252986312
280	1.213181252986312
281	1.213181252986312
282	1.213181252986312
283	1.213181252986312
284	1.213181252986312
285	1.213181252986312
286	1.213181252986312
287	2.14595921807659
288	2.14595921807659
289	2.14595921807659
290	2.14595921807659
291	2.14595921807659
292	2.14595921807659
293	2.14595921807659
294	2.14595921807659
295	1.2853537313059027
296	1.2853537313059027
297	1.2853537313059027
298	1.2853537313059027
299	1.2853537313059027
300	1.2853537313059027
301	1.2853537313059027
302	1.2853537313059027
303	0.47082580276501174
304	0.47082580276501174
305	0.47082580276501174
306	0.47082580276501174
307	0.47082580276501174
308	0.47082580276501174
309	0.47082580276501174
310	0.47082580276501174
311	0.6458181207490645
312	0.6458181207490645
313	0.6458181207490645
314	0.6458181207490645
315	0.6458181207490645
316	0.6458181207490645
317	0.6458181207490645
318	0.6458181207490645
319	1.274759525913305
320	1.274759525913305
321	1.274759525913305
322	1.274759525913305
323	1.274759525913305
324	1.274759525913305
325	1.274759525913305
326	1.274759525913305
327	1.0587742424341406
328	1.0587742424341406
329	1.0587742424341406
330	1.0587742424341406
331	1.0587742424341406
332	1.0587742424341406
333	1.0587742424341406
334	1.0587742424341406
335	1.0949748447592513
336	1.0949748447592513
337	1.0949748447592513
338	0.7273244518935141
339	0.7273244518935141
340	0.7273244518935141
341	0.7273244518935141
342	0.7273244518935141
343	0.7273244518935141
344	0.7273244518935141
345	0.7273244518935141
346	0.2623714830292995
347	0.2623714830292995
348	0.2623714830292995
349	0.2623714830292995
350	0.2623714830292995
351	0.2623714830292995
352	0.2623714830292995
353	0.2623714830292995
354	1.003735580789128
355	1.003735580789128
356	1.003735580789128
357	1.003735580789128
358	1.003735580789128
359	1.003735580789128
360	1.003735580789128
361	1.003735580789128
362	0.2817663260189061
363	0.2817663260189061
364	0.2817663260189061
365	0.2817663260189061
366	0.2817663260189061
367	0.2817663260189061
368	0.2817663260189061
369	0.2817663260189061
370	0.7753795306633101
371	0.7753795306633101
372	0.7753795306633101
373	0.7753795306633101
374	0.7753795306633101
375	0.7753795306633101
376	0.7753795306633101
377	0.7753795306633101
378	1.1783282737301541
379	0.5607193355553414
380	0.5607193355553414
381	0.5607193355553414
382	0.5607193355553414
383	0.5607193355553414
384	0.5607193355553414
385	0.5607193355553414
386	0.5607193355553414
387	1.4970172944653886
388	1.4970172944653886
389	1.4970172944653886
390	1.4970172944653886
391	1.4970172944653886
392	1.4970172944653886
393	1.4970172944653886
394	0.8267714745073924
395	0.8267714745073924
396	0.8267714745073924
397	0.8267714745073924
398	0.8267714745073924
399	0.8267714745073924
400	0.8267714745073924
401	0.8267714745073924
402	0.1
403	0.1
404	0.1
405	0.1
406	0.1
407	0.1
408	0.1
409	0.1
410	0.8132380140652342
411	0.8132380140652342
412	0.8132380140652342
413	0.8132380140652342
414	0.8132380140652342
415	0.8132380140652342
416	0.8132380140652342
417	0.8132380140652342
418	0.9536967096657816
419	0.9536967096657816
420	0.9536967096657816
421	0.9536967096657816
422	0.9536967096657816
423	0.9536967096657816
424	0.9536967096657816
425	0.9536967096657816
426	1.0389347773189517
427	1.0389347773189517
428	1.0389347773189517
429	1.0389347773189517
430	1.0389347773189517
431	1.0389347773189517
432	1.0389347773189517
433	1.0389347773189517
434	0.6906583826126507
435	0.6906583826126507
436	0.6906583826126507
437	0.6906583826126507
438	0.6906583826126507
439	0.6906583826126507
440	0.6906583826126507
441	0.6906583826126507
442	0.9399953924934045
443	0.9399953924934045
444	0.9399953924934045
445	0.9399953924934045
446	0.9399953924934045
447	0.9399953924934045
448	0.9399953924934045
449	0.9399953924934045
450	0.20367677790228333
451	0.20367677790228333
452	0.20367677790228333
453	0.20367677790228333
454	0.20367677790228333
455	0.20367677790228333
456	0.20367677790228333
457	0.20367677790228333
458	0.5713493675998755
459	0.5713493675998755
460	0.5713493675998755
461	0.5713493675998755
462	0.5713493675998755
463	0.5713493675998755
464	0.5713493675998755
465	0.5713493675998755
466	0.1
467	1.3927206537938757
468	1.3927206537938757
469	1.3927206537938757
470	1.3927206537938757
471	1.3927206537938757
472	1.3927206537938757
473	1.3927206537938757
474	1.3927206537938757
475	0.1
476	0.1
477	0.1
478	0.1
479	0.1
480	0.1
481	0.1
482	0.1
483	0.5788581281039288
484	0.5788581281039288
485	0.5788581281039288
486	0.5788581281039288
487	0.5788581281039288
488	0.5788581281039288
489	0.5788581281039288
490	0.5788581281039288
491	0.7177901142259058
492	0.7177901142259058
493	0.7177901142259058
494	0.7177901142259058
495	0.7177901142259058
496	0.7177901142259058
497	0.7177901142259058
498	0.7177901142259058
499	0.14582530291445395
500	0.14582530291445395
501	0.14582530291445395
502	0.14582530291445395
503	0.14582530291445395
504	0.14582530291445395
505	0.14582530291445395
506	0.14582530291445395
507	0.6285951860297433
508	0.6285951860297433
509	0.6285951860297433
510	0.6285951860297433
511	0.6285951860297433
512	0.6285951860297433
513	0.6285951860297433
514	0.6285951860297433
515	0.6814243466904712
516	0.6814243466904712
517	0.6814243466904712
518	0.6814243466904712
519	0.6814243466904712
520	0.6814243466904712
521	0.6814243466904712
522	0.6814243466904712
523	0.3653830877548323
524	0.3653830877548323
525	0.3653830877548323
526	0.3653830877548323
527	0.3653830877548323
528	0.3653830877548323
529	0.3653830877548323
530	0.3653830877548323
531	0.4450640247137361
532	0.4450640247137361
533	0.4450640247137361
534	0.4450640247137361
535	0.4450640247137361
536	0.4450640247137361
537	0.4450640247137361
538	0.4450640247137361
539	0.6051821570287977
540	0.6051821570287977
541	0.6051821570287977
542	0.6051821570287977
543	0.6051821570287977
544	0.6051821570287977
545	0.6051821570287977
546	0.6051821570287977
547	0.9169427389459182
548	0.9169427389459182
549	0.9169427389459182
550	0.9169427389459182
551	0.9169427389459182
552	0.9169427389459182
553	0.9169427389459182
554	0.9169427389459182
555	0.5627425636851973
556	0.5627425636851973
557	0.5627425636851973
558	0.5627425636851973
559	0.5627425636851973
560	0.5627425636851973
561	0.5627425636851973
562	0.5627425636851973
563	0.894149124243492
564	0.894149124243492
565	0.894149124243492
566	0.894149124243492
567	0.894149124243492
568	0.894149124243492
569	0.894149124243492
570	0.894149124243492
571	1.0492373252811746
572	1.0492373252811746
573	1.0492373252811746
574	1.0492373252811746
575	1.0492373252811746
576	1.0492373252811746
577	1.0492373252811746
578	1.0492373252811746
579	1.0416816723624056
580	1.0416816723624056
581	1.0416816723624056
582	1.0416816723624056
583	1.0416816723624056
584	1.0416816723624056
585	1.0416816723624056
586	1.0416816723624056
587	0.5207317292321784
588	0.5207317292321784
589	0.5207317292321784
590	0.5207317292321784
591	0.5207317292321784
592	0.5207317292321784
593	0.5207317292321784
594	0.5207317292321784
595	1.2602891509002778
596	1.2602891509002778
597	1.2602891509002778
598	1.2602891509002778
599	1.2602891509002778
600	1.2602891509002778
601	1.2602891509002778
602	1.2602891509002778
603	0.6938706296844172
604	0.6938706296844172
605	0.6938706296844172
606	0.6938706296844172
607	0.6938706296844172
608	0.6938706296844172
609	0.6938706296844172
610	0.6938706296844172
611	0.4540274796143185
612	0.4540274796143185
613	0.4540274796143185
614	0.4540274796143185
615	0.4540274796143185
616	0.5259791440864728
617	0.5259791440864728
618	0.5259791440864728
619	0.5259791440864728
620	0.5259791440864728
621	0.5259791440864728
622	0.5259791440864728
623	0.5259791440864728
624	0.7781798633256811
625	0.7781798633256811
626	0.7781798633256811
627	0.7781798633256811
628	0.7781798633256811
629	0.7781798633256811
630	0.7781798633256811
631	0.7781798633256811
632	0.8154779327581723
633	0.8154779327581723
634	0.8154779327581723
635	0.8154779327581723
636	0.8154779327581723
637	0.8154779327581723
638	0.8154779327581723
639	0.8154779327581723
640	1.3780990141570988
641	1.3780990141570988
642	1.3780990141570988
643	1.3780990141570988
644	1.3780990141570988
645	1.3780990141570988
646	1.3780990141570988
647	1.3780990141570988
648	0.7122531046483473
649	0.7122531046483473
650	0.7122531046483473
651	0.7122531046483473
652	0.7122531046483473
653	0.7122531046483473
654	0.7122531046483473
655	0.7122531046483473
656	1.5106813039856042
657	1.5106813039856042
658	1.5106813039856042
659	1.5106813039856042
660	2.2128491041133533
661	2.2128491041133533
662	2.2128491041133533
663	2.2128491041133533
664	2.2128491041133533
665	2.2128491041133533
666	2.2128491041133533
667	2.2128491041133533
668	1.2600864417445008
669	1.2600864417445008
670	1.2600864417445008
671	1.2600864417445008
672	1.2600864417445008
673	1.2600864417445008
674	1.2600864417445008
675	1.2600864417445008
676	1.5346951659143173
677	1.5346951659143173
678	1.5346951659143173
679	1.5346951659143173
680	1.5346951659143173
681	1.5346951659143173
682	1.5346951659143173
683	1.5346951659143173
684	1.421884453851592
685	1.421884453851592
686	1.421884453851592
687	1.421884453851592
688	1.421884453851592
689	1.421884453851592
690	1.421884453851592
691	1.421884453851592
692	1.9188323662803115
693	1.9188323662803115
694	1.9188323662803115
695	1.9188323662803115
696	1.9188323662803115
697	1.9188323662803115
698	1.9188323662803115
699	1.9188323662803115
700	0.6124457877698302
701	0.6124457877698302
702	0.6124457877698302
703	0.6124457877698302
704	0.6124457877698302
705	1.1524733386343213
706	1.1524733386343213
707	1.1524733386343213
708	1.1524733386343213
709	1.1524733386343213
710	1.1524733386343213
711	1.1524733386343213
712	1.1524733386343213
713	1.5142709363249662
714	1.5142709363249662
715	0.5164877530222788
716	0.5164877530222788
717	0.5164877530222788
718	0.5164877530222788
719	0.5164877530222788
720	0.5164877530222788
721	0.5164877530222788
722	0.5164877530222788
723	0.4660925435592494
724	0.4660925435592494
725	0.4660925435592494
726	0.4660925435592494
727	0.4660925435592494
728	0.4660925435592494
729	0.4660925435592494
730	0.4660925435592494
731	0.8710295587502631
732	0.8710295587502631
733	0.8710295587502631
734	0.8710295587502631
735	0.8710295587502631
736	0.8710295587502631
737	0.8710295587502631
738	0.8710295587502631
739	0.3829847556447713
740	0.3829847556447713
741	0.3829847556447713
742	0.3829847556447713
743	0.3829847556447713
744	0.3829847556447713
745	0.3829847556447713
746	0.3829847556447713
747	0.6689305469991899
748	0.6689305469991899
749	0.6689305469991899
750	0.6689305469991899
751	0.6689305469991899
752	0.6689305469991899
753	0.6689305469991899
754	0.6689305469991899
755	0.1
756	0.1
757	0.1
758	0.1
759	0.1
760	0.1
761	0.1
762	0.1
763	0.804950738383297
764	0.804950738383297
765	0.804950738383297
766	0.804950738383297
767	0.45761180480987773
768	0.45761180480987773
769	0.45761180480987773
770	0.45761180480987773
771	0.45761180480987773
772	0.45761180480987773
773	0.45761180480987773
774	0.45761180480987773
775	0.22455244921364248
776	0.22455244921364248
777	0.6861768694191929
778	0.6861768694191929
779	0.6861768694191929
780	0.6861768694191929
781	0.6861768694191929
782	0.6861768694191929
783	0.6861768694191929
784	0.6861768694191929
785	0.6573118055218174
786	0.6573118055218174
787	0.6573118055218174
788	0.6573118055218174
789	0.6573118055218174
790	0.6573118055218174
791	0.6573118055218174
792	0.6573118055218174
793	0.2579420650789367
794	0.2579420650789367
795	0.2579420650789367
796	0.2579420650789367
797	0.2579420650789367
798	0.2579420650789367
799	0.2579420650789367
800	0.33492317540969285
801	0.33492317540969285
802	0.33492317540969285
803	0.33492317540969285
804	0.33492317540969285
805	0.33492317540969285
806	0.33492317540969285
807	0.33492317540969285
808	0.8478986994931876
809	0.8478986994931876
810	0.8478986994931876
811	0.8478986994931876
812	0.8478986994931876
813	0.8478986994931876
814	0.8478986994931876
815	0.8478986994931876
816	2.258500775141531
817	2.258500775141531
818	2.258500775141531
819	2.258500775141531
820	2.258500775141531
821	2.258500775141531
822	2.258500775141531
823	2.258500775141531
824	0.7529190475271048
825	0.10360452561757014
826	0.10360452561757014
827	0.10360452561757014
828	0.10360452561757014
829	0.10360452561757014
830	0.10360452561757014
831	0.664508603642136
832	0.664508603642136
833	0.664508603642136
834	0.664508603642136
835	0.664508603642136
836	0.664508603642136
837	0.664508603642136
838	0.664508603642136
839	0.48313681104491313
840	0.48313681104491313
841	0.48313681104491313
842	0.48313681104491313
843	0.48313681104491313
844	0.48313681104491313
845	0.48313681104491313
846	0.48313681104491313
847	0.5689590364032312
848	0.5689590364032312
849	0.5689590364032312
850	0.5689590364032312
851	0.5689590364032312
852	0.5689590364032312
853	0.5689590364032312
854	0.5689590364032312
855	0.2573928735702492
856	0.2573928735702492
857	0.2573928735702492
858	0.2573928735702492
859	0.2573928735702492
860	0.2573928735702492
861	0.2573928735702492
862	0.2573928735702492
863	0.16064382923637577
864	0.16064382923637577
865	0.16064382923637577
866	0.16064382923637577
867	0.16064382923637577
868	0.16064382923637577
869	0.16064382923637577
870	0.16064382923637577
871	0.6294095224811274
872	0.6294095224811274
873	0.6294095224811274
874	0.6294095224811274
875	0.6294095224811274
876	0.6294095224811274
877	0.6294095224811274
878	0.6294095224811274
879	0.6058315505705579
880	0.6058315505705579
881	0.6058315505705579
882	0.6058315505705579
883	0.6058315505705579
884	0.6058315505705579
885	0.6058315505705579
886	0.6058315505705579
887	0.11426477598873874
888	0.11426477598873874
889	0.11426477598873874
890	0.11426477598873874
891	0.11426477598873874
892	0.11426477598873874
893	0.11426477598873874
894	0.11426477598873874
895	0.36228912365430826
896	0.5307843104866283
897	0.5307843104866283
898	0.5307843104866283
899	0.5307843104866283
900	0.5307843104866283
901	0.5307843104866283
902	0.5307843104866283
903	0.5307843104866283
904	0.779341607846573
905	0.779341607846573
906	0.779341607846573
907	0.779341607846573
908	0.779341607846573
909	0.779341607846573
910	0.779341607846573
911	0.779341607846573
912	0.6513023310210639
913	0.6513023310210639
914	0.6513023310210639
915	0.6513023310210639
916	0.6513023310210639
917	0.6513023310210639
918	0.6513023310210639
919	0.6513023310210639
920	0.466990901303595
921	0.466990901303595
922	0.466990901303595
923	0.466990901303595
924	0.466990901303595
925	0.466990901303595
926	0.466990901303595
927	0.466990901303595
928	0.18917586921699286
929	0.18917586921699286
930	0.18917586921699286
931	0.18917586921699286
932	0.18917586921699286
933	0.18917586921699286
934	0.18917586921699286
935	0.18917586921699286
936	0.6051494036349906
937	0.6051494036349906
938	0.6051494036349906
939	0.6051494036349906
940	0.6051494036349906
941	0.6051494036349906
942	0.6051494036349906
943	0.6051494036349906
944	0.1575668929314334
945	0.1575668929314334
946	0.1575668929314334
947	0.1575668929314334
948	0.1575668929314334
949	0.1575668929314334
950	0.1575668929314334
951	0.1575668929314334
952	0.8140076212941705
953	0.8140076212941705
954	0.8140076212941705
955	0.8140076212941705
956	0.8140076212941705
957	0.8140076212941705
958	0.8140076212941705
959	0.8140076212941705
960	0.9028184115665498
961	0.9028184115665498
962	0.43829556981692747
963	0.43829556981692747
964	0.43829556981692747
965	0.43829556981692747
966	0.43829556981692747
967	0.43829556981692747
968	0.43829556981692747
969	0.43829556981692747
970	0.2115134484776634
971	0.2115134484776634
972	0.2115134484776634
973	0.2115134484776634
974	0.2115134484776634
975	0.2115134484776634
976	0.2115134484776634
977	0.2115134484776634
978	0.4625120216065833
979	0.4625120216065833
980	0.4625120216065833
981	0.4625120216065833
982	0.4625120216065833
983	0.4625120216065833
984	0.4625120216065833
985	0.4625120216065833
986	0.42879263410107443
987	0.42879263410107443
988	0.42879263410107443
989	0.42879263410107443
990	0.42879263410107443
991	0.8456135634298386
992	0.8456135634298386
993	0.8456135634298386
994	0.8456135634298386
995	0.8456135634298386
996	0.8456135634298386
997	0.8456135634298386
998	0.8456135634298386
999	0.4291453475773483
1000	0.4291453475773483
1001	0.4291453475773483
1002	0.4291453475773483
1003	0.4291453475773483
1004	0.4291453475773483
1005	0.4291453475773483
1006	0.4291453475773483
1007	0.6724420974440086
1008	0.6724420974440086
1009	0.6724420974440086
1010	0.6724420974440086
1011	0.6724420974440086
1012	0.6724420974440086
1013	0.6724420974440086
1014	0.6724420974440086
1015	0.36805260303426757
1016	0.36805260303426757
1017	0.36805260303426757
1018	0.36805260303426757
1019	0.36805260303426757
1020	0.36805260303426757
1021	0.36805260303426757
1022	0.36805260303426757
1023	0.3135750538591359
1024	0.3135750538591359
1025	0.3135750538591359
1026	0.3135750538591359
1027	0.3135750538591359
1028	0.3135750538591359
1029	0.3135750538591359
1030	0.3135750538591359
1031	0.878517406939145
1032	0.878517406939145
1033	0.878517406939145
1034	0.878517406939145
1035	0.878517406939145
1036	0.878517406939145
1037	0.878517406939145
1038	0.878517406939145
1039	0.25788268004188253
1040	0.25788268004188253
1041	0.25788268004188253
1042	0.25788268004188253
1043	0.25788268004188253
1044	0.25788268004188253
1045	0.25788268004188253
1046	0.25788268004188253
1047	0.6014269629274127
1048	0.6014269629274127
1049	0.6014269629274127
1050	0.6014269629274127
1051	0.6014269629274127
1052	0.44285033460671913
1053	0.44285033460671913
1054	0.44285033460671913
1055	0.44285033460671913
1056	0.44285033460671913
1057	0.44285033460671913
1058	0.44285033460671913
1059	0.44285033460671913
1060	0.45472085881097535
1061	0.45472085881097535
1062	0.45472085881097535
1063	0.45472085881097535
1064	0.45472085881097535
1065	0.45472085881097535
1066	0.45472085881097535
1067	0.45472085881097535
1068	0.5858927304352943
1069	0.5858927304352943
1070	0.5858927304352943
1071	0.5858927304352943
1072	0.5858927304352943
1073	0.5858927304352943
1074	0.5858927304352943
1075	0.5858927304352943
1076	0.43832599028012326
1077	0.43832599028012326
1078	0.43832599028012326
1079	0.43832599028012326
1080	0.43832599028012326
1081	0.43832599028012326
1082	0.43832599028012326
1083	0.43832599028012326
1084	0.5169831927088919
1085	0.5169831927088919
1086	0.5169831927088919
1087	0.5169831927088919
1088	0.5169831927088919
1089	0.5169831927088919
1090	0.5169831927088919
1091	0.5169831927088919
1092	0.5104598991734074
1093	0.5104598991734074
1094	0.5104598991734074
1095	0.5104598991734074
1096	0.5104598991734074
1097	0.5104598991734074
1098	0.5104598991734074
1099	0.5104598991734074
1100	0.6004225005914053
1101	0.6004225005914053
1102	0.6004225005914053
1103	0.6004225005914053
1104	0.6004225005914053
1105	0.6004225005914053
1106	0.6004225005914053
1107	0.6004225005914053
1108	0.5306300711487721
1109	0.5306300711487721
1110	0.5306300711487721
1111	0.5306300711487721
1112	0.5306300711487721
1113	0.5306300711487721
1114	0.5306300711487721
1115	0.5306300711487721
1116	0.1
1117	0.1
1118	0.1
1119	0.1
1120	0.1
1121	0.1
1122	0.1
1123	0.1
1124	0.36494288439921807
1125	0.36494288439921807
1126	0.36494288439921807
1127	0.36494288439921807
1128	0.36494288439921807
1129	0.36494288439921807
1130	0.36494288439921807
1131	0.36494288439921807
1132	1.0126593964102026
1133	1.0126593964102026
1134	1.0126593964102026
1135	1.0126593964102026
1136	1.0126593964102026
1137	1.0126593964102026
1138	1.0126593964102026
1139	1.0126593964102026
1140	0.6972243469715123
1141	0.6972243469715123
1142	0.6972243469715123
1143	0.6972243469715123
1144	0.6972243469715123
1145	0.6972243469715123
1146	0.6972243469715123
1147	0.6972243469715123
1148	1.216759973023826
1149	1.216759973023826
1150	1.216759973023826
1151	1.216759973023826
1152	1.216759973023826
1153	1.216759973023826
1154	1.216759973023826
1155	1.216759973023826
1156	0.3786818544773113
1157	0.3786818544773113
1158	0.3786818544773113
1159	0.1
1160	0.1
1161	0.1
1162	0.1
1163	0.1
1164	0.1
1165	0.1
1166	0.1
1167	0.26623711421815766
1168	0.26623711421815766
1169	0.26623711421815766
1170	0.26623711421815766
1171	0.26623711421815766
1172	0.26623711421815766
1173	0.26623711421815766
1174	0.26623711421815766
1175	0.6108091434903055
1176	0.6108091434903055
1177	0.6108091434903055
1178	0.6108091434903055
1179	0.6108091434903055
1180	0.6108091434903055
1181	0.6108091434903055
1182	0.6108091434903055
1183	0.4511190486075606
1184	0.4511190486075606
1185	0.4511190486075606
1186	0.4511190486075606
1187	0.4511190486075606
1188	0.4511190486075606
1189	0.24698041618293765
1190	0.24698041618293765
1191	0.24698041618293765
1192	0.24698041618293765
1193	1.6600423956699433
1194	1.6600423956699433
1195	1.6600423956699433
1196	1.6600423956699433
1197	1.6600423956699433
1198	1.6600423956699433
1199	1.6600423956699433
1200	1.6600423956699433
1201	1.0562213571850374
1202	1.0562213571850374
1203	1.0562213571850374
1204	1.0562213571850374
1205	1.0562213571850374
1206	1.0562213571850374
1207	1.0562213571850374
1208	1.0562213571850374
1209	1.298018589237297
1210	1.298018589237297
1211	1.298018589237297
1212	1.298018589237297
1213	1.298018589237297
1214	1.298018589237297
1215	1.298018589237297
1216	1.298018589237297
1217	1.2554852160473287
1218	1.2554852160473287
1219	1.2554852160473287
1220	1.2554852160473287
1221	1.2554852160473287
1222	1.2554852160473287
1223	1.2554852160473287
1224	1.2554852160473287
1225	0.49104246575600463
1226	0.49104246575600463
1227	0.49104246575600463
1228	0.49104246575600463
1229	0.49104246575600463
1230	0.49104246575600463
1231	0.49104246575600463
1232	0.49104246575600463
1233	1.2030990757023259
1234	1.2030990757023259
1235	1.2030990757023259
1236	1.2030990757023259
1237	1.2030990757023259
1238	1.2030990757023259
1239	1.2030990757023259
1240	1.2030990757023259
1241	1.6184333087368639
1242	1.6184333087368639
1243	1.6184333087368639
1244	1.6184333087368639
1245	0.577990628689997
1246	0.577990628689997
1247	0.577990628689997
1248	0.577990628689997
1249	0.577990628689997
1250	0.577990628689997
1251	0.577990628689997
1252	0.577990628689997
1253	1.0024795448581498
1254	1.0024795448581498
1255	1.0024795448581498
1256	1.0024795448581498
1257	1.0024795448581498
1258	1.0024795448581498
1259	1.0024795448581498
1260	1.0024795448581498
1261	0.28903219849699696
1262	0.28903219849699696
1263	0.28903219849699696
1264	0.28903219849699696
1265	0.28903219849699696
1266	0.28903219849699696
1267	0.28903219849699696
1268	0.28903219849699696
1269	0.25095981838925224
1270	0.25095981838925224
1271	0.25095981838925224
1272	0.25095981838925224
1273	0.25095981838925224
1274	0.25095981838925224
1275	0.25095981838925224
1276	0.25095981838925224
1277	0.7229878876829321
1278	0.7229878876829321
1279	0.7229878876829321
1280	0.7229878876829321
1281	0.7229878876829321
1282	0.7229878876829321
1283	0.7229878876829321
1284	0.7229878876829321
1285	0.8048945516484468
1286	0.8048945516484468
1287	0.8048945516484468
1288	0.8048945516484468
1289	0.8048945516484468
1290	0.8048945516484468
1291	0.8048945516484468
1292	0.8048945516484468
1293	0.3807447029921998
1294	0.3807447029921998
1295	0.3807447029921998
1296	0.828742658844509
1297	0.828742658844509
1298	0.828742658844509
1299	0.828742658844509
1300	0.828742658844509
1301	0.828742658844509
1302	0.828742658844509
1303	0.828742658844509
1304	0.55534772956081
1305	0.55534772956081
1306	0.55534772956081
1307	0.55534772956081
1308	0.55534772956081
1309	0.55534772956081
1310	0.55534772956081
1311	0.55534772956081
1312	0.712806617982501
1313	0.712806617982501
1314	0.712806617982501
1315	0.712806617982501
1316	0.712806617982501
1317	0.712806617982501
1318	0.712806617982501
1319	0.712806617982501
1320	0.972233542391927
1321	0.972233542391927
1322	0.972233542391927
1323	0.972233542391927
1324	0.972233542391927
1325	0.972233542391927
1326	0.972233542391927
1327	0.972233542391927
1328	0.6823051080697928
1329	0.6823051080697928
1330	0.6823051080697928
1331	0.6823051080697928
1332	0.6823051080697928
1333	0.6823051080697928
1334	0.6823051080697928
1335	0.6823051080697928
1336	0.8881513968152057
1337	0.8881513968152057
1338	0.8881513968152057
1339	0.8881513968152057
1340	0.8881513968152057
1341	0.8881513968152057
1342	0.8881513968152057
1343	0.8881513968152057
1344	1.43540495869025
1345	1.43540495869025
1346	1.43540495869025
1347	1.43540495869025
1348	1.43540495869025
1349	1.43540495869025
1350	1.43540495869025
1351	1.43540495869025
1352	0.910770758196652
1353	0.910770758196652
1354	0.910770758196652
1355	0.910770758196652
1356	0.910770758196652
1357	0.910770758196652
1358	0.910770758196652
1359	0.910770758196652
1360	1.3978140198098443
1361	1.3978140198098443
1362	1.3978140198098443
1363	1.3978140198098443
1364	0.1
1365	0.1
1366	0.1
1367	0.1
1368	0.1
1369	0.1
1370	0.1
1371	0.1
1372	0.9364979443290701
1373	0.9364979443290701
1374	0.9364979443290701
1375	0.9364979443290701
1376	0.9364979443290701
1377	0.9364979443290701
1378	0.9364979443290701
1379	0.9364979443290701
1380	0.4990116245230515
1381	0.4990116245230515
1382	0.4990116245230515
1383	0.4990116245230515
1384	0.4990116245230515
1385	0.4990116245230515
1386	0.4990116245230515
1387	0.4990116245230515
1388	1.0119413174415453
1389	1.0119413174415453
1390	1.0119413174415453
1391	1.0119413174415453
1392	1.0119413174415453
1393	1.0119413174415453
1394	1.0119413174415453
1395	1.0119413174415453
1396	0.4196405106562396
1397	0.4196405106562396
1398	0.4196405106562396
1399	0.4196405106562396
1400	0.4196405106562396
1401	0.4196405106562396
1402	0.4196405106562396
1403	0.4196405106562396
1404	0.7573926373357481
1405	0.7573926373357481
1406	0.7573926373357481
1407	0.7573926373357481
1408	0.7573926373357481
1409	0.7573926373357481
1410	0.7573926373357481
1411	0.7573926373357481
1412	0.5999398135479087
1413	0.5999398135479087
1414	0.5999398135479087
1415	0.5999398135479087
1416	0.5999398135479087
1417	0.5999398135479087
1418	0.5999398135479087
1419	0.5999398135479087
1420	0.7496730956093139
1421	0.7496730956093139
1422	0.7496730956093139
1423	0.7496730956093139
1424	0.7496730956093139
1425	0.7496730956093139
1426	0.7496730956093139
1427	0.7496730956093139
1428	0.622927540472461
1429	0.622927540472461
1430	0.622927540472461
1431	0.622927540472461
1432	0.622927540472461
1433	0.622927540472461
1434	0.622927540472461
1435	0.622927540472461
1436	0.6293704294155467
1437	0.6293704294155467
1438	0.6293704294155467
1439	0.6293704294155467
1440	0.1
1441	0.1
1442	0.1
1443	0.1
1444	0.1
1445	0.1
1446	0.1
1447	0.1
1448	0.4932555513458304
1449	0.4932555513458304
1450	0.4932555513458304
1451	0.4932555513458304
1452	0.4932555513458304
1453	0.4932555513458304
1454	0.4932555513458304
1455	0.4932555513458304
1456	0.1924663529010992
1457	0.1924663529010992
1458	0.1924663529010992
1459	0.1924663529010992
1460	0.1924663529010992
1461	0.1924663529010992
1462	0.1924663529010992
1463	0.1924663529010992
1464	0.349520258576303
1465	0.349520258576303
1466	0.349520258576303
1467	0.349520258576303
1468	0.349520258576303
1469	0.349520258576303
1470	0.349520258576303
1471	0.349520258576303
1472	0.1
1473	0.1
1474	0.1
1475	0.1
1476	0.1
1477	0.1
1478	0.1
1479	0.1
1480	0.5382677422223664
1481	0.5382677422223664
1482	0.5382677422223664
1483	0.5382677422223664
1484	0.5382677422223664
1485	0.5382677422223664
1486	0.5382677422223664
1487	0.5382677422223664
1488	0.5688248621741284
1489	0.5688248621741284
1490	0.5688248621741284
1491	0.5688248621741284
1492	0.5688248621741284
1493	0.5688248621741284
1494	0.5688248621741284
1495	0.5688248621741284
1496	0.4190759610963431
1497	0.4190759610963431
1498	0.4190759610963431
1499	0.4190759610963431
1500	0.4190759610963431
1501	0.4190759610963431
1502	0.4190759610963431
1503	0.4190759610963431
1504	0.35958011970554504
1505	0.35958011970554504
1506	0.35958011970554504
1507	0.35958011970554504
1508	0.35958011970554504
1509	0.35958011970554504
1510	0.35958011970554504
1511	0.35958011970554504
1512	0.24686018728113612
1513	0.24686018728113612
1514	0.24686018728113612
1515	0.24686018728113612
1516	0.24686018728113612
1517	0.24686018728113612
1518	0.24686018728113612
1519	0.24686018728113612
1520	0.42087395262907584
1521	0.42087395262907584
1522	0.42087395262907584
1523	0.42087395262907584
1524	0.42087395262907584
1525	0.42087395262907584
1526	0.42087395262907584
1527	0.42087395262907584
1528	0.3748683211441121
1529	0.3748683211441121
1530	0.3748683211441121
1531	0.3748683211441121
1532	0.3748683211441121
1533	0.3748683211441121
1534	0.3748683211441121
1535	0.3748683211441121
1536	0.15180666235589474
1537	0.15180666235589474
1538	0.15180666235589474
1539	0.15180666235589474
1540	0.15180666235589474
1541	0.15180666235589474
1542	0.15180666235589474
1543	0.15180666235589474
1544	0.49082260747452633
1545	0.49082260747452633
1546	0.49082260747452633
1547	0.49082260747452633
1548	0.49082260747452633
1549	0.49082260747452633
1550	0.49082260747452633
1551	0.49082260747452633
1552	0.3704373355847077
1553	0.3704373355847077
1554	0.3704373355847077
1555	0.3704373355847077
1556	0.3704373355847077
1557	0.3704373355847077
1558	0.3704373355847077
1559	0.3704373355847077
1560	0.29840636415189326
1561	0.29840636415189326
1562	0.29840636415189326
1563	0.29840636415189326
1564	0.29840636415189326
1565	0.29840636415189326
1566	0.29840636415189326
1567	0.29840636415189326
1568	0.464754390063325
1569	0.464754390063325
1570	0.464754390063325
1571	0.464754390063325
1572	0.464754390063325
1573	0.464754390063325
1574	0.464754390063325
1575	0.464754390063325
1576	0.3162937061601746
1577	0.3162937061601746
1578	0.3162937061601746
1579	0.3162937061601746
1580	0.3162937061601746
1581	0.3162937061601746
1582	0.3162937061601746
1583	0.3162937061601746
1584	0.525730162486223
1585	0.525730162486223
1586	0.525730162486223
1587	0.525730162486223
1588	0.525730162486223
1589	0.525730162486223
1590	0.525730162486223
1591	0.525730162486223
1592	0.7385452818966042
1593	0.7385452818966042
1594	0.7385452818966042
1595	0.7385452818966042
1596	0.7385452818966042
1597	0.7385452818966042
1598	0.7385452818966042
1599	0.7385452818966042
1600	0.6135745787667077
1601	0.6135745787667077
1602	0.6135745787667077
1603	0.6135745787667077
1604	0.6135745787667077
1605	0.6135745787667077
1606	0.6135745787667077
1607	0.6135745787667077
1608	0.1
1609	0.1
1610	0.5793585943898717
1611	0.5793585943898717
1612	0.5793585943898717
1613	0.5793585943898717
1614	0.5793585943898717
1615	0.5793585943898717
1616	0.5793585943898717
1617	0.5793585943898717
1618	1.0131137189475652
1619	0.29539875782065195
1620	0.589863492997608
1621	0.589863492997608
1622	0.589863492997608
1623	0.589863492997608
1624	0.589863492997608
1625	0.589863492997608
1626	0.589863492997608
1627	0.589863492997608
1628	0.13706707357288617
1629	0.13706707357288617
1630	0.13706707357288617
1631	0.13706707357288617
1632	0.13706707357288617
1633	0.13706707357288617
1634	0.18114948244708617
1635	0.18114948244708617
1636	0.18114948244708617
1637	0.18114948244708617
1638	0.18114948244708617
1639	0.18114948244708617
1640	0.18114948244708617
1641	0.18114948244708617
1642	1.0269811681224859
1643	1.0269811681224859
1644	1.0269811681224859
1645	1.0269811681224859
1646	1.0269811681224859
1647	1.0269811681224859
1648	1.0269811681224859
1649	1.0269811681224859
1650	0.27943464574705923
1651	0.27943464574705923
1652	0.27943464574705923
1653	0.27943464574705923
1654	0.27943464574705923
1655	0.27943464574705923
1656	0.27943464574705923
1657	0.27943464574705923
1658	0.89259191646722
1659	0.89259191646722
1660	0.89259191646722
1661	0.89259191646722
1662	0.89259191646722
1663	0.89259191646722
1664	0.89259191646722
1665	0.89259191646722
1666	0.9204672192723722
1667	0.9204672192723722
1668	0.9204672192723722
1669	0.9204672192723722
1670	0.24444823553362885
1671	0.24444823553362885
1672	0.24444823553362885
1673	0.24444823553362885
1674	0.24444823553362885
1675	0.24444823553362885
1676	0.24444823553362885
1677	0.24444823553362885
1678	0.5096708891895099
1679	0.5096708891895099
1680	0.5096708891895099
1681	0.5096708891895099
1682	0.5096708891895099
1683	0.5096708891895099
1684	0.5096708891895099
1685	0.5096708891895099
1686	0.5539393225991208
1687	0.5539393225991208
1688	0.5539393225991208
1689	0.5539393225991208
1690	0.5539393225991208
1691	0.5539393225991208
1692	0.5539393225991208
1693	0.5539393225991208
1694	0.8693561265369976
1695	0.8693561265369976
1696	0.8693561265369976
1697	0.8693561265369976
1698	0.8693561265369976
1699	0.8693561265369976
1700	0.8693561265369976
1701	0.8693561265369976
1702	0.797198980207863
1703	0.797198980207863
1704	0.797198980207863
1705	0.797198980207863
1706	0.797198980207863
1707	0.797198980207863
1708	0.797198980207863
1709	0.17581775850450937
1710	0.17581775850450937
1711	0.17581775850450937
1712	0.17581775850450937
1713	0.17581775850450937
1714	0.17581775850450937
1715	0.17581775850450937
1716	0.17581775850450937
1717	0.21273962889221376
1718	0.21273962889221376
1719	0.21273962889221376
1720	0.21273962889221376
1721	0.21273962889221376
1722	0.21273962889221376
1723	0.21273962889221376
1724	0.21273962889221376
1725	0.22977876015103932
1726	0.22977876015103932
1727	0.22977876015103932
1728	0.9618857718534006
1729	0.9618857718534006
1730	0.9618857718534006
1731	0.9618857718534006
1732	0.1298910328168991
1733	0.1298910328168991
1734	0.1298910328168991
1735	0.1298910328168991
1736	0.1298910328168991
1737	0.1298910328168991
1738	0.1298910328168991
1739	0.1298910328168991
1740	0.4569772692350569
1741	0.4569772692350569
1742	0.4569772692350569
1743	0.4569772692350569
1744	0.4569772692350569
1745	0.4569772692350569
1746	0.4569772692350569
1747	0.4569772692350569
1748	0.3518399643308826
1749	0.3518399643308826
1750	0.3518399643308826
1751	0.3518399643308826
1752	0.3518399643308826
1753	0.3518399643308826
1754	0.3518399643308826
1755	0.3518399643308826
1756	0.10944198076329875
1757	0.10944198076329875
1758	0.10944198076329875
1759	0.10944198076329875
1760	0.10944198076329875
1761	0.10944198076329875
1762	0.10944198076329875
1763	0.10944198076329875
1764	0.20129491032317298
1765	0.20129491032317298
1766	0.20129491032317298
1767	0.20129491032317298
1768	0.20129491032317298
1769	0.20129491032317298
1770	0.20129491032317298
1771	0.20129491032317298
1772	0.1
1773	0.1
1774	0.1
1775	0.4204850936142467
1776	0.4204850936142467
1777	0.4204850936142467
1778	0.4204850936142467
1779	0.4204850936142467
1780	0.4204850936142467
1781	0.4204850936142467
1782	0.4204850936142467
1783	0.2945267703947858
1784	0.2945267703947858
1785	0.2945267703947858
1786	0.2945267703947858
1787	0.2945267703947858
1788	0.2945267703947858
1789	0.2945267703947858
1790	0.2945267703947858
1791	0.43546020112574335
1792	0.830070917648348
1793	0.830070917648348
1794	0.830070917648348
1795	0.830070917648348
1796	0.830070917648348
1797	0.830070917648348
1798	0.830070917648348
1799	0.830070917648348
1800	1.2203589020120376
1801	1.2203589020120376
1802	1.2203589020120376
1803	1.2203589020120376
1804	1.2203589020120376
1805	1.2203589020120376
1806	1.2203589020120376
1807	1.2203589020120376
1808	1.2060494926660836
1809	1.2060494926660836
1810	1.2060494926660836
1811	1.2060494926660836
1812	0.4364722239076305
1813	0.4364722239076305
1814	0.4364722239076305
1815	0.4364722239076305
1816	0.4364722239076305
1817	0.4364722239076305
1818	0.4364722239076305
1819	0.4364722239076305
1820	1.2559744583069743
1821	1.2559744583069743
1822	1.2559744583069743
1823	1.0175454354988274
1824	1.0175454354988274
1825	1.0175454354988274
1826	1.0175454354988274
1827	1.0175454354988274
1828	1.0175454354988274
1829	1.0175454354988274
1830	1.0175454354988274
1831	0.45703083534308
1832	0.45703083534308
1833	0.45703083534308
1834	0.45703083534308
1835	0.45703083534308
1836	0.45703083534308
1837	0.45703083534308
1838	0.45703083534308
1839	1.028929118913068
1840	1.028929118913068
1841	1.028929118913068
1842	1.028929118913068
1843	1.028929118913068
1844	1.028929118913068
1845	1.028929118913068
1846	1.028929118913068
1847	0.43597735882199395
1848	0.43597735882199395
1849	0.43597735882199395
1850	0.43597735882199395
1851	0.43597735882199395
1852	0.43597735882199395
1853	0.43597735882199395
1854	0.43597735882199395
1855	0.5180913850167155
1856	0.5180913850167155
1857	0.5180913850167155
1858	0.5180913850167155
1859	0.5180913850167155
1860	0.5180913850167155
1861	0.5180913850167155
1862	0.5180913850167155
1863	1.474611838651902
1864	1.474611838651902
1865	1.474611838651902
1866	1.474611838651902
1867	1.474611838651902
1868	1.474611838651902
1869	1.474611838651902
1870	1.474611838651902
1871	1.4883173480720266
1872	1.4883173480720266
1873	0.94758944423247
1874	0.94758944423247
1875	0.94758944423247
1876	0.94758944423247
1877	0.94758944423247
1878	0.94758944423247
1879	0.94758944423247
1880	0.94758944423247
1881	0.9099861261970541
1882	0.9099861261970541
1883	0.9099861261970541
1884	0.9099861261970541
1885	0.9099861261970541
1886	0.9099861261970541
1887	0.9099861261970541
1888	0.9099861261970541
1889	1.007966984777434
1890	1.007966984777434
1891	1.007966984777434
1892	1.007966984777434
1893	1.007966984777434
1894	1.007966984777434
1895	1.007966984777434
1896	1.007966984777434
1897	1.083133886412344
1898	1.083133886412344
1899	1.083133886412344
1900	1.083133886412344
1901	1.083133886412344
1902	1.083133886412344
1903	1.083133886412344
1904	1.083133886412344
1905	1.4111905590019655
1906	1.4111905590019655
1907	1.4111905590019655
1908	1.4111905590019655
1909	1.4111905590019655
1910	1.4111905590019655
1911	1.4111905590019655
1912	1.4111905590019655
1913	1.1874417623313556
1914	1.1874417623313556
1915	1.1874417623313556
1916	1.1874417623313556
1917	1.1874417623313556
1918	1.1874417623313556
1919	1.1874417623313556
1920	1.1874417623313556
1921	1.0488926023039602
1922	1.0488926023039602
1923	1.0488926023039602
1924	1.0488926023039602
1925	1.0488926023039602
1926	1.0488926023039602
1927	1.0488926023039602
1928	1.0488926023039602
1929	0.678940216033147
1930	0.678940216033147
1931	0.678940216033147
1932	0.678940216033147
1933	0.678940216033147
1934	0.678940216033147
1935	0.678940216033147
1936	0.678940216033147
1937	1.0807555070500736
1938	1.0807555070500736
1939	1.0807555070500736
1940	1.0807555070500736
1941	1.0807555070500736
1942	1.0807555070500736
1943	1.0807555070500736
1944	1.0807555070500736
1945	1.960602726280119
1946	1.960602726280119
1947	1.960602726280119
1948	1.960602726280119
1949	1.960602726280119
1950	1.960602726280119
1951	1.960602726280119
1952	1.960602726280119
1953	1.0787901153501271
1954	1.0787901153501271
1955	1.0787901153501271
1956	1.0787901153501271
1957	1.0787901153501271
1958	1.0787901153501271
1959	1.0787901153501271
1960	1.0787901153501271
1961	0.9611207528671245
1962	0.9611207528671245
1963	0.9611207528671245
1964	0.9611207528671245
1965	0.9611207528671245
1966	0.9611207528671245
1967	0.9611207528671245
1968	0.9611207528671245
1969	0.7498813695500777
1970	0.7498813695500777
1971	0.7498813695500777
1972	0.7498813695500777
1973	0.7498813695500777
1974	0.7498813695500777
1975	0.7498813695500777
1976	0.7498813695500777
1977	1.1688274421585398
1978	1.1688274421585398
1979	1.1688274421585398
1980	1.1688274421585398
1981	1.1688274421585398
1982	1.1688274421585398
1983	1.1688274421585398
1984	1.1688274421585398
1985	0.8827915525779465
1986	0.8827915525779465
1987	0.8827915525779465
1988	0.8827915525779465
1989	0.8827915525779465
1990	0.8827915525779465
1991	0.8827915525779465
1992	0.8827915525779465
1993	0.6513315098106615
1994	0.6513315098106615
1995	0.6513315098106615
1996	0.6513315098106615
1997	0.6513315098106615
1998	0.6513315098106615
1999	0.6513315098106615
2000	0.6513315098106615
2001	0.7897858666978
2002	0.7897858666978
2003	0.7897858666978
2004	0.7897858666978
2005	0.7897858666978
2006	0.7897858666978
2007	0.7897858666978
2008	0.7897858666978
2009	0.7384708383804629
2010	0.7384708383804629
2011	0.7384708383804629
2012	0.7384708383804629
2013	0.7384708383804629
2014	0.7384708383804629
2015	0.7384708383804629
2016	0.7384708383804629
2017	0.20335785771301063
2018	0.20335785771301063
2019	0.6617339232905595
2020	0.6617339232905595
2021	0.6617339232905595
2022	0.6617339232905595
2023	0.6617339232905595
2024	0.6617339232905595
2025	0.6617339232905595
2026	0.6617339232905595
2027	0.5908368228321019
2028	0.5908368228321019
2029	0.5908368228321019
2030	0.5908368228321019
2031	0.5908368228321019
2032	0.5908368228321019
2033	0.5908368228321019
2034	0.5908368228321019
2035	0.7280736904421998
2036	0.7280736904421998
2037	0.7280736904421998
2038	0.7280736904421998
2039	0.7280736904421998
2040	0.7280736904421998
2041	0.7280736904421998
2042	0.7280736904421998
2043	0.4673664648846696
2044	0.4673664648846696
2045	0.4673664648846696
2046	0.4673664648846696
2047	0.4673664648846696
2048	0.4673664648846696
2049	0.4673664648846696
2050	0.4673664648846696
2051	0.47238720772689446
2052	0.47238720772689446
2053	0.47238720772689446
2054	0.47238720772689446
2055	0.47238720772689446
2056	0.47238720772689446
2057	0.47238720772689446
2058	0.47238720772689446
2059	0.4555985699815402
2060	0.4555985699815402
2061	0.4555985699815402
2062	0.4555985699815402
2063	0.4555985699815402
2064	0.4555985699815402
2065	0.4555985699815402
2066	0.4555985699815402
2067	0.2542968492465105
2068	0.2542968492465105
2069	0.2542968492465105
2070	0.2542968492465105
2071	0.2542968492465105
2072	0.2542968492465105
2073	0.2542968492465105
2074	0.2542968492465105
2075	0.4371785298478689
2076	0.4371785298478689
2077	0.4371785298478689
2078	0.4371785298478689
2079	0.4371785298478689
2080	0.37797213403170704
2081	0.37797213403170704
2082	0.37797213403170704
2083	0.37797213403170704
2084	0.37797213403170704
2085	0.37797213403170704
2086	0.37797213403170704
2087	0.37797213403170704
2088	0.6301850355869174
2089	0.6301850355869174
2090	0.6301850355869174
2091	0.6301850355869174
2092	0.6301850355869174
2093	0.6301850355869174
2094	0.6301850355869174
2095	0.6301850355869174
2096	0.502549490342425
2097	0.502549490342425
2098	0.502549490342425
2099	0.502549490342425
2100	0.502549490342425
2101	0.502549490342425
2102	0.502549490342425
2103	0.502549490342425
2104	1.0372471608989837
2105	1.0372471608989837
2106	1.0372471608989837
2107	1.0372471608989837
2108	1.0372471608989837
2109	1.0372471608989837
2110	1.0372471608989837
2111	1.0372471608989837
2112	0.34722792554232507
2113	0.34722792554232507
2114	0.34722792554232507
2115	0.34722792554232507
2116	0.34722792554232507
2117	0.5890358235390128
2118	0.5890358235390128
2119	0.5890358235390128
2120	0.5890358235390128
2121	0.5890358235390128
2122	0.5890358235390128
2123	0.5890358235390128
2124	0.5890358235390128
2125	0.1692467414795047
2126	0.1692467414795047
2127	0.1692467414795047
2128	0.1692467414795047
2129	0.1692467414795047
2130	0.1692467414795047
2131	0.1692467414795047
2132	0.1692467414795047
2133	0.9286671179141986
2134	0.9286671179141986
2135	0.9286671179141986
2136	0.9286671179141986
2137	0.9286671179141986
2138	0.9286671179141986
2139	0.9286671179141986
2140	0.9286671179141986
2141	0.540034918723167
2142	0.540034918723167
2143	0.540034918723167
2144	0.540034918723167
2145	0.540034918723167
2146	0.540034918723167
2147	0.540034918723167
2148	0.540034918723167
2149	0.1
2150	0.1
2151	0.1
2152	0.1
2153	0.1
2154	0.1
2155	0.1
2156	0.1
2157	0.5696167611000589
2158	1.5131700936915755
2159	1.5131700936915755
2160	1.5131700936915755
2161	1.5131700936915755
2162	1.5131700936915755
2163	1.5131700936915755
2164	1.5131700936915755
2165	1.5131700936915755
2166	0.23686203010440066
2167	0.23686203010440066
2168	0.23686203010440066
2169	0.23686203010440066
2170	0.23686203010440066
2171	0.23686203010440066
2172	0.23686203010440066
2173	0.23686203010440066
2174	0.4626901966996566
2175	0.4626901966996566
2176	0.4626901966996566
2177	0.4626901966996566
2178	0.4626901966996566
2179	0.4626901966996566
2180	0.4626901966996566
2181	0.4626901966996566
2182	0.1
2183	0.1
2184	0.1
2185	0.1
2186	0.1
2187	0.1
2188	0.1
2189	0.1
2190	0.2567629959644998
2191	0.2567629959644998
2192	0.2567629959644998
2193	0.2567629959644998
2194	0.2567629959644998
2195	0.2567629959644998
2196	0.2567629959644998
2197	0.2567629959644998
2198	0.8218389337278552
2199	0.8218389337278552
2200	0.8218389337278552
2201	0.8218389337278552
2202	0.8218389337278552
2203	0.8218389337278552
2204	0.8218389337278552
2205	0.8218389337278552
2206	0.9188769338276914
2207	0.9188769338276914
2208	0.9188769338276914
2209	0.9188769338276914
2210	0.9188769338276914
2211	0.9188769338276914
2212	0.9188769338276914
2213	0.9188769338276914
2214	1.2659657025993045
2215	1.2659657025993045
2216	1.2659657025993045
2217	1.2659657025993045
2218	1.2659657025993045
2219	1.2659657025993045
2220	1.2659657025993045
2221	1.2659657025993045
2222	0.7363489028275906
2223	0.7363489028275906
2224	0.7363489028275906
2225	0.7363489028275906
2226	0.7363489028275906
2227	0.7363489028275906
2228	0.7363489028275906
2229	0.7363489028275906
2230	0.3866738970980493
2231	0.3866738970980493
2232	0.3866738970980493
2233	0.3866738970980493
2234	0.3866738970980493
2235	0.3866738970980493
2236	0.3866738970980493
2237	0.3866738970980493
2238	0.9149427770740169
2239	0.9149427770740169
2240	0.9149427770740169
2241	0.9149427770740169
2242	0.9149427770740169
2243	0.9149427770740169
2244	0.9149427770740169
2245	0.9149427770740169
2246	1.4130787651918193
2247	1.4130787651918193
2248	1.4130787651918193
2249	1.4130787651918193
2250	1.4130787651918193
2251	1.4130787651918193
2252	1.4130787651918193
2253	1.4130787651918193
2254	0.22168677562510053
2255	0.22168677562510053
2256	0.22168677562510053
2257	0.22168677562510053
2258	0.22168677562510053
2259	0.22168677562510053
2260	0.22168677562510053
2261	0.22168677562510053
2262	1.0486872330058181
2263	1.0486872330058181
2264	1.0486872330058181
2265	1.0486872330058181
2266	1.0486872330058181
2267	1.0486872330058181
2268	1.0486872330058181
2269	1.0486872330058181
2270	1.362033992189408
2271	1.362033992189408
2272	1.362033992189408
2273	1.362033992189408
2274	1.362033992189408
2275	1.362033992189408
2276	1.362033992189408
2277	1.362033992189408
2278	1.094765584214442
2279	1.094765584214442
2280	1.094765584214442
2281	1.094765584214442
2282	1.094765584214442
2283	1.094765584214442
2284	1.094765584214442
2285	1.094765584214442
2286	1.7530037974124002
2287	1.7530037974124002
2288	1.7530037974124002
2289	1.7530037974124002
2290	1.7530037974124002
2291	1.7530037974124002
2292	1.7530037974124002
2293	1.7530037974124002
2294	0.9831950082696492
2295	0.9831950082696492
2296	0.9831950082696492
2297	0.9831950082696492
2298	0.9831950082696492
2299	0.9831950082696492
2300	0.9831950082696492
2301	0.9831950082696492
2302	1.0104930660135794
2303	1.0104930660135794
2304	1.0104930660135794
2305	0.5302980011065578
2306	0.5302980011065578
2307	0.5302980011065578
2308	0.5302980011065578
2309	0.5302980011065578
2310	0.5302980011065578
2311	0.5302980011065578
2312	0.5302980011065578
2313	0.3513876256349562
2314	0.3513876256349562
2315	0.3513876256349562
2316	0.3513876256349562
2317	0.3513876256349562
2318	0.3513876256349562
2319	0.3513876256349562
2320	0.3513876256349562
2321	0.1
2322	0.1
2323	0.1
2324	0.1
2325	0.1
2326	0.1
2327	0.1
2328	0.1
2329	0.579668216268507
2330	0.579668216268507
2331	0.579668216268507
2332	0.579668216268507
2333	0.579668216268507
2334	0.579668216268507
2335	0.579668216268507
2336	0.579668216268507
2337	0.16635490283944704
2338	0.16635490283944704
2339	0.16635490283944704
2340	0.16635490283944704
2341	0.16635490283944704
2342	0.16635490283944704
2343	0.16635490283944704
2344	0.16635490283944704
2345	0.41628565517128524
2346	0.41628565517128524
2347	0.41628565517128524
2348	0.41628565517128524
2349	0.41628565517128524
2350	0.41628565517128524
2351	0.41628565517128524
2352	0.41628565517128524
2353	0.14742810325109265
2354	0.14742810325109265
2355	0.14742810325109265
2356	0.14742810325109265
2357	0.14742810325109265
2358	0.14742810325109265
2359	0.14742810325109265
2360	0.14742810325109265
2361	0.28898502942391024
2362	0.28898502942391024
2363	0.28898502942391024
2364	0.28898502942391024
2365	0.28898502942391024
2366	0.28898502942391024
2367	0.28898502942391024
2368	0.28898502942391024
2369	0.1
2370	0.1
2371	0.1
2372	0.1
2373	0.1
2374	0.1
2375	0.1
2376	0.1
2377	0.1
2378	0.1
2379	0.1
2380	0.1
2381	0.1
2382	0.1
2383	0.1
2384	0.1
2385	0.5739605724548951
2386	0.5739605724548951
2387	0.5739605724548951
2388	0.5739605724548951
2389	0.5739605724548951
2390	0.5739605724548951
2391	0.5739605724548951
2392	0.5739605724548951
2393	0.16404503937379078
2394	0.16404503937379078
2395	0.16404503937379078
2396	0.16404503937379078
2397	0.16404503937379078
2398	0.16404503937379078
2399	0.16404503937379078
2400	0.16404503937379078
2401	0.470163653498427
2402	0.470163653498427
2403	0.470163653498427
2404	0.470163653498427
2405	0.470163653498427
2406	0.470163653498427
2407	0.470163653498427
2408	0.470163653498427
2409	0.5224470290840324
2410	0.5224470290840324
2411	0.5224470290840324
2412	0.5224470290840324
2413	0.5224470290840324
2414	0.5224470290840324
2415	0.5224470290840324
2416	0.5224470290840324
2417	0.6530849098428034
2418	0.6530849098428034
2419	0.6530849098428034
2420	0.6530849098428034
2421	0.6530849098428034
2422	0.6530849098428034
2423	0.6530849098428034
2424	0.6530849098428034
2425	0.7636360368502408
2426	0.7636360368502408
2427	0.7636360368502408
2428	0.7636360368502408
2429	0.7636360368502408
2430	0.7636360368502408
2431	0.7636360368502408
2432	0.7636360368502408
2433	0.12257370737394085
2434	0.12257370737394085
2435	0.12257370737394085
2436	0.12257370737394085
2437	0.12257370737394085
2438	0.12257370737394085
2439	0.12257370737394085
2440	0.12257370737394085
2441	0.7158480381409047
2442	0.7158480381409047
2443	0.7158480381409047
2444	0.7158480381409047
2445	0.7158480381409047
2446	0.7158480381409047
2447	0.7158480381409047
2448	0.7158480381409047
2449	0.4419697198115762
2450	0.4419697198115762
2451	0.4419697198115762
2452	0.4419697198115762
2453	0.4419697198115762
2454	0.4419697198115762
2455	0.4419697198115762
2456	0.4419697198115762
2457	0.5096354760924969
2458	0.5096354760924969
2459	0.5096354760924969
2460	0.5096354760924969
2461	0.5096354760924969
2462	0.5096354760924969
2463	0.5096354760924969
2464	0.5096354760924969
2465	0.4896035025620641
2466	0.4896035025620641
2467	0.4896035025620641
2468	0.4896035025620641
2469	0.4896035025620641
2470	0.4896035025620641
2471	0.4896035025620641
2472	0.4896035025620641
2473	0.1945026136769615
2474	0.1945026136769615
2475	0.1945026136769615
2476	0.1945026136769615
2477	0.1945026136769615
2478	0.1945026136769615
2479	0.1945026136769615
2480	0.1945026136769615
2481	0.5415175210401618
2482	0.5415175210401618
2483	0.5415175210401618
2484	0.5415175210401618
2485	0.5415175210401618
2486	0.5415175210401618
2487	0.5415175210401618
2488	0.5415175210401618
2489	0.4630054248715148
2490	0.4630054248715148
2491	0.4630054248715148
2492	0.4630054248715148
2493	0.4630054248715148
2494	0.4630054248715148
2495	0.4630054248715148
2496	0.4630054248715148
2497	0.2218764225015014
2498	1.0286851275405111
2499	1.0286851275405111
2500	1.0286851275405111
2501	1.0286851275405111
2502	1.0286851275405111
2503	1.0286851275405111
2504	1.0286851275405111
2505	1.0286851275405111
2506	0.9484361585722239
2507	0.9484361585722239
2508	0.9484361585722239
2509	0.9484361585722239
2510	0.9484361585722239
2511	0.1
2512	0.1
2513	0.1
2514	0.1
2515	0.1
2516	0.1
2517	0.1
2518	0.1
2519	0.47430088025525063
2520	0.47430088025525063
2521	0.47430088025525063
2522	0.47430088025525063
2523	0.47430088025525063
2524	0.47430088025525063
2525	0.47430088025525063
2526	0.47430088025525063
