0	2.6854327331888643
1	2.6854327331888643
2	2.6854327331888643
3	2.6854327331888643
4	1.7466770849464677
5	1.7466770849464677
6	1.7466770849464677
7	1.7466770849464677
8	2.20162456888068
9	2.20162456888068
10	2.20162456888068
11	2.20162456888068
12	5.412481605429603
13	5.412481605429603
14	5.412481605429603
15	5.412481605429603
16	2.425293013122352
17	2.425293013122352
18	2.425293013122352
19	2.425293013122352
20	3.4207425975600767
21	3.4207425975600767
22	3.4207425975600767
23	3.4207425975600767
24	2.957940843223181
25	2.957940843223181
26	2.957940843223181
27	2.957940843223181
28	3.943813639968225
29	3.943813639968225
30	3.943813639968225
31	3.943813639968225
32	3.5535373585478722
33	3.5535373585478722
34	3.5535373585478722
35	3.5535373585478722
36	3.3796188559337597
37	3.3796188559337597
38	3.3796188559337597
39	3.3796188559337597
40	4.353682544405819
41	4.353682544405819
42	4.353682544405819
43	4.353682544405819
44	0.4915830608416636
45	0.4915830608416636
46	0.4915830608416636
47	0.4915830608416636
48	1.8893317498578717
49	1.8893317498578717
50	1.8893317498578717
51	1.8893317498578717
52	4.608523959604743
53	4.608523959604743
54	4.608523959604743
55	4.608523959604743
56	1.4459717109819636
57	1.4459717109819636
58	1.4459717109819636
59	1.4459717109819636
60	1.436768954983684
61	1.436768954983684
62	1.436768954983684
63	1.436768954983684
64	3.7412784252360156
65	3.7412784252360156
66	3.7412784252360156
67	3.7412784252360156
68	3.3010846320187164
69	3.3010846320187164
70	3.3010846320187164
71	3.3010846320187164
72	4.578379142468613
73	4.578379142468613
74	4.578379142468613
75	4.578379142468613
76	0.20797768260377802
77	0.20797768260377802
78	0.20797768260377802
79	0.20797768260377802
80	4.337194841795117
81	4.337194841795117
82	4.337194841795117
83	4.337194841795117
84	3.3062498189260343
85	3.3062498189260343
86	3.3062498189260343
87	3.3062498189260343
88	6.583660207932578
89	6.583660207932578
90	6.583660207932578
91	6.583660207932578
92	1.4589774862514222
93	1.4589774862514222
94	1.4589774862514222
95	1.4589774862514222
96	2.827011150712149
97	2.827011150712149
98	2.827011150712149
99	2.827011150712149
100	6.133966720445882
101	6.133966720445882
102	6.133966720445882
103	6.133966720445882
104	3.369927989859322
105	3.369927989859322
106	3.369927989859322
107	3.369927989859322
108	2.1141288454111034
109	2.1141288454111034
110	2.1141288454111034
111	2.1141288454111034
112	0.1
113	0.1
114	0.1
115	0.1
116	3.962965008306894
117	3.962965008306894
118	3.962965008306894
119	3.962965008306894
120	1.9000555331192108
121	1.9000555331192108
122	1.9000555331192108
123	1.9000555331192108
124	0.15138833257382167
125	0.15138833257382167
126	0.15138833257382167
127	0.15138833257382167
128	2.688720491814753
129	2.688720491814753
130	2.688720491814753
131	2.688720491814753
132	3.5688567431294147
133	3.5688567431294147
134	3.5688567431294147
135	3.5688567431294147
136	2.464232318808385
137	2.464232318808385
138	2.464232318808385
139	2.464232318808385
140	3.073555994206548
141	3.073555994206548
142	3.073555994206548
143	3.073555994206548
144	1.9985534772020028
145	1.9985534772020028
146	1.9985534772020028
147	1.9985534772020028
148	0.9988161569634411
149	0.9988161569634411
150	0.9988161569634411
151	0.9988161569634411
152	4.544164446798001
153	4.544164446798001
154	4.544164446798001
155	4.544164446798001
156	2.6571809228778855
157	2.6571809228778855
158	2.6571809228778855
159	2.6571809228778855
160	6.889295439354875
161	6.889295439354875
162	6.889295439354875
163	6.889295439354875
164	2.5060440023844337
165	2.5060440023844337
166	2.5060440023844337
167	2.5060440023844337
168	4.107296664195044
169	4.107296664195044
170	5.312610610827192
171	5.312610610827192
172	5.312610610827192
173	5.312610610827192
174	1.6295032447513211
175	1.6295032447513211
176	1.6295032447513211
177	1.6295032447513211
178	1.0772141486381597
179	1.0772141486381597
180	1.0772141486381597
181	1.0772141486381597
182	4.028960072507635
183	4.028960072507635
184	4.028960072507635
185	4.028960072507635
186	4.741672311812865
187	4.741672311812865
188	4.741672311812865
189	4.741672311812865
190	5.1932880778467645
191	5.1932880778467645
192	5.1932880778467645
193	5.1932880778467645
194	4.737517147113875
195	4.737517147113875
196	4.737517147113875
197	4.737517147113875
198	3.212324978657936
199	3.212324978657936
200	3.212324978657936
201	3.212324978657936
202	1.1973322972319398
203	1.1973322972319398
204	1.1973322972319398
205	1.1973322972319398
206	7.081783385565477
207	7.081783385565477
208	7.081783385565477
209	7.081783385565477
210	3.3236965462521297
211	3.3236965462521297
212	3.3236965462521297
213	3.3236965462521297
214	4.5622060032769545
215	4.5622060032769545
216	4.5622060032769545
217	4.5622060032769545
218	3.3307896668247756
219	3.3307896668247756
220	3.3307896668247756
221	3.3307896668247756
222	4.2361772457235585
223	4.2361772457235585
224	4.2361772457235585
225	4.2361772457235585
226	1.5565716521197221
227	1.5565716521197221
228	1.5565716521197221
229	1.5565716521197221
230	8.696988608206329
231	8.696988608206329
232	8.696988608206329
233	8.696988608206329
234	5.715783403205356
235	5.715783403205356
236	5.715783403205356
237	5.715783403205356
238	4.063551916256487
239	4.063551916256487
240	4.063551916256487
241	4.063551916256487
242	4.313582452212797
243	4.313582452212797
244	4.313582452212797
245	4.313582452212797
246	0.1
247	0.1
248	0.1
249	0.1
250	3.969471755107892
251	3.969471755107892
252	3.969471755107892
253	3.969471755107892
254	3.634126325220983
255	3.634126325220983
256	3.634126325220983
257	3.634126325220983
258	4.914125422094897
259	4.914125422094897
260	4.914125422094897
261	4.914125422094897
262	4.851401024630032
263	4.851401024630032
264	4.851401024630032
265	4.851401024630032
266	6.482398109321281
267	6.482398109321281
268	6.482398109321281
269	6.482398109321281
270	3.500030315217682
271	3.500030315217682
272	3.500030315217682
273	3.500030315217682
274	2.4112735641284684
275	2.4112735641284684
276	2.4112735641284684
277	2.4112735641284684
278	4.941848622332931
279	4.941848622332931
280	4.941848622332931
281	4.941848622332931
282	4.390701833102323
283	4.390701833102323
284	4.390701833102323
285	4.390701833102323
286	7.299218654979332
287	7.299218654979332
288	7.299218654979332
289	7.299218654979332
290	8.148562335686895
291	8.148562335686895
292	8.148562335686895
293	8.148562335686895
294	1.7253829779857655
295	1.7253829779857655
296	1.7253829779857655
297	1.7253829779857655
298	5.219109425194695
299	5.219109425194695
300	5.219109425194695
301	5.219109425194695
302	3.918913316114942
303	3.918913316114942
304	3.918913316114942
305	3.918913316114942
306	4.861561708878291
307	4.861561708878291
308	4.861561708878291
309	4.861561708878291
310	2.8364439479412935
311	2.8364439479412935
312	2.8364439479412935
313	2.8364439479412935
314	3.3678541383886755
315	3.3678541383886755
316	3.3678541383886755
317	3.3678541383886755
318	2.2355400086648967
319	2.2355400086648967
320	2.2355400086648967
321	2.2355400086648967
322	3.303378194367792
323	3.303378194367792
324	3.303378194367792
325	3.303378194367792
326	4.323551916459257
327	4.323551916459257
328	4.323551916459257
329	4.323551916459257
330	7.732379429546428
331	7.732379429546428
332	7.732379429546428
333	7.732379429546428
334	3.4205839078582625
335	3.4205839078582625
336	3.4205839078582625
337	3.4205839078582625
338	6.196866214033724
339	6.196866214033724
340	6.196866214033724
341	6.196866214033724
342	8.057411015273093
343	8.057411015273093
344	8.057411015273093
345	8.057411015273093
346	4.1928218040454
347	4.1928218040454
348	4.1928218040454
349	4.1928218040454
350	4.258218729522625
351	4.258218729522625
352	4.258218729522625
353	4.258218729522625
354	2.728823072976697
355	2.728823072976697
356	2.728823072976697
357	2.728823072976697
358	4.877995563118107
359	4.877995563118107
360	4.877995563118107
361	4.877995563118107
362	4.330946477399267
363	4.330946477399267
364	4.330946477399267
365	4.330946477399267
366	5.9640635564078845
367	5.9640635564078845
368	5.9640635564078845
369	5.9640635564078845
370	0.8442786338460402
371	0.8442786338460402
372	0.8442786338460402
373	0.8442786338460402
374	6.548794555661385
375	6.548794555661385
376	6.548794555661385
377	6.548794555661385
378	3.9431989579600684
379	3.9431989579600684
380	3.9431989579600684
381	3.9431989579600684
382	7.550889687585011
383	7.550889687585011
384	7.550889687585011
385	7.550889687585011
386	2.8989968766508216
387	2.8989968766508216
388	2.8989968766508216
389	2.8989968766508216
390	6.778563047135722
391	6.778563047135722
392	6.778563047135722
393	6.778563047135722
394	6.628405605469027
395	6.628405605469027
396	6.628405605469027
397	6.628405605469027
398	4.1908785675866165
399	4.1908785675866165
400	4.1908785675866165
401	4.1908785675866165
402	5.202222523060697
403	5.202222523060697
404	5.202222523060697
405	5.202222523060697
406	6.650603133709783
407	6.650603133709783
408	6.650603133709783
409	6.650603133709783
410	3.5821673413319948
411	3.5821673413319948
412	3.5821673413319948
413	3.5821673413319948
414	0.1
415	0.1
416	0.1
417	0.1
418	3.177945321418221
419	3.177945321418221
420	3.177945321418221
421	3.177945321418221
422	3.8310286931771955
423	3.8310286931771955
424	3.8310286931771955
425	3.8310286931771955
426	5.7339130144531785
427	5.7339130144531785
428	5.7339130144531785
429	5.7339130144531785
430	3.6641275964745312
431	3.6641275964745312
432	3.6641275964745312
433	3.6641275964745312
434	1.5991931350999993
435	1.5991931350999993
436	1.5991931350999993
437	1.5991931350999993
438	3.4376454110263226
439	3.4376454110263226
440	3.4376454110263226
441	3.4376454110263226
442	4.723011616079194
443	4.723011616079194
444	4.723011616079194
445	4.723011616079194
446	4.516308065599454
447	4.516308065599454
448	4.516308065599454
449	4.516308065599454
450	4.690774631353021
451	4.690774631353021
452	4.690774631353021
453	4.690774631353021
454	1.3969466511172408
455	1.3969466511172408
456	1.3969466511172408
457	1.3969466511172408
458	7.136614259006704
459	7.136614259006704
460	7.136614259006704
461	7.136614259006704
462	6.906401156564314
463	6.906401156564314
464	6.906401156564314
465	6.906401156564314
466	0.4052586224874868
467	0.4052586224874868
468	0.4052586224874868
469	0.4052586224874868
470	3.1409056457081865
471	3.1409056457081865
472	3.1409056457081865
473	3.1409056457081865
474	4.0224563124363995
475	4.0224563124363995
476	4.0224563124363995
477	4.0224563124363995
478	3.7974277995956296
479	3.7974277995956296
480	3.7974277995956296
481	3.7974277995956296
482	6.254280599458641
483	6.254280599458641
484	6.254280599458641
485	6.254280599458641
486	2.778236238798277
487	2.778236238798277
488	2.778236238798277
489	2.778236238798277
490	3.2151067893734977
491	3.2151067893734977
492	3.2151067893734977
493	3.2151067893734977
494	2.629434282791312
495	2.629434282791312
496	2.629434282791312
497	2.629434282791312
498	5.083554040645607
499	5.083554040645607
500	5.083554040645607
501	5.083554040645607
502	3.675783446101835
503	3.675783446101835
504	3.675783446101835
505	3.675783446101835
506	3.2818868605354234
507	3.2818868605354234
508	3.2818868605354234
509	3.2818868605354234
510	4.869773064108332
511	4.869773064108332
512	4.869773064108332
513	4.869773064108332
514	4.278845047077954
515	4.278845047077954
516	4.278845047077954
517	4.278845047077954
518	4.34117289023315
519	4.34117289023315
520	4.34117289023315
521	4.34117289023315
522	3.9379947632259595
523	3.9379947632259595
524	3.9379947632259595
525	3.9379947632259595
526	1.6628029963510529
527	1.6628029963510529
528	1.6628029963510529
529	1.6628029963510529
530	4.507323288055178
531	4.507323288055178
532	4.507323288055178
533	4.507323288055178
534	2.7658284937950883
535	2.7658284937950883
536	2.7658284937950883
537	2.7658284937950883
538	6.048579993322724
539	6.048579993322724
540	6.048579993322724
541	6.048579993322724
542	2.1476450051149922
543	2.1476450051149922
544	2.1476450051149922
545	2.1476450051149922
546	1.8708941310981564
547	1.8708941310981564
548	1.8708941310981564
549	1.8708941310981564
550	5.708659848705035
551	5.708659848705035
552	5.708659848705035
553	5.708659848705035
554	2.744519005133723
555	2.744519005133723
556	2.744519005133723
557	2.744519005133723
558	6.621129551412929
559	6.621129551412929
560	6.621129551412929
561	6.621129551412929
562	6.990034353891028
563	6.990034353891028
564	6.990034353891028
565	6.990034353891028
566	2.5987108808758266
567	2.5987108808758266
568	2.5987108808758266
569	2.5987108808758266
570	2.9991557654415177
571	2.9991557654415177
572	2.9991557654415177
573	2.9991557654415177
574	8.66924992923808
575	8.66924992923808
576	8.66924992923808
577	8.66924992923808
578	5.284349192454065
579	5.284349192454065
580	5.284349192454065
581	5.284349192454065
582	2.74132851602716
583	2.74132851602716
584	2.74132851602716
585	2.74132851602716
586	1.8475369803768988
587	1.8475369803768988
588	1.8475369803768988
589	1.8475369803768988
590	2.4596410542577387
591	2.4596410542577387
592	2.4596410542577387
593	2.4596410542577387
594	5.033642543225849
595	5.033642543225849
596	5.033642543225849
597	5.033642543225849
598	2.1727486611316866
599	2.1727486611316866
600	2.1727486611316866
601	2.1727486611316866
602	6.218625549537861
603	6.218625549537861
604	6.218625549537861
605	6.218625549537861
606	7.934159344310073
607	7.934159344310073
608	7.934159344310073
609	7.934159344310073
610	5.67691374844893
611	5.67691374844893
612	5.67691374844893
613	5.67691374844893
614	3.158310293588217
615	3.158310293588217
616	3.158310293588217
617	3.158310293588217
618	7.243540897725474
619	7.243540897725474
620	7.243540897725474
621	7.243540897725474
622	4.183997486306301
623	4.183997486306301
624	4.183997486306301
625	4.183997486306301
626	0.1
627	0.1
628	0.1
629	0.1
630	4.551399889125629
631	4.551399889125629
632	4.551399889125629
633	4.551399889125629
634	7.666194573521323
635	7.666194573521323
636	7.666194573521323
637	7.666194573521323
638	4.37265242061966
639	4.37265242061966
640	4.37265242061966
641	4.37265242061966
642	5.215123500756464
643	5.215123500756464
644	5.215123500756464
645	5.215123500756464
646	4.171410491559121
647	4.171410491559121
648	4.171410491559121
649	4.171410491559121
650	3.6507574962721145
651	3.6507574962721145
652	3.6507574962721145
653	3.6507574962721145
654	0.31624341933365896
655	0.31624341933365896
656	0.31624341933365896
657	0.31624341933365896
658	4.144489489849651
659	4.144489489849651
660	4.144489489849651
661	4.144489489849651
662	1.7452633814232774
663	1.7452633814232774
664	1.7452633814232774
665	1.7452633814232774
666	0.2986111679944923
667	0.2986111679944923
668	0.2986111679944923
669	0.2986111679944923
670	3.0569054750735187
671	3.0569054750735187
672	3.0569054750735187
673	3.0569054750735187
674	3.6668615196693866
675	3.6668615196693866
676	3.6668615196693866
677	3.6668615196693866
678	4.224888031798169
679	4.224888031798169
680	4.224888031798169
681	4.224888031798169
682	8.859549669024876
683	8.859549669024876
684	8.859549669024876
685	8.859549669024876
686	10.381940082545931
687	10.381940082545931
688	10.381940082545931
689	10.381940082545931
690	3.7082425967398693
691	3.7082425967398693
692	3.7082425967398693
693	3.7082425967398693
694	0.5855645114590642
695	0.5855645114590642
696	0.5855645114590642
697	0.5855645114590642
698	1.2736741167444805
699	1.2736741167444805
700	1.2736741167444805
701	1.2736741167444805
702	9.020112913710227
703	9.020112913710227
704	9.020112913710227
705	9.020112913710227
706	2.7817947305439956
707	2.7817947305439956
708	2.7817947305439956
709	2.7817947305439956
710	7.383621992683539
711	7.383621992683539
712	7.383621992683539
713	7.383621992683539
714	2.0787837557087716
715	2.0787837557087716
716	2.0787837557087716
717	2.0787837557087716
718	2.46255363856854
719	2.46255363856854
720	2.46255363856854
721	2.46255363856854
722	7.180460349426683
723	2.944762554412668
724	2.944762554412668
725	2.944762554412668
726	2.944762554412668
727	3.072653690284228
728	3.072653690284228
729	3.072653690284228
730	3.072653690284228
731	2.370144825396163
732	2.370144825396163
733	2.370144825396163
734	2.370144825396163
735	0.9625318456910068
736	0.9625318456910068
737	0.9625318456910068
738	0.9625318456910068
739	0.4373391389830328
740	0.4373391389830328
741	0.4373391389830328
742	0.4373391389830328
743	2.339120433670419
744	2.339120433670419
745	2.339120433670419
746	2.339120433670419
747	4.0237250325426475
748	4.0237250325426475
749	4.0237250325426475
750	4.0237250325426475
751	0.5465587317359826
752	0.5465587317359826
753	0.5465587317359826
754	0.5465587317359826
755	2.384547800952477
756	2.384547800952477
757	2.384547800952477
758	2.384547800952477
759	1.1760004471216394
760	1.1760004471216394
761	1.1760004471216394
762	1.1760004471216394
763	4.114448768633636
764	4.114448768633636
765	4.114448768633636
766	4.114448768633636
767	1.8843471844456205
768	1.8843471844456205
769	1.8843471844456205
770	1.8843471844456205
771	2.5711858705358126
772	2.5711858705358126
773	2.5711858705358126
774	2.5711858705358126
775	4.984586042460963
776	4.984586042460963
777	4.984586042460963
778	4.984586042460963
779	2.0549478325312567
780	2.0549478325312567
781	2.0549478325312567
782	2.0549478325312567
783	2.6625529949058415
784	2.6625529949058415
785	2.6625529949058415
786	2.6625529949058415
787	0.8381827563545166
788	0.8381827563545166
789	0.8381827563545166
790	0.8381827563545166
791	6.165569734334618
792	6.165569734334618
793	6.165569734334618
794	6.165569734334618
795	3.0662387899510284
796	3.0662387899510284
797	3.0662387899510284
798	3.0662387899510284
799	1.7625842342900893
800	1.7625842342900893
801	1.7625842342900893
802	1.7625842342900893
803	3.967118988850233
804	3.967118988850233
805	3.967118988850233
806	3.967118988850233
807	4.528966164515784
808	4.528966164515784
809	4.528966164515784
810	4.528966164515784
811	2.3535220544639497
812	2.3535220544639497
813	2.3535220544639497
814	2.3535220544639497
815	2.9940922358615243
816	2.9940922358615243
817	2.9940922358615243
818	2.9940922358615243
819	2.4945802926324987
820	2.4945802926324987
821	2.4945802926324987
822	2.4945802926324987
823	2.1141240091302747
824	2.1141240091302747
825	2.1141240091302747
826	2.1141240091302747
827	1.995885131122587
828	1.995885131122587
829	1.995885131122587
830	1.995885131122587
831	2.142876293914455
832	2.142876293914455
833	2.142876293914455
834	2.142876293914455
835	1.8092127529628983
836	1.8092127529628983
837	1.8092127529628983
838	1.8092127529628983
839	1.5700199494387714
840	1.5700199494387714
841	1.5700199494387714
842	1.5700199494387714
843	6.02361340677229
844	6.02361340677229
845	6.02361340677229
846	6.02361340677229
847	2.94246843831607
848	2.94246843831607
849	2.94246843831607
850	2.94246843831607
851	1.1147930492964417
852	1.1147930492964417
853	1.1147930492964417
854	1.1147930492964417
855	7.042948216188218
856	7.042948216188218
857	7.042948216188218
858	7.042948216188218
859	1.9416095240270357
860	1.9416095240270357
861	1.9416095240270357
862	1.9416095240270357
863	1.7141281738031855
864	1.7141281738031855
865	1.7141281738031855
866	1.7141281738031855
867	2.742857831548091
868	2.742857831548091
869	2.742857831548091
870	2.742857831548091
871	2.7457457762189614
872	2.7457457762189614
873	2.7457457762189614
874	2.7457457762189614
875	5.696657794935719
876	5.696657794935719
877	5.696657794935719
878	5.696657794935719
879	2.405528768781227
880	2.405528768781227
881	2.405528768781227
882	2.405528768781227
883	2.3934168310558026
884	2.3934168310558026
885	2.3934168310558026
886	2.3934168310558026
887	5.066027558490116
888	5.066027558490116
889	5.066027558490116
890	5.066027558490116
891	5.1804229134540645
892	5.1804229134540645
893	5.1804229134540645
894	5.1804229134540645
895	1.3796694846027702
896	1.3796694846027702
897	1.3796694846027702
898	1.3796694846027702
899	3.90850007653632
900	3.90850007653632
901	3.90850007653632
902	3.90850007653632
903	5.330996696560038
904	5.330996696560038
905	5.330996696560038
906	5.330996696560038
907	4.233790100176576
908	4.233790100176576
909	4.233790100176576
910	4.233790100176576
911	1.3371106437370175
912	1.3371106437370175
913	1.3371106437370175
914	1.3371106437370175
915	6.23093441110004
916	6.23093441110004
917	6.23093441110004
918	6.23093441110004
919	3.9599719081511706
920	3.9599719081511706
921	3.9599719081511706
922	3.9599719081511706
923	2.4175221682514696
924	2.4175221682514696
925	2.4175221682514696
926	2.4175221682514696
927	6.953741615349017
928	6.953741615349017
929	6.953741615349017
930	6.953741615349017
931	4.03385662784666
932	4.03385662784666
933	4.03385662784666
934	4.03385662784666
935	5.8117827528031185
936	5.8117827528031185
937	5.8117827528031185
938	5.8117827528031185
939	6.636440377711294
940	6.636440377711294
941	6.636440377711294
942	6.636440377711294
943	3.9232425776526223
944	3.9232425776526223
945	3.9232425776526223
946	3.9232425776526223
947	3.376446195768649
948	3.376446195768649
949	3.376446195768649
950	3.376446195768649
951	6.469815373104158
952	6.469815373104158
953	6.469815373104158
954	6.469815373104158
955	1.3891269420390313
956	1.3891269420390313
957	1.3891269420390313
958	1.3891269420390313
959	4.703071513184663
960	4.703071513184663
961	4.703071513184663
962	4.703071513184663
963	7.308172564985654
964	7.308172564985654
965	7.308172564985654
966	7.308172564985654
967	2.7782909648304632
968	2.7782909648304632
969	2.7782909648304632
970	2.7782909648304632
971	2.137148586477723
972	2.137148586477723
973	2.137148586477723
974	2.137148586477723
975	3.9334571578375437
976	3.9334571578375437
977	3.9334571578375437
978	3.9334571578375437
979	3.71933464881934
980	3.71933464881934
981	3.71933464881934
982	3.71933464881934
983	3.503553154890892
984	3.503553154890892
985	3.503553154890892
986	3.503553154890892
987	1.3130658434826663
988	1.3130658434826663
989	1.3130658434826663
990	1.3130658434826663
991	4.663100012704967
992	4.663100012704967
993	4.663100012704967
994	4.663100012704967
995	1.275510268618385
996	1.275510268618385
997	1.275510268618385
998	1.275510268618385
999	2.2935669328518946
1000	2.2935669328518946
1001	2.2935669328518946
1002	2.2935669328518946
1003	5.430798817401277
1004	5.430798817401277
1005	5.430798817401277
1006	5.430798817401277
1007	2.031404432752953
1008	2.031404432752953
1009	2.031404432752953
1010	2.031404432752953
1011	4.1596335360837555
1012	4.1596335360837555
1013	4.1596335360837555
1014	4.1596335360837555
1015	0.1
1016	0.1
1017	0.1
1018	0.1
1019	2.302543341369522
1020	2.302543341369522
1021	2.302543341369522
1022	2.302543341369522
1023	7.30226159088843
1024	7.30226159088843
1025	7.30226159088843
1026	7.30226159088843
1027	6.863815000118004
1028	6.863815000118004
1029	6.863815000118004
1030	6.863815000118004
1031	0.1
1032	0.1
1033	0.1
1034	0.1
1035	3.2296867185207887
1036	3.2296867185207887
1037	3.2296867185207887
1038	3.2296867185207887
1039	0.2088950142991397
1040	0.2088950142991397
1041	0.2088950142991397
1042	0.2088950142991397
1043	5.751877360822428
1044	5.751877360822428
1045	5.751877360822428
1046	5.751877360822428
1047	1.2904440275466174
1048	1.2904440275466174
