0	3.8194171212265764
1	3.8194171212265764
2	3.8194171212265764
3	3.8194171212265764
4	3.6569149640015577
5	3.6569149640015577
6	3.6569149640015577
7	3.6569149640015577
8	0.6113211104001532
9	0.6113211104001532
10	0.6113211104001532
11	0.6113211104001532
12	3.9258839401807615
13	3.9258839401807615
14	3.9258839401807615
15	3.9258839401807615
16	0.1
17	0.1
18	0.1
19	0.1
20	0.5802203678470146
21	0.5802203678470146
22	0.5802203678470146
23	0.5802203678470146
24	3.770435939613661
25	3.770435939613661
26	3.770435939613661
27	3.770435939613661
28	2.2894699790616033
29	2.2894699790616033
30	2.2894699790616033
31	2.2894699790616033
32	2.8790448375661306
33	2.8790448375661306
34	2.8790448375661306
35	2.8790448375661306
36	0.1
37	0.1
38	0.1
39	0.1
40	2.6730919164335645
41	2.6730919164335645
42	2.6730919164335645
43	2.6730919164335645
44	4.143916375371546
45	4.143916375371546
46	4.143916375371546
47	4.143916375371546
48	1.9343815142567207
49	1.9343815142567207
50	1.9343815142567207
51	1.9343815142567207
52	1.695133420957142
53	1.695133420957142
54	1.695133420957142
55	1.695133420957142
56	0.8232308371435169
57	0.8232308371435169
58	0.8232308371435169
59	0.8232308371435169
60	2.5375403250007307
61	2.5375403250007307
62	2.5375403250007307
63	2.5375403250007307
64	1.5981797544660532
65	1.5981797544660532
66	1.5981797544660532
67	1.5981797544660532
68	2.2485020491049346
69	2.2485020491049346
70	2.2485020491049346
71	2.2485020491049346
72	4.617067456206912
73	4.617067456206912
74	4.617067456206912
75	4.617067456206912
76	0.8536566913119292
77	0.8536566913119292
78	0.8536566913119292
79	0.8536566913119292
80	4.351555870000028
81	4.351555870000028
82	4.351555870000028
83	4.351555870000028
84	5.444374946973541
85	5.444374946973541
86	5.444374946973541
87	5.444374946973541
88	0.1
89	0.1
90	0.1
91	0.1
92	0.1
93	0.1
94	0.1
95	0.1
96	3.4382049231047436
97	3.4382049231047436
98	3.4382049231047436
99	3.4382049231047436
100	1.023844701837942
101	1.023844701837942
102	1.023844701837942
103	1.023844701837942
104	4.508444692049046
105	4.508444692049046
106	4.508444692049046
107	4.508444692049046
108	3.4226341245052256
109	3.4226341245052256
110	3.4226341245052256
111	3.4226341245052256
112	1.2747508515827617
113	1.2747508515827617
114	1.2747508515827617
115	1.2747508515827617
116	0.4308302861269062
117	0.4308302861269062
118	0.4308302861269062
119	0.4308302861269062
120	1.6010366017322442
121	1.6010366017322442
122	1.6010366017322442
123	1.6010366017322442
124	0.8317950447353739
125	0.8317950447353739
126	0.8317950447353739
127	0.8317950447353739
128	2.7544800519720467
129	2.7544800519720467
130	2.7544800519720467
131	2.7544800519720467
132	2.9046279404337216
133	2.9046279404337216
134	2.9046279404337216
135	2.9046279404337216
136	3.159386974326408
137	3.159386974326408
138	3.159386974326408
139	3.159386974326408
140	1.5781235420244135
141	1.5781235420244135
142	1.5781235420244135
143	1.5781235420244135
144	3.4638250712387455
145	3.4638250712387455
146	3.4638250712387455
147	3.4638250712387455
148	2.623367428479109
149	2.623367428479109
150	2.623367428479109
151	2.623367428479109
152	3.0234482650460612
153	3.0234482650460612
154	3.0234482650460612
155	3.0234482650460612
156	2.4432501504915303
157	2.4432501504915303
158	2.4432501504915303
159	2.4432501504915303
160	3.5125842059308954
161	3.5125842059308954
162	3.5125842059308954
163	3.5125842059308954
164	0.9661847032541222
165	0.9661847032541222
166	0.9661847032541222
167	0.9661847032541222
168	2.4261532518169293
169	2.4261532518169293
170	2.4261532518169293
171	2.4261532518169293
172	0.6314355322194887
173	0.6314355322194887
174	0.6314355322194887
175	0.6314355322194887
176	3.3484128446864014
177	3.0514289709509606
178	3.0514289709509606
179	3.0514289709509606
180	3.0514289709509606
181	3.780058420770346
182	3.780058420770346
183	3.780058420770346
184	3.780058420770346
185	2.060270858789724
186	2.060270858789724
187	2.060270858789724
188	2.060270858789724
189	2.3607046532809024
190	2.3607046532809024
191	2.3607046532809024
192	2.3607046532809024
193	2.0582845168430772
194	2.0582845168430772
195	2.0582845168430772
196	2.0582845168430772
197	5.059866337052778
198	5.059866337052778
199	5.059866337052778
200	5.059866337052778
201	6.004250264906519
202	6.004250264906519
203	6.004250264906519
204	6.004250264906519
205	2.014031089895026
206	2.014031089895026
207	2.014031089895026
208	2.014031089895026
209	1.073074030207142
210	1.073074030207142
211	1.073074030207142
212	1.073074030207142
213	4.307381316551438
214	4.307381316551438
215	4.307381316551438
216	4.307381316551438
217	2.0382301059877728
218	2.0382301059877728
219	2.0382301059877728
220	2.0382301059877728
221	4.117448881767929
222	4.117448881767929
223	4.117448881767929
224	4.117448881767929
225	2.910847184881684
226	2.910847184881684
227	2.910847184881684
228	2.910847184881684
229	3.20187254055899
230	3.20187254055899
231	3.20187254055899
232	3.20187254055899
233	4.74054602352528
234	4.74054602352528
235	4.74054602352528
236	4.74054602352528
237	1.8382341332628318
238	1.8382341332628318
239	1.8382341332628318
240	1.8382341332628318
241	1.5517533676842001
242	1.5517533676842001
243	1.5517533676842001
244	1.5517533676842001
245	3.202445881983825
246	3.202445881983825
247	3.202445881983825
248	3.202445881983825
249	2.7543819256739686
250	2.7543819256739686
251	0.1
252	0.1
253	0.1
254	0.1
255	3.366243244511339
256	3.366243244511339
257	3.366243244511339
258	3.366243244511339
259	4.604790373009292
260	4.604790373009292
261	4.604790373009292
262	4.604790373009292
263	1.8371184811383587
264	1.8371184811383587
265	1.8371184811383587
266	1.8371184811383587
267	1.6947875318958994
268	1.6947875318958994
269	1.6947875318958994
270	1.6947875318958994
271	2.019352127190131
272	2.019352127190131
273	2.019352127190131
274	2.019352127190131
275	3.251013353907271
276	3.251013353907271
277	3.251013353907271
278	3.251013353907271
279	3.808113104446213
280	3.808113104446213
281	3.808113104446213
282	3.808113104446213
283	3.2537226964013746
284	3.2537226964013746
285	3.2537226964013746
286	3.2537226964013746
287	2.977090425650721
288	2.977090425650721
289	2.977090425650721
290	2.977090425650721
291	2.5679853208980146
292	2.5679853208980146
293	2.5679853208980146
294	2.5679853208980146
295	3.3617822680416425
296	3.3617822680416425
297	3.3617822680416425
298	3.3617822680416425
299	3.0815014809822623
300	3.0815014809822623
301	3.0815014809822623
302	3.0815014809822623
303	2.242705354717636
304	2.242705354717636
305	2.242705354717636
306	2.242705354717636
307	2.582400582503952
308	2.582400582503952
309	2.582400582503952
310	2.582400582503952
311	1.7383501510177182
312	1.7383501510177182
313	1.7383501510177182
314	1.7383501510177182
315	2.95949916808797
316	2.95949916808797
317	2.95949916808797
318	2.95949916808797
319	1.8317887707089207
320	1.8317887707089207
321	1.8317887707089207
322	1.8317887707089207
323	1.4936473320510726
324	1.4936473320510726
325	1.4936473320510726
326	1.4936473320510726
327	1.7228469062981946
328	1.7228469062981946
329	1.7228469062981946
330	1.7228469062981946
331	2.270113103397088
332	2.270113103397088
333	2.270113103397088
334	2.270113103397088
335	4.1166380803153055
336	4.1166380803153055
337	4.1166380803153055
338	4.1166380803153055
339	2.906844492347334
340	2.906844492347334
341	2.906844492347334
342	2.906844492347334
343	0.6120947024683665
344	0.6120947024683665
345	0.6120947024683665
346	0.6120947024683665
347	1.212633204708381
348	1.212633204708381
349	1.212633204708381
350	1.212633204708381
351	1.1162090487014384
352	1.1162090487014384
353	1.1162090487014384
354	1.1162090487014384
355	3.3753651394272897
356	3.3753651394272897
357	3.3753651394272897
358	3.3753651394272897
359	2.1582126745460033
360	2.1582126745460033
361	2.1582126745460033
362	2.1582126745460033
363	2.704838184947123
364	2.704838184947123
365	2.704838184947123
366	2.704838184947123
367	2.652995277194146
368	2.652995277194146
369	2.652995277194146
370	2.652995277194146
371	0.1
372	0.1
373	0.1
374	0.1
375	2.203664088597071
376	2.203664088597071
377	2.203664088597071
378	2.203664088597071
379	2.0222808961075045
380	2.0222808961075045
381	2.0222808961075045
382	2.0222808961075045
383	2.453663163533952
384	2.453663163533952
385	2.453663163533952
386	2.453663163533952
387	1.783251954812692
388	1.783251954812692
389	1.783251954812692
390	1.783251954812692
391	2.8659034784593183
392	2.8659034784593183
393	2.8659034784593183
394	2.8659034784593183
395	0.7192772345030152
396	0.7192772345030152
397	0.7192772345030152
398	0.7192772345030152
399	1.248468914557331
400	1.248468914557331
401	1.248468914557331
402	1.248468914557331
403	0.46330734378282457
404	0.46330734378282457
405	0.46330734378282457
406	0.46330734378282457
407	1.8404116316492116
408	1.8404116316492116
409	1.8404116316492116
410	1.8404116316492116
411	0.47632220180002727
412	0.47632220180002727
413	0.47632220180002727
414	0.47632220180002727
415	2.663538902679698
416	2.663538902679698
417	2.663538902679698
418	2.663538902679698
419	3.1730832086968785
420	3.1730832086968785
421	3.1730832086968785
422	3.1730832086968785
423	3.166829427724094
424	3.166829427724094
425	3.166829427724094
426	3.166829427724094
427	2.5501794927660497
428	2.5501794927660497
429	2.5501794927660497
430	2.5501794927660497
431	1.5278352239186
432	1.5278352239186
433	1.5278352239186
434	1.5278352239186
435	3.0286591358324793
436	3.0286591358324793
437	3.0286591358324793
438	3.0286591358324793
439	1.2836042831702326
440	1.2836042831702326
441	1.2836042831702326
442	1.2836042831702326
443	2.4008076244473795
444	2.4008076244473795
445	2.4008076244473795
446	2.4008076244473795
447	2.6456036241276255
448	2.6456036241276255
449	2.6456036241276255
450	2.6456036241276255
451	0.6008459847703145
452	0.6008459847703145
453	0.6008459847703145
454	0.6008459847703145
455	1.7644526841224064
456	1.7644526841224064
457	1.7644526841224064
458	1.7644526841224064
459	2.8640946290801184
460	2.8640946290801184
461	2.8640946290801184
462	2.8640946290801184
463	1.2780024846483444
464	1.2780024846483444
465	1.2780024846483444
466	1.2780024846483444
467	1.4630172069389809
468	1.4630172069389809
469	1.4630172069389809
470	1.4630172069389809
471	1.0352829432478265
472	1.0352829432478265
473	1.0352829432478265
474	1.0352829432478265
475	1.0234382864599496
476	1.0234382864599496
477	1.0234382864599496
478	1.0234382864599496
479	2.801273193776452
480	2.801273193776452
481	2.801273193776452
482	2.801273193776452
483	1.9799313211403256
484	1.9799313211403256
485	1.9799313211403256
486	1.9799313211403256
487	2.848505802909267
488	2.848505802909267
489	2.848505802909267
490	2.848505802909267
491	1.85196546683428
492	1.85196546683428
493	1.85196546683428
494	1.85196546683428
495	3.260937571654309
496	3.260937571654309
497	3.260937571654309
498	3.260937571654309
499	1.2984226901137284
500	1.2984226901137284
501	1.2984226901137284
502	1.2984226901137284
503	3.2080438987882167
504	3.2080438987882167
505	3.2080438987882167
506	3.2080438987882167
507	2.207717638376233
508	2.207717638376233
509	2.207717638376233
510	2.207717638376233
511	1.4152740560552033
512	1.4152740560552033
513	1.4152740560552033
514	1.4152740560552033
515	2.810089064766598
516	2.810089064766598
517	2.810089064766598
518	2.810089064766598
519	0.5199109611068895
520	0.5199109611068895
521	0.5199109611068895
522	0.5199109611068895
523	2.9505146449096316
524	2.9505146449096316
525	2.9505146449096316
526	2.9505146449096316
527	2.6470637007315285
528	2.6470637007315285
529	2.6470637007315285
530	2.6470637007315285
531	4.189884022718994
532	4.189884022718994
533	4.189884022718994
534	4.189884022718994
535	3.040430550234797
536	3.040430550234797
537	3.040430550234797
538	3.040430550234797
539	0.8277160384289437
540	0.8277160384289437
541	0.8277160384289437
542	0.8277160384289437
543	2.169416075945273
544	2.169416075945273
545	2.169416075945273
546	2.169416075945273
547	1.8618393397169337
548	1.8618393397169337
549	1.8618393397169337
550	1.8618393397169337
551	2.323945959851302
552	2.323945959851302
553	2.323945959851302
554	2.323945959851302
555	3.4550039723282113
556	3.4550039723282113
557	3.4550039723282113
558	3.4550039723282113
559	1.9554684252042824
560	1.9554684252042824
561	1.9554684252042824
562	1.9554684252042824
563	2.9878363731523763
564	2.9878363731523763
565	2.9878363731523763
566	2.9878363731523763
567	5.733905935793196
568	5.733905935793196
569	5.733905935793196
570	5.733905935793196
571	2.6681139241552367
572	2.6681139241552367
573	2.6681139241552367
574	2.6681139241552367
575	2.9815475296099043
576	2.9815475296099043
577	2.9815475296099043
578	2.9815475296099043
579	0.2444825918091389
580	0.2444825918091389
581	0.2444825918091389
582	0.2444825918091389
583	2.4132836041344086
584	2.4132836041344086
585	2.4132836041344086
586	2.4132836041344086
587	3.928433703422851
588	3.928433703422851
589	2.4682452877027887
590	2.4682452877027887
591	2.4682452877027887
592	2.4682452877027887
593	0.1
594	0.1
595	0.1
596	0.1
597	2.096901677328446
598	2.096901677328446
599	2.096901677328446
600	2.096901677328446
601	4.186536346570093
602	4.186536346570093
603	4.186536346570093
604	4.186536346570093
605	4.528081114541594
606	4.528081114541594
607	4.528081114541594
608	4.528081114541594
609	1.864556779099664
610	1.864556779099664
611	1.864556779099664
612	1.864556779099664
613	2.2194928750870613
614	2.2194928750870613
615	2.2194928750870613
616	2.2194928750870613
617	2.33860125921866
618	2.33860125921866
619	2.33860125921866
620	2.33860125921866
621	2.915826233747894
622	2.915826233747894
623	2.915826233747894
624	2.915826233747894
625	2.037508006841401
626	2.037508006841401
627	2.037508006841401
628	2.037508006841401
629	0.8062395565381408
630	0.8062395565381408
631	0.8062395565381408
632	0.8062395565381408
633	1.9596581398513986
634	1.9596581398513986
635	1.9596581398513986
636	1.9596581398513986
637	3.3600327720763827
638	3.3600327720763827
639	3.3600327720763827
640	3.3600327720763827
641	3.8986998482146555
642	3.8986998482146555
643	3.8986998482146555
644	3.8986998482146555
645	2.7883909514653524
646	2.7883909514653524
647	2.7883909514653524
648	2.7883909514653524
649	2.183165112991177
650	2.183165112991177
651	2.183165112991177
652	2.183165112991177
653	1.5676505882951726
654	1.5676505882951726
655	1.5676505882951726
656	1.5676505882951726
657	1.1550888615288095
658	1.1550888615288095
659	0.6499046003245259
660	0.6499046003245259
661	0.6499046003245259
662	0.6499046003245259
663	0.5186041467328624
664	0.5186041467328624
665	0.5186041467328624
666	0.5186041467328624
667	1.537600132519085
668	1.537600132519085
669	1.537600132519085
670	1.537600132519085
671	3.276491330815028
672	3.276491330815028
673	3.276491330815028
674	3.276491330815028
675	3.0836453206173813
676	3.0836453206173813
677	3.0836453206173813
678	3.0836453206173813
679	1.674883111392945
680	1.674883111392945
681	1.674883111392945
682	1.674883111392945
683	2.780384135092023
684	2.780384135092023
685	2.780384135092023
686	2.780384135092023
687	2.8392366639909983
688	2.8392366639909983
689	2.8392366639909983
690	2.8392366639909983
691	3.4671066771824797
692	3.4671066771824797
693	3.4671066771824797
694	3.4671066771824797
695	1.4159300122749738
696	1.4159300122749738
697	1.4159300122749738
698	1.4159300122749738
699	2.7271370537769264
700	2.7271370537769264
701	2.7271370537769264
702	2.7271370537769264
703	0.9937086386691524
704	0.9937086386691524
705	0.9937086386691524
706	0.9937086386691524
707	2.3380967432180273
708	2.3380967432180273
709	2.3380967432180273
710	2.3380967432180273
711	2.4672679474444914
712	2.4672679474444914
713	2.4672679474444914
714	2.4672679474444914
715	2.3561805375475506
716	2.3561805375475506
717	2.3561805375475506
718	2.3561805375475506
719	1.9323919068311108
720	1.9323919068311108
721	1.9323919068311108
722	1.9323919068311108
723	3.013234645316628
724	3.013234645316628
725	3.013234645316628
726	3.013234645316628
727	2.739875885708332
728	2.739875885708332
729	2.739875885708332
730	2.739875885708332
731	3.193001519688181
732	3.193001519688181
733	3.193001519688181
734	3.193001519688181
735	2.070471646954989
736	2.070471646954989
737	2.070471646954989
738	2.070471646954989
739	3.3450720807928427
740	3.3450720807928427
741	3.3450720807928427
742	3.3450720807928427
743	3.089362846750941
744	3.089362846750941
745	3.089362846750941
746	3.089362846750941
747	3.3444148985072637
748	3.3444148985072637
749	3.3444148985072637
750	3.3444148985072637
751	2.165003971623134
752	2.165003971623134
753	2.165003971623134
754	2.165003971623134
755	3.7029315438853105
756	3.7029315438853105
757	3.7029315438853105
758	3.7029315438853105
759	3.5911182191621314
760	3.5911182191621314
761	3.5911182191621314
762	3.5911182191621314
763	1.726058865739787
764	1.726058865739787
765	1.726058865739787
766	1.726058865739787
767	1.4999957184483454
768	1.4999957184483454
769	1.4999957184483454
770	1.4999957184483454
771	2.149221087741367
772	2.149221087741367
773	2.149221087741367
774	2.149221087741367
775	2.435442914595532
776	2.435442914595532
777	2.435442914595532
778	2.435442914595532
779	2.507636272246639
780	2.507636272246639
781	2.507636272246639
782	2.507636272246639
783	2.218671114741662
784	2.218671114741662
785	2.218671114741662
786	2.218671114741662
787	1.4746642095987794
788	1.4746642095987794
789	1.4746642095987794
790	1.4746642095987794
791	1.2759361679426493
792	1.2759361679426493
793	1.2759361679426493
794	1.2759361679426493
795	2.11953283422659
796	2.11953283422659
797	2.11953283422659
798	2.11953283422659
799	2.133071740956776
800	2.133071740956776
801	2.133071740956776
802	2.133071740956776
803	2.293642784740761
804	2.293642784740761
805	2.293642784740761
806	2.293642784740761
807	0.1
808	0.1
809	0.1
810	0.1
811	0.9273908317071198
812	0.9273908317071198
813	0.9273908317071198
814	0.9273908317071198
815	2.3691921033848686
816	2.3691921033848686
817	2.3691921033848686
818	2.3691921033848686
819	2.9313276525585956
820	2.9313276525585956
821	2.9313276525585956
822	2.9313276525585956
823	2.079258554030635
824	2.079258554030635
825	2.079258554030635
826	2.079258554030635
827	1.3268897299486127
828	1.3268897299486127
829	1.3268897299486127
830	1.3268897299486127
831	1.2493131862194358
832	1.2493131862194358
833	1.2493131862194358
834	1.2493131862194358
835	2.5180587341276506
836	2.5180587341276506
837	2.5180587341276506
838	2.5180587341276506
839	1.1441221946350941
840	1.1441221946350941
841	1.1441221946350941
842	1.1441221946350941
843	2.1974266411143226
844	1.1820933000384966
845	1.1820933000384966
846	1.1820933000384966
847	1.1820933000384966
848	3.929036985694264
849	3.929036985694264
850	3.929036985694264
851	3.929036985694264
852	2.517264515380992
853	2.517264515380992
854	2.517264515380992
855	2.517264515380992
856	2.805034269348895
857	2.805034269348895
858	2.805034269348895
859	2.805034269348895
860	1.522420339408057
861	1.522420339408057
862	1.522420339408057
863	1.522420339408057
864	4.308895997329922
865	4.308895997329922
866	4.308895997329922
867	4.308895997329922
868	4.726645614359244
869	4.726645614359244
870	4.726645614359244
871	4.726645614359244
872	4.838149640792784
873	4.838149640792784
874	4.838149640792784
875	4.838149640792784
876	2.0343106319085282
877	2.0343106319085282
878	2.0343106319085282
879	2.0343106319085282
880	2.8391608824609302
881	2.8391608824609302
882	2.8391608824609302
883	2.8391608824609302
884	0.1
885	0.1
886	0.1
887	0.1
888	5.040549768598318
889	5.040549768598318
890	5.040549768598318
891	5.040549768598318
892	4.161033935865305
893	4.161033935865305
894	4.161033935865305
895	4.161033935865305
896	2.2110109752628704
897	2.2110109752628704
898	2.2110109752628704
899	2.2110109752628704
900	2.9335873610989367
901	2.3841743580462396
902	2.3841743580462396
903	2.3841743580462396
904	2.3841743580462396
905	2.2125154720422877
906	2.2125154720422877
907	2.2125154720422877
908	2.2125154720422877
909	0.5255527298375513
910	0.5255527298375513
911	0.5255527298375513
912	0.5255527298375513
913	2.6874975896754454
914	2.6874975896754454
915	2.6874975896754454
916	2.6874975896754454
917	0.9869079494203317
918	0.9869079494203317
919	0.9869079494203317
920	0.9869079494203317
921	2.5176372496701123
922	2.5176372496701123
923	2.5176372496701123
924	2.5176372496701123
925	1.5673955218605258
926	1.5673955218605258
927	1.5673955218605258
928	1.5673955218605258
929	1.9406690258185222
930	1.9406690258185222
931	1.9406690258185222
932	1.9406690258185222
933	2.413501449564695
934	2.413501449564695
935	2.413501449564695
936	2.413501449564695
937	2.4848541790561947
938	2.4848541790561947
939	2.4848541790561947
940	2.4848541790561947
941	4.2200055089230055
942	1.0509118034613547
943	1.0509118034613547
944	1.0509118034613547
945	1.0509118034613547
946	0.5565401900847133
947	0.5565401900847133
948	0.5565401900847133
949	0.5565401900847133
950	2.5315384938676315
951	2.5315384938676315
952	2.5315384938676315
953	2.5315384938676315
954	0.7653070181383601
955	0.7653070181383601
956	0.7653070181383601
957	0.7653070181383601
958	1.598587620928357
959	1.598587620928357
960	1.598587620928357
961	1.598587620928357
962	2.2628493289347946
963	2.2628493289347946
964	2.2628493289347946
965	2.2628493289347946
966	1.2475793303738993
967	1.2475793303738993
968	1.2475793303738993
969	1.2475793303738993
970	1.2001947385405634
971	1.2001947385405634
972	1.2001947385405634
973	1.2001947385405634
974	2.713414725655576
975	2.713414725655576
976	2.713414725655576
977	2.713414725655576
978	2.6476304591835236
979	2.6476304591835236
980	2.6476304591835236
981	2.6476304591835236
982	1.7518649443854153
983	1.7518649443854153
984	1.7518649443854153
985	1.7518649443854153
986	1.7314797145424194
987	1.7314797145424194
988	1.7314797145424194
989	1.7314797145424194
990	0.1
991	0.1
992	0.1
993	0.1
994	1.4816856079584877
995	1.4816856079584877
996	1.4816856079584877
997	1.4816856079584877
998	0.37029581844789927
999	0.37029581844789927
1000	0.37029581844789927
1001	0.37029581844789927
1002	0.6332433292847097
1003	0.6332433292847097
1004	0.6332433292847097
1005	0.6332433292847097
1006	2.33154050131228
1007	2.33154050131228
1008	2.33154050131228
1009	2.33154050131228
1010	0.5602099461872616
1011	0.5602099461872616
1012	0.5602099461872616
1013	0.5602099461872616
1014	1.6105706926457664
1015	1.6105706926457664
1016	1.6105706926457664
1017	1.6105706926457664
1018	1.8704987680203227
1019	1.8704987680203227
1020	1.8704987680203227
1021	1.8704987680203227
1022	2.0238088571727166
1023	2.0238088571727166
1024	2.0238088571727166
1025	2.0238088571727166
1026	2.0263398717137915
1027	2.0263398717137915
1028	2.0263398717137915
1029	2.0263398717137915
1030	2.5509057842832914
1031	2.5509057842832914
1032	2.5509057842832914
1033	2.5509057842832914
1034	2.7094687258679873
1035	2.7094687258679873
1036	2.7094687258679873
1037	2.7094687258679873
1038	0.8290589252180867
1039	0.8290589252180867
1040	0.8290589252180867
1041	0.8290589252180867
1042	1.220353787416295
1043	1.220353787416295
1044	1.220353787416295
1045	1.220353787416295
1046	0.43041601115338457
1047	0.43041601115338457
1048	0.43041601115338457
1049	0.43041601115338457
1050	0.5585467668094746
1051	0.5585467668094746
1052	0.5585467668094746
1053	0.5585467668094746
1054	1.5186270721483972
1055	1.5186270721483972
1056	1.5186270721483972
1057	1.5186270721483972
1058	1.3458038163563042
1059	1.3458038163563042
1060	1.3458038163563042
1061	1.3458038163563042
1062	2.0358875499477507
1063	2.0358875499477507
1064	2.0358875499477507
1065	2.0358875499477507
1066	2.5845264744093184
1067	2.5845264744093184
1068	2.5845264744093184
1069	4.046805825023871
1070	4.046805825023871
1071	4.046805825023871
1072	4.046805825023871
1073	3.616932578282877
1074	3.616932578282877
1075	3.616932578282877
1076	3.616932578282877
1077	2.1558446220528626
1078	2.1558446220528626
1079	2.1558446220528626
1080	2.1558446220528626
1081	5.196687618677149
1082	5.196687618677149
1083	5.196687618677149
1084	5.196687618677149
1085	0.3088746293173479
1086	0.3088746293173479
1087	0.3088746293173479
1088	0.3088746293173479
1089	4.429675219050505
1090	4.429675219050505
1091	4.429675219050505
1092	4.429675219050505
1093	3.6795500730028587
1094	3.6795500730028587
1095	3.6795500730028587
1096	3.6795500730028587
1097	1.797040158885885
1098	1.797040158885885
1099	1.797040158885885
1100	1.797040158885885
1101	1.8863261346278277
1102	1.8863261346278277
1103	1.8863261346278277
1104	1.8863261346278277
1105	0.700261986891386
1106	0.700261986891386
1107	0.700261986891386
1108	0.700261986891386
1109	2.3070600701809614
1110	2.3070600701809614
1111	2.3070600701809614
1112	2.3070600701809614
1113	1.2768651052220532
1114	1.2768651052220532
1115	1.2768651052220532
1116	1.2768651052220532
1117	2.4779387366696177
1118	2.4779387366696177
1119	2.4779387366696177
1120	2.4779387366696177
1121	2.165041618176197
1122	2.165041618176197
1123	2.165041618176197
1124	2.165041618176197
1125	1.3616114761862248
1126	1.3616114761862248
1127	1.3616114761862248
1128	1.3616114761862248
1129	1.6463711412463096
1130	1.6463711412463096
1131	1.6463711412463096
1132	1.6463711412463096
1133	2.222029385316223
1134	2.222029385316223
1135	2.222029385316223
1136	2.222029385316223
1137	3.5984759331962173
1138	3.5984759331962173
1139	3.5984759331962173
1140	3.5984759331962173
1141	3.6823813200004256
1142	3.6823813200004256
1143	3.6823813200004256
1144	3.6823813200004256
1145	2.9075950946502305
1146	2.9075950946502305
1147	2.9075950946502305
1148	2.9075950946502305
1149	3.820773552183903
1150	3.820773552183903
1151	3.820773552183903
1152	3.820773552183903
1153	1.086111581576272
1154	1.086111581576272
1155	1.086111581576272
1156	2.2675734463611605
1157	2.2675734463611605
1158	2.2675734463611605
1159	2.2675734463611605
1160	0.702407103084361
1161	0.702407103084361
1162	0.702407103084361
1163	0.702407103084361
1164	0.43843726367735103
1165	0.43843726367735103
1166	0.43843726367735103
1167	0.43843726367735103
1168	1.411004109539475
1169	1.411004109539475
1170	1.411004109539475
1171	1.411004109539475
1172	4.435655349463256
1173	4.435655349463256
1174	4.435655349463256
1175	4.435655349463256
1176	1.7167103028401967
1177	1.7167103028401967
1178	1.7167103028401967
1179	1.7167103028401967
1180	2.284716475026394
1181	2.284716475026394
1182	2.284716475026394
1183	2.284716475026394
1184	1.1495791632106847
1185	1.1495791632106847
1186	1.1495791632106847
1187	1.1495791632106847
1188	2.5817516218646044
1189	2.5817516218646044
1190	2.5817516218646044
1191	2.5817516218646044
1192	1.5882191280665114
1193	1.5882191280665114
1194	1.5882191280665114
1195	1.5882191280665114
1196	4.629600661463567
1197	4.629600661463567
1198	4.629600661463567
1199	4.629600661463567
1200	1.7609632711219982
1201	1.7609632711219982
1202	1.7609632711219982
1203	1.7609632711219982
1204	2.724226613952041
1205	2.724226613952041
1206	2.724226613952041
1207	2.724226613952041
1208	2.1277978968568867
1209	2.1277978968568867
1210	2.1277978968568867
1211	2.1277978968568867
1212	2.9093919566370676
1213	2.9093919566370676
1214	2.9093919566370676
1215	2.9093919566370676
1216	2.1900666815016874
1217	2.1900666815016874
1218	2.1900666815016874
1219	2.1900666815016874
1220	1.0807895940581707
1221	1.0807895940581707
1222	1.0807895940581707
1223	1.0807895940581707
1224	1.2771812124356945
1225	1.2771812124356945
1226	1.2771812124356945
1227	1.2771812124356945
1228	2.463785634769078
1229	2.463785634769078
1230	2.463785634769078
1231	2.463785634769078
1232	1.8625269057839342
1233	1.8625269057839342
1234	1.8625269057839342
1235	1.8625269057839342
1236	1.4996114408392534
1237	1.4996114408392534
1238	1.4996114408392534
1239	1.4996114408392534
1240	0.45737805638895557
1241	0.45737805638895557
1242	0.45737805638895557
1243	0.45737805638895557
1244	0.675212337477753
1245	0.675212337477753
1246	0.675212337477753
1247	0.675212337477753
1248	2.708776368603801
1249	2.708776368603801
1250	2.708776368603801
1251	2.708776368603801
1252	1.4920917357774284
1253	1.4920917357774284
1254	1.4920917357774284
1255	1.4920917357774284
1256	2.097474097973592
1257	2.097474097973592
1258	2.097474097973592
1259	2.097474097973592
1260	0.7762483470339488
1261	0.7762483470339488
1262	0.7762483470339488
1263	0.7762483470339488
1264	1.4444867539683832
1265	1.4444867539683832
1266	1.4444867539683832
1267	1.4444867539683832
1268	2.3857264467431802
1269	2.3857264467431802
1270	2.3857264467431802
1271	2.3857264467431802
1272	0.8935440568039563
1273	0.8935440568039563
1274	0.8935440568039563
1275	0.8935440568039563
1276	1.4988228686583538
1277	1.4988228686583538
1278	1.4988228686583538
1279	1.4988228686583538
1280	2.144469144309375
1281	2.144469144309375
1282	2.144469144309375
1283	2.144469144309375
1284	1.403327798237374
1285	1.403327798237374
1286	1.403327798237374
1287	1.403327798237374
1288	2.07899305891647
1289	2.07899305891647
1290	2.07899305891647
1291	2.07899305891647
1292	2.06436678024376
1293	2.06436678024376
1294	2.06436678024376
1295	2.06436678024376
1296	0.7330211052187247
1297	0.7330211052187247
1298	0.7330211052187247
1299	0.7330211052187247
1300	3.162470944019505
1301	3.162470944019505
1302	3.162470944019505
1303	3.162470944019505
1304	2.2237846550235867
1305	2.2237846550235867
1306	2.2237846550235867
1307	2.2237846550235867
1308	2.9344802777948322
1309	2.9344802777948322
1310	2.9344802777948322
1311	2.9344802777948322
1312	0.20621993803060001
1313	0.20621993803060001
1314	0.20621993803060001
1315	0.20621993803060001
1316	1.7517829470973705
1317	1.7517829470973705
1318	1.7517829470973705
1319	1.7517829470973705
1320	0.6846188878771199
1321	0.6846188878771199
1322	0.6846188878771199
1323	0.6846188878771199
1324	1.000129185217047
1325	1.000129185217047
1326	1.000129185217047
1327	1.000129185217047
1328	2.5229483072082193
1329	2.5229483072082193
1330	2.5229483072082193
1331	2.5229483072082193
1332	1.9140066400473545
1333	1.9140066400473545
1334	1.9140066400473545
1335	1.9140066400473545
1336	1.0084125007923155
1337	1.0084125007923155
1338	1.0084125007923155
1339	1.0084125007923155
1340	1.3597139327576455
1341	1.3597139327576455
1342	1.3597139327576455
1343	1.3597139327576455
1344	1.0191723026209671
1345	1.0191723026209671
1346	1.0191723026209671
1347	1.0191723026209671
1348	1.5259906614279666
1349	1.5259906614279666
1350	1.5259906614279666
1351	1.5259906614279666
1352	1.9673480524152014
1353	1.9673480524152014
1354	1.9673480524152014
1355	1.9673480524152014
1356	1.4060918395962638
1357	1.4060918395962638
1358	1.4060918395962638
1359	1.4060918395962638
1360	1.5865125557088173
1361	1.5865125557088173
1362	1.5865125557088173
1363	1.5865125557088173
1364	2.0822516460351186
1365	2.0822516460351186
1366	2.0822516460351186
1367	2.0822516460351186
1368	1.9556383629831058
1369	1.9556383629831058
1370	1.9556383629831058
1371	1.9556383629831058
1372	2.629909188778171
1373	2.629909188778171
1374	2.629909188778171
1375	2.629909188778171
1376	0.1
1377	0.1
1378	0.1
1379	0.1
1380	2.0600191847831457
1381	2.0600191847831457
1382	2.0600191847831457
1383	2.0600191847831457
1384	1.4664564485791518
1385	1.4664564485791518
1386	1.4664564485791518
1387	1.4664564485791518
1388	0.9245322459724173
1389	0.9245322459724173
1390	0.9245322459724173
1391	0.9245322459724173
1392	3.1896340765258087
1393	3.1896340765258087
1394	3.1896340765258087
1395	3.1896340765258087
1396	1.2491684862986716
1397	1.2491684862986716
1398	1.2491684862986716
1399	1.2491684862986716
1400	1.189996195748012
1401	1.189996195748012
1402	1.189996195748012
1403	1.189996195748012
1404	0.8674580181457927
1405	0.8674580181457927
1406	0.8674580181457927
1407	0.8674580181457927
1408	1.7360272804740338
1409	1.7360272804740338
1410	1.7360272804740338
1411	1.7360272804740338
1412	0.31119396900380103
1413	0.31119396900380103
1414	0.31119396900380103
1415	0.31119396900380103
1416	1.3280477615063933
1417	1.3280477615063933
1418	1.3280477615063933
1419	1.3280477615063933
1420	1.9142809325441736
1421	1.9142809325441736
1422	1.9142809325441736
1423	1.9142809325441736
1424	0.7879978684320582
1425	0.7879978684320582
1426	0.7879978684320582
1427	0.7879978684320582
1428	0.949253043994089
1429	0.949253043994089
1430	0.949253043994089
1431	0.949253043994089
1432	1.956351922633301
1433	0.9263754809969795
1434	0.9263754809969795
1435	0.9263754809969795
1436	0.9263754809969795
1437	0.7805181465987516
1438	0.7805181465987516
1439	0.7805181465987516
1440	0.7805181465987516
1441	2.3436795808228617
1442	2.3436795808228617
1443	2.3436795808228617
1444	2.3436795808228617
1445	1.2468645129631035
1446	1.2468645129631035
1447	1.2468645129631035
1448	1.2468645129631035
1449	1.1639857690549382
1450	1.1639857690549382
1451	1.1639857690549382
1452	1.1639857690549382
1453	2.915252572632821
1454	2.915252572632821
1455	2.915252572632821
1456	2.915252572632821
1457	2.916603430065397
1458	2.916603430065397
1459	2.916603430065397
1460	2.916603430065397
1461	4.664716767645622
1462	4.664716767645622
1463	4.664716767645622
1464	4.664716767645622
1465	1.271535896877193
1466	1.271535896877193
1467	1.271535896877193
1468	1.271535896877193
1469	2.25756804905148
1470	2.25756804905148
1471	2.25756804905148
1472	2.25756804905148
1473	2.3481924004145456
1474	2.3481924004145456
1475	2.3481924004145456
1476	2.3481924004145456
1477	0.1
1478	0.1
1479	0.1
1480	0.1
1481	1.3559350995131945
1482	1.3559350995131945
1483	1.3559350995131945
1484	1.3559350995131945
1485	2.1221865815668433
1486	2.1221865815668433
1487	2.1221865815668433
1488	2.1221865815668433
1489	1.8767025665701107
1490	1.8767025665701107
1491	1.8767025665701107
1492	1.8767025665701107
1493	0.1
1494	0.1
1495	0.1
1496	0.1
1497	1.3094282760858587
1498	1.3094282760858587
1499	1.3094282760858587
1500	1.3094282760858587
1501	0.3116720646723612
1502	0.3116720646723612
1503	0.3116720646723612
1504	0.3116720646723612
1505	2.723265188367171
1506	2.723265188367171
1507	2.723265188367171
1508	2.723265188367171
1509	0.1
1510	0.1
1511	0.1
1512	0.1
1513	1.5884162761080118
1514	1.5884162761080118
1515	1.5884162761080118
1516	1.5884162761080118
1517	3.2180023770230832
1518	3.2180023770230832
1519	3.2180023770230832
1520	3.2180023770230832
1521	0.759634496291304
1522	0.759634496291304
1523	0.759634496291304
1524	0.759634496291304
1525	2.7077848650292373
1526	2.7077848650292373
1527	2.7077848650292373
1528	2.7077848650292373
1529	2.1750277786611774
1530	2.1750277786611774
1531	2.1750277786611774
1532	2.1750277786611774
1533	1.3409105245780806
1534	1.3409105245780806
1535	1.3409105245780806
1536	1.3409105245780806
1537	1.7058474602296452
1538	1.7058474602296452
1539	1.7058474602296452
1540	1.7058474602296452
1541	0.9274183994119077
1542	0.9274183994119077
1543	0.9274183994119077
1544	0.9274183994119077
1545	0.25874028105065383
1546	0.25874028105065383
1547	0.25874028105065383
1548	0.25874028105065383
1549	0.7638578038883701
1550	0.7638578038883701
1551	0.7638578038883701
1552	0.7638578038883701
1553	3.629991085710789
1554	3.629991085710789
1555	3.629991085710789
1556	3.629991085710789
1557	2.2735126963954655
1558	2.2735126963954655
1559	2.2735126963954655
1560	2.2735126963954655
1561	0.6552638029449676
1562	0.6552638029449676
1563	0.6552638029449676
1564	0.6552638029449676
1565	2.346230886954876
1566	2.346230886954876
1567	2.346230886954876
1568	2.346230886954876
1569	1.0605955260030153
1570	1.0605955260030153
1571	1.0605955260030153
1572	1.0605955260030153
1573	3.4855224529056374
1574	3.4855224529056374
1575	3.4855224529056374
1576	3.4855224529056374
1577	0.21614873188111616
1578	0.21614873188111616
1579	0.21614873188111616
1580	0.21614873188111616
