0	2.058072542151567
1	2.058072542151567
2	2.058072542151567
3	2.058072542151567
4	1.0089376508421202
5	1.0089376508421202
6	1.0089376508421202
7	1.0089376508421202
8	0.6661153773054453
9	0.6661153773054453
10	0.6661153773054453
11	0.6661153773054453
12	0.26435865172787854
13	0.26435865172787854
14	0.26435865172787854
15	0.26435865172787854
16	0.9384715340568058
17	0.9384715340568058
18	0.9384715340568058
19	0.9384715340568058
20	0.5445828430229512
21	0.5445828430229512
22	0.5445828430229512
23	0.5445828430229512
24	1.3595375870248958
25	1.3595375870248958
26	1.3595375870248958
27	1.3595375870248958
28	0.9292540327563443
29	0.9292540327563443
30	0.9292540327563443
31	0.9292540327563443
32	1.5192011663441543
33	1.5192011663441543
34	1.5192011663441543
35	1.5192011663441543
36	1.7587954629155245
37	1.7587954629155245
38	1.7587954629155245
39	1.7587954629155245
40	0.4524062000361507
41	0.4524062000361507
42	0.4524062000361507
43	0.4524062000361507
44	0.1
45	0.1
46	0.1
47	0.1
48	2.0729982939868647
49	2.0729982939868647
50	2.0729982939868647
51	2.0729982939868647
52	2.0576460184596557
53	2.0576460184596557
54	2.0576460184596557
55	2.0576460184596557
56	1.4188575969114166
57	1.4188575969114166
58	1.4188575969114166
59	1.4188575969114166
60	0.31521954434760424
61	0.31521954434760424
62	0.31521954434760424
63	0.31521954434760424
64	1.260143581899059
65	1.260143581899059
66	1.260143581899059
67	1.260143581899059
68	0.7823746662272016
69	0.7823746662272016
70	0.7823746662272016
71	0.7823746662272016
72	0.8956375030800614
73	0.8956375030800614
74	0.8956375030800614
75	0.8956375030800614
76	0.19180132254245175
77	0.19180132254245175
78	0.19180132254245175
79	0.19180132254245175
80	1.5184609967148173
81	1.5184609967148173
82	1.5184609967148173
83	1.5184609967148173
84	0.4318552685985711
85	0.4318552685985711
86	0.4318552685985711
87	0.4318552685985711
88	1.088375118276489
89	1.088375118276489
90	1.088375118276489
91	1.088375118276489
92	0.3724091801354428
93	0.3724091801354428
94	0.3724091801354428
95	0.3724091801354428
96	0.7095671101330815
97	0.7095671101330815
98	0.7095671101330815
99	0.7095671101330815
100	1.582823678221362
101	1.582823678221362
102	1.582823678221362
103	1.582823678221362
104	1.2506764405971587
105	1.2506764405971587
106	1.2506764405971587
107	1.2506764405971587
108	1.2148512056683736
109	1.2148512056683736
110	1.2148512056683736
111	1.2148512056683736
112	1.0666446795475721
113	1.0666446795475721
114	1.0666446795475721
115	1.0666446795475721
116	0.9271086088498438
117	0.9271086088498438
118	0.9271086088498438
119	0.9271086088498438
120	0.6438773580522619
121	0.6438773580522619
122	0.6438773580522619
123	0.6438773580522619
124	0.48725726618504794
125	0.48725726618504794
126	0.48725726618504794
127	0.48725726618504794
128	0.9365918341466708
129	0.9365918341466708
130	0.9365918341466708
131	0.9365918341466708
132	2.0086360887053463
133	2.0086360887053463
134	2.0086360887053463
135	2.0086360887053463
136	1.977538393710865
137	1.977538393710865
138	1.977538393710865
139	1.977538393710865
140	1.2555127551563272
141	1.2555127551563272
142	1.2555127551563272
143	1.2555127551563272
144	0.7768995997379948
145	0.7768995997379948
146	0.7768995997379948
147	0.7768995997379948
148	1.7490959624876625
149	1.7490959624876625
150	1.7490959624876625
151	1.7490959624876625
152	0.1
153	0.1
154	0.1
155	0.1
156	0.6726041968051572
157	0.6726041968051572
158	0.6726041968051572
159	0.6726041968051572
160	2.4745933968063536
161	2.4745933968063536
162	2.4745933968063536
163	2.4745933968063536
164	0.3516602390320941
165	0.3516602390320941
166	0.3516602390320941
167	0.3516602390320941
168	0.6523099690224485
169	0.6523099690224485
170	0.6523099690224485
171	0.6523099690224485
172	0.7918036418797814
173	0.7918036418797814
174	0.7918036418797814
175	0.7918036418797814
176	1.0385478525619918
177	1.0385478525619918
178	1.0385478525619918
179	1.0385478525619918
180	0.7784686367554167
181	0.7784686367554167
182	0.7784686367554167
183	0.7784686367554167
184	0.219270702442125
185	0.219270702442125
186	0.219270702442125
187	0.219270702442125
188	1.2507551823461858
189	1.2507551823461858
190	1.2507551823461858
191	1.2507551823461858
192	0.7344731179942607
193	0.7344731179942607
194	0.7344731179942607
195	0.7344731179942607
196	0.7640304964238036
197	0.7640304964238036
198	0.7640304964238036
199	0.7640304964238036
200	1.369792494041399
201	1.369792494041399
202	1.369792494041399
203	1.369792494041399
204	0.1
205	0.1
206	0.1
207	0.1
208	1.5831212124594443
209	1.5831212124594443
210	1.5831212124594443
211	1.5831212124594443
212	2.563729242942676
213	2.563729242942676
214	2.563729242942676
215	2.563729242942676
216	1.3595936945656633
217	1.3595936945656633
218	1.3595936945656633
219	1.3595936945656633
220	1.114267746954761
221	1.114267746954761
222	1.114267746954761
223	1.114267746954761
224	0.1
225	0.1
226	0.1
227	0.1
228	1.6856129391086943
229	1.6856129391086943
230	1.6856129391086943
231	1.6856129391086943
232	0.8467163878949864
233	0.8467163878949864
234	0.8467163878949864
235	0.8467163878949864
236	0.972148417108501
237	0.972148417108501
238	0.972148417108501
239	0.972148417108501
240	0.639265161618099
241	0.639265161618099
242	0.639265161618099
243	0.639265161618099
244	0.8517929885798815
245	0.8517929885798815
246	0.8517929885798815
247	0.8517929885798815
248	0.1
249	0.1
250	0.1
251	0.1
252	1.530101886858537
253	1.530101886858537
254	1.530101886858537
255	1.530101886858537
256	0.8462825598852954
257	0.8462825598852954
258	0.8462825598852954
259	0.8462825598852954
260	0.5054734937718202
261	0.5054734937718202
262	0.5054734937718202
263	0.5054734937718202
264	0.2854532787748896
265	0.2854532787748896
266	0.2854532787748896
267	0.2854532787748896
268	0.8127935252828739
269	0.8127935252828739
270	0.8127935252828739
271	0.8127935252828739
272	0.22069420009353458
273	0.22069420009353458
274	0.22069420009353458
275	0.22069420009353458
276	1.2402409689709288
277	1.2402409689709288
278	1.2402409689709288
279	1.2402409689709288
280	0.7245941366582248
281	0.7245941366582248
282	0.7245941366582248
283	0.7245941366582248
284	1.0484072383750402
285	1.0484072383750402
286	1.0484072383750402
287	1.0484072383750402
288	0.7284034547961431
289	0.7284034547961431
290	0.7284034547961431
291	0.7284034547961431
292	0.4436355253954639
293	0.4436355253954639
294	0.4436355253954639
295	0.4436355253954639
296	0.9013788661361548
297	0.9013788661361548
298	0.9013788661361548
299	0.9013788661361548
300	0.8354411195508457
301	0.8354411195508457
302	0.8354411195508457
303	0.8354411195508457
304	0.6647635398520395
305	0.6647635398520395
306	0.6647635398520395
307	0.6647635398520395
308	0.8606821413109691
309	0.8606821413109691
310	0.8606821413109691
311	0.8606821413109691
312	0.20736574545620212
313	0.20736574545620212
314	0.20736574545620212
315	0.20736574545620212
316	0.15580344369164634
317	0.15580344369164634
318	0.15580344369164634
319	0.15580344369164634
320	1.746023270885567
321	1.746023270885567
322	1.746023270885567
323	1.746023270885567
324	0.9230409950855457
325	0.9230409950855457
326	0.9230409950855457
327	0.9230409950855457
328	2.1775973902726085
329	2.1775973902726085
330	2.1775973902726085
331	2.1775973902726085
332	1.0546556978455863
333	1.0546556978455863
334	1.0546556978455863
335	1.0546556978455863
336	0.32931751522368113
337	0.32931751522368113
338	0.32931751522368113
339	0.32931751522368113
340	0.5545786071274874
341	0.5545786071274874
342	0.5545786071274874
343	0.5545786071274874
344	1.01275812322291
345	1.01275812322291
346	1.01275812322291
347	1.01275812322291
348	1.3219620215922936
349	1.3219620215922936
350	1.3219620215922936
351	1.3219620215922936
352	1.1916887715065456
353	1.1916887715065456
354	1.1916887715065456
355	1.1916887715065456
356	0.5137124919555254
357	0.5137124919555254
358	0.5137124919555254
359	0.5137124919555254
360	0.1606424391057376
361	0.1606424391057376
362	0.1606424391057376
363	0.1606424391057376
364	0.1
365	0.1
366	0.1
367	0.1
368	0.9637430395925268
369	0.9637430395925268
370	0.9637430395925268
371	0.9637430395925268
372	1.1658920774598351
373	1.1658920774598351
374	1.1658920774598351
375	1.1658920774598351
376	0.9491370985801422
377	0.9491370985801422
378	0.9491370985801422
379	0.9491370985801422
380	1.486223509913356
381	1.486223509913356
382	1.486223509913356
383	1.486223509913356
384	1.1359516036243247
385	1.1359516036243247
386	1.1359516036243247
387	1.1359516036243247
388	0.5065482465006634
389	0.5065482465006634
390	0.5065482465006634
391	0.5065482465006634
392	0.6597929308421778
393	0.6597929308421778
394	1.2336016321876186
395	1.2336016321876186
396	1.2336016321876186
397	1.2336016321876186
398	1.0225061076697497
399	1.0225061076697497
400	1.0225061076697497
401	1.0225061076697497
402	0.8647765011746175
403	0.8647765011746175
404	0.8647765011746175
405	1.7730095916594875
406	1.7730095916594875
407	1.7730095916594875
408	1.7730095916594875
409	0.1
410	0.1
411	0.1
412	0.1
413	1.2937995581354342
414	1.2937995581354342
415	1.2937995581354342
416	1.2937995581354342
417	0.11104130082537811
418	0.11104130082537811
419	0.11104130082537811
420	0.11104130082537811
421	1.1896540108827915
422	1.1896540108827915
423	1.1896540108827915
424	1.1896540108827915
425	0.1
426	0.1
427	0.1
428	0.1
429	0.5855713267698405
430	0.5855713267698405
431	0.5855713267698405
432	0.5855713267698405
433	1.3532162313300788
434	1.3532162313300788
435	1.3532162313300788
436	1.3532162313300788
437	2.0605161266174337
438	2.0605161266174337
439	2.0605161266174337
440	2.0605161266174337
441	0.19650593572912212
442	0.19650593572912212
443	0.19650593572912212
444	0.19650593572912212
445	0.1
446	0.1
447	0.1
448	0.1
449	1.1197575440874237
450	1.1197575440874237
451	1.1197575440874237
452	1.1197575440874237
453	1.7362955433438318
454	1.7362955433438318
455	1.7362955433438318
456	1.7362955433438318
457	0.2624217855764952
458	0.2624217855764952
459	0.2624217855764952
460	0.2624217855764952
461	0.7560455199196334
462	0.7560455199196334
463	0.7560455199196334
464	0.7560455199196334
465	0.800397726728524
466	0.800397726728524
467	0.800397726728524
468	0.800397726728524
469	1.2928703628601532
470	1.2928703628601532
471	1.2928703628601532
472	1.2928703628601532
473	0.4632749685740635
474	0.4632749685740635
475	0.4632749685740635
476	0.4632749685740635
477	1.3081347985725444
478	1.3081347985725444
479	1.3081347985725444
480	1.3081347985725444
481	0.3529674379194213
482	0.3529674379194213
483	0.3529674379194213
484	0.3529674379194213
485	2.333835075063818
486	2.333835075063818
487	2.333835075063818
488	2.333835075063818
489	2.553765039297722
490	2.553765039297722
491	2.553765039297722
492	2.553765039297722
493	0.5397753529594636
494	0.5397753529594636
495	0.5397753529594636
496	0.5397753529594636
497	1.505522536510786
498	1.505522536510786
499	1.505522536510786
500	1.505522536510786
501	0.6745899934118601
502	0.6745899934118601
503	0.6745899934118601
504	0.6745899934118601
505	1.1365639621454133
506	1.1365639621454133
507	1.1365639621454133
508	1.1365639621454133
509	2.1644335135902373
510	2.1644335135902373
511	2.1644335135902373
512	2.1644335135902373
513	1.6017776911356243
514	1.6017776911356243
515	1.6017776911356243
516	1.6017776911356243
517	1.10809064196464
518	1.10809064196464
519	1.10809064196464
520	1.10809064196464
521	1.6224526821643344
522	1.6224526821643344
523	1.6224526821643344
524	1.6224526821643344
525	0.1
526	0.1
527	0.1
528	0.1
529	0.1
530	0.1
531	0.1
532	0.1
533	0.9301847709663009
534	0.9301847709663009
535	0.9301847709663009
536	0.9301847709663009
537	1.586876060217025
538	1.586876060217025
539	1.586876060217025
540	1.586876060217025
541	1.6280019842172957
542	1.6280019842172957
543	1.6280019842172957
544	1.6280019842172957
545	1.4494314804892792
546	1.4494314804892792
547	1.4494314804892792
548	1.4494314804892792
549	1.0143959362186803
550	1.0143959362186803
551	1.0143959362186803
552	1.0143959362186803
553	1.0694917807878204
554	1.0694917807878204
555	1.0694917807878204
556	1.0694917807878204
557	2.1490341649256797
558	2.1490341649256797
559	2.1490341649256797
560	2.1490341649256797
561	1.3811439467794637
562	1.3811439467794637
563	1.3811439467794637
564	1.3811439467794637
565	0.3206492150101016
566	0.3206492150101016
567	0.3206492150101016
568	0.3206492150101016
569	1.9628554578178963
570	1.9628554578178963
571	1.9628554578178963
572	1.9628554578178963
573	0.734962159946155
574	0.734962159946155
575	0.734962159946155
576	0.734962159946155
577	1.5834718926592257
578	1.5834718926592257
579	1.5834718926592257
580	1.5834718926592257
581	1.618596863994516
582	1.618596863994516
583	1.618596863994516
584	1.618596863994516
585	1.7917816888591964
586	1.7917816888591964
587	1.7917816888591964
588	1.7917816888591964
589	0.7939994476608654
590	0.7939994476608654
591	0.7939994476608654
592	0.7939994476608654
593	1.6771657933089377
594	1.6771657933089377
595	1.6771657933089377
596	1.6771657933089377
597	0.6130584611359099
598	0.6130584611359099
599	0.6130584611359099
600	0.6130584611359099
601	2.4623418122172533
602	2.4623418122172533
603	2.4623418122172533
604	2.4623418122172533
605	1.264824870095412
606	1.264824870095412
607	1.264824870095412
608	1.264824870095412
609	1.93448575994309
610	1.93448575994309
611	1.93448575994309
612	1.93448575994309
613	1.2588802225601639
614	1.2588802225601639
615	1.2588802225601639
616	1.2588802225601639
617	0.3753693128560598
618	0.3753693128560598
619	0.3753693128560598
620	0.3753693128560598
621	0.1
622	0.1
623	0.1
624	0.1
625	0.1
626	0.1
627	0.1
628	0.1
629	1.8397593559493246
630	1.8397593559493246
631	1.8397593559493246
632	1.8397593559493246
633	1.8160747838337112
634	1.8160747838337112
635	1.8160747838337112
636	1.8160747838337112
637	1.7523486545277929
638	1.7523486545277929
639	1.7523486545277929
640	1.7523486545277929
641	2.2074051370707846
642	2.2074051370707846
643	2.2074051370707846
644	2.2074051370707846
645	0.7725086428562045
646	0.7725086428562045
647	0.7725086428562045
648	0.7725086428562045
649	1.7258837962890254
650	1.7258837962890254
651	1.7258837962890254
652	1.7258837962890254
653	1.8611263058805814
654	1.8611263058805814
655	1.8611263058805814
656	1.8611263058805814
657	0.6793977212615102
658	0.6793977212615102
659	0.6793977212615102
660	0.6793977212615102
661	1.834554227744225
662	1.834554227744225
663	1.834554227744225
664	1.834554227744225
665	1.4605782393766322
666	1.4605782393766322
667	1.64662657143112
668	1.64662657143112
669	1.64662657143112
670	1.64662657143112
671	1.7947712002158682
672	1.7947712002158682
673	1.7947712002158682
674	1.7947712002158682
675	1.948076759640704
676	1.948076759640704
677	1.948076759640704
678	1.948076759640704
679	0.49254312283493173
680	0.49254312283493173
681	0.49254312283493173
682	0.49254312283493173
683	2.025822425842356
684	2.025822425842356
685	1.6372363273715906
686	1.6372363273715906
687	1.6372363273715906
688	1.6372363273715906
689	0.1
690	0.1
691	2.049190209743626
692	2.049190209743626
693	2.049190209743626
694	2.049190209743626
695	0.1
696	0.1
697	0.1
698	0.1
699	0.1
700	0.1
701	0.1
702	0.1
703	1.1343013983288357
704	1.1343013983288357
705	1.1343013983288357
706	1.1343013983288357
707	1.678514544053713
708	1.678514544053713
709	1.678514544053713
710	1.678514544053713
711	2.933106611128185
712	2.933106611128185
713	2.933106611128185
714	2.933106611128185
715	1.2468550077604545
716	1.2468550077604545
717	1.2468550077604545
718	1.2468550077604545
719	1.9114364190359476
720	1.9114364190359476
721	1.9114364190359476
722	1.9114364190359476
723	0.9508137713988731
724	0.9508137713988731
725	0.9508137713988731
726	0.9508137713988731
727	1.194883321353586
728	1.194883321353586
729	1.194883321353586
730	1.194883321353586
731	1.1848554097220716
732	1.1848554097220716
733	1.1848554097220716
734	1.1848554097220716
735	0.7068931508506572
736	0.7068931508506572
737	0.7068931508506572
738	0.7068931508506572
739	2.2388296380726285
740	2.2388296380726285
741	2.2388296380726285
742	2.2388296380726285
743	0.5271265065444984
744	0.5271265065444984
745	0.5271265065444984
746	0.5271265065444984
747	1.5366081775671034
748	1.5366081775671034
749	1.5366081775671034
750	1.5366081775671034
751	0.9027831782361144
752	0.9027831782361144
753	0.9027831782361144
754	0.9027831782361144
755	0.8505003252338326
756	0.8505003252338326
757	0.8505003252338326
758	0.8505003252338326
759	0.6405777347552769
760	0.6405777347552769
761	0.6405777347552769
762	0.6405777347552769
763	1.3704678073157146
764	1.3704678073157146
765	1.3704678073157146
766	1.3704678073157146
767	1.0579478347861846
768	1.0579478347861846
769	1.0579478347861846
770	1.0579478347861846
771	0.38308733492839964
772	0.38308733492839964
773	0.38308733492839964
774	0.38308733492839964
775	0.8944835372653928
776	0.8944835372653928
777	0.8944835372653928
778	0.8944835372653928
779	0.41476193739181655
780	0.41476193739181655
781	0.41476193739181655
782	0.41476193739181655
783	2.2476882017642104
784	2.2476882017642104
785	2.2476882017642104
786	2.2476882017642104
787	1.4364985932715912
788	1.4364985932715912
789	1.4364985932715912
790	1.4364985932715912
791	2.46203872194056
792	2.46203872194056
793	2.46203872194056
794	2.46203872194056
795	1.2422186015029353
796	1.2422186015029353
797	1.2422186015029353
798	1.2422186015029353
799	2.479526507085227
800	2.479526507085227
801	2.479526507085227
802	2.479526507085227
803	1.1282653349799021
804	1.1282653349799021
805	1.1282653349799021
806	1.1282653349799021
807	0.4493076723678313
808	0.4493076723678313
809	0.4493076723678313
810	0.4493076723678313
811	1.8893892752490398
812	1.8893892752490398
813	1.8893892752490398
814	1.8893892752490398
815	0.5748790439397478
816	0.5748790439397478
817	0.5748790439397478
818	0.5748790439397478
819	0.7743887477274634
820	0.7743887477274634
821	0.7743887477274634
822	0.7743887477274634
823	0.3964515724139631
824	0.3964515724139631
825	0.3964515724139631
826	0.3964515724139631
827	1.9552962451935232
828	1.9552962451935232
829	1.9552962451935232
830	1.9552962451935232
831	0.4195543354428264
832	0.4195543354428264
833	0.4195543354428264
834	0.4195543354428264
835	1.7037478888805786
836	1.7037478888805786
837	1.7037478888805786
838	1.7037478888805786
839	2.135720456057614
840	2.135720456057614
841	2.135720456057614
842	2.135720456057614
843	1.7547235725311516
844	1.7547235725311516
845	1.7547235725311516
846	1.7547235725311516
847	2.036299429755465
848	2.036299429755465
849	2.036299429755465
850	2.036299429755465
851	1.390565148441559
852	1.390565148441559
853	1.390565148441559
854	1.390565148441559
855	0.9178379188442736
856	0.9178379188442736
857	0.9178379188442736
858	0.9178379188442736
859	2.6151177518071607
860	2.6151177518071607
861	2.6151177518071607
862	2.6151177518071607
863	1.8719007219948596
864	1.8719007219948596
865	1.8719007219948596
866	1.8719007219948596
867	0.5847666402535054
868	0.5847666402535054
869	0.5847666402535054
870	0.5847666402535054
871	1.4225433714308402
872	1.4225433714308402
873	1.4225433714308402
874	1.4225433714308402
875	0.1
876	0.1
877	0.1
878	0.1
879	0.8517610055541527
880	0.8517610055541527
881	0.8517610055541527
882	0.8517610055541527
883	1.3482650008198018
884	1.3482650008198018
885	1.3482650008198018
886	1.3482650008198018
887	3.028207218033071
888	3.028207218033071
889	3.028207218033071
890	3.028207218033071
891	2.143082302218759
892	2.143082302218759
893	2.143082302218759
894	2.143082302218759
895	2.2524986283976522
896	2.2524986283976522
897	2.2524986283976522
898	2.2524986283976522
899	0.5128971532195025
900	0.5128971532195025
901	0.5128971532195025
902	0.5128971532195025
903	1.6260610285041133
904	1.6260610285041133
905	1.6260610285041133
906	1.6260610285041133
907	1.6478828046873717
908	1.6478828046873717
909	1.6478828046873717
910	1.6478828046873717
911	1.3517249963810412
912	1.3517249963810412
913	1.3517249963810412
914	1.3517249963810412
915	1.587244007996113
916	1.587244007996113
917	1.587244007996113
918	1.587244007996113
919	1.1191903883920225
920	1.1191903883920225
921	1.1191903883920225
922	1.1191903883920225
923	3.292731407075231
924	3.292731407075231
925	3.292731407075231
926	3.292731407075231
927	0.5234603410829686
928	0.5234603410829686
929	0.5234603410829686
930	0.5234603410829686
931	2.305225377476746
932	2.305225377476746
933	2.305225377476746
934	2.305225377476746
935	3.0282830019231386
936	3.0282830019231386
937	3.0282830019231386
938	3.0282830019231386
939	1.1912231191762412
940	1.1912231191762412
941	1.1912231191762412
942	1.1912231191762412
943	1.303817028940603
944	1.303817028940603
945	1.303817028940603
946	1.303817028940603
947	0.8684141296830278
948	0.8684141296830278
949	0.8684141296830278
950	0.8684141296830278
951	2.325733124801119
952	2.325733124801119
953	2.325733124801119
954	2.325733124801119
955	1.0319618972075593
956	1.0319618972075593
957	1.0319618972075593
958	1.0319618972075593
959	2.090622822871018
960	2.090622822871018
961	2.090622822871018
962	2.090622822871018
963	1.9752233233907197
964	1.9752233233907197
965	1.9752233233907197
966	1.9752233233907197
967	2.438481184716759
968	2.438481184716759
969	2.438481184716759
970	2.438481184716759
971	3.4973146373795765
972	3.4973146373795765
973	3.4973146373795765
974	3.4973146373795765
975	0.5099820258064486
976	0.5099820258064486
977	0.5099820258064486
978	0.5099820258064486
979	0.9127717017715791
980	0.9127717017715791
981	0.9127717017715791
982	0.9127717017715791
983	2.059472546046984
984	2.059472546046984
985	2.059472546046984
986	2.059472546046984
987	2.676049777020671
988	2.676049777020671
989	2.676049777020671
990	2.676049777020671
991	0.8715460172655889
992	0.8715460172655889
993	0.8715460172655889
994	0.8715460172655889
995	1.8905837269547636
996	1.8905837269547636
997	1.8905837269547636
998	1.8905837269547636
999	1.9243084192803823
1000	1.9243084192803823
1001	1.9243084192803823
1002	1.9243084192803823
1003	1.5112240331324838
1004	1.5112240331324838
1005	1.5112240331324838
1006	1.5112240331324838
1007	0.1
1008	0.1
1009	0.1
1010	0.1
1011	3.3757208275443844
1012	3.3757208275443844
1013	3.3757208275443844
1014	3.3757208275443844
1015	1.8614577873134548
1016	1.8614577873134548
1017	1.8614577873134548
1018	1.8614577873134548
1019	1.10220891519286
1020	1.10220891519286
1021	1.10220891519286
1022	1.10220891519286
1023	1.9991446718080392
1024	1.9991446718080392
1025	1.9991446718080392
1026	1.9991446718080392
1027	0.85249962250631
1028	0.85249962250631
1029	0.85249962250631
1030	0.85249962250631
1031	1.013221578866151
1032	1.013221578866151
1033	1.013221578866151
1034	1.013221578866151
1035	1.3558093979264199
1036	1.3558093979264199
1037	1.3558093979264199
1038	1.3558093979264199
1039	2.6189339395453866
1040	2.6189339395453866
1041	2.6189339395453866
1042	2.6189339395453866
1043	1.1628268451518102
1044	1.1628268451518102
1045	1.1628268451518102
1046	1.1628268451518102
1047	2.51533199805423
1048	2.51533199805423
1049	2.51533199805423
1050	2.51533199805423
1051	1.9103110561157277
1052	1.9103110561157277
1053	1.9103110561157277
1054	1.9103110561157277
1055	1.3467899452603516
1056	1.3467899452603516
1057	1.3467899452603516
1058	1.3467899452603516
1059	0.4013381842644179
1060	0.4013381842644179
1061	0.4013381842644179
1062	0.4013381842644179
1063	2.00543873739751
1064	2.00543873739751
1065	2.00543873739751
1066	2.00543873739751
1067	0.1
1068	0.1
1069	0.1
1070	0.1
1071	0.9210895521641325
1072	0.9210895521641325
1073	0.9210895521641325
1074	0.9210895521641325
1075	0.28426491354807504
1076	0.28426491354807504
1077	0.28426491354807504
1078	0.28426491354807504
1079	1.9298008747649036
1080	1.9298008747649036
1081	1.9298008747649036
1082	1.9298008747649036
1083	0.42756902781200634
1084	0.42756902781200634
1085	0.42756902781200634
1086	0.42756902781200634
1087	1.14949415335649
1088	1.14949415335649
1089	1.14949415335649
1090	1.14949415335649
1091	3.3342835281648693
1092	3.3342835281648693
1093	3.3342835281648693
1094	3.3342835281648693
1095	0.1959890619226483
1096	0.1959890619226483
1097	0.1959890619226483
1098	0.1959890619226483
1099	2.9308338594233123
1100	2.9308338594233123
1101	2.9308338594233123
1102	2.9308338594233123
1103	0.9869490856159475
1104	0.9869490856159475
1105	0.9869490856159475
1106	0.9869490856159475
1107	0.1
1108	0.1
1109	0.1
1110	0.1
1111	1.0805397083412505
1112	1.0805397083412505
1113	1.0805397083412505
1114	1.0805397083412505
1115	1.9131694852601637
1116	1.9257364445941199
1117	1.9257364445941199
1118	1.9257364445941199
1119	1.9257364445941199
1120	0.2740123204712177
1121	0.2740123204712177
1122	0.2740123204712177
1123	0.2740123204712177
1124	1.7490202622130921
1125	1.7490202622130921
1126	1.7490202622130921
1127	1.7490202622130921
1128	1.350090438611832
1129	1.350090438611832
1130	1.350090438611832
1131	1.350090438611832
1132	3.724333825718995
1133	3.724333825718995
1134	3.724333825718995
1135	3.724333825718995
1136	0.10427875052232838
1137	0.10427875052232838
1138	0.10427875052232838
1139	0.10427875052232838
1140	2.2458271255581588
1141	2.2458271255581588
1142	2.2458271255581588
1143	2.2458271255581588
1144	0.1
1145	0.1
1146	0.1
1147	0.1
1148	0.1
1149	0.1
1150	0.1
1151	0.1
1152	2.225433509782933
1153	2.225433509782933
1154	2.225433509782933
1155	2.225433509782933
1156	1.1779395705204339
1157	1.1779395705204339
1158	1.1779395705204339
1159	1.1779395705204339
1160	1.6612133870123067
1161	1.6612133870123067
1162	1.6612133870123067
1163	1.6612133870123067
1164	0.1
1165	0.1
1166	0.1
1167	0.1
1168	1.7516894679625203
1169	1.7516894679625203
1170	1.7516894679625203
1171	1.7516894679625203
1172	1.2159324178173685
1173	1.2159324178173685
1174	1.2159324178173685
1175	1.2159324178173685
1176	1.5976940458846982
1177	1.5976940458846982
1178	1.5976940458846982
1179	1.5976940458846982
1180	0.1
1181	0.1
1182	0.1
1183	0.1
1184	2.4310396479539964
1185	2.4310396479539964
1186	2.4310396479539964
1187	2.4310396479539964
1188	1.7353729311343804
1189	1.7353729311343804
1190	1.7353729311343804
1191	1.7353729311343804
1192	2.0264647472178874
1193	2.0264647472178874
1194	2.0264647472178874
1195	2.0264647472178874
1196	1.8159547317774367
1197	1.8159547317774367
1198	1.8159547317774367
1199	1.8159547317774367
1200	3.470341621234729
1201	3.470341621234729
1202	3.470341621234729
1203	3.470341621234729
1204	1.8745366142187472
1205	1.8745366142187472
1206	1.8745366142187472
1207	1.8745366142187472
1208	0.1073200603195803
1209	0.1073200603195803
1210	0.1073200603195803
1211	0.1073200603195803
1212	1.1826078649354919
1213	1.1826078649354919
1214	1.1826078649354919
1215	1.1826078649354919
1216	0.1
1217	0.1
1218	0.1
1219	0.1
1220	0.10048222433817955
1221	0.10048222433817955
1222	0.10048222433817955
1223	0.10048222433817955
1224	0.8207753091009896
1225	0.8207753091009896
1226	0.8207753091009896
1227	0.8207753091009896
1228	0.16348095033568244
1229	0.16348095033568244
1230	0.16348095033568244
1231	0.16348095033568244
1232	0.2859536134906733
1233	0.2859536134906733
1234	0.2859536134906733
1235	0.2859536134906733
1236	2.682081627138773
1237	2.682081627138773
1238	2.682081627138773
1239	2.682081627138773
1240	2.2841217976346835
1241	2.2841217976346835
1242	2.2841217976346835
1243	2.2841217976346835
1244	2.2081192303758748
1245	2.2081192303758748
1246	2.2081192303758748
1247	2.2081192303758748
1248	1.5943440183882278
1249	1.5943440183882278
1250	1.5943440183882278
1251	1.5943440183882278
1252	1.8396904550322937
1253	1.8396904550322937
1254	1.8396904550322937
1255	1.8396904550322937
1256	2.8000257960999577
1257	2.8000257960999577
1258	2.8000257960999577
1259	2.8000257960999577
1260	1.3823483506550467
1261	1.3823483506550467
1262	1.3823483506550467
1263	1.3823483506550467
1264	3.2799043433401103
1265	3.2799043433401103
1266	3.2799043433401103
1267	3.2799043433401103
1268	0.7210823523006391
1269	0.7210823523006391
1270	0.7210823523006391
1271	0.7210823523006391
1272	1.2736558007595622
1273	1.2736558007595622
1274	1.2736558007595622
1275	1.2736558007595622
1276	0.1
1277	0.1
1278	0.1
1279	0.1
1280	0.9039116660027675
1281	0.9039116660027675
1282	0.9039116660027675
1283	0.9039116660027675
1284	1.1558886189320765
1285	1.1558886189320765
1286	1.1558886189320765
1287	1.1558886189320765
1288	1.863128762860258
1289	1.863128762860258
1290	1.863128762860258
1291	1.863128762860258
1292	1.2593394474963906
1293	1.2593394474963906
1294	1.2593394474963906
1295	1.2593394474963906
1296	2.668415229306958
1297	2.668415229306958
1298	2.668415229306958
1299	2.668415229306958
1300	0.7781222707237303
1301	0.7781222707237303
1302	0.7781222707237303
1303	0.7781222707237303
1304	0.8673947611339348
1305	0.8673947611339348
1306	0.8673947611339348
1307	0.8673947611339348
1308	1.5774190787811386
1309	1.5774190787811386
1310	1.5774190787811386
1311	1.5774190787811386
1312	0.1
1313	0.1
1314	0.1
1315	0.1
1316	2.239090106370882
1317	2.239090106370882
1318	2.239090106370882
1319	2.239090106370882
1320	0.9356378923163353
1321	0.9356378923163353
1322	0.9356378923163353
1323	0.9356378923163353
1324	1.2327266421830987
1325	1.2327266421830987
1326	1.2327266421830987
1327	1.2327266421830987
1328	2.4101968589203793
1329	2.4101968589203793
1330	2.4101968589203793
1331	2.4101968589203793
1332	1.6459968634931446
1333	1.6459968634931446
1334	1.6459968634931446
1335	1.6459968634931446
1336	2.587406991990287
1337	2.587406991990287
1338	2.587406991990287
1339	2.587406991990287
1340	0.8657206885712262
1341	0.8657206885712262
1342	0.8657206885712262
1343	0.8657206885712262
1344	0.8486120542263419
1345	0.8486120542263419
1346	0.8486120542263419
1347	0.8486120542263419
1348	1.6639279400519023
1349	1.6639279400519023
1350	1.6639279400519023
1351	1.6639279400519023
1352	0.8016091748638664
1353	0.8016091748638664
1354	0.8016091748638664
1355	0.8016091748638664
1356	1.703830815965112
1357	1.703830815965112
1358	1.703830815965112
1359	1.703830815965112
1360	2.3481857618760564
1361	2.3481857618760564
1362	2.3481857618760564
1363	2.3481857618760564
1364	1.9584642766348277
1365	1.9584642766348277
1366	1.9584642766348277
1367	1.9584642766348277
1368	0.1
1369	0.1
1370	0.1
1371	0.1
1372	0.561721345637849
1373	0.561721345637849
1374	0.561721345637849
1375	0.561721345637849
1376	0.1
1377	0.1
1378	0.1
1379	0.1
1380	0.700599665891808
1381	0.700599665891808
1382	0.700599665891808
1383	0.700599665891808
1384	1.6461587101360502
1385	1.6461587101360502
1386	1.6461587101360502
1387	1.6461587101360502
1388	2.2820848156035654
1389	2.2820848156035654
1390	2.2820848156035654
1391	2.2820848156035654
1392	2.0476272815115837
1393	2.0476272815115837
1394	2.0476272815115837
1395	2.0476272815115837
1396	1.5454715545032482
1397	1.5454715545032482
1398	1.5454715545032482
1399	1.5454715545032482
1400	0.1
1401	0.1
1402	0.1
1403	0.1
1404	1.1764161738583379
1405	1.1764161738583379
1406	1.1764161738583379
1407	1.1764161738583379
1408	0.36176082425342093
1409	0.36176082425342093
1410	0.36176082425342093
1411	0.36176082425342093
1412	2.3495206821883317
1413	2.3495206821883317
1414	2.3495206821883317
1415	2.3495206821883317
1416	1.6351965978418301
1417	1.6351965978418301
1418	1.6351965978418301
1419	1.6351965978418301
1420	0.7236856227400408
1421	0.7236856227400408
1422	0.7236856227400408
1423	0.7236856227400408
1424	0.6822772429401008
1425	0.6822772429401008
1426	0.6822772429401008
1427	0.6822772429401008
1428	2.2703053371131747
1429	2.2703053371131747
1430	2.2703053371131747
1431	2.2703053371131747
1432	2.8688512443203407
1433	2.8688512443203407
1434	2.8688512443203407
1435	2.8688512443203407
1436	0.4283827414438245
1437	0.4283827414438245
1438	0.4283827414438245
1439	0.4283827414438245
1440	0.15196216231493498
1441	0.15196216231493498
1442	0.15196216231493498
1443	0.15196216231493498
1444	1.5998006022920095
1445	1.5998006022920095
1446	1.5998006022920095
1447	1.5998006022920095
1448	2.2074643073173683
1449	2.2074643073173683
1450	2.2074643073173683
1451	2.2074643073173683
1452	2.1588451163049087
1453	2.1588451163049087
1454	2.1588451163049087
1455	2.1588451163049087
1456	0.9917538468756575
1457	0.9917538468756575
1458	0.9917538468756575
1459	0.9917538468756575
1460	2.1754297854601
1461	2.1754297854601
1462	2.1754297854601
1463	2.1754297854601
1464	0.3895817403526689
1465	0.3895817403526689
1466	0.3895817403526689
1467	0.3895817403526689
1468	2.609776579151901
1469	2.609776579151901
1470	2.609776579151901
1471	2.609776579151901
1472	1.2740005224830977
1473	1.2740005224830977
1474	1.2740005224830977
1475	1.2740005224830977
1476	1.5816860032024345
1477	1.5816860032024345
1478	1.5816860032024345
1479	1.5816860032024345
1480	0.8439930347113402
1481	0.8439930347113402
1482	0.8439930347113402
1483	0.8439930347113402
1484	1.5489357130103454
1485	1.5489357130103454
1486	1.5489357130103454
1487	1.5489357130103454
1488	1.8346330988438342
1489	1.8346330988438342
1490	1.8346330988438342
1491	1.8346330988438342
1492	1.3863635658459483
1493	1.3863635658459483
1494	1.3863635658459483
1495	1.3863635658459483
1496	2.346119599633691
1497	2.346119599633691
1498	2.346119599633691
1499	2.346119599633691
1500	0.19453160890914623
1501	0.19453160890914623
1502	0.19453160890914623
1503	0.19453160890914623
1504	0.5211800253941811
1505	0.5211800253941811
1506	0.5211800253941811
1507	0.5211800253941811
1508	0.1
1509	0.1
1510	0.1
1511	0.1
1512	2.5417071040955257
1513	2.5417071040955257
1514	2.5417071040955257
1515	2.5417071040955257
1516	2.1953175341361217
1517	2.1953175341361217
1518	2.1953175341361217
1519	2.1953175341361217
1520	1.9145785551135948
1521	1.9145785551135948
1522	1.9145785551135948
1523	1.9145785551135948
1524	0.8347258126797404
1525	0.8347258126797404
1526	0.8347258126797404
1527	0.8347258126797404
1528	0.7471000682878663
1529	0.7471000682878663
1530	0.7471000682878663
1531	0.7471000682878663
1532	0.8402460685189795
1533	0.8402460685189795
1534	0.8402460685189795
1535	0.8402460685189795
1536	1.9721843410050597
1537	1.9721843410050597
1538	1.9721843410050597
1539	1.9721843410050597
1540	1.1724255568628081
1541	1.1724255568628081
1542	1.1724255568628081
1543	1.1724255568628081
1544	0.4017409652895856
1545	0.4017409652895856
1546	0.4017409652895856
1547	0.4017409652895856
1548	1.2869268671182268
1549	1.2869268671182268
1550	1.2869268671182268
1551	1.2869268671182268
1552	2.5069344590257465
1553	2.5069344590257465
1554	2.5069344590257465
1555	2.5069344590257465
1556	3.4215281413227263
1557	3.4215281413227263
1558	3.4215281413227263
1559	3.4215281413227263
1560	1.0137775736651986
1561	1.0137775736651986
1562	1.0137775736651986
1563	1.0137775736651986
1564	2.481148560082034
1565	2.481148560082034
1566	2.481148560082034
1567	2.481148560082034
1568	2.7425823639125113
1569	2.7425823639125113
1570	2.7425823639125113
1571	2.7425823639125113
1572	1.8955056174798717
1573	1.8955056174798717
1574	1.8955056174798717
1575	1.8955056174798717
1576	0.4030223988690498
1577	0.4030223988690498
1578	0.4030223988690498
1579	0.4030223988690498
1580	0.7065960941906473
1581	0.7065960941906473
1582	0.7065960941906473
1583	0.7065960941906473
1584	1.9081554977371806
1585	1.9081554977371806
1586	1.9081554977371806
1587	1.9081554977371806
1588	1.4236584724144954
1589	1.4236584724144954
1590	1.4236584724144954
1591	1.4236584724144954
1592	3.16930863966999
1593	3.16930863966999
1594	3.16930863966999
1595	3.16930863966999
1596	0.9926891442066242
1597	0.9926891442066242
1598	0.9926891442066242
1599	0.9926891442066242
1600	0.99077316743831
1601	0.99077316743831
1602	0.99077316743831
1603	0.99077316743831
1604	0.3688468413628341
1605	0.3688468413628341
1606	0.3688468413628341
1607	0.3688468413628341
1608	2.8047793389483364
1609	2.8047793389483364
1610	2.8047793389483364
1611	2.8047793389483364
1612	0.48969946034240197
1613	0.48969946034240197
1614	0.48969946034240197
1615	0.48969946034240197
1616	1.8433437194697373
1617	1.8433437194697373
1618	1.8433437194697373
1619	1.8433437194697373
1620	0.1
1621	0.1
1622	0.1
1623	0.1
1624	0.8568947006897452
1625	0.8568947006897452
1626	0.8568947006897452
1627	0.8568947006897452
1628	1.741529245163603
1629	1.741529245163603
1630	1.741529245163603
1631	1.741529245163603
1632	0.1
1633	0.1
1634	0.1
1635	0.1
1636	0.8924201941696239
1637	0.8924201941696239
1638	0.8924201941696239
1639	0.8924201941696239
1640	2.0443550024248576
1641	2.0443550024248576
1642	2.0443550024248576
1643	2.0443550024248576
1644	0.11788468263295004
1645	0.11788468263295004
1646	0.11788468263295004
1647	0.11788468263295004
1648	1.689527800615089
1649	1.689527800615089
1650	1.689527800615089
1651	1.689527800615089
1652	0.4190712683184018
1653	0.4190712683184018
1654	0.4190712683184018
1655	0.4190712683184018
1656	2.2686974335695957
1657	2.2686974335695957
1658	2.2686974335695957
1659	2.2686974335695957
1660	1.793200318390826
1661	1.793200318390826
1662	1.793200318390826
1663	1.793200318390826
1664	1.6540414501529035
1665	1.6540414501529035
1666	1.6540414501529035
1667	1.6540414501529035
1668	0.1
1669	0.1
1670	0.1
1671	0.1
1672	2.5348573641534395
1673	2.5348573641534395
1674	2.5348573641534395
1675	2.5348573641534395
1676	1.2670947986594732
1677	1.2670947986594732
1678	1.2670947986594732
1679	1.2670947986594732
1680	0.3815071035762012
1681	0.3815071035762012
1682	0.3815071035762012
1683	0.3815071035762012
1684	2.097124783071014
1685	2.097124783071014
1686	2.097124783071014
1687	2.097124783071014
1688	0.6584733979149257
1689	0.6584733979149257
1690	0.6584733979149257
1691	0.6584733979149257
1692	0.7698039614874205
1693	0.7698039614874205
1694	0.7698039614874205
1695	0.7698039614874205
1696	1.0617567044483645
1697	1.0617567044483645
1698	1.0617567044483645
1699	1.0617567044483645
1700	0.601762056658227
1701	0.601762056658227
1702	0.601762056658227
1703	0.601762056658227
1704	1.6589159640829783
1705	1.6589159640829783
1706	1.6589159640829783
1707	1.6589159640829783
1708	1.0998540596210835
1709	1.0998540596210835
1710	1.0998540596210835
1711	1.0998540596210835
1712	1.0899296086998338
1713	1.0899296086998338
1714	1.0899296086998338
1715	1.0899296086998338
1716	1.7471444015106163
1717	1.7471444015106163
1718	1.7471444015106163
1719	1.7471444015106163
1720	0.7576696382845342
1721	0.7576696382845342
1722	0.7576696382845342
1723	0.7576696382845342
1724	1.2606773704014755
1725	1.2606773704014755
1726	1.2606773704014755
1727	1.2606773704014755
1728	1.4571108204652579
1729	1.4571108204652579
1730	1.4571108204652579
1731	1.4571108204652579
1732	2.3784002680675416
1733	2.3784002680675416
1734	2.3784002680675416
1735	2.3784002680675416
1736	0.9539597350973581
1737	0.9539597350973581
1738	0.9539597350973581
1739	0.9539597350973581
1740	1.034279202015886
1741	1.034279202015886
1742	1.034279202015886
1743	1.034279202015886
1744	1.5973653276009454
1745	1.5973653276009454
1746	1.5973653276009454
1747	1.5973653276009454
1748	1.203983280845436
1749	1.203983280845436
1750	1.203983280845436
1751	1.203983280845436
1752	1.4432262946893888
1753	1.4432262946893888
1754	1.4432262946893888
1755	1.4432262946893888
1756	1.3258016887563178
1757	1.3258016887563178
1758	1.3258016887563178
1759	1.3258016887563178
1760	0.7997491650952356
1761	0.7997491650952356
1762	0.7997491650952356
1763	0.7997491650952356
1764	1.7945107501855175
1765	1.7945107501855175
1766	1.7945107501855175
1767	1.7945107501855175
1768	2.274173613264319
1769	2.274173613264319
1770	2.274173613264319
1771	2.274173613264319
1772	2.0083647011707497
1773	2.0083647011707497
1774	2.0083647011707497
1775	2.0083647011707497
1776	1.9281477895022108
1777	1.9281477895022108
1778	1.9281477895022108
1779	1.9281477895022108
1780	1.4973893938863618
1781	1.4973893938863618
1782	1.4973893938863618
1783	1.4973893938863618
1784	0.5354931013053463
1785	0.5354931013053463
1786	0.5354931013053463
1787	0.5354931013053463
1788	0.1176777290562776
1789	0.1176777290562776
1790	0.1176777290562776
1791	0.1176777290562776
1792	0.8358261208867945
1793	0.8358261208867945
1794	0.8358261208867945
1795	0.8358261208867945
1796	1.4447377458979425
1797	1.4447377458979425
1798	1.4447377458979425
1799	1.4447377458979425
1800	1.3441812538952602
1801	1.3441812538952602
1802	1.3441812538952602
1803	1.3441812538952602
1804	2.022728370456064
1805	2.022728370456064
1806	2.022728370456064
1807	2.022728370456064
1808	0.6001408449087999
1809	0.6001408449087999
1810	0.6001408449087999
1811	0.6001408449087999
1812	2.479381631641931
1813	2.479381631641931
1814	2.479381631641931
1815	2.479381631641931
1816	1.899007967430363
1817	1.899007967430363
1818	1.899007967430363
1819	1.899007967430363
1820	1.1686840209653788
1821	1.1686840209653788
1822	1.1686840209653788
1823	1.1686840209653788
1824	1.2477484791194184
1825	1.2477484791194184
1826	1.2477484791194184
1827	1.2477484791194184
1828	2.5972223792607405
1829	2.5972223792607405
1830	2.5972223792607405
1831	2.5972223792607405
1832	1.1270368585407706
1833	1.1270368585407706
1834	1.1270368585407706
1835	1.1270368585407706
1836	0.1
1837	0.1
1838	0.1
1839	0.1
1840	1.7016328748959892
1841	1.7016328748959892
1842	1.7016328748959892
1843	1.7016328748959892
1844	0.8381032713437283
1845	0.8381032713437283
1846	0.8381032713437283
1847	0.8381032713437283
1848	1.8371197212878845
1849	1.8371197212878845
1850	1.8371197212878845
1851	1.8371197212878845
1852	2.7392469719733317
1853	2.7392469719733317
1854	2.7392469719733317
1855	2.7392469719733317
1856	2.0710445252052003
1857	2.0710445252052003
1858	2.0710445252052003
1859	2.0710445252052003
1860	1.4354582654986825
1861	1.4354582654986825
1862	1.4354582654986825
1863	1.4354582654986825
1864	0.42243447709080517
1865	0.42243447709080517
1866	0.42243447709080517
1867	0.42243447709080517
1868	1.5135912821407214
1869	1.5135912821407214
1870	1.5135912821407214
1871	1.5135912821407214
1872	1.1563823794586137
1873	1.1563823794586137
1874	1.1563823794586137
1875	1.1563823794586137
1876	2.0076999111314873
1877	2.0076999111314873
1878	2.0076999111314873
1879	2.0076999111314873
1880	0.41407180934439014
1881	0.41407180934439014
1882	0.41407180934439014
1883	0.41407180934439014
1884	0.5645499141295391
1885	0.5645499141295391
1886	0.5645499141295391
1887	0.5645499141295391
1888	1.6468760609164508
1889	1.6468760609164508
1890	1.6468760609164508
1891	1.6468760609164508
1892	1.4531978417011218
1893	1.4531978417011218
1894	1.4531978417011218
1895	1.4531978417011218
1896	1.1983418399626982
1897	1.1983418399626982
1898	1.1983418399626982
1899	1.1983418399626982
1900	2.252827001871486
1901	2.252827001871486
1902	2.252827001871486
1903	2.252827001871486
1904	0.509931689347649
1905	0.509931689347649
1906	0.509931689347649
1907	0.509931689347649
1908	0.4752922096916181
1909	0.4752922096916181
1910	0.4752922096916181
1911	0.4752922096916181
1912	1.912960268826755
1913	1.912960268826755
1914	1.912960268826755
1915	1.912960268826755
1916	0.5398632688813308
1917	0.5398632688813308
1918	0.5398632688813308
1919	0.5398632688813308
1920	1.5924350861421703
1921	1.5924350861421703
1922	1.5924350861421703
1923	1.5924350861421703
1924	0.9756874480876716
1925	0.9756874480876716
1926	0.9756874480876716
1927	0.9756874480876716
1928	1.6764001421053092
1929	1.6764001421053092
1930	1.6764001421053092
1931	1.6764001421053092
1932	0.8247273967459644
1933	0.8247273967459644
1934	0.8247273967459644
1935	0.8247273967459644
1936	1.7480195140449837
1937	1.7480195140449837
1938	1.7480195140449837
1939	1.7480195140449837
1940	0.8753001449866347
1941	0.8753001449866347
1942	0.8753001449866347
1943	0.8753001449866347
1944	1.5547521788202054
1945	1.5547521788202054
1946	1.5547521788202054
1947	1.5547521788202054
1948	2.0077431865877746
1949	2.0077431865877746
1950	2.0077431865877746
1951	2.0077431865877746
1952	0.1
1953	0.1
1954	0.1
1955	0.1
1956	0.30450879585569235
1957	0.30450879585569235
1958	0.30450879585569235
1959	0.30450879585569235
1960	1.6058700762373952
1961	1.6058700762373952
1962	1.6058700762373952
1963	1.6058700762373952
1964	1.1896350367978477
1965	1.1896350367978477
1966	1.1896350367978477
1967	1.1896350367978477
1968	1.522855277759465
1969	1.522855277759465
1970	1.522855277759465
1971	1.522855277759465
1972	2.2103703422213767
1973	2.2103703422213767
1974	2.2103703422213767
1975	2.2103703422213767
1976	1.5086414590744348
1977	1.5086414590744348
1978	1.5086414590744348
1979	1.5086414590744348
1980	2.646067907645633
1981	2.646067907645633
1982	2.646067907645633
1983	2.646067907645633
1984	2.1518034283813194
1985	2.1518034283813194
1986	2.1518034283813194
1987	2.1518034283813194
1988	0.9409630708719869
1989	0.9409630708719869
1990	0.9409630708719869
1991	0.9409630708719869
1992	1.1471964631385667
1993	1.1471964631385667
1994	1.1471964631385667
1995	1.1471964631385667
1996	2.158326361942549
1997	2.158326361942549
1998	2.158326361942549
1999	2.158326361942549
2000	1.610174129628464
2001	1.610174129628464
2002	1.610174129628464
2003	1.610174129628464
2004	1.4807730785347109
2005	1.4807730785347109
2006	1.4807730785347109
2007	1.4807730785347109
2008	0.7202092485202427
2009	0.7202092485202427
2010	0.7202092485202427
2011	0.7202092485202427
2012	2.117347036286521
2013	2.117347036286521
2014	2.117347036286521
2015	2.117347036286521
2016	1.3179619460657315
2017	1.3179619460657315
2018	1.3179619460657315
2019	1.3179619460657315
2020	1.8106117459250173
2021	1.8106117459250173
2022	1.8106117459250173
2023	1.8106117459250173
2024	1.1533579888710637
2025	1.1533579888710637
2026	1.1533579888710637
2027	1.1533579888710637
2028	0.821291664150264
2029	0.821291664150264
2030	0.821291664150264
2031	0.821291664150264
2032	0.7580206552035325
2033	0.7580206552035325
2034	0.7580206552035325
2035	0.7580206552035325
2036	1.4909475313046616
2037	1.4909475313046616
2038	1.4909475313046616
2039	1.4909475313046616
2040	1.3143941319416692
2041	1.3143941319416692
2042	1.3143941319416692
2043	1.3143941319416692
2044	1.949577962315179
2045	1.949577962315179
2046	1.949577962315179
2047	1.949577962315179
2048	0.13358624290126353
2049	0.13358624290126353
2050	0.13358624290126353
2051	0.13358624290126353
2052	0.6876178052417814
2053	0.6876178052417814
2054	0.6876178052417814
2055	0.6876178052417814
2056	1.7051383468117403
2057	1.7051383468117403
2058	1.7051383468117403
2059	1.7051383468117403
2060	1.6766127138031357
2061	1.6766127138031357
2062	1.6766127138031357
2063	1.6766127138031357
2064	0.1569899525052364
2065	0.1569899525052364
2066	0.1569899525052364
2067	0.1569899525052364
2068	1.549381846384812
2069	1.549381846384812
2070	1.549381846384812
2071	1.549381846384812
2072	0.43630160665857487
2073	0.43630160665857487
2074	0.43630160665857487
2075	0.43630160665857487
2076	1.7413495500768679
2077	1.7413495500768679
2078	1.7413495500768679
2079	1.7413495500768679
2080	0.1
2081	0.1
2082	0.1
2083	0.1
2084	0.2690279048594394
2085	0.2690279048594394
2086	0.2690279048594394
2087	0.2690279048594394
2088	1.1496271857756262
2089	1.1496271857756262
2090	1.1496271857756262
2091	1.1496271857756262
2092	0.3060153859044563
2093	0.3060153859044563
2094	0.3060153859044563
2095	0.3060153859044563
2096	0.952863309742753
2097	0.952863309742753
2098	0.952863309742753
2099	0.952863309742753
2100	1.0076126830859393
2101	1.0076126830859393
2102	1.0076126830859393
2103	1.0076126830859393
2104	0.1
2105	0.1
2106	0.6263859753708574
2107	0.6263859753708574
2108	0.6263859753708574
2109	0.6263859753708574
2110	1.5008709154443771
2111	1.5008709154443771
2112	1.5008709154443771
2113	1.5008709154443771
2114	1.1786422459139916
2115	1.1786422459139916
2116	1.1786422459139916
2117	1.1786422459139916
2118	0.9096555079804609
2119	0.9096555079804609
2120	0.9096555079804609
2121	0.9096555079804609
2122	0.4241031424862345
2123	0.4241031424862345
2124	0.4241031424862345
2125	0.4241031424862345
2126	0.43302733860972115
2127	0.43302733860972115
2128	0.43302733860972115
2129	0.43302733860972115
2130	1.1125589930121123
2131	1.1125589930121123
2132	1.1125589930121123
2133	1.1125589930121123
2134	0.7703908125382266
2135	0.7703908125382266
2136	0.7703908125382266
2137	0.7703908125382266
2138	0.5768316762106034
2139	0.5768316762106034
2140	0.5768316762106034
2141	0.5768316762106034
2142	0.1
2143	0.1
2144	0.1
2145	0.1
2146	0.8983863846236356
2147	0.8983863846236356
2148	0.8983863846236356
2149	0.8983863846236356
2150	1.0353553030875378
2151	1.0353553030875378
2152	1.0353553030875378
2153	1.0353553030875378
2154	1.867790468118132
2155	1.867790468118132
2156	1.867790468118132
2157	1.867790468118132
2158	1.4963642057609454
2159	1.4963642057609454
2160	1.4963642057609454
2161	1.4963642057609454
2162	0.1
2163	0.1
2164	0.1
2165	0.1
2166	1.4106253009400826
2167	1.4106253009400826
2168	1.4106253009400826
2169	1.4106253009400826
2170	0.9722374871647539
2171	0.9722374871647539
2172	0.9722374871647539
2173	0.9722374871647539
2174	0.9224705908352046
2175	0.9224705908352046
2176	0.9224705908352046
2177	0.9224705908352046
2178	1.4791357254600266
2179	1.4791357254600266
2180	1.4791357254600266
2181	1.4791357254600266
2182	0.1
2183	0.1
2184	0.1
2185	0.1
2186	1.9646984397931384
2187	1.9646984397931384
2188	1.9646984397931384
2189	1.9646984397931384
2190	1.862113832559185
2191	1.862113832559185
2192	1.862113832559185
2193	1.862113832559185
2194	2.024810793743465
2195	2.024810793743465
2196	2.024810793743465
2197	2.024810793743465
2198	1.3306178258866
2199	1.3306178258866
2200	1.3306178258866
2201	1.3306178258866
2202	0.2120066372277788
2203	0.2120066372277788
2204	0.2120066372277788
2205	0.2120066372277788
2206	0.5335688949394936
2207	0.5335688949394936
2208	0.5335688949394936
2209	0.5335688949394936
2210	0.4500690191699834
2211	0.4500690191699834
2212	0.4500690191699834
2213	0.4500690191699834
2214	0.9683784728068119
2215	0.9683784728068119
2216	0.9683784728068119
2217	0.9683784728068119
2218	1.5193925196736981
2219	1.5193925196736981
2220	1.5193925196736981
2221	1.5193925196736981
2222	0.38416695033994863
2223	0.38416695033994863
2224	0.38416695033994863
2225	0.38416695033994863
2226	0.24104704451124948
2227	0.24104704451124948
2228	0.24104704451124948
2229	0.24104704451124948
2230	1.1652145678484802
2231	1.1652145678484802
2232	1.1652145678484802
2233	1.1652145678484802
2234	1.5938383170238106
2235	1.5938383170238106
2236	1.5938383170238106
2237	1.5938383170238106
2238	1.913662891906199
2239	1.913662891906199
2240	1.913662891906199
2241	1.913662891906199
2242	0.1
2243	0.1
2244	0.1
2245	0.1
2246	0.13929196255848375
2247	0.13929196255848375
2248	0.13929196255848375
2249	0.13929196255848375
2250	1.3407258654076422
2251	1.3407258654076422
2252	1.3407258654076422
2253	1.3407258654076422
2254	1.184123766426275
2255	1.184123766426275
2256	1.184123766426275
2257	1.184123766426275
2258	0.7800675089280036
2259	0.7800675089280036
2260	0.7800675089280036
2261	0.7800675089280036
2262	0.10595600042451936
2263	0.10595600042451936
2264	0.10595600042451936
2265	0.10595600042451936
2266	0.1
2267	0.1
2268	0.1
2269	0.1
2270	0.7915116712216901
2271	0.7915116712216901
2272	0.7915116712216901
2273	0.7915116712216901
2274	0.7818681224685844
2275	0.7818681224685844
2276	0.7818681224685844
2277	0.7818681224685844
2278	1.2563913494034098
2279	1.2563913494034098
2280	1.2563913494034098
2281	1.2563913494034098
2282	1.8699243804600174
2283	1.8699243804600174
2284	1.8699243804600174
2285	1.8699243804600174
2286	0.4696391304267025
2287	0.4696391304267025
2288	0.4696391304267025
2289	0.4696391304267025
2290	0.5579356306688601
2291	0.5579356306688601
2292	0.5579356306688601
2293	0.5579356306688601
2294	0.5827781944625124
2295	0.5827781944625124
2296	0.5827781944625124
2297	0.5827781944625124
2298	0.45517844758003695
2299	0.45517844758003695
2300	0.45517844758003695
2301	0.45517844758003695
2302	1.7888974668146398
2303	1.7888974668146398
2304	1.7888974668146398
2305	1.7888974668146398
2306	0.797235631424919
2307	0.797235631424919
2308	0.797235631424919
2309	0.797235631424919
2310	0.1
2311	0.1
2312	0.1
2313	0.1
2314	1.381283896576996
2315	1.381283896576996
2316	1.381283896576996
2317	1.381283896576996
2318	0.8088495899919705
2319	0.8088495899919705
2320	0.8088495899919705
2321	0.8088495899919705
2322	0.17656735812095103
2323	0.17656735812095103
2324	0.17656735812095103
2325	0.17656735812095103
2326	1.1962924778343307
2327	1.1962924778343307
2328	1.1962924778343307
2329	1.1962924778343307
2330	1.332792734608754
2331	1.332792734608754
2332	1.332792734608754
2333	1.332792734608754
2334	1.5984080048482017
2335	1.5984080048482017
2336	1.5984080048482017
2337	1.5984080048482017
2338	0.882883918183354
2339	0.882883918183354
2340	0.882883918183354
2341	0.882883918183354
2342	0.7828430564982752
2343	0.7828430564982752
2344	0.7828430564982752
2345	0.7828430564982752
2346	0.9142767577044366
2347	0.9142767577044366
2348	0.9142767577044366
2349	0.9142767577044366
2350	0.1
2351	0.1
2352	0.1
2353	0.1
2354	2.1065991723941053
2355	2.1065991723941053
2356	2.1065991723941053
2357	2.1065991723941053
2358	0.5348280916926771
2359	0.5348280916926771
2360	0.5348280916926771
2361	0.5348280916926771
2362	0.6652261712296866
2363	0.6652261712296866
2364	0.6652261712296866
2365	0.6652261712296866
2366	0.1
2367	0.1
2368	0.1
2369	0.1
2370	0.7450027515375477
2371	0.7450027515375477
2372	0.7450027515375477
2373	0.7450027515375477
2374	1.1990672235301587
2375	1.1990672235301587
2376	1.1990672235301587
2377	1.1990672235301587
2378	1.2113914361579798
2379	1.2113914361579798
2380	1.2113914361579798
2381	1.2113914361579798
2382	1.5067828583598666
2383	1.5067828583598666
2384	1.5067828583598666
2385	1.5067828583598666
2386	1.1415527041346558
2387	1.1415527041346558
2388	1.1415527041346558
2389	1.1415527041346558
2390	0.8914276261963712
2391	0.8914276261963712
2392	0.8914276261963712
2393	0.8914276261963712
2394	1.2980945484691127
2395	1.2980945484691127
2396	0.9591198994119428
2397	0.9591198994119428
2398	0.9591198994119428
2399	0.9591198994119428
2400	1.028737290178694
2401	1.028737290178694
2402	1.028737290178694
2403	1.028737290178694
2404	0.6854391269722989
2405	0.6854391269722989
2406	0.6854391269722989
2407	0.6854391269722989
2408	1.0728875769695478
2409	1.0728875769695478
2410	1.0728875769695478
2411	1.0728875769695478
2412	0.1
2413	0.1
2414	0.1
2415	0.1
2416	1.624668671057884
2417	1.624668671057884
2418	1.624668671057884
2419	0.7686774960334339
2420	0.7686774960334339
2421	0.7686774960334339
2422	0.7686774960334339
2423	0.1
2424	0.1
2425	0.1
2426	0.1
2427	2.3785631780437946
2428	2.3785631780437946
2429	2.3785631780437946
2430	2.3785631780437946
2431	0.39713533905005505
2432	0.39713533905005505
2433	0.39713533905005505
2434	0.39713533905005505
2435	1.8323410789847228
2436	1.8323410789847228
2437	1.8323410789847228
2438	1.8323410789847228
2439	2.0707308783807084
2440	2.0707308783807084
2441	2.0707308783807084
2442	2.0707308783807084
2443	0.7837304763486977
2444	0.7837304763486977
2445	2.3328376556595725
2446	2.3328376556595725
2447	2.3328376556595725
2448	2.3328376556595725
2449	1.3079981226701258
2450	1.3079981226701258
2451	1.3079981226701258
2452	1.3079981226701258
2453	0.681032172103653
2454	0.681032172103653
2455	0.681032172103653
2456	0.681032172103653
2457	0.6836855027956225
2458	0.6836855027956225
2459	0.6836855027956225
2460	0.6836855027956225
2461	1.8043224120819772
2462	1.8043224120819772
2463	1.8043224120819772
2464	1.8043224120819772
2465	0.3612467687647617
2466	0.3612467687647617
2467	0.3612467687647617
2468	0.3612467687647617
2469	0.4621050784851515
2470	0.4621050784851515
2471	0.4621050784851515
2472	0.4621050784851515
2473	0.9745366743442426
2474	0.9745366743442426
2475	0.9745366743442426
2476	0.9745366743442426
2477	1.2674422115930881
2478	1.2674422115930881
2479	1.2674422115930881
2480	1.2674422115930881
2481	1.8114664009081052
2482	1.8114664009081052
2483	1.8114664009081052
2484	1.8114664009081052
2485	0.2561482825250032
2486	0.2561482825250032
2487	0.2561482825250032
2488	0.2561482825250032
2489	1.182271789319718
2490	1.182271789319718
2491	1.182271789319718
2492	1.182271789319718
2493	1.5909174528990062
2494	1.5909174528990062
2495	1.5909174528990062
2496	1.5909174528990062
2497	1.9928083517749855
2498	1.9928083517749855
2499	1.9928083517749855
2500	1.9928083517749855
2501	0.1
2502	0.1
2503	0.1
2504	0.1
2505	1.411257639749472
2506	1.411257639749472
2507	1.411257639749472
2508	1.411257639749472
2509	0.3984420324791952
2510	0.3984420324791952
2511	0.3984420324791952
2512	0.3984420324791952
2513	0.6764139590637077
2514	0.6764139590637077
2515	0.6764139590637077
2516	0.6764139590637077
2517	1.9662967566200145
2518	1.9662967566200145
2519	1.9662967566200145
2520	1.9662967566200145
2521	0.8524487485175287
2522	0.8524487485175287
2523	0.8524487485175287
2524	0.8524487485175287
2525	0.9086125307368591
2526	0.9086125307368591
2527	0.9086125307368591
2528	0.9086125307368591
2529	0.572894974461853
2530	0.572894974461853
2531	0.572894974461853
2532	0.572894974461853
2533	0.6300430866471588
2534	0.6300430866471588
2535	0.6300430866471588
2536	0.6300430866471588
2537	0.6743691000536006
2538	0.6743691000536006
2539	0.6743691000536006
2540	0.6743691000536006
2541	0.7648280950822017
2542	0.7648280950822017
2543	0.7648280950822017
2544	0.7648280950822017
2545	1.0362570689959756
2546	1.0362570689959756
2547	1.0362570689959756
2548	1.0362570689959756
2549	1.0897899762780512
2550	1.0897899762780512
2551	1.0897899762780512
2552	1.0897899762780512
2553	2.1697963792903345
2554	2.1697963792903345
2555	2.1697963792903345
2556	2.1697963792903345
2557	2.810158647579555
2558	2.810158647579555
2559	2.810158647579555
2560	2.810158647579555
2561	0.15908092780212924
2562	0.15908092780212924
2563	0.15908092780212924
2564	0.15908092780212924
2565	1.520377581081095
2566	1.520377581081095
2567	1.520377581081095
2568	1.520377581081095
2569	0.814960150834835
2570	0.814960150834835
2571	0.814960150834835
2572	0.814960150834835
2573	1.4473074951422389
2574	1.4473074951422389
2575	1.4473074951422389
2576	1.4473074951422389
2577	0.13137217674759882
2578	0.13137217674759882
2579	0.13137217674759882
2580	0.13137217674759882
2581	0.5938793648432702
2582	0.5938793648432702
2583	0.5938793648432702
2584	0.5938793648432702
2585	1.6049106044855406
2586	1.6049106044855406
2587	1.6049106044855406
2588	1.6049106044855406
2589	0.1
2590	0.1
2591	0.1
2592	0.1
2593	0.5691356949653573
2594	0.5691356949653573
2595	0.5691356949653573
2596	0.5691356949653573
2597	0.7163215410809228
2598	0.7163215410809228
2599	0.7163215410809228
2600	0.7163215410809228
2601	0.5687298198683317
2602	0.5687298198683317
2603	0.5687298198683317
2604	0.5687298198683317
2605	0.544566276985128
2606	0.544566276985128
2607	0.544566276985128
2608	0.544566276985128
2609	1.4165827806683018
2610	1.4165827806683018
2611	1.4165827806683018
2612	1.4165827806683018
2613	0.1
2614	0.1
2615	0.1
2616	0.1
2617	0.7768239109453651
2618	0.7768239109453651
2619	0.7768239109453651
2620	0.7768239109453651
2621	0.9015805995079524
2622	0.9015805995079524
2623	0.9015805995079524
2624	0.9015805995079524
2625	1.893576798942275
2626	1.893576798942275
2627	1.893576798942275
2628	1.893576798942275
2629	0.14904897321812105
2630	0.14904897321812105
2631	0.14904897321812105
2632	0.14904897321812105
2633	1.9446269760273656
2634	1.9446269760273656
2635	1.9446269760273656
2636	1.9446269760273656
2637	0.12263328970752707
2638	0.12263328970752707
2639	0.12263328970752707
2640	0.12263328970752707
2641	1.1336614591534457
2642	1.1336614591534457
2643	1.1336614591534457
2644	1.1336614591534457
2645	1.1147613522095348
2646	1.1147613522095348
2647	1.1147613522095348
2648	1.1147613522095348
2649	1.3658761696720247
2650	1.3658761696720247
2651	1.3658761696720247
2652	1.3658761696720247
2653	0.14663961619649601
2654	0.14663961619649601
2655	0.14663961619649601
2656	0.14663961619649601
2657	1.9164041915369356
2658	1.9164041915369356
2659	1.9164041915369356
2660	1.9164041915369356
2661	1.1972746170535755
2662	1.1972746170535755
2663	1.1972746170535755
2664	1.1972746170535755
2665	0.9723004053072648
2666	0.9723004053072648
2667	0.9723004053072648
2668	0.9723004053072648
2669	0.7007645711720982
2670	0.7007645711720982
2671	0.7007645711720982
2672	0.7007645711720982
2673	0.7520832875057482
2674	0.7520832875057482
2675	0.7520832875057482
2676	0.7520832875057482
2677	0.4759064517960133
2678	0.4759064517960133
2679	0.4759064517960133
2680	0.4759064517960133
2681	1.029837540678268
2682	1.029837540678268
2683	1.029837540678268
2684	1.029837540678268
2685	2.3600714850475244
2686	2.3600714850475244
2687	2.3600714850475244
2688	2.3600714850475244
2689	1.9405416727765807
2690	1.9405416727765807
2691	1.9405416727765807
2692	1.9405416727765807
2693	1.506338309872961
2694	1.506338309872961
2695	1.506338309872961
2696	1.506338309872961
2697	0.1
2698	0.1
2699	0.1
2700	0.1
2701	1.8485908677891134
2702	1.8485908677891134
2703	1.8485908677891134
2704	1.8485908677891134
2705	1.7873122513317408
2706	1.7873122513317408
2707	1.7873122513317408
2708	1.7873122513317408
2709	1.4249948272822854
2710	1.4249948272822854
2711	1.4249948272822854
2712	1.4249948272822854
2713	1.4201771285340832
