0	7.831729485148664
1	7.831729485148664
2	10.0
3	7.8671535850844485
4	7.8671535850844485
5	8.048667459454522
6	8.048667459454522
7	7.830594509902412
8	7.830594509902412
9	9.570266584244942
10	10.0
11	10.0
12	10.0
13	10.0
14	10.0
15	10.0
16	9.398097212661012
17	9.398097212661012
18	9.229734590619493
19	9.229734590619493
20	8.908404634385656
21	8.908404634385656
22	9.56206552602624
23	9.56206552602624
24	10.0
25	10.0
26	7.962678530800273
27	7.962678530800273
28	8.933342494237227
29	8.933342494237227
30	10.0
31	10.0
32	7.879873800942675
33	7.879873800942675
34	10.0
35	10.0
36	8.349174269833204
37	10.0
38	10.0
39	7.888109005992895
40	7.888109005992895
41	10.0
42	10.0
43	10.0
44	10.0
45	10.0
46	10.0
47	10.0
48	10.0
49	7.527728542586114
50	10.0
51	10.0
52	8.48605781410239
53	8.48605781410239
54	7.252713860836179
55	7.252713860836179
56	7.813496560440039
57	7.813496560440039
58	8.926727598992484
59	8.926727598992484
60	7.254581252737813
61	7.254581252737813
62	8.783392222305958
63	8.783392222305958
64	10.0
65	10.0
66	8.44001052702397
67	8.44001052702397
68	7.950271976229848
69	7.950271976229848
70	10.0
71	10.0
72	10.0
73	10.0
74	9.174961156795312
75	9.282208041449916
76	9.282208041449916
77	10.0
78	10.0
79	7.542166967279355
80	7.542166967279355
81	9.937146305798192
82	9.937146305798192
83	6.24207309065861
84	6.24207309065861
85	9.161660004376776
86	9.161660004376776
87	10.0
88	10.0
89	10.0
90	10.0
91	8.8682541612438
92	8.8682541612438
93	2.5481446804053496
94	2.5481446804053496
95	8.187861364458806
96	10.0
97	10.0
98	7.677019921267244
99	7.677019921267244
100	9.149528307889257
101	9.149528307889257
102	8.983984375610806
103	8.983984375610806
104	9.988288617361015
105	9.988288617361015
106	7.693306238625413
107	7.693306238625413
108	10.0
109	10.0
110	5.654060047142216
111	5.654060047142216
112	9.197644336045544
113	9.197644336045544
114	7.203243167552637
115	7.203243167552637
116	8.335718289258535
117	8.335718289258535
118	8.701210461624285
119	8.701210461624285
120	10.0
121	10.0
122	7.219749106527836
123	10.0
124	10.0
125	8.632332683803188
126	8.632332683803188
127	9.136323608523034
128	9.136323608523034
129	7.454024889709973
130	7.454024889709973
131	10.0
132	10.0
133	8.540892426096926
134	8.540892426096926
135	10.0
136	10.0
137	9.618728805166738
138	9.618728805166738
139	10.0
140	10.0
141	8.761344769077493
142	10.0
143	10.0
144	8.544381827151007
145	8.544381827151007
146	10.0
147	10.0
148	8.462721444743723
149	8.462721444743723
150	10.0
151	10.0
152	9.803783253803664
153	9.803783253803664
154	6.54834139823958
155	6.54834139823958
156	9.824264900240214
157	9.824264900240214
158	10.0
159	10.0
160	10.0
161	10.0
162	10.0
163	10.0
164	7.373950518791677
165	7.373950518791677
166	8.35698468021862
167	8.35698468021862
168	10.0
169	10.0
170	10.0
171	10.0
172	8.712147582382174
173	8.712147582382174
174	10.0
175	10.0
176	10.0
177	10.0
178	10.0
179	10.0
180	10.0
181	10.0
182	10.0
183	10.0
184	7.19514844910595
185	7.19514844910595
186	9.49907382948077
187	9.49907382948077
188	9.8377592758958
189	9.8377592758958
190	10.0
191	10.0
192	10.0
193	10.0
194	10.0
195	10.0
196	10.0
197	10.0
198	9.90907362761128
199	9.90907362761128
200	8.994466628229649
201	8.994466628229649
202	10.0
203	7.975089821004846
204	7.975089821004846
205	7.320980699186061
206	7.320980699186061
207	8.749963742470504
208	8.749963742470504
209	10.0
210	10.0
211	8.477504794924299
212	8.477504794924299
213	7.299135592033425
214	7.299135592033425
215	8.61560414752111
216	7.773090731890033
217	8.335535902745868
218	8.335535902745868
219	9.006775086607025
220	9.006775086607025
221	10.0
222	10.0
223	9.335720967004413
224	9.335720967004413
225	10.0
226	10.0
227	9.378987040367887
228	9.378987040367887
229	8.779857221043128
230	8.779857221043128
231	6.802185449597056
232	6.802185449597056
233	7.976838301564784
234	7.976838301564784
235	8.275168024170386
236	8.275168024170386
237	7.189401200386735
238	7.189401200386735
239	10.0
240	10.0
241	9.358115945067032
242	9.358115945067032
243	6.765025806122692
244	6.765025806122692
245	9.314306279027663
246	9.314306279027663
247	10.0
248	10.0
249	8.304062433454972
250	8.304062433454972
251	10.0
252	10.0
253	8.032150964284629
254	8.032150964284629
255	10.0
256	8.038999986471214
257	8.038999986471214
258	8.024881911025027
259	8.024881911025027
260	10.0
261	10.0
262	9.911908783948677
263	9.911908783948677
264	10.0
265	10.0
266	7.774623921629793
267	7.774623921629793
268	9.43889864397239
269	9.43889864397239
270	10.0
271	8.047523594155152
272	8.047523594155152
273	10.0
274	10.0
275	10.0
276	10.0
277	10.0
278	10.0
279	8.587449132792996
280	8.587449132792996
281	8.121443943172803
282	8.121443943172803
283	10.0
284	10.0
285	7.876647319718093
286	7.876647319718093
287	8.533660301902382
288	8.533660301902382
289	9.599458494238371
290	9.599458494238371
291	10.0
292	10.0
293	7.388745770025
294	7.388745770025
295	7.857494735414852
296	7.857494735414852
297	7.39795956553737
298	7.39795956553737
299	10.0
300	10.0
301	9.647340864508822
302	9.647340864508822
303	10.0
304	10.0
305	9.108057505826896
306	9.761099392914188
307	9.761099392914188
308	10.0
309	10.0
310	10.0
311	10.0
312	10.0
313	10.0
314	10.0
315	10.0
316	10.0
317	10.0
318	10.0
319	9.96473246418827
320	9.96473246418827
321	10.0
322	10.0
323	7.902997389104199
324	7.902997389104199
325	10.0
326	10.0
327	10.0
328	9.976916743755345
329	9.976916743755345
330	10.0
331	10.0
332	10.0
333	9.608432989860592
334	9.608432989860592
335	9.276255728122715
336	9.276255728122715
337	5.762700413386269
338	5.762700413386269
339	7.379156089180477
340	7.379156089180477
341	10.0
342	10.0
343	9.676246345163214
344	9.676246345163214
345	9.297883375970777
346	9.297883375970777
347	10.0
348	10.0
349	7.915148549163758
350	7.915148549163758
351	10.0
352	10.0
353	7.942198346610476
354	7.942198346610476
355	9.01098971140028
356	9.01098971140028
357	6.159551254299615
358	6.159551254299615
359	10.0
360	10.0
361	10.0
362	10.0
363	9.950586294989584
364	9.950586294989584
365	10.0
366	10.0
367	10.0
368	9.313845597625292
369	9.313845597625292
370	9.376645640475628
371	9.376645640475628
372	9.869964838361899
373	9.869964838361899
374	9.967345738863525
375	6.183836673427098
376	6.183836673427098
377	7.372555368571749
378	7.372555368571749
379	8.423803011483242
380	8.427567475699497
381	8.427567475699497
382	10.0
383	10.0
384	7.85478233788029
385	7.85478233788029
386	10.0
387	10.0
388	9.076298113203345
389	9.076298113203345
390	10.0
391	10.0
392	10.0
393	10.0
394	7.975559817093827
395	7.975559817093827
396	10.0
397	10.0
398	9.914066298107022
399	9.914066298107022
400	10.0
401	10.0
402	10.0
403	10.0
404	10.0
405	10.0
406	8.265924598950958
407	8.265924598950958
408	10.0
409	10.0
410	9.2401649916524
411	9.2401649916524
412	9.77879671439341
413	9.77879671439341
414	10.0
415	10.0
416	9.74213996244964
417	10.0
418	10.0
419	7.3651339137154
420	7.3651339137154
421	8.203463720876908
422	6.257807357284024
423	6.257807357284024
424	10.0
425	10.0
426	10.0
427	10.0
428	10.0
429	10.0
430	10.0
431	10.0
432	10.0
433	9.545473711609159
434	9.545473711609159
435	10.0
436	10.0
437	10.0
438	10.0
439	8.554898635444836
440	8.554898635444836
441	9.020491870878923
442	9.020491870878923
443	6.610356298314483
444	9.539797520941812
445	9.539797520941812
446	8.843045683072681
447	8.843045683072681
448	7.421791956162754
449	7.421791956162754
450	9.257075937841588
451	9.257075937841588
452	8.253530679219308
453	8.253530679219308
454	8.635919474174226
455	8.635919474174226
456	10.0
457	10.0
458	6.418033640526731
459	6.418033640526731
460	10.0
461	10.0
462	10.0
463	10.0
464	10.0
465	10.0
466	10.0
467	10.0
468	10.0
469	4.497501569322097
470	4.497501569322097
471	10.0
472	10.0
473	9.378661204547168
474	9.378661204547168
475	7.513477932673021
476	7.513477932673021
477	6.7990520646328605
478	6.7990520646328605
479	10.0
480	10.0
481	10.0
482	10.0
483	10.0
484	10.0
485	10.0
486	10.0
487	10.0
488	10.0
489	7.465261680937536
490	7.465261680937536
491	9.176903038625088
492	8.267006781119614
493	8.267006781119614
494	9.350160272933145
495	9.350160272933145
496	6.439074156853221
497	9.788245339065886
498	9.788245339065886
499	10.0
500	10.0
501	10.0
502	10.0
503	10.0
504	9.859586010602376
505	9.859586010602376
506	10.0
507	10.0
508	9.328622712408624
509	9.328622712408624
510	10.0
511	10.0
512	8.116909076118912
513	8.116909076118912
514	9.695093720377011
515	9.695093720377011
516	7.902637977104579
517	7.902637977104579
518	9.664462092981655
519	9.664462092981655
520	7.444935224998497
521	4.350437101045469
522	4.350437101045469
523	7.699648304270798
524	7.699648304270798
525	9.645908473325603
526	9.645908473325603
527	8.773487932907212
528	8.773487932907212
529	7.351867428345473
530	7.351867428345473
531	10.0
532	10.0
533	9.11490961116621
534	9.11490961116621
535	10.0
536	10.0
537	7.007043621490734
538	7.007043621490734
539	10.0
540	10.0
541	9.258689973507456
542	9.258689973507456
543	6.872653187497342
544	6.872653187497342
545	8.0351857830845
546	8.717560811001894
547	10.0
548	10.0
549	10.0
550	10.0
551	10.0
552	10.0
553	7.72664210665998
554	7.72664210665998
555	10.0
556	10.0
557	6.385648535985753
558	6.385648535985753
559	9.83723692690748
560	9.83723692690748
561	8.979016830415889
562	8.979016830415889
563	10.0
564	10.0
565	10.0
566	10.0
567	10.0
568	10.0
569	10.0
570	10.0
571	10.0
572	10.0
573	9.516228086051962
574	9.516228086051962
575	6.838178505524458
576	6.838178505524458
577	10.0
578	10.0
579	10.0
580	10.0
581	9.561870641287616
582	9.561870641287616
583	6.835772437004531
584	6.835772437004531
585	9.863739501748343
586	10.0
587	10.0
588	10.0
589	10.0
590	10.0
591	10.0
592	7.66726198434659
593	7.66726198434659
594	10.0
595	10.0
596	9.461543602860214
597	9.461543602860214
598	10.0
599	10.0
600	7.621131941260295
601	10.0
602	10.0
603	8.395531719922019
604	8.395531719922019
605	10.0
606	10.0
607	10.0
608	10.0
609	9.269353605414937
610	9.269353605414937
611	10.0
612	10.0
613	9.225814175951873
614	9.225814175951873
615	6.594653596707427
616	6.594653596707427
617	10.0
618	10.0
619	7.5561107195658765
620	7.5561107195658765
621	10.0
622	10.0
623	5.127795341066867
624	5.127795341066867
625	8.239229837671868
626	8.239229837671868
627	10.0
628	10.0
629	8.720022908636132
630	8.720022908636132
631	10.0
632	10.0
633	8.161514398959246
634	8.161514398959246
635	9.814904194242052
636	10.0
637	10.0
638	9.607110673728211
639	9.607110673728211
640	10.0
641	10.0
642	9.928499744161147
643	9.928499744161147
644	9.471159456963209
645	9.471159456963209
646	6.050677282992311
647	6.050677282992311
648	6.775542697012454
649	10.0
650	10.0
651	9.73294931899271
652	9.73294931899271
653	10.0
654	10.0
655	8.704158000148963
656	8.704158000148963
657	10.0
658	10.0
659	10.0
660	10.0
661	10.0
662	10.0
663	10.0
664	9.734728221138358
665	9.734728221138358
666	7.451942802088656
667	8.072320488992489
668	8.072320488992489
669	10.0
670	10.0
671	7.179829722220469
672	7.179829722220469
673	9.938481133810217
674	9.938481133810217
675	7.930956070876974
676	7.930956070876974
677	9.417453221696155
678	9.417453221696155
679	9.962732433285817
680	6.745537186862615
681	6.745537186862615
682	7.9093148011492715
683	6.517664237783675
684	10.0
685	10.0
686	10.0
687	10.0
688	9.351974021084192
689	9.351974021084192
690	7.062455578648432
691	7.062455578648432
692	10.0
693	10.0
694	9.227366751654323
695	9.227366751654323
696	10.0
697	10.0
698	10.0
699	10.0
700	9.757465429250818
701	9.757465429250818
702	10.0
703	10.0
704	9.029311180516379
705	9.029311180516379
706	8.08274163172289
707	8.08274163172289
708	7.425682803946387
709	7.425682803946387
710	8.081659134072448
711	10.0
712	9.784744348038897
713	10.0
714	10.0
715	9.644504115318322
716	9.644504115318322
717	10.0
718	10.0
719	6.230298763416615
720	6.230298763416615
721	10.0
722	10.0
723	10.0
724	10.0
725	10.0
726	10.0
727	8.269548949567032
728	8.269548949567032
729	10.0
730	10.0
731	8.317981430233527
732	6.788704409654811
733	6.788704409654811
734	10.0
735	10.0
736	10.0
737	10.0
738	9.684980127051587
739	9.684980127051587
740	10.0
741	10.0
742	9.094043039681317
743	9.094043039681317
744	10.0
745	10.0
746	9.959251438021456
747	9.959251438021456
748	8.967535581219055
749	8.967535581219055
750	10.0
751	10.0
752	8.066512327387658
753	9.507456841028715
754	9.507456841028715
755	7.721301598045447
756	7.721301598045447
757	10.0
758	10.0
759	7.892280838575684
760	7.892280838575684
761	8.801727466174862
762	8.801727466174862
763	9.581128114513788
764	9.581128114513788
765	10.0
766	10.0
767	7.574935264388648
768	7.574935264388648
769	10.0
770	8.945601087026011
771	8.558611403691282
772	8.558611403691282
773	10.0
774	10.0
775	10.0
776	7.148920492629169
777	7.148920492629169
778	10.0
779	10.0
780	5.792015415880206
781	5.792015415880206
782	8.559721326058291
783	8.559721326058291
784	7.731651071134606
785	7.731651071134606
786	6.028365612002121
787	6.028365612002121
788	8.778639421783515
789	8.778639421783515
790	10.0
791	5.157298739799224
792	5.157298739799224
793	9.327569036304544
794	9.327569036304544
795	7.289454682714103
796	7.289454682714103
797	10.0
798	10.0
799	7.154683806202046
800	9.286744048118907
801	9.286744048118907
802	10.0
803	10.0
804	8.959299016618205
805	8.959299016618205
806	10.0
807	10.0
808	6.956761382624738
809	6.956761382624738
810	10.0
811	10.0
812	10.0
813	10.0
814	10.0
815	8.146897549637195
816	8.146897549637195
817	9.872265307708536
818	9.872265307708536
819	6.77626767723854
820	6.77626767723854
821	9.50431713605216
822	9.50431713605216
823	10.0
824	10.0
825	10.0
826	10.0
827	10.0
828	10.0
829	8.387593200472669
830	8.387593200472669
831	6.8113555883731856
832	6.8113555883731856
833	10.0
834	10.0
835	10.0
836	10.0
837	10.0
838	8.540769583618125
839	8.540769583618125
840	6.257779981344669
841	8.07036950700491
842	8.07036950700491
843	9.78355197557122
844	9.78355197557122
845	8.149234686068162
846	8.149234686068162
847	7.819392493602954
848	7.819392493602954
849	10.0
850	10.0
851	10.0
852	10.0
853	9.459776394889719
854	9.459776394889719
855	10.0
856	10.0
857	10.0
858	10.0
859	6.064249262300028
860	6.064249262300028
861	7.782771644403889
862	7.853064796087535
863	7.853064796087535
864	10.0
865	10.0
866	7.972200548024537
867	7.972200548024537
868	8.328138341626312
869	8.328138341626312
870	10.0
871	10.0
872	6.5818030175481645
873	6.5818030175481645
874	10.0
875	10.0
876	10.0
877	10.0
878	10.0
879	10.0
880	10.0
881	10.0
882	10.0
883	7.066539547336921
884	7.066539547336921
885	10.0
886	10.0
887	8.288629336425698
888	8.288629336425698
889	8.419672087529259
890	8.419672087529259
891	8.167333257035146
892	8.167333257035146
893	8.943704805402797
894	8.943704805402797
895	9.992590071964841
896	9.992590071964841
897	10.0
898	10.0
899	10.0
900	10.0
901	10.0
902	10.0
903	10.0
904	8.598553691917653
905	9.11057566461808
906	9.11057566461808
907	9.873262132277688
908	8.130836416535022
909	8.130836416535022
910	10.0
911	10.0
912	9.06224328857582
913	9.06224328857582
914	7.798064843683325
915	8.965825769462706
916	8.965825769462706
917	10.0
918	10.0
919	9.024736252622642
920	9.024736252622642
921	10.0
922	6.061079184527544
923	6.061079184527544
924	9.12218442468079
925	9.12218442468079
926	5.278241374236221
927	5.278241374236221
928	9.193990098195696
929	10.0
930	10.0
931	10.0
932	10.0
933	10.0
934	10.0
935	8.261097295543646
936	10.0
937	10.0
938	8.550094666599653
939	8.550094666599653
940	10.0
941	10.0
942	10.0
943	10.0
944	10.0
945	10.0
946	10.0
947	10.0
948	5.934980191086423
949	5.934980191086423
950	10.0
951	10.0
952	8.247725197818427
953	8.247725197818427
954	10.0
955	10.0
956	10.0
957	10.0
958	10.0
959	10.0
960	10.0
961	10.0
962	10.0
963	8.212753854541456
964	8.212753854541456
965	9.292312881945573
966	9.292312881945573
967	5.229376306620017
968	5.229376306620017
969	7.577079869571894
970	7.577079869571894
971	10.0
972	10.0
973	8.488967125553247
974	8.488967125553247
975	10.0
976	10.0
977	9.269839669473441
978	9.269839669473441
979	4.460426831396563
980	4.460426831396563
981	8.62208106888789
982	8.62208106888789
983	10.0
984	10.0
985	8.162923049568475
986	8.162923049568475
987	10.0
988	10.0
989	10.0
990	10.0
991	8.701886194521586
992	5.78347931590394
993	8.33529881025484
994	8.33529881025484
995	10.0
996	10.0
997	8.407410021167584
998	8.407410021167584
999	7.2900350634272595
1000	7.2900350634272595
1001	7.728186846254565
1002	7.728186846254565
1003	10.0
1004	9.56602047451956
1005	9.786644011446771
1006	9.786644011446771
1007	10.0
1008	10.0
1009	8.909526310085244
1010	8.909526310085244
1011	9.218418458240125
1012	9.218418458240125
1013	10.0
1014	10.0
1015	10.0
1016	10.0
1017	10.0
1018	6.823993346218337
1019	6.823993346218337
1020	9.815250012003325
1021	9.815250012003325
1022	8.839588633945493
1023	8.839588633945493
1024	7.9560114348671584
1025	7.9560114348671584
1026	10.0
1027	7.336579886068317
1028	7.336579886068317
1029	9.009392680396264
1030	9.009392680396264
1031	10.0
1032	10.0
1033	5.133979935010248
1034	5.133979935010248
1035	10.0
1036	9.841794616143304
1037	9.841794616143304
1038	10.0
1039	10.0
1040	7.813820592272856
1041	7.813820592272856
1042	8.719676616636763
1043	8.719676616636763
1044	10.0
1045	10.0
1046	10.0
1047	5.885137624400218
1048	5.885137624400218
1049	10.0
1050	10.0
1051	9.067545786418808
1052	9.067545786418808
1053	9.700086778010728
1054	9.700086778010728
1055	9.238188980386829
1056	9.238188980386829
1057	8.503478427039317
1058	8.503478427039317
1059	10.0
1060	10.0
1061	9.580253672887316
1062	9.580253672887316
1063	6.9566480857578465
1064	6.9566480857578465
1065	9.36919798279482
1066	9.36919798279482
1067	10.0
1068	10.0
1069	8.418423252600084
1070	8.418423252600084
1071	10.0
1072	10.0
1073	10.0
1074	10.0
1075	8.68896995698774
1076	8.68896995698774
1077	6.8660364418260125
1078	6.8660364418260125
1079	10.0
1080	10.0
1081	5.144287980138754
1082	5.144287980138754
1083	10.0
1084	10.0
1085	9.043486435247186
1086	9.043486435247186
1087	10.0
1088	10.0
1089	10.0
1090	10.0
1091	10.0
1092	8.342489958117813
1093	8.342489958117813
1094	10.0
1095	10.0
1096	10.0
1097	10.0
1098	10.0
1099	10.0
1100	10.0
1101	10.0
1102	10.0
1103	10.0
1104	9.244923054680239
1105	10.0
1106	10.0
1107	7.717384907984654
1108	10.0
1109	10.0
1110	6.643556739372716
1111	6.643556739372716
1112	9.862485702006165
1113	9.862485702006165
1114	10.0
1115	10.0
1116	10.0
1117	7.907224305510134
1118	7.907224305510134
1119	10.0
1120	10.0
1121	10.0
1122	10.0
1123	9.57284644897521
1124	9.57284644897521
1125	9.86945526928434
1126	9.86945526928434
1127	10.0
1128	10.0
1129	8.832049712131342
1130	8.832049712131342
1131	10.0
1132	10.0
1133	7.31939730488738
1134	7.31939730488738
1135	9.901096988176649
1136	9.901096988176649
1137	9.76930648181055
1138	9.76930648181055
1139	10.0
1140	10.0
1141	10.0
1142	10.0
1143	9.6291082056357
1144	9.6291082056357
1145	9.61457722833655
1146	9.61457722833655
1147	10.0
1148	10.0
1149	8.26225795837977
1150	8.26225795837977
1151	10.0
1152	10.0
1153	6.884454571750068
1154	10.0
1155	9.219017978489378
1156	9.219017978489378
1157	4.044669383698524
1158	4.044669383698524
1159	10.0
1160	10.0
1161	10.0
1162	10.0
1163	10.0
1164	9.87565973608787
1165	9.87565973608787
1166	8.526313165962808
1167	8.526313165962808
1168	10.0
1169	10.0
1170	10.0
1171	10.0
1172	6.472008485541634
1173	6.472008485541634
1174	9.937548591909698
1175	9.937548591909698
1176	10.0
1177	10.0
1178	9.925961767013291
1179	9.925961767013291
1180	4.320350641553324
1181	4.320350641553324
1182	5.075643945752464
1183	5.075643945752464
1184	10.0
1185	10.0
1186	7.067510954699557
1187	7.067510954699557
1188	5.648537461770473
1189	5.648537461770473
1190	10.0
1191	10.0
1192	6.84380803888639
1193	6.84380803888639
1194	8.73323842029549
1195	8.73323842029549
1196	10.0
1197	10.0
1198	9.973780268643491
1199	10.0
1200	10.0
1201	10.0
1202	7.714334738300593
1203	7.714334738300593
1204	8.833765910922388
1205	8.833765910922388
1206	7.536279259830135
1207	10.0
1208	10.0
1209	10.0
1210	10.0
1211	10.0
1212	10.0
1213	10.0
1214	10.0
1215	10.0
1216	10.0
1217	10.0
1218	10.0
1219	10.0
1220	9.1174003287093
1221	9.1174003287093
1222	8.623948869466934
1223	8.623948869466934
1224	10.0
1225	10.0
1226	10.0
1227	10.0
1228	10.0
1229	10.0
1230	9.630107121601041
1231	9.630107121601041
1232	8.579691521496601
1233	8.579691521496601
1234	5.777910050841273
1235	5.777910050841273
1236	10.0
1237	10.0
1238	7.950612195279832
1239	7.950612195279832
1240	7.77008830202444
1241	7.77008830202444
1242	7.6525411921526
1243	7.6525411921526
1244	10.0
1245	10.0
1246	8.691278597814367
1247	8.691278597814367
1248	5.75839740243741
1249	5.75839740243741
1250	10.0
1251	10.0
1252	9.869280280892012
1253	9.869280280892012
1254	5.113839735147461
1255	5.113839735147461
1256	10.0
1257	10.0
1258	10.0
1259	10.0
1260	10.0
1261	10.0
1262	10.0
1263	10.0
1264	7.380244989494935
1265	7.380244989494935
1266	10.0
1267	10.0
1268	10.0
1269	10.0
1270	10.0
1271	10.0
1272	8.849972524775936
1273	8.849972524775936
1274	7.808359189559349
1275	7.808359189559349
1276	9.862333804384017
1277	9.862333804384017
1278	8.691855546080006
1279	8.691855546080006
1280	10.0
1281	10.0
1282	8.640994888700153
1283	8.640994888700153
1284	10.0
1285	10.0
1286	10.0
1287	10.0
1288	10.0
1289	10.0
1290	10.0
1291	5.647382842337536
1292	5.647382842337536
1293	8.21391182037127
1294	8.21391182037127
1295	6.946713582815065
1296	10.0
1297	10.0
1298	8.933329642342631
1299	8.933329642342631
1300	6.015753608811308
1301	6.015753608811308
1302	10.0
1303	10.0
1304	7.69632529963072
1305	7.69632529963072
1306	8.154010154316095
1307	8.154010154316095
1308	7.234087538229751
1309	7.234087538229751
1310	10.0
1311	10.0
1312	10.0
1313	9.234811679868344
1314	9.234811679868344
1315	8.157869148725355
1316	8.157869148725355
1317	8.697540851398662
1318	8.697540851398662
1319	5.392522110761208
1320	5.392522110761208
1321	9.78422049056452
1322	9.78422049056452
1323	10.0
1324	10.0
1325	7.142496501893695
1326	7.142496501893695
1327	10.0
1328	10.0
1329	10.0
1330	6.3343500996519575
1331	6.3343500996519575
1332	10.0
1333	10.0
1334	8.74611447384044
1335	10.0
1336	9.937283721974383
1337	8.044508475474661
1338	8.044508475474661
1339	10.0
1340	10.0
1341	8.273473575818093
1342	8.273473575818093
1343	7.0734935259363425
1344	7.0734935259363425
1345	10.0
1346	10.0
1347	10.0
1348	10.0
1349	9.843040556454755
1350	9.843040556454755
1351	10.0
1352	10.0
1353	8.237670400953853
1354	8.237670400953853
1355	9.887598083424868
1356	9.896221554327159
1357	9.896221554327159
1358	10.0
1359	10.0
1360	10.0
1361	10.0
1362	10.0
1363	10.0
1364	10.0
1365	10.0
1366	10.0
1367	7.24400687925717
1368	7.24400687925717
1369	7.6970282144351
1370	7.6970282144351
1371	9.708239099292472
1372	9.708239099292472
1373	7.9033825184797735
1374	9.970161496662069
1375	9.970161496662069
1376	8.64813912131639
1377	8.64813912131639
1378	10.0
1379	10.0
1380	10.0
1381	10.0
1382	10.0
1383	10.0
1384	10.0
1385	10.0
1386	8.585945313166214
1387	8.585945313166214
1388	5.486868004389944
1389	5.486868004389944
1390	5.999148051480976
1391	5.999148051480976
1392	10.0
1393	10.0
1394	10.0
1395	10.0
1396	7.697495749317862
1397	7.697495749317862
1398	10.0
1399	10.0
1400	10.0
1401	10.0
1402	10.0
1403	10.0
1404	10.0
1405	10.0
1406	9.92111552074467
1407	9.92111552074467
1408	10.0
1409	10.0
1410	8.942207255278024
1411	8.942207255278024
1412	9.497579364286885
1413	9.497579364286885
1414	7.359824156221249
1415	7.359824156221249
1416	10.0
1417	10.0
1418	9.658557490132873
1419	9.658557490132873
1420	10.0
1421	8.241366934026663
1422	8.241366934026663
1423	8.453324892681692
1424	10.0
1425	10.0
1426	10.0
1427	8.399917293326991
1428	8.399917293326991
1429	8.94360127365706
1430	8.94360127365706
1431	10.0
1432	10.0
1433	10.0
1434	10.0
1435	10.0
1436	10.0
1437	8.82247307848549
1438	8.82247307848549
1439	9.908739201803808
1440	9.908739201803808
1441	10.0
1442	10.0
1443	10.0
1444	10.0
1445	8.174713184430749
1446	8.174713184430749
1447	10.0
1448	10.0
1449	5.099015850556425
1450	5.099015850556425
1451	6.513601056670531
1452	6.513601056670531
1453	10.0
1454	10.0
1455	9.88932779854575
1456	9.88932779854575
1457	10.0
1458	10.0
1459	10.0
1460	10.0
1461	10.0
1462	10.0
1463	10.0
1464	10.0
1465	10.0
1466	10.0
1467	7.241241428696881
1468	10.0
1469	10.0
1470	10.0
1471	10.0
1472	10.0
1473	10.0
1474	10.0
1475	10.0
1476	9.550582096323314
1477	9.550582096323314
1478	7.3653725529595695
1479	7.3653725529595695
1480	10.0
1481	10.0
1482	10.0
1483	8.087742256959537
1484	10.0
1485	10.0
1486	10.0
1487	8.635890204352224
1488	8.635890204352224
1489	9.629887908190927
1490	10.0
1491	10.0
1492	7.550326430647075
1493	9.619690897399579
1494	10.0
1495	10.0
1496	10.0
1497	10.0
1498	9.393914812480789
1499	9.393914812480789
1500	8.012689367400133
1501	8.012689367400133
1502	10.0
1503	10.0
1504	10.0
1505	10.0
1506	9.820731393933661
1507	9.820731393933661
1508	10.0
1509	10.0
1510	9.823887626024291
1511	9.823887626024291
1512	10.0
1513	10.0
1514	10.0
1515	10.0
1516	10.0
1517	10.0
1518	10.0
1519	9.910907289128392
1520	10.0
1521	10.0
1522	6.852997362155968
1523	6.852997362155968
1524	10.0
1525	10.0
1526	10.0
1527	10.0
1528	10.0
1529	10.0
1530	10.0
1531	10.0
1532	8.150361678226469
1533	7.428869888690027
1534	6.965146791036919
1535	6.965146791036919
1536	10.0
1537	10.0
1538	10.0
1539	10.0
1540	7.817932180699097
1541	9.247642687102823
1542	9.247642687102823
1543	10.0
1544	10.0
1545	10.0
1546	10.0
1547	6.1936390047698255
1548	6.1936390047698255
1549	9.415376826793821
1550	10.0
1551	10.0
1552	9.356882086309943
1553	9.356882086309943
1554	10.0
1555	10.0
1556	10.0
1557	10.0
1558	9.208043968214582
1559	9.208043968214582
1560	10.0
1561	10.0
1562	10.0
1563	10.0
1564	10.0
1565	10.0
1566	10.0
1567	10.0
1568	10.0
1569	10.0
1570	10.0
1571	10.0
1572	7.596011778450477
1573	7.596011778450477
1574	9.338325859765941
1575	9.338325859765941
1576	6.476518996339261
1577	6.476518996339261
1578	7.865529176913105
1579	9.413976015915447
1580	5.556772339381822
1581	5.556772339381822
1582	10.0
1583	10.0
1584	10.0
1585	10.0
1586	8.002803133288966
1587	8.002803133288966
1588	10.0
1589	9.02407870031504
1590	9.02407870031504
1591	7.751107856617724
1592	7.751107856617724
1593	10.0
1594	9.022763468602939
1595	9.022763468602939
1596	9.2826807090745
1597	9.2826807090745
1598	10.0
1599	10.0
1600	10.0
1601	10.0
1602	10.0
1603	10.0
1604	9.644593970006921
1605	9.644593970006921
1606	5.809895874818753
1607	5.809895874818753
1608	5.00152807801369
1609	5.00152807801369
1610	6.950442175001292
1611	6.950442175001292
1612	6.37183929952198
1613	6.37183929952198
1614	9.510118096448178
1615	9.510118096448178
1616	9.202898407686819
1617	9.202898407686819
1618	8.627506878038806
1619	8.627506878038806
1620	8.119261043028565
1621	8.119261043028565
1622	10.0
1623	10.0
1624	10.0
1625	10.0
1626	9.86163320218232
1627	9.86163320218232
1628	9.20430609391703
1629	9.20430609391703
1630	10.0
1631	10.0
1632	10.0
1633	10.0
1634	8.979702841534358
1635	8.979702841534358
1636	10.0
1637	10.0
1638	10.0
1639	10.0
1640	10.0
1641	10.0
1642	10.0
1643	9.14504643319144
1644	9.14504643319144
1645	8.934824014507686
1646	8.934824014507686
1647	10.0
1648	10.0
1649	10.0
1650	10.0
1651	10.0
1652	10.0
1653	8.684979993522473
1654	8.684979993522473
1655	8.991371994817445
1656	8.991371994817445
1657	7.615355698666682
1658	7.615355698666682
1659	10.0
1660	10.0
1661	10.0
1662	7.9971014350262175
1663	7.9971014350262175
1664	10.0
1665	10.0
1666	9.403379038518725
1667	9.403379038518725
1668	9.58056635261058
1669	9.58056635261058
1670	10.0
1671	10.0
1672	10.0
1673	10.0
1674	10.0
1675	8.280438995552458
1676	8.280438995552458
1677	9.197746943595146
1678	9.197746943595146
1679	8.056254860215917
1680	8.056254860215917
1681	10.0
1682	10.0
1683	10.0
1684	10.0
1685	10.0
1686	8.031486817357777
1687	8.031486817357777
1688	5.753465686636922
1689	5.753465686636922
1690	8.981762362837033
1691	8.981762362837033
1692	7.940374053215834
1693	7.940374053215834
1694	10.0
1695	10.0
1696	8.294420049231864
1697	8.294420049231864
1698	8.712742746399426
1699	8.712742746399426
1700	10.0
1701	10.0
1702	10.0
1703	10.0
1704	7.460907712152464
1705	7.460907712152464
1706	7.758195119500545
1707	7.758195119500545
1708	7.887605261232693
1709	8.234617784907392
1710	8.234617784907392
1711	10.0
1712	10.0
1713	8.066009291956885
1714	8.066009291956885
1715	8.366140800805038
1716	8.366140800805038
1717	6.9317981087167695
1718	6.9317981087167695
1719	10.0
1720	10.0
1721	9.047227579564758
1722	9.047227579564758
1723	10.0
1724	10.0
1725	6.36648863000833
1726	6.36648863000833
1727	10.0
1728	10.0
1729	9.410897096824527
1730	9.410897096824527
1731	9.375528574228484
1732	9.375528574228484
1733	8.851346674394053
1734	8.851346674394053
1735	10.0
1736	10.0
1737	10.0
1738	10.0
1739	10.0
1740	10.0
1741	7.939756894532579
1742	10.0
1743	10.0
1744	10.0
1745	10.0
1746	9.799093160680632
1747	9.799093160680632
1748	9.166724325835686
1749	9.166724325835686
1750	9.18075970733976
1751	9.18075970733976
1752	10.0
1753	10.0
1754	9.812156003939844
1755	9.812156003939844
1756	8.449559690139345
1757	8.449559690139345
1758	10.0
1759	8.763312555828179
1760	10.0
1761	10.0
1762	9.104170541593133
1763	9.104170541593133
1764	8.876457688296524
1765	8.876457688296524
1766	8.758759010386436
1767	8.758759010386436
1768	10.0
1769	10.0
1770	10.0
1771	10.0
1772	10.0
1773	10.0
1774	5.963559422018745
1775	5.963559422018745
1776	7.368366521386211
1777	7.368366521386211
1778	10.0
1779	10.0
1780	10.0
1781	10.0
1782	9.417855558458301
1783	9.417855558458301
1784	9.7775547019225
1785	10.0
1786	10.0
1787	9.42795183486375
1788	9.42795183486375
1789	8.231044074866821
1790	8.231044074866821
1791	9.234374637718789
1792	9.234374637718789
1793	9.770324563864436
1794	9.770324563864436
1795	7.274899789622666
1796	7.274899789622666
1797	10.0
1798	10.0
1799	10.0
1800	8.311786328202215
1801	8.311786328202215
1802	10.0
1803	9.591334416794384
1804	9.591334416794384
1805	8.15882319734834
1806	10.0
1807	6.838425908386153
1808	6.838425908386153
1809	10.0
1810	10.0
1811	10.0
1812	10.0
1813	9.90828131823269
1814	9.90828131823269
1815	10.0
1816	10.0
1817	8.996509777463773
1818	8.996509777463773
1819	10.0
1820	10.0
1821	8.165616057769963
1822	8.165616057769963
1823	8.221504043143472
1824	8.221504043143472
1825	10.0
1826	10.0
