0	1.6314375449169698
1	1.6314375449169698
2	1.1106306694874952
3	1.1106306694874952
4	0.612109893149844
5	0.612109893149844
6	1.6782703935076175
7	1.6782703935076175
8	2.9431640234873115
9	2.9431640234873115
10	1.81844518176631
11	1.81844518176631
12	0.883528228296437
13	0.883528228296437
14	0.3188577348630446
15	0.3188577348630446
16	1.1658122256443157
17	1.1658122256443157
18	1.0854087994165023
19	1.0854087994165023
20	1.2629899753962561
21	1.2629899753962561
22	1.972255039692028
23	1.972255039692028
24	0.726878917731306
25	0.726878917731306
26	0.8211309973396855
27	0.8211309973396855
28	1.7540822078660439
29	1.7540822078660439
30	1.8695866807458172
31	1.8695866807458172
32	2.6719086174387066
33	2.6719086174387066
34	0.6989179239450395
35	0.6989179239450395
36	1.7533673986580414
37	1.7533673986580414
38	1.3566559715444313
39	1.3566559715444313
40	2.8813505611238703
41	2.8813505611238703
42	1.7682811125325029
43	1.7682811125325029
44	2.054736735123631
45	2.054736735123631
46	1.1866828742527264
47	1.1866828742527264
48	1.1628008315620926
49	1.1628008315620926
50	0.3686846355845361
51	0.3686846355845361
52	1.3532208647234412
53	1.3532208647234412
54	2.479260641608278
55	2.479260641608278
56	0.9563118761969873
57	0.9563118761969873
58	0.5577585627847083
59	0.5577585627847083
60	2.21189900928171
61	2.21189900928171
62	0.9475485273752875
63	0.9475485273752875
64	0.9731440220306993
65	0.9731440220306993
66	1.5138393944827755
67	1.5138393944827755
68	1.3838171145020017
69	1.3838171145020017
70	1.5109879086731455
71	1.5109879086731455
72	0.8076211816252705
73	0.8076211816252705
74	0.8931603571739184
75	0.8931603571739184
76	1.2350900586281597
77	1.2350900586281597
78	1.5211110774156757
79	1.5211110774156757
80	1.1708030432036185
81	1.1708030432036185
82	1.5309298469388237
83	1.5309298469388237
84	1.2767701904057054
85	1.2767701904057054
86	1.4364007392358047
87	1.4364007392358047
88	1.1768018580311392
89	1.1768018580311392
90	1.019530846198902
91	1.019530846198902
92	1.3427040748318055
93	1.3427040748318055
94	1.4567485562963638
95	1.4567485562963638
96	2.2190619947685852
97	2.2190619947685852
98	1.4343979772099722
99	1.4343979772099722
100	1.2392642352533674
101	1.2392642352533674
102	0.3189049306415126
103	0.3189049306415126
104	0.4529082016306921
105	0.4529082016306921
106	1.0616931159972978
107	1.0616931159972978
108	0.642178419680766
109	0.642178419680766
110	1.474138210224055
111	1.474138210224055
112	1.815323766107478
113	1.815323766107478
114	2.13346391401737
115	2.13346391401737
116	1.2739087559884363
117	1.2739087559884363
118	1.6209111978654842
119	1.6209111978654842
120	2.854425885060923
121	2.854425885060923
122	0.7020679079326707
123	0.7020679079326707
124	1.7570754422813597
125	1.7570754422813597
126	1.5720173828338935
127	1.5720173828338935
128	1.7706116016870777
129	1.7706116016870777
130	0.7720975258785974
131	0.7720975258785974
132	1.420025175173671
133	1.420025175173671
134	1.5411530187318285
135	1.5411530187318285
136	1.0221906807487802
137	1.0221906807487802
138	1.893985938545224
139	1.893985938545224
140	1.7537619641937012
141	1.7537619641937012
142	1.1334308509268047
143	1.1334308509268047
144	1.101179176409609
145	1.101179176409609
146	0.7810843980818154
147	0.7810843980818154
148	1.667721668525034
149	1.667721668525034
150	0.1
151	0.1
152	2.060561003946833
153	2.060561003946833
154	1.5467161200507744
155	1.5467161200507744
156	1.1730125857048768
157	1.1730125857048768
158	1.6648459376863305
159	1.6648459376863305
160	1.4328126899466647
161	1.4328126899466647
162	1.9933781150758119
163	1.9933781150758119
164	1.4533301574113389
165	1.4533301574113389
166	1.016750631240222
167	1.016750631240222
168	1.1355124790390554
169	1.1355124790390554
170	0.6645936645740904
171	0.6645936645740904
172	2.480330213794898
173	2.480330213794898
174	1.529252916668836
175	1.529252916668836
176	2.08116801286999
177	2.08116801286999
178	0.3150746384826213
179	0.3150746384826213
180	1.0872439387547175
181	1.0872439387547175
182	1.7898784490473887
183	1.7898784490473887
184	0.4246632870428688
185	0.4246632870428688
186	1.291136384735059
187	1.291136384735059
188	2.0150767842114923
189	2.0150767842114923
190	1.7204046085804643
191	1.7204046085804643
192	1.1108184439737063
193	1.1108184439737063
194	1.8758361492684401
195	1.8758361492684401
196	1.8389792112874135
197	1.8389792112874135
198	1.1448747378026707
199	1.1448747378026707
200	1.5751282854037791
201	1.5751282854037791
202	1.4905658741731993
203	1.4905658741731993
204	2.1337949778984093
205	2.1337949778984093
206	1.998230046412822
207	1.998230046412822
208	1.659426859272956
209	1.659426859272956
210	1.1536978177296324
211	1.1536978177296324
212	1.8206894610277873
213	1.8206894610277873
214	0.6229845859062765
215	0.6229845859062765
216	0.798679592638512
217	0.798679592638512
218	1.5396235452330256
219	1.5396235452330256
220	0.7856759715715352
221	0.7856759715715352
222	1.9190902268166767
223	1.9190902268166767
224	0.5485896169419741
225	0.5485896169419741
226	3.4881270514318565
227	3.4881270514318565
228	1.1857940637045497
229	1.1857940637045497
230	1.8422768907933715
231	1.8422768907933715
232	1.6425078675279494
233	1.6425078675279494
234	1.4932728863957918
235	1.4932728863957918
236	1.7457398404458866
237	1.7457398404458866
238	1.1162491152951526
239	1.1162491152951526
240	0.17396071583930772
241	0.17396071583930772
242	2.4888496472298307
243	2.4888496472298307
244	0.7497836806378948
245	0.7497836806378948
246	1.5077545332586104
247	1.5077545332586104
248	1.731819074241325
249	1.731819074241325
250	1.471561041269458
251	1.471561041269458
252	1.004618064927529
253	1.004618064927529
254	1.2711311738000792
255	1.2711311738000792
256	1.2001236284123065
257	1.2001236284123065
258	1.1020476734890554
259	1.1020476734890554
260	2.347598187596164
261	2.347598187596164
262	1.0806345886913398
263	1.0806345886913398
264	0.8509924321629957
265	0.8509924321629957
266	1.253947453494823
267	1.253947453494823
268	1.5895443180142925
269	1.5895443180142925
270	2.106569306082242
271	2.106569306082242
272	1.6090676047203984
273	1.6090676047203984
274	1.6106541337958107
275	1.6106541337958107
276	1.3258928526148777
277	1.3258928526148777
278	0.8869262940897249
279	0.8869262940897249
280	1.2265766336182058
281	1.2265766336182058
282	2.2243101098560167
283	2.2243101098560167
284	1.7676336867769311
285	1.7676336867769311
286	2.3347006171408298
287	2.3347006171408298
288	1.1015273040603397
289	1.1015273040603397
290	1.7054434641029705
291	1.7054434641029705
292	1.8053446741919157
293	1.8053446741919157
294	1.609072227676916
295	1.609072227676916
296	1.8128922938661043
297	1.8128922938661043
298	1.9679168986573776
299	1.9679168986573776
300	2.202836069629322
301	2.202836069629322
302	2.1023610197475042
303	2.1023610197475042
304	0.10551651797323292
305	0.10551651797323292
306	0.34098987451752905
307	0.34098987451752905
308	2.0124094071893
309	2.0124094071893
310	0.22927501050490018
311	0.22927501050490018
312	0.9570906619554136
313	0.9570906619554136
314	0.25038027599170354
315	0.25038027599170354
316	0.4540145919657721
317	0.4540145919657721
318	1.2603302656485147
319	1.2603302656485147
320	1.33056350666984
321	1.33056350666984
322	1.103316382287746
323	1.103316382287746
324	2.514684668298238
325	2.514684668298238
326	0.8889781273884374
327	0.8889781273884374
328	1.3902507146194107
329	1.3902507146194107
330	1.3813964662492664
331	1.3813964662492664
332	1.6010042052586082
333	1.6010042052586082
334	1.1001362018787904
335	1.1001362018787904
336	0.1
337	0.1
338	1.802062417995381
339	1.802062417995381
340	0.9863343549250624
341	0.9863343549250624
342	0.1
343	0.1
344	2.1932538623325364
345	2.1932538623325364
346	0.41760180768007127
347	0.41760180768007127
348	1.0172228660405274
349	1.0172228660405274
350	1.4870487556341139
351	1.4870487556341139
352	1.0236769121691536
353	1.0236769121691536
354	1.0098098665988604
355	1.0098098665988604
356	1.6626495381335817
357	1.6626495381335817
358	1.4198113367424958
359	1.4198113367424958
360	1.3448789151043226
361	1.3448789151043226
362	0.1
363	0.1
364	1.158525879696958
365	1.158525879696958
366	1.6133058823881137
367	1.6133058823881137
368	2.077656354612058
369	2.077656354612058
370	0.902146990578456
371	0.902146990578456
372	2.778734487844628
373	2.778734487844628
374	1.976703181172248
375	1.976703181172248
376	0.8460944865391078
377	0.8460944865391078
378	2.1216224992348445
379	2.1216224992348445
380	0.24369320191998978
381	0.24369320191998978
382	1.4358205635717838
383	1.4358205635717838
384	0.43025058953458106
385	0.43025058953458106
386	3.0711439774462046
387	3.0711439774462046
388	2.127243137793775
389	2.127243137793775
390	1.797932234187745
391	1.797932234187745
392	1.4101084235680632
393	1.4101084235680632
394	1.602163685255766
395	1.602163685255766
396	0.7957367520378005
397	0.7957367520378005
398	1.8333889035244164
399	1.8333889035244164
400	0.6539864378411165
401	0.6539864378411165
402	1.1511696330431829
403	1.1511696330431829
404	0.7693097114511035
405	0.7693097114511035
406	0.6061405244264371
407	0.6061405244264371
408	2.3103197480626014
409	2.3103197480626014
410	0.7503070093820303
411	0.7503070093820303
412	1.2704723395523685
413	1.2704723395523685
414	1.7062796545946752
415	1.7062796545946752
416	0.49228651075739205
417	0.49228651075739205
418	1.3469196036870625
419	1.3469196036870625
420	1.8712326776688617
421	1.8712326776688617
422	0.792119694750344
423	0.792119694750344
424	0.7712147615863763
425	0.7712147615863763
426	1.526424100269154
427	1.526424100269154
428	0.5138091195393402
429	0.5138091195393402
430	0.9738563420796212
431	0.9738563420796212
432	1.3545389719874443
433	1.3545389719874443
434	1.0409794940156838
435	1.0409794940156838
436	1.0358420172409548
437	1.0358420172409548
438	2.2545187666454147
439	2.2545187666454147
440	1.909364784671011
441	1.909364784671011
442	0.6710374689683295
443	0.6710374689683295
444	0.8652862300730073
445	0.8652862300730073
446	0.737300487090954
447	0.737300487090954
448	0.8065006746039609
449	0.8065006746039609
450	1.3184129729468932
451	1.3184129729468932
452	2.287028582866473
453	2.287028582866473
454	1.3676789534849616
455	1.3676789534849616
456	1.232135300599742
457	1.232135300599742
458	2.263185523134437
459	2.263185523134437
460	0.17188380147518245
461	0.17188380147518245
462	0.2281035742081141
463	0.2281035742081141
464	0.8339195982418489
465	0.8339195982418489
466	0.5450065062771826
467	0.5450065062771826
468	0.8617631868676346
469	0.8617631868676346
470	2.4479035768204955
471	2.4479035768204955
472	1.5099456356717944
473	1.5099456356717944
474	1.015373686713842
475	1.015373686713842
476	0.27526430497851506
477	0.27526430497851506
478	1.8142339831955523
479	1.8142339831955523
480	1.898444647408637
481	1.898444647408637
482	0.4086193613272494
483	0.4086193613272494
484	1.3107988706063844
485	1.3107988706063844
486	0.3694173856183792
487	0.3694173856183792
488	2.1589429144849293
489	2.1589429144849293
490	1.3802412475068764
491	1.3802412475068764
492	1.3497028790855052
493	1.3497028790855052
494	1.774658868309356
495	1.774658868309356
496	0.5317866493390718
497	0.5317866493390718
498	0.1
499	0.1
500	1.3363147279254886
501	1.3363147279254886
502	2.078986269284913
503	2.078986269284913
504	1.4565042563547828
505	1.4565042563547828
506	1.3646032429892125
507	1.3646032429892125
508	1.2260082241821566
509	1.2260082241821566
510	1.6134207404792889
511	1.6134207404792889
512	1.392968754856533
513	1.392968754856533
514	1.642691552995136
515	1.642691552995136
516	0.110934215037501
517	0.110934215037501
518	0.9393974247193638
519	0.9393974247193638
520	1.414083648311848
521	1.414083648311848
522	1.9059364183547411
523	1.9059364183547411
524	1.1356079716193594
525	1.1356079716193594
526	0.3002331515319643
527	0.3002331515319643
528	1.0265298714442435
529	1.0265298714442435
530	0.4638797415630348
531	0.4638797415630348
532	0.5822131113743259
533	0.5822131113743259
534	0.8422635552203065
535	0.8422635552203065
536	1.8253530754307001
537	1.8253530754307001
538	2.4190782598884253
539	2.4190782598884253
540	0.8311022096764049
541	0.8311022096764049
542	1.5673681342344485
543	1.5673681342344485
544	3.126453197678047
545	3.126453197678047
546	0.7005133268952067
547	0.7005133268952067
548	1.9796922757249533
549	1.9796922757249533
550	0.5959923896504342
551	0.5959923896504342
552	0.1
553	0.1
554	0.7004722306531107
555	0.7004722306531107
556	1.343868846986639
557	1.343868846986639
558	1.166482124138465
559	1.166482124138465
560	0.24289500520917895
561	0.24289500520917895
562	1.8117111510910173
563	1.8117111510910173
564	0.6566300984370324
565	0.6566300984370324
566	1.0725618051670023
567	1.0725618051670023
568	1.7278463760515084
569	1.7278463760515084
570	2.0021672410303912
571	2.0021672410303912
572	1.5762483591210592
573	1.5762483591210592
574	1.7958536178652258
575	1.7958536178652258
576	1.5709772789044099
577	1.5709772789044099
578	1.321521347605289
579	1.321521347605289
580	2.5710347013675046
581	2.5710347013675046
582	0.523764571430995
583	0.523764571430995
584	2.7720184003570525
585	2.7720184003570525
586	1.1188990844569051
587	1.1188990844569051
588	0.2652310545272414
589	0.2652310545272414
590	1.8252771540214698
591	1.8252771540214698
592	1.4374069688100124
593	1.4374069688100124
594	1.3056084317667336
595	1.3056084317667336
596	1.5020558172874876
597	1.5020558172874876
598	1.3692263220566552
599	1.3692263220566552
600	0.1
601	0.1
602	0.12305551460532649
603	0.12305551460532649
604	1.6030751752897925
605	1.6030751752897925
606	1.2375904848716246
607	1.2375904848716246
608	1.6246512197774214
609	1.6246512197774214
610	0.8123223170054837
611	0.8123223170054837
612	0.39527254388341515
613	0.39527254388341515
614	2.240203356937978
615	2.240203356937978
616	1.2792579287933386
617	1.2792579287933386
618	1.6262618913623215
619	1.6262618913623215
620	1.629785470339267
621	1.629785470339267
622	1.1443964299725582
623	1.1443964299725582
624	0.8879859804733812
625	0.8879859804733812
626	1.1795844707778942
627	1.1795844707778942
628	1.6881087439689109
629	1.6881087439689109
630	1.9237436451990941
631	1.9237436451990941
632	1.6144559724975676
633	1.6144559724975676
634	0.7700583258348239
635	0.7700583258348239
636	0.9959656894401334
637	0.9959656894401334
638	0.8160060445227568
639	0.8160060445227568
640	0.43250933008439085
641	0.43250933008439085
642	0.5191002427361879
643	0.5191002427361879
644	1.2703063651012936
645	1.2703063651012936
646	1.0941287691332622
647	1.0941287691332622
648	1.9484167738677096
649	1.9484167738677096
650	0.4840684194636553
651	0.4840684194636553
652	1.0721949802645208
653	1.0721949802645208
654	1.86701833790798
655	1.86701833790798
656	0.9109360378485756
657	0.9109360378485756
658	1.4701183765375065
659	1.4701183765375065
660	0.1
661	0.1
662	2.8157822776971257
663	2.8157822776971257
664	1.586044340692788
665	1.586044340692788
666	1.5906114142832353
667	1.5906114142832353
668	0.5491167783361729
669	0.5491167783361729
670	1.1059120399810651
671	1.1059120399810651
672	1.2439576884576182
673	1.2439576884576182
674	1.591494788025399
675	1.591494788025399
676	3.048532052360247
677	3.048532052360247
678	0.4929274818601217
679	0.4929274818601217
680	1.631084871747666
681	1.631084871747666
682	2.0702668345403947
683	2.0702668345403947
684	0.6849164059681933
685	0.6849164059681933
686	1.0407587314755384
687	1.0407587314755384
688	2.397125064825041
689	2.397125064825041
690	1.542667758750371
691	1.542667758750371
692	0.806352544048442
693	0.806352544048442
694	1.615524764419406
695	1.615524764419406
696	1.053179785591937
697	1.053179785591937
698	0.7565815805524475
699	0.7565815805524475
700	0.2923732875508267
701	0.2923732875508267
702	1.7339816110522988
703	1.7339816110522988
704	0.3399004329010644
705	0.3399004329010644
706	1.2544064675996487
707	1.2544064675996487
708	1.3983569043722532
709	1.3983569043722532
710	2.049385518555953
711	2.049385518555953
712	1.1744234033014642
713	1.1744234033014642
714	1.485663677465056
715	1.485663677465056
716	0.9534885401517044
717	0.9534885401517044
718	1.5212754315020074
719	1.5212754315020074
720	2.155319668927742
721	2.155319668927742
722	1.1647164393241416
723	1.1647164393241416
724	0.945928719987782
725	0.945928719987782
726	1.0414351152571713
727	1.0414351152571713
728	0.1
729	0.1
730	2.482690289177793
731	2.482690289177793
732	0.8892844986378927
733	0.8892844986378927
734	1.9959399074347361
735	1.9959399074347361
736	0.793944175538364
737	0.793944175538364
738	1.7977008617739132
739	1.7977008617739132
740	0.4878320791350865
741	0.4878320791350865
742	1.0099865436916806
743	1.0099865436916806
744	2.7931798432119157
745	2.7931798432119157
746	1.5806171547446373
747	1.5806171547446373
748	1.0327839904850977
749	1.0327839904850977
750	1.2776518321232093
751	1.2776518321232093
752	1.474567061216217
753	1.474567061216217
754	0.9924301446517321
755	0.9924301446517321
756	1.8070698176235378
757	1.8070698176235378
758	1.260286624116953
759	1.260286624116953
760	0.4400638389159063
761	0.4400638389159063
762	1.4499309771135789
763	1.4499309771135789
764	1.4991219790582517
765	1.4991219790582517
766	1.0308790289028706
767	1.0308790289028706
768	1.553705149348181
769	1.553705149348181
770	0.7499609340895282
771	0.7499609340895282
772	0.9482163483070771
773	0.9482163483070771
774	1.9397386505752068
775	1.9397386505752068
776	2.491647614297502
777	2.491647614297502
778	2.020032132454679
779	2.020032132454679
780	0.1
781	0.1
782	1.9649553984044716
783	1.9649553984044716
784	0.5875281062558025
785	0.5875281062558025
786	1.3292951744056936
787	1.3292951744056936
788	0.3510574590628224
789	0.3510574590628224
790	0.7518583013303207
791	0.7518583013303207
792	1.3896414277040126
793	1.3896414277040126
794	1.2781844899558865
795	1.2781844899558865
796	2.5123008419156543
797	2.5123008419156543
798	2.3337076503685665
799	2.3337076503685665
800	1.2982874501276833
801	1.2982874501276833
802	2.039740175815223
803	2.039740175815223
804	0.1
805	0.1
806	0.7232473818661023
807	0.7232473818661023
808	0.9606157719348947
809	0.9606157719348947
810	1.583649096608994
811	1.583649096608994
812	1.5316193559989124
813	1.5316193559989124
814	0.6306609883133751
815	0.6306609883133751
816	1.3709591147146614
817	1.3709591147146614
818	1.6107108604263163
819	1.6107108604263163
820	1.0405334945510893
821	1.0405334945510893
822	0.3109035850657478
823	0.3109035850657478
824	1.2766143393989922
825	1.2766143393989922
826	1.0584941812063373
827	1.0584941812063373
828	0.9445752291077332
829	0.9445752291077332
830	1.072396175736125
831	1.072396175736125
832	0.29670358450880996
833	0.29670358450880996
834	1.6016797377648422
835	1.6016797377648422
836	0.1259698891333707
837	0.1259698891333707
838	2.1573939357665792
839	2.1573939357665792
840	0.1
841	0.1
842	1.0403619864828757
843	1.0403619864828757
844	0.4168445920873083
845	0.4168445920873083
846	0.931721855947933
847	0.931721855947933
848	1.928765018789035
849	1.928765018789035
850	0.78499758086121
851	0.78499758086121
852	1.5961266238875411
853	1.5961266238875411
854	1.9351438295984207
855	1.9351438295984207
856	0.6864016670270393
857	0.6864016670270393
858	1.37498951493499
859	1.37498951493499
860	0.8141200289479329
861	0.8141200289479329
862	1.3479059740119745
863	1.3479059740119745
864	0.5033727892303209
865	0.5033727892303209
866	0.7831993423365446
867	0.7831993423365446
868	0.4039083146721767
869	0.4039083146721767
870	0.1
871	0.1
872	0.7544875327875349
873	0.7544875327875349
874	2.614087098115384
875	2.614087098115384
876	1.6276490939481205
877	1.6276490939481205
878	0.9694250938231316
879	0.9694250938231316
880	2.8196546121252886
881	2.8196546121252886
882	1.0246513482210586
883	1.0246513482210586
884	1.4036512793952076
885	1.4036512793952076
886	0.7213574506390973
887	0.7213574506390973
888	2.754334583546174
889	2.754334583546174
890	0.40692355680624603
891	0.40692355680624603
892	0.8453947448130607
893	0.8453947448130607
894	0.438472508825409
895	0.438472508825409
896	1.130992484758653
897	1.130992484758653
898	1.6827992044813924
899	1.6827992044813924
900	2.8372203539889194
901	2.8372203539889194
902	0.1914381119609765
903	0.1914381119609765
904	1.3049863615455999
905	1.3049863615455999
906	0.16500947282205725
907	0.16500947282205725
908	0.6341710112561091
909	0.6341710112561091
910	0.1
911	0.1
912	0.6196854974178603
913	0.6196854974178603
914	1.062653633466073
915	1.062653633466073
916	0.10985492242929484
917	0.10985492242929484
918	2.0544977112434486
919	2.0544977112434486
920	1.4853280905176744
921	1.4853280905176744
922	2.4403488245846514
923	2.4403488245846514
924	0.21211266370911463
925	0.21211266370911463
926	0.875525041082474
927	0.875525041082474
928	1.3265392150890216
929	1.3265392150890216
930	0.7718654163211697
931	0.7718654163211697
932	2.1445151575798502
933	2.1445151575798502
934	0.6565729794091852
935	0.6565729794091852
936	0.501691945604761
937	0.501691945604761
938	1.5134482757148304
939	1.5134482757148304
940	0.7038274747159176
941	0.7038274747159176
942	0.7774200758230635
943	0.7774200758230635
944	1.0712727418280699
945	1.0712727418280699
946	2.1982917470748524
947	2.1982917470748524
948	0.1
949	0.1
950	0.9865138001625597
951	0.9865138001625597
952	1.6703812919911374
953	1.6703812919911374
954	1.1660997782976787
955	1.1660997782976787
956	1.4572200496805394
957	1.4572200496805394
958	2.096661178373102
959	2.096661178373102
960	0.18465689677208807
961	0.18465689677208807
962	1.23421744273425
963	1.23421744273425
964	2.349001290142385
965	2.349001290142385
966	0.4456869645553566
967	0.4456869645553566
968	0.5434316843076127
969	0.5434316843076127
970	0.8686338484963669
971	0.8686338484963669
972	0.34991782039266406
973	0.34991782039266406
974	3.024358590303982
975	3.024358590303982
976	0.38256737430776366
977	0.38256737430776366
978	1.4627709801950706
979	1.4627709801950706
980	1.0714061596570266
981	1.0714061596570266
982	1.3804312842123219
983	1.3804312842123219
984	1.062817678991057
985	1.062817678991057
986	2.0650617859365332
987	2.0650617859365332
988	1.6587528744311493
989	1.6587528744311493
990	0.4408785362154649
991	0.4408785362154649
992	1.672310209784813
993	1.672310209784813
994	1.1809613937854677
995	1.1809613937854677
996	1.1260064149845184
997	1.1260064149845184
998	2.533120847470496
999	2.533120847470496
1000	2.0553045532264957
1001	2.0553045532264957
1002	1.8133747264671232
1003	1.8133747264671232
1004	1.5563544498920772
1005	1.5563544498920772
1006	0.7191455237881791
1007	0.7191455237881791
1008	1.7210565652598668
1009	1.7210565652598668
1010	1.1106625961821652
1011	1.1106625961821652
1012	0.3277200965890692
1013	0.3277200965890692
1014	1.3912203062262682
1015	1.3912203062262682
1016	1.6094752779110584
1017	1.6094752779110584
1018	1.0554457449257963
1019	1.0554457449257963
1020	1.8783278623928208
1021	1.8783278623928208
1022	1.3025956176708031
1023	1.3025956176708031
1024	0.1
1025	0.1
1026	0.9759928005113889
1027	0.9759928005113889
1028	1.798481177744777
1029	1.798481177744777
1030	2.1150643513393375
1031	2.1150643513393375
1032	2.3004681205475435
1033	2.3004681205475435
1034	1.6175768993732507
1035	1.6175768993732507
1036	0.5470365717617831
1037	0.5470365717617831
1038	1.194395723176448
1039	1.194395723176448
1040	1.9528483110467088
1041	1.9528483110467088
1042	0.8226838102716881
1043	0.8226838102716881
1044	1.8362519496229726
1045	1.8362519496229726
1046	0.9828677234056208
1047	0.9828677234056208
1048	1.8755663474211977
1049	1.8755663474211977
1050	0.8030726536037185
1051	0.8030726536037185
1052	1.2793769768118262
1053	1.2793769768118262
1054	2.2369731102240187
1055	2.2369731102240187
1056	1.5545057982818977
1057	1.5545057982818977
1058	0.797611538947033
1059	0.797611538947033
1060	1.50603373723328
1061	1.50603373723328
1062	2.238786135146003
1063	2.238786135146003
1064	2.1422956839060294
1065	2.1422956839060294
1066	1.552922426050152
1067	1.552922426050152
1068	1.5080567419808024
1069	1.5080567419808024
1070	0.9619176704682152
1071	0.9619176704682152
1072	0.5534319849537295
1073	0.5534319849537295
1074	1.5421463873219985
1075	1.5421463873219985
1076	0.8102382002347474
1077	0.8102382002347474
1078	2.136647800002729
1079	2.136647800002729
1080	1.5720014608271617
1081	1.5720014608271617
1082	0.9080083036107944
1083	0.9080083036107944
1084	1.7696680532024938
1085	1.7696680532024938
1086	1.2504282392068802
1087	1.2504282392068802
1088	2.4971002285233546
1089	2.4971002285233546
1090	0.7043896084126419
1091	0.7043896084126419
1092	1.6368508352176552
1093	1.6368508352176552
1094	1.5246314299784658
1095	1.5246314299784658
1096	0.3223196226613212
1097	0.3223196226613212
1098	1.4929355741781098
1099	1.4929355741781098
1100	1.9840762566831265
1101	1.9840762566831265
1102	0.6011033263558293
1103	0.6011033263558293
1104	0.8567018883761555
1105	0.8567018883761555
1106	1.5350226566970835
1107	1.5350226566970835
1108	0.7133452449248562
1109	0.7133452449248562
1110	1.8743585846834327
1111	1.8743585846834327
1112	1.766495164862874
1113	1.766495164862874
1114	2.499180970967214
1115	2.499180970967214
1116	1.5576129633000073
1117	1.5576129633000073
1118	0.5732338033474355
1119	0.5732338033474355
1120	2.0352558971728514
1121	2.0352558971728514
1122	0.9238585821090399
1123	0.9238585821090399
1124	2.0186695827287116
1125	2.0186695827287116
1126	1.0472969501109701
1127	1.0472969501109701
1128	2.637622993840035
1129	2.637622993840035
1130	0.8407651392007607
1131	0.8407651392007607
1132	1.3077462382240217
1133	1.3077462382240217
1134	2.6308803455724354
1135	2.6308803455724354
1136	0.9637597455525786
1137	0.9637597455525786
1138	1.2442072703402411
1139	1.2442072703402411
1140	1.258406324922415
1141	1.258406324922415
1142	1.28547616082648
1143	1.28547616082648
1144	0.1
1145	0.1
1146	1.7049903427764348
1147	1.7049903427764348
1148	1.9949693656937535
1149	1.9949693656937535
1150	1.483417934683021
1151	1.483417934683021
1152	0.9743187911665431
1153	0.9743187911665431
1154	1.048695451532017
1155	1.048695451532017
1156	0.9881657110972748
1157	0.9881657110972748
1158	1.3180081501665577
1159	1.3180081501665577
1160	0.9774528200091259
1161	0.9774528200091259
1162	1.152673668996596
1163	1.152673668996596
1164	1.131798539479002
1165	1.131798539479002
1166	1.4065384170378776
1167	1.4065384170378776
1168	1.8737576425930076
1169	1.8737576425930076
1170	1.60190567129863
1171	1.60190567129863
1172	1.1520301556597967
1173	1.1520301556597967
1174	1.015841786431762
1175	1.015841786431762
1176	1.3104922517339554
1177	1.3104922517339554
1178	1.778309777467634
1179	1.778309777467634
1180	1.1159913977441618
1181	1.1159913977441618
1182	1.4544098659053812
1183	1.4544098659053812
1184	1.358264163595479
1185	1.358264163595479
1186	0.9901723655314589
1187	0.9901723655314589
1188	1.0533042052890884
1189	1.0533042052890884
1190	2.3985892717259816
1191	2.3985892717259816
1192	0.7512748180757419
1193	0.7512748180757419
1194	1.2156350520397674
1195	1.2156350520397674
1196	1.6785513360390312
1197	1.6785513360390312
1198	1.9726563714162006
1199	1.9726563714162006
1200	2.0729399642382678
1201	2.0729399642382678
1202	1.447244252430106
1203	1.447244252430106
1204	0.14435362336204194
1205	0.14435362336204194
1206	0.6834284499995882
1207	0.6834284499995882
1208	2.0769830255164754
1209	2.0769830255164754
1210	1.5211665728585435
1211	1.5211665728585435
1212	1.7480039459567418
1213	1.7480039459567418
1214	1.1551158202742764
1215	1.1551158202742764
1216	0.48831152138331746
1217	0.48831152138331746
1218	0.3807148076631365
1219	0.3807148076631365
1220	2.6438625343488455
1221	2.6438625343488455
1222	1.4035499270170113
1223	1.4035499270170113
1224	1.9694389462654716
1225	1.9694389462654716
1226	1.3623959134401036
1227	1.3623959134401036
1228	0.35113361060993387
1229	0.35113361060993387
1230	1.4286717437482426
1231	1.4286717437482426
1232	1.7350503529613894
1233	1.7350503529613894
1234	1.9252811217786494
1235	1.9252811217786494
1236	0.6778404659517128
1237	0.6778404659517128
1238	1.9555460679755718
1239	1.9555460679755718
1240	2.1148315236028
1241	2.1148315236028
1242	0.4650868329426342
1243	0.4650868329426342
1244	0.9948731261754138
1245	0.9948731261754138
1246	2.1828218676950004
1247	2.1828218676950004
1248	1.532949772164859
1249	1.532949772164859
1250	1.6465402728612792
1251	1.6465402728612792
1252	1.744856210987441
1253	1.744856210987441
1254	1.079209563789564
1255	1.079209563789564
1256	0.871021833487506
1257	0.871021833487506
1258	0.9481586589713333
1259	0.9481586589713333
1260	0.6793810349974871
1261	0.6793810349974871
1262	0.9006101475253676
1263	0.9006101475253676
1264	2.0177705020180046
1265	2.0177705020180046
1266	2.493556074625888
1267	2.493556074625888
1268	1.2622835224741848
1269	1.2622835224741848
1270	0.8895466769966182
1271	0.8895466769966182
1272	1.2009389135644506
1273	1.2009389135644506
1274	1.247690794398691
1275	1.247690794398691
1276	1.2072511977979294
1277	1.2072511977979294
1278	0.9970647872074682
1279	0.9970647872074682
1280	1.3093100429126796
1281	1.3093100429126796
1282	1.3960419782486304
1283	1.3960419782486304
1284	1.8193081532525632
1285	1.8193081532525632
1286	1.824618880895806
1287	1.824618880895806
1288	1.1329699928226802
1289	1.1329699928226802
1290	2.492784511761326
1291	2.492784511761326
1292	0.4684821967316314
1293	0.4684821967316314
1294	1.4167220386540276
1295	1.4167220386540276
1296	1.0136081145112357
1297	1.0136081145112357
1298	1.4654468331882862
1299	1.4654468331882862
1300	1.3562303810390235
1301	1.3562303810390235
1302	1.8126465930136115
1303	1.8126465930136115
1304	1.0789972031474688
1305	1.0789972031474688
1306	2.112783565609223
1307	2.112783565609223
1308	0.6127006688119375
1309	0.6127006688119375
1310	0.8681517006943502
1311	0.8681517006943502
1312	1.0042117837740738
1313	1.0042117837740738
1314	1.6176855393473941
1315	1.6176855393473941
1316	0.1
1317	0.1
1318	1.0752491455164284
1319	1.0752491455164284
1320	0.9805557488927712
1321	0.9805557488927712
1322	0.7864516224397495
1323	0.7864516224397495
1324	1.3951002873721272
1325	1.3951002873721272
1326	1.5034531727215672
1327	1.5034531727215672
1328	1.5036918183244494
1329	1.5036918183244494
1330	1.6996500231579863
1331	1.6996500231579863
1332	0.9742032488239432
1333	0.9742032488239432
1334	1.177149775742483
1335	1.177149775742483
1336	1.3354095148058664
1337	1.3354095148058664
1338	2.522944036463012
1339	2.522944036463012
1340	1.1213958942226039
1341	1.1213958942226039
1342	1.533557104067295
1343	1.533557104067295
1344	1.5004028058361631
1345	1.5004028058361631
1346	1.2810852218782067
1347	1.2810852218782067
1348	1.8493790639413987
1349	1.8493790639413987
1350	1.6399361519009614
1351	1.6399361519009614
1352	1.411725787969974
1353	1.411725787969974
1354	1.4985179729931277
1355	1.4985179729931277
1356	0.46594803757136827
1357	0.46594803757136827
1358	0.1
1359	0.1
1360	1.7401416791724458
1361	1.7401416791724458
1362	1.6952245690810068
1363	1.6952245690810068
1364	1.1330943677928969
1365	1.1330943677928969
1366	1.625408931439269
1367	1.625408931439269
1368	1.524723637717674
1369	1.524723637717674
1370	1.6361617343351271
1371	1.6361617343351271
1372	0.9312023809491414
1373	0.9312023809491414
1374	1.4034080498506951
1375	1.4034080498506951
1376	1.6971015480066634
1377	1.6971015480066634
1378	1.4381718154552239
1379	1.4381718154552239
1380	0.8631065534434466
1381	0.8631065534434466
1382	0.9039929593198841
1383	0.9039929593198841
1384	1.1532429607296761
1385	1.1532429607296761
1386	1.1391560850161884
1387	1.1391560850161884
1388	0.41925801444817956
1389	0.41925801444817956
1390	2.571709139259845
1391	2.571709139259845
1392	1.881028317186456
1393	1.881028317186456
1394	1.337480409302811
1395	1.337480409302811
1396	0.6335371360438244
1397	0.6335371360438244
1398	1.939648213430368
1399	1.939648213430368
1400	1.8597048523294437
1401	1.8597048523294437
1402	2.5356544806656998
1403	2.5356544806656998
1404	2.4449948883646
1405	2.4449948883646
1406	2.1697935597689444
1407	2.1697935597689444
1408	2.004679479732957
1409	2.004679479732957
1410	1.5822975506075263
1411	1.5822975506075263
1412	1.0176078499994445
1413	1.0176078499994445
1414	1.5782002723684845
1415	1.5782002723684845
1416	1.53521942058782
1417	1.53521942058782
1418	0.8735626440755306
1419	0.8735626440755306
1420	1.2601415025943459
1421	1.2601415025943459
1422	0.8170359201400706
1423	0.8170359201400706
1424	2.352561620099271
1425	2.352561620099271
1426	2.0040785042785876
1427	2.0040785042785876
1428	2.321222973456476
1429	2.321222973456476
1430	1.5027302032619925
1431	1.5027302032619925
1432	1.4554637980274499
1433	1.4554637980274499
1434	1.1161149283367866
1435	1.1161149283367866
1436	1.6698318022323373
1437	1.6698318022323373
1438	1.9445095315592376
1439	1.9445095315592376
1440	2.109624990859346
1441	2.109624990859346
1442	0.668472033255943
1443	0.668472033255943
1444	1.160958840711149
1445	1.160958840711149
1446	2.019363175885295
1447	2.019363175885295
1448	1.0688430417455135
1449	1.0688430417455135
1450	1.011706832393184
1451	1.011706832393184
1452	0.27991230595054994
1453	0.27991230595054994
1454	2.0181794255730567
1455	2.0181794255730567
1456	2.2532448449396596
1457	2.2532448449396596
1458	1.436160254957887
1459	1.436160254957887
1460	2.148147619490945
1461	2.148147619490945
1462	1.1297033131387848
1463	1.1297033131387848
1464	1.0317225229220894
1465	1.0317225229220894
1466	1.2565683006043573
1467	1.2565683006043573
1468	1.1832990953642624
1469	1.1832990953642624
1470	1.0002503008770314
1471	1.0002503008770314
1472	2.4292105667086137
1473	2.4292105667086137
1474	1.22024987895709
1475	1.22024987895709
1476	1.6570624477130478
1477	1.6570624477130478
1478	2.1438544769803984
1479	2.1438544769803984
1480	0.34587295304114063
1481	0.34587295304114063
1482	2.4183228766537725
1483	2.4183228766537725
1484	1.533805102953509
1485	1.533805102953509
1486	1.8966976219427287
1487	1.8966976219427287
1488	0.880774505681053
1489	0.880774505681053
1490	1.6327265340263546
1491	1.6327265340263546
1492	1.0983708899063191
1493	1.0983708899063191
1494	1.4718191092251942
1495	1.4718191092251942
1496	2.2556973080371754
1497	2.2556973080371754
1498	2.085298202329044
1499	2.085298202329044
1500	1.4866560454501359
1501	1.4866560454501359
1502	1.268792837266924
1503	1.268792837266924
1504	0.5763556691585718
1505	0.5763556691585718
1506	0.5284545274288082
1507	0.5284545274288082
1508	1.943590322644195
1509	1.943590322644195
1510	1.5429928863793416
1511	1.5429928863793416
1512	1.1169184906649845
1513	1.1169184906649845
1514	2.6500643620444797
1515	2.6500643620444797
1516	0.7943855269988443
1517	0.7943855269988443
1518	1.8995929487771273
1519	1.8995929487771273
1520	1.3209988779270931
1521	1.3209988779270931
1522	1.6887117220908596
1523	1.6887117220908596
1524	0.49580218237224716
1525	0.49580218237224716
1526	0.5771347757986509
1527	0.5771347757986509
1528	1.3509771285906378
1529	1.3509771285906378
1530	1.4434836359434247
1531	1.4434836359434247
1532	2.0262424539337442
1533	2.0262424539337442
1534	1.1717716978072592
1535	1.1717716978072592
1536	2.529040446220408
1537	2.529040446220408
1538	0.6746253209472962
1539	0.6746253209472962
1540	1.4273391183211224
1541	1.4273391183211224
1542	0.1
1543	0.1
1544	1.2956745364294033
1545	1.2956745364294033
1546	1.2451823581602306
1547	1.2451823581602306
1548	1.4883517694455386
1549	1.4883517694455386
1550	0.8776723993500152
1551	0.8776723993500152
1552	2.2506805007045125
1553	2.2506805007045125
1554	0.5099683680802528
1555	0.5099683680802528
1556	1.1789662861978285
1557	1.1789662861978285
1558	1.0157836583066424
1559	1.0157836583066424
1560	1.0691684365701157
1561	1.0691684365701157
1562	1.352245341582597
1563	1.352245341582597
1564	1.5538813611850826
1565	1.5538813611850826
1566	0.24490353737003323
1567	0.24490353737003323
1568	1.3004062674184262
1569	1.3004062674184262
1570	2.173581163470844
1571	2.173581163470844
1572	0.3383612880495963
1573	0.3383612880495963
1574	0.1
1575	0.1
1576	0.446522958172741
1577	0.446522958172741
1578	1.9409869094086316
1579	1.9409869094086316
1580	3.2526408544672147
1581	3.2526408544672147
1582	0.5899324572473666
1583	0.5899324572473666
1584	1.5572138156078439
1585	1.5572138156078439
1586	1.6357755666096543
1587	1.6357755666096543
1588	1.182762030086992
1589	1.182762030086992
1590	0.7537416428390197
1591	0.7537416428390197
1592	1.1358186595583444
1593	1.1358186595583444
1594	0.5503138321652689
1595	0.5503138321652689
1596	0.3304576715241756
1597	0.3304576715241756
1598	1.0283941608231009
1599	1.0283941608231009
1600	1.373238403529897
1601	1.373238403529897
1602	2.671012578461677
1603	2.671012578461677
1604	0.7549474218102299
1605	0.7549474218102299
1606	1.6139644904559372
1607	1.6139644904559372
1608	0.7506376361510506
1609	0.7506376361510506
1610	2.3055187604986123
1611	2.3055187604986123
1612	0.5346489240437418
1613	0.5346489240437418
1614	1.2509247553137888
1615	1.2509247553137888
1616	1.4453803711930338
1617	1.4453803711930338
1618	1.4569866085904422
1619	1.4569866085904422
1620	2.3769860457654164
1621	2.3769860457654164
1622	2.0103951751145104
1623	2.0103951751145104
1624	0.1
1625	0.1
1626	1.8809179417976436
1627	1.8809179417976436
1628	2.0837559619869417
1629	2.0837559619869417
1630	1.5589529675493352
1631	1.5589529675493352
1632	0.9520032875064004
1633	0.9520032875064004
1634	1.772488498598872
1635	1.772488498598872
1636	1.8003171388974029
1637	1.8003171388974029
1638	1.4980074730069135
1639	1.4980074730069135
1640	0.8195974611876964
1641	0.8195974611876964
1642	1.5057314852064934
1643	1.5057314852064934
1644	0.49911793830991746
1645	0.49911793830991746
1646	1.658362145504629
1647	1.658362145504629
1648	0.7186534170708088
1649	0.7186534170708088
1650	1.8156747644304676
1651	1.8156747644304676
1652	1.6617064886015154
1653	1.6617064886015154
1654	1.2200992400366888
1655	1.2200992400366888
1656	0.422708150423764
1657	0.422708150423764
1658	1.182429431499164
1659	1.182429431499164
1660	0.11792316828474103
1661	0.11792316828474103
1662	0.9828276514114456
1663	0.9828276514114456
1664	1.151481032019078
1665	1.151481032019078
1666	2.1523704943188884
1667	2.1523704943188884
1668	1.1185665943579548
1669	1.1185665943579548
1670	1.1575114101999064
1671	1.1575114101999064
1672	1.089619600872877
1673	1.089619600872877
1674	1.6879470835467258
1675	1.6879470835467258
1676	1.1317382029859426
1677	1.1317382029859426
1678	1.7986303757487443
1679	1.7986303757487443
1680	1.963117768272925
1681	1.963117768272925
1682	2.402858380241736
1683	2.402858380241736
1684	1.047195908065959
1685	1.047195908065959
1686	1.3591515867173158
1687	1.3591515867173158
1688	0.1
1689	0.1
1690	0.895968899165943
1691	0.895968899165943
1692	1.2421196231448093
1693	1.2421196231448093
1694	0.6622820590162938
1695	0.6622820590162938
1696	1.5541657154691682
1697	1.5541657154691682
1698	0.8806410601151222
1699	0.8806410601151222
1700	0.868467257471278
1701	0.868467257471278
1702	0.5047152494891065
1703	0.5047152494891065
1704	2.022978430154004
1705	2.022978430154004
1706	0.7324937861028843
1707	0.7324937861028843
1708	1.8249367850077292
1709	1.8249367850077292
1710	1.124060701806048
1711	1.124060701806048
1712	0.6997870130365224
1713	0.6997870130365224
1714	1.5133808521418737
1715	1.5133808521418737
1716	1.885679597842234
1717	1.885679597842234
1718	0.43198258427501046
1719	0.43198258427501046
1720	1.4484127496910946
1721	1.4484127496910946
1722	1.2486031270099127
1723	1.2486031270099127
1724	1.4592376166331724
1725	1.4592376166331724
1726	0.8140280381589561
1727	0.8140280381589561
1728	1.9379335383263592
1729	1.9379335383263592
1730	0.7418005727239545
1731	0.7418005727239545
1732	1.2124219074836404
1733	1.2124219074836404
1734	1.2043995286235065
1735	1.2043995286235065
1736	1.3510694008399033
1737	1.3510694008399033
1738	1.7281375881641226
1739	1.7281375881641226
1740	1.8292211042733484
1741	1.8292211042733484
1742	1.7037458789064004
1743	1.7037458789064004
1744	1.4452321080825716
1745	1.4452321080825716
1746	1.563890207982091
1747	1.563890207982091
1748	2.0980628320012364
1749	2.0980628320012364
1750	2.1502871633701384
1751	2.1502871633701384
1752	1.3823314422696145
1753	1.3823314422696145
1754	1.9440937657381596
1755	1.9440937657381596
1756	0.9081794117707075
1757	0.9081794117707075
1758	1.8988120784693279
1759	1.8988120784693279
1760	1.7420478558292818
1761	1.7420478558292818
1762	1.0847831340173553
1763	1.0847831340173553
1764	2.82053349407223
1765	2.82053349407223
1766	1.250869542331472
1767	1.250869542331472
1768	2.015216979892934
1769	2.015216979892934
1770	1.6756172028695033
1771	1.6756172028695033
1772	0.9983534257248023
1773	0.9983534257248023
1774	2.625926743209482
1775	2.625926743209482
1776	1.808172699276912
1777	1.808172699276912
1778	1.4585954943197486
1779	1.4585954943197486
1780	1.368480699598354
1781	1.368480699598354
1782	1.4943698719677052
1783	1.4943698719677052
1784	2.2595962542979176
1785	2.2595962542979176
1786	1.7591662847038583
1787	1.7591662847038583
1788	1.9609610926161676
1789	1.9609610926161676
1790	1.9219638103936783
1791	1.9219638103936783
1792	0.1
1793	0.1
1794	2.162131068632551
1795	2.162131068632551
1796	1.1976233440701096
1797	1.1976233440701096
1798	0.6328617548953153
1799	0.6328617548953153
1800	0.5417929765455544
1801	0.5417929765455544
1802	1.0578741375019232
1803	1.0578741375019232
1804	1.7393002734477099
1805	1.7393002734477099
1806	1.818472805927691
1807	1.818472805927691
1808	1.727099410507287
1809	1.727099410507287
1810	1.4169926011077367
1811	1.4169926011077367
1812	1.829246908140646
1813	1.829246908140646
1814	1.0673813674661914
1815	1.0673813674661914
1816	1.5693092234754653
1817	1.5693092234754653
1818	2.0051652284402857
1819	2.0051652284402857
1820	1.5947266421315298
1821	1.5947266421315298
1822	2.069432609905061
1823	2.069432609905061
1824	1.5336095308315059
1825	1.5336095308315059
1826	1.077434367570719
1827	1.077434367570719
1828	1.944814111937182
1829	1.944814111937182
1830	1.2673328779820767
1831	1.2673328779820767
1832	1.8639257394874285
1833	1.8639257394874285
1834	0.35596277846340096
1835	0.35596277846340096
1836	0.7559329574370512
1837	0.7559329574370512
1838	0.8014863419094421
1839	0.8014863419094421
1840	1.328644523750724
1841	1.328644523750724
1842	2.2620548877419044
1843	2.2620548877419044
1844	1.4061400998760094
1845	1.4061400998760094
1846	1.620062630683338
1847	1.620062630683338
1848	3.003080187682659
1849	3.003080187682659
1850	1.6511464363252957
1851	1.6511464363252957
1852	1.5072317279021248
1853	1.5072317279021248
1854	1.6662204874610635
1855	1.6662204874610635
1856	1.8616622907224787
1857	1.8616622907224787
1858	0.3636231220421977
1859	0.3636231220421977
1860	2.4847580834526353
1861	2.4847580834526353
1862	1.868133154155773
1863	1.868133154155773
1864	1.6964861796420463
1865	1.6964861796420463
1866	2.0493326391723885
1867	2.0493326391723885
1868	3.1464332513906665
1869	3.1464332513906665
1870	0.1
1871	0.1
1872	0.46801405595962375
1873	0.46801405595962375
1874	2.474181572953399
1875	2.474181572953399
1876	0.7644487894177644
1877	0.7644487894177644
1878	1.5174099120690105
1879	1.5174099120690105
1880	1.0144971763417927
1881	1.0144971763417927
1882	1.359220874627088
1883	1.359220874627088
1884	0.4797007681838088
1885	0.4797007681838088
1886	1.9944063857864198
1887	1.9944063857864198
1888	1.9846847840223574
1889	1.9846847840223574
1890	1.3093784695894848
1891	1.3093784695894848
1892	1.9512965727961182
1893	1.9512965727961182
1894	0.8394665370811951
1895	0.8394665370811951
1896	0.8468510639252684
1897	0.8468510639252684
1898	0.34871273997201846
1899	0.34871273997201846
1900	2.2870125250752653
1901	2.2870125250752653
1902	1.1701235087167305
1903	1.1701235087167305
1904	1.3816546229670104
1905	1.3816546229670104
1906	1.9349341438489427
1907	1.9349341438489427
1908	0.9494184992439345
1909	0.9494184992439345
1910	1.8418351734476728
