0	9.928743779723344
1	9.928743779723344
2	10.0
3	10.0
4	7.077211039705255
5	7.077211039705255
6	5.374127229992952
7	5.374127229992952
8	10.0
9	10.0
10	8.480271236077439
11	8.480271236077439
12	7.574579542838683
13	7.574579542838683
14	10.0
15	10.0
16	8.204545314497583
17	8.204545314497583
18	7.884375782946927
19	7.884375782946927
20	10.0
21	10.0
22	8.358906366006703
23	8.358906366006703
24	8.803285440563826
25	8.803285440563826
26	9.884191097816148
27	9.884191097816148
28	10.0
29	10.0
30	10.0
31	10.0
32	7.146809668079132
33	7.146809668079132
34	10.0
35	10.0
36	9.311895129158898
37	9.311895129158898
38	6.61842277769073
39	6.61842277769073
40	9.108845490849983
41	9.108845490849983
42	9.60224213782567
43	9.60224213782567
44	9.66304646589823
45	9.66304646589823
46	10.0
47	10.0
48	8.811555142211548
49	8.811555142211548
50	9.05803880032951
51	9.05803880032951
52	10.0
53	10.0
54	8.508361799124307
55	8.508361799124307
56	9.720797110274624
57	9.720797110274624
58	9.151787432196155
59	9.151787432196155
60	8.932268601449408
61	8.932268601449408
62	10.0
63	10.0
64	9.582792741898698
65	9.582792741898698
66	9.946246958566501
67	9.946246958566501
68	8.332062675203515
69	8.332062675203515
70	7.99921048643528
71	7.99921048643528
72	5.995351025084693
73	5.995351025084693
74	6.572923840759174
75	6.572923840759174
76	3.5715573858519756
77	3.5715573858519756
78	10.0
79	10.0
80	7.96148245510545
81	7.96148245510545
82	6.76280529262968
83	6.76280529262968
84	9.441851556051715
85	9.441851556051715
86	8.637734174591767
87	8.637734174591767
88	10.0
89	10.0
90	7.529364304495856
91	7.529364304495856
92	10.0
93	10.0
94	5.34840585666292
95	5.34840585666292
96	7.236675189861546
97	7.236675189861546
98	8.602083278295579
99	8.602083278295579
100	9.187508260956024
101	9.187508260956024
102	8.804177580959644
103	8.804177580959644
104	6.834018525238026
105	6.834018525238026
106	6.776465032054519
107	6.776465032054519
108	9.79783220497942
109	9.79783220497942
110	7.474591443121366
111	7.474591443121366
112	9.324695541400558
113	9.324695541400558
114	9.649208176918167
115	9.649208176918167
116	9.922498731520191
117	9.922498731520191
118	8.698360016155771
119	8.698360016155771
120	9.950767238242697
121	9.950767238242697
122	7.0356253149213765
123	7.0356253149213765
124	10.0
125	10.0
126	7.7259262989304025
127	7.7259262989304025
128	8.371629624962239
129	8.371629624962239
130	8.6791692763051
131	8.6791692763051
132	8.077591879808262
133	8.077591879808262
134	10.0
135	10.0
136	6.179524021773675
137	6.179524021773675
138	5.791404288964492
139	5.791404288964492
140	9.642799759192973
141	9.642799759192973
142	10.0
143	10.0
144	9.220525265025731
145	9.220525265025731
146	6.643945861996118
147	6.643945861996118
148	9.840264130882087
149	9.840264130882087
150	9.295095524531998
151	9.295095524531998
152	7.2591883326389075
153	7.2591883326389075
154	10.0
155	10.0
156	9.330723111285561
157	9.330723111285561
158	6.474367208919384
159	6.474367208919384
160	10.0
161	10.0
162	8.496891570035192
163	8.496891570035192
164	6.786620744743418
165	6.786620744743418
166	8.803281512239344
167	8.803281512239344
168	7.281389953250387
169	7.281389953250387
170	9.584054670639956
171	9.584054670639956
172	5.715313610469098
173	5.715313610469098
174	10.0
175	10.0
176	8.292402842431269
177	8.292402842431269
178	10.0
179	10.0
180	10.0
181	10.0
182	5.931149717556947
183	5.931149717556947
184	7.607669521921926
185	7.607669521921926
186	8.023850459829557
187	8.023850459829557
188	10.0
189	10.0
190	5.686394687873198
191	5.686394687873198
192	10.0
193	10.0
194	5.423227572083352
195	5.423227572083352
196	10.0
197	10.0
198	10.0
199	10.0
200	9.037268563318099
201	9.037268563318099
202	9.254985119865653
203	9.254985119865653
204	10.0
205	10.0
206	7.263084466178336
207	7.263084466178336
208	9.10236842845545
209	9.10236842845545
210	8.288120384455857
211	8.288120384455857
212	7.105378904349913
213	7.105378904349913
214	10.0
215	10.0
216	4.131099067709777
217	4.131099067709777
218	7.460888565728146
219	7.460888565728146
220	10.0
221	10.0
222	7.91586516063017
223	7.91586516063017
224	7.387500067340612
225	7.387500067340612
226	9.469703941579185
227	9.469703941579185
228	10.0
229	10.0
230	9.338468900690398
231	9.338468900690398
232	10.0
233	10.0
234	8.786140181579707
235	8.786140181579707
236	9.334989221245692
237	9.334989221245692
238	7.772091807489128
239	7.772091807489128
240	10.0
241	10.0
242	4.716693465872208
243	4.716693465872208
244	7.233647908924759
245	7.233647908924759
246	9.957085328175058
247	9.957085328175058
248	9.155474678497185
249	9.155474678497185
250	8.914919530967751
251	8.914919530967751
252	10.0
253	10.0
254	7.704181253173529
255	7.704181253173529
256	8.9394735998041
257	8.9394735998041
258	10.0
259	10.0
260	6.754557267322718
261	6.754557267322718
262	10.0
263	10.0
264	10.0
265	10.0
266	9.708023665905602
267	9.708023665905602
268	5.283111984117745
269	5.283111984117745
270	8.428687105949725
271	8.428687105949725
272	5.926375893474343
273	5.926375893474343
274	10.0
275	10.0
276	10.0
277	10.0
278	10.0
279	10.0
280	6.709597513694419
281	6.709597513694419
282	6.2116574939043385
283	6.2116574939043385
284	6.534955510249052
285	6.534955510249052
286	9.354293027689208
287	9.354293027689208
288	6.563152383778268
289	6.563152383778268
290	7.778551805296945
291	7.778551805296945
292	10.0
293	10.0
294	10.0
295	10.0
296	4.807187791780773
297	4.807187791780773
298	8.975302939279898
299	8.975302939279898
300	9.778797906549588
301	9.778797906549588
302	10.0
303	10.0
304	10.0
305	10.0
306	3.88587622396547
307	3.88587622396547
308	8.436511213933274
309	8.436511213933274
310	10.0
311	10.0
312	10.0
313	10.0
314	7.680405473221105
315	7.680405473221105
316	7.2249466004790595
317	7.2249466004790595
318	7.417502047942831
319	7.417502047942831
320	8.774048757984062
321	8.774048757984062
322	7.23429519508353
323	7.23429519508353
324	7.067107797051241
325	7.067107797051241
326	10.0
327	10.0
328	7.1181037637247035
329	7.1181037637247035
330	8.078534391268988
331	8.078534391268988
332	5.122833579963393
333	5.122833579963393
334	9.03583411993187
335	9.03583411993187
336	7.123106083503782
337	7.123106083503782
338	9.742666997474702
339	9.742666997474702
340	5.859967421992368
341	5.859967421992368
342	10.0
343	10.0
344	10.0
345	10.0
346	8.459530284071464
347	8.459530284071464
348	9.179445204723029
349	9.179445204723029
350	10.0
351	10.0
352	9.985013187543244
353	9.985013187543244
354	7.323678263426265
355	7.323678263426265
356	10.0
357	10.0
358	9.175980929635974
359	9.175980929635974
360	10.0
361	10.0
362	6.833245739725985
363	6.833245739725985
364	10.0
365	10.0
366	7.0920139690068424
367	7.0920139690068424
368	9.323775683502921
369	9.323775683502921
370	9.146301418651483
371	9.146301418651483
372	8.024732710272954
373	8.024732710272954
374	7.891415634243568
375	7.891415634243568
376	9.176556390735287
377	9.176556390735287
378	9.615320824470132
379	9.615320824470132
380	3.257138648017227
381	3.257138648017227
382	10.0
383	10.0
384	10.0
385	10.0
386	9.10038307091478
387	9.10038307091478
388	8.696076239827205
389	8.696076239827205
390	8.192878921745752
391	8.192878921745752
392	6.870480847329152
393	6.870480847329152
394	9.72683853020202
395	9.72683853020202
396	8.09518627561149
397	8.09518627561149
398	10.0
399	10.0
400	9.653143197291415
401	9.653143197291415
402	9.44017224279993
403	9.44017224279993
404	9.635706640722386
405	9.635706640722386
406	7.227245187923898
407	7.227245187923898
408	6.263458774352955
409	6.263458774352955
410	8.241189003633774
411	8.241189003633774
412	10.0
413	10.0
414	10.0
415	10.0
416	7.929695811272585
417	7.929695811272585
418	8.644200083353477
419	8.644200083353477
420	7.063925155336825
421	7.063925155336825
422	5.431886870572487
423	5.431886870572487
424	5.643271662818174
425	5.643271662818174
426	10.0
427	10.0
428	6.8234181045209645
429	6.8234181045209645
430	6.387482232215033
431	6.387482232215033
432	8.51714791440195
433	8.51714791440195
434	7.670572428063465
435	7.670572428063465
436	8.832130698423416
437	8.832130698423416
438	9.841415781911097
439	9.841415781911097
440	7.429789861005371
441	7.429789861005371
442	8.50713859806382
443	8.50713859806382
444	10.0
445	10.0
446	6.423273494402629
447	6.423273494402629
448	9.887392865769758
449	9.887392865769758
450	7.891337872096795
451	7.891337872096795
452	6.939072309930104
453	6.939072309930104
454	6.770464231954595
455	6.770464231954595
456	8.161740923102084
457	8.161740923102084
458	10.0
459	10.0
460	9.758269313520236
461	9.758269313520236
462	6.49344018402671
463	6.49344018402671
464	9.915566808355793
465	9.915566808355793
466	10.0
467	10.0
468	7.505763585316666
469	7.505763585316666
470	8.856208672486183
471	8.856208672486183
472	8.747279436310182
473	8.747279436310182
474	9.283565274106138
475	9.283565274106138
476	5.190169934443731
477	5.190169934443731
478	3.160676162536637
479	3.160676162536637
480	10.0
481	10.0
482	6.158162222125686
483	6.158162222125686
484	8.807046941937472
485	8.807046941937472
486	9.41338779596876
487	9.41338779596876
488	8.408218782657649
489	8.408218782657649
490	7.740048504135813
491	7.740048504135813
492	10.0
493	10.0
494	10.0
495	10.0
496	10.0
497	10.0
498	6.5599694498094365
499	6.5599694498094365
500	8.402890982010017
501	8.402890982010017
502	7.398775171177649
503	7.398775171177649
504	6.609701118067971
505	6.609701118067971
506	10.0
507	10.0
508	9.26314790177738
509	9.26314790177738
510	7.455061966398125
511	7.455061966398125
512	6.471353701266674
513	6.471353701266674
514	5.5877890903623975
515	5.5877890903623975
516	10.0
517	10.0
518	8.927241907659738
519	8.927241907659738
520	7.569645517587377
521	7.569645517587377
522	8.049270900996875
523	8.049270900996875
524	6.6943689733155125
525	6.6943689733155125
526	8.094431456733302
527	8.094431456733302
528	8.879466018652442
529	8.879466018652442
530	7.702213348242488
531	7.702213348242488
532	8.271930509715883
533	8.271930509715883
534	7.628030143250654
535	7.628030143250654
536	10.0
537	10.0
538	9.891096751849805
539	9.891096751849805
540	5.917431007452784
541	5.917431007452784
542	8.544673841102728
543	8.544673841102728
544	8.32979025886277
545	8.32979025886277
546	9.974090296963265
547	9.974090296963265
548	5.999325532945113
549	5.999325532945113
550	8.683667570461662
551	8.683667570461662
552	7.808419285356668
553	7.808419285356668
554	10.0
555	10.0
556	9.553617852453657
557	9.553617852453657
558	10.0
559	10.0
560	10.0
561	10.0
562	7.006423962681481
563	7.006423962681481
564	8.871759187535721
565	8.871759187535721
566	3.807461628293665
567	3.807461628293665
568	10.0
569	10.0
570	6.044892334175021
571	6.044892334175021
572	9.842086818887958
573	9.842086818887958
574	9.460546975159062
575	9.460546975159062
576	9.88973525210424
577	9.88973525210424
578	6.832715502609295
579	6.832715502609295
580	4.708277108142075
581	4.708277108142075
582	8.68625557523202
583	8.68625557523202
584	6.978583824537736
585	6.978583824537736
586	10.0
587	10.0
588	9.172137396040931
589	9.172137396040931
590	8.234922555579931
591	8.234922555579931
592	10.0
593	10.0
594	4.411055018674848
595	4.411055018674848
596	5.391670075844998
597	5.391670075844998
598	7.293350933936386
599	7.293350933936386
600	7.042570044557966
601	7.042570044557966
602	7.656006458929873
603	7.656006458929873
604	10.0
605	10.0
606	7.527796571401123
607	7.527796571401123
608	8.294498164513758
609	8.294498164513758
610	7.345679973632405
611	7.345679973632405
612	10.0
613	10.0
614	8.070856086177374
615	8.070856086177374
616	8.735662937623662
617	8.735662937623662
618	6.752415605909871
619	6.752415605909871
620	7.218171285919663
621	7.218171285919663
622	7.659291134408612
623	7.659291134408612
624	9.747692592147011
625	9.747692592147011
626	6.284798551208944
627	6.284798551208944
628	10.0
629	10.0
630	6.121864882365398
631	6.121864882365398
632	5.512365332206219
633	5.512365332206219
634	5.499180810317235
635	5.499180810317235
636	8.263261665173562
637	8.263261665173562
638	10.0
639	10.0
640	8.415045474444492
641	8.415045474444492
642	3.1702163881041754
643	3.1702163881041754
644	10.0
645	10.0
646	6.675548712470336
647	6.675548712470336
648	9.64166316132572
649	9.64166316132572
650	10.0
651	10.0
652	7.5081400691924625
653	7.5081400691924625
654	9.756569277379565
655	9.756569277379565
656	9.415663205676655
657	9.415663205676655
658	9.534889139595412
659	9.534889139595412
660	7.233273008218981
661	7.233273008218981
662	8.264523224458477
663	8.264523224458477
664	10.0
665	10.0
666	7.872189175610595
667	7.872189175610595
668	9.02299876395573
669	9.02299876395573
670	5.15691702961233
671	5.15691702961233
672	10.0
673	10.0
674	7.976442117596248
675	7.976442117596248
676	7.752405897473952
677	7.752405897473952
678	10.0
679	10.0
680	9.982530955394433
681	9.982530955394433
682	9.292565695360063
683	9.292565695360063
684	10.0
685	10.0
686	8.495440213254117
687	8.495440213254117
688	10.0
689	10.0
690	10.0
691	10.0
692	9.663226798113245
693	9.663226798113245
694	9.67726608047337
695	9.67726608047337
696	7.186450337546589
697	7.186450337546589
698	8.599566732430906
699	8.599566732430906
700	7.434099127410956
701	7.434099127410956
702	9.48010267995729
703	9.48010267995729
704	9.525555969447275
705	9.525555969447275
706	7.041928929086397
707	7.041928929086397
708	8.937598829020782
709	8.937598829020782
710	7.944694780268683
711	7.944694780268683
712	8.18191398079917
713	8.18191398079917
714	7.556609807102714
715	7.556609807102714
716	9.495713603647788
717	9.495713603647788
718	8.635923670965388
719	8.635923670965388
720	10.0
721	10.0
722	6.64284594300715
723	6.64284594300715
724	10.0
725	10.0
726	10.0
727	10.0
728	8.454679059240114
729	8.454679059240114
730	8.287191478244115
731	8.287191478244115
732	7.458700668712846
733	7.458700668712846
734	4.85866349408426
735	4.85866349408426
736	6.796623711666437
737	6.796623711666437
738	6.043514366239715
739	6.043514366239715
740	8.126996028985687
741	8.126996028985687
742	8.019047350479996
743	8.019047350479996
744	7.015750184938546
745	7.015750184938546
746	10.0
747	10.0
748	6.795605438201198
749	6.795605438201198
750	4.575858907477355
751	4.575858907477355
752	9.220660299691424
753	9.220660299691424
754	10.0
755	10.0
756	9.950464842245303
757	9.950464842245303
758	10.0
759	10.0
760	5.883326304332458
761	5.883326304332458
762	10.0
763	10.0
764	4.667129498652412
765	4.667129498652412
766	7.05616295522376
767	7.05616295522376
768	8.706695952146143
769	8.706695952146143
770	10.0
771	10.0
772	8.413789506956062
773	8.413789506956062
774	10.0
775	10.0
776	10.0
777	10.0
778	7.754591403085528
779	7.754591403085528
780	8.456891810145791
781	8.456891810145791
782	10.0
783	10.0
784	8.222076387167215
785	8.222076387167215
786	7.587408052338741
787	7.587408052338741
788	9.355519429404984
789	9.355519429404984
790	6.784446821499025
791	6.784446821499025
792	6.064071473023472
793	6.064071473023472
794	10.0
795	10.0
796	9.359045646324951
797	9.359045646324951
798	10.0
799	10.0
800	9.87743722179155
801	9.87743722179155
802	8.794510438466075
803	8.794510438466075
804	10.0
805	10.0
806	8.193911975047646
807	8.193911975047646
808	9.406959233347814
809	9.406959233347814
810	10.0
811	10.0
812	8.82761497467687
813	8.82761497467687
814	10.0
815	10.0
816	7.472079364331054
817	7.472079364331054
818	6.7218416649386175
819	6.7218416649386175
820	9.91380142892446
821	9.91380142892446
822	6.595964470812282
823	6.595964470812282
824	10.0
825	10.0
826	10.0
827	10.0
828	7.9963596131858905
829	7.9963596131858905
830	10.0
831	10.0
832	9.960278660359922
833	9.960278660359922
834	8.28304938864638
835	8.28304938864638
836	10.0
837	10.0
838	10.0
839	10.0
840	8.218335478182633
841	8.218335478182633
842	10.0
843	10.0
844	6.2362756472365515
845	6.2362756472365515
846	8.559255091775478
847	8.559255091775478
848	9.639866436908159
849	9.639866436908159
850	8.043921697231069
851	8.043921697231069
852	8.995291849511979
853	8.995291849511979
854	7.737067865811556
855	7.737067865811556
856	7.560596240353135
857	7.560596240353135
858	9.280856703043105
859	9.280856703043105
860	7.5576763383467425
861	7.5576763383467425
862	7.572191618944389
863	7.572191618944389
864	6.3606421898081145
865	6.3606421898081145
866	5.492619454666827
867	5.492619454666827
868	10.0
869	10.0
870	7.096155709602748
871	7.096155709602748
872	8.358106553452952
873	8.358106553452952
874	9.469379645342451
875	9.469379645342451
876	8.527760299735718
877	8.527760299735718
878	10.0
879	10.0
880	8.080085525594322
881	8.080085525594322
882	8.16052547393354
883	8.16052547393354
884	7.4695884308797735
885	7.4695884308797735
886	7.4114872638642995
887	7.4114872638642995
888	7.822856161089611
889	7.822856161089611
890	9.854414682084304
891	9.854414682084304
892	7.432786474552421
893	7.432786474552421
894	10.0
895	10.0
896	9.370520269448866
897	9.370520269448866
898	6.456103776369726
899	6.456103776369726
900	9.032696758858917
901	9.032696758858917
902	8.713068179047143
903	8.713068179047143
904	6.314147773878563
905	6.314147773878563
906	10.0
907	10.0
908	10.0
909	10.0
910	9.633191485150453
911	9.633191485150453
912	8.45275712740814
913	8.45275712740814
914	10.0
915	10.0
916	7.288118480976189
917	7.288118480976189
918	7.493505099143156
919	7.493505099143156
920	8.235758503087055
921	8.235758503087055
922	9.077783559720508
923	9.077783559720508
924	9.840273034399509
925	9.840273034399509
926	10.0
927	10.0
928	9.12704063135082
929	9.12704063135082
930	10.0
931	10.0
932	10.0
933	10.0
934	9.119112731075582
935	9.119112731075582
936	10.0
937	10.0
938	5.891385446857695
939	5.891385446857695
940	9.568069693416362
941	9.568069693416362
942	10.0
943	10.0
944	8.459299645213346
945	8.459299645213346
946	5.820330761439342
947	5.820330761439342
948	8.682386719933197
949	8.682386719933197
950	8.66239256780603
951	8.66239256780603
952	10.0
953	10.0
954	6.064579523626017
955	6.064579523626017
956	8.392073776569305
957	8.392073776569305
958	10.0
959	10.0
960	9.758180954983738
961	9.758180954983738
962	10.0
963	10.0
964	5.234971291163645
965	5.234971291163645
966	6.375456553484657
967	6.375456553484657
968	8.043827373708977
969	8.043827373708977
970	9.610969928067385
971	9.610969928067385
972	9.310432597611927
973	9.310432597611927
974	9.292686095727058
975	9.292686095727058
976	7.540028175071831
977	7.540028175071831
978	10.0
979	10.0
980	6.89044862281216
981	6.89044862281216
982	9.797666642326067
983	9.797666642326067
984	6.076629698105502
985	6.076629698105502
986	9.800054796593013
987	9.800054796593013
988	8.960789496500137
989	8.960789496500137
990	9.722815178005881
991	9.722815178005881
992	10.0
993	10.0
994	8.850727184470873
995	8.850727184470873
996	8.608313950547764
997	8.608313950547764
998	8.40272727316765
999	8.40272727316765
1000	7.235998742295066
1001	7.235998742295066
1002	10.0
1003	10.0
1004	7.0662284484179745
1005	7.0662284484179745
1006	8.940503262337835
1007	8.940503262337835
1008	10.0
1009	10.0
1010	9.961154257347559
1011	9.961154257347559
1012	6.347615115196342
1013	6.347615115196342
1014	2.7140524083308684
1015	2.7140524083308684
1016	9.640769859502992
1017	9.640769859502992
1018	7.51580707575432
1019	7.51580707575432
1020	6.324998530017442
1021	6.324998530017442
1022	10.0
1023	10.0
1024	5.731686021615634
1025	5.731686021615634
1026	7.442979334707637
1027	7.442979334707637
1028	8.526259099307836
1029	8.526259099307836
1030	8.095663844288687
1031	8.095663844288687
1032	10.0
1033	10.0
1034	10.0
1035	10.0
1036	10.0
1037	10.0
1038	10.0
1039	10.0
1040	5.622531030408426
1041	5.622531030408426
1042	10.0
1043	10.0
1044	6.787878098232293
1045	6.787878098232293
1046	9.091301753302021
1047	9.091301753302021
1048	10.0
1049	10.0
1050	9.269241303978879
1051	9.269241303978879
1052	8.417853904804296
1053	8.417853904804296
1054	3.2793794461684245
1055	3.2793794461684245
1056	10.0
1057	10.0
1058	7.701489171567772
1059	7.701489171567772
1060	8.203588739660287
1061	8.203588739660287
1062	8.09004723570238
1063	8.09004723570238
1064	8.519733225715026
1065	8.519733225715026
1066	7.771938640644758
1067	7.771938640644758
1068	10.0
1069	10.0
1070	10.0
1071	10.0
1072	10.0
1073	10.0
1074	8.269901513693954
1075	8.269901513693954
1076	7.640318653102538
1077	7.640318653102538
1078	10.0
1079	10.0
1080	7.68132359908281
1081	7.68132359908281
1082	9.408001098244434
1083	9.408001098244434
1084	10.0
1085	10.0
1086	8.584972307333992
1087	8.584972307333992
1088	6.921037442655148
1089	6.921037442655148
1090	9.122656545523492
1091	9.122656545523492
1092	8.426197495231042
1093	8.426197495231042
1094	7.524237162406232
1095	7.524237162406232
1096	7.7232102326696666
1097	7.7232102326696666
1098	9.985520948758444
1099	9.985520948758444
1100	7.662604037906466
1101	7.662604037906466
1102	10.0
1103	10.0
1104	9.39584638921317
1105	9.39584638921317
1106	9.917114053172604
1107	9.917114053172604
1108	6.201612178568464
1109	6.201612178568464
1110	6.991913014651216
1111	6.991913014651216
1112	5.29790687734179
1113	5.29790687734179
1114	10.0
1115	10.0
1116	9.090625791559777
1117	9.090625791559777
1118	10.0
1119	10.0
1120	7.051602672702527
1121	7.051602672702527
1122	8.21454123419982
1123	8.21454123419982
1124	8.219780931680779
1125	8.219780931680779
1126	8.110592639460275
1127	8.110592639460275
1128	7.808179785481192
1129	7.808179785481192
1130	7.625788843000702
1131	7.625788843000702
1132	9.590122007680698
1133	9.590122007680698
1134	10.0
1135	10.0
1136	7.084859890213718
1137	7.084859890213718
1138	8.093871541718997
1139	8.093871541718997
1140	6.243840407088516
1141	6.243840407088516
1142	10.0
1143	10.0
1144	6.039265463397112
1145	6.039265463397112
1146	9.858463581688495
1147	9.858463581688495
1148	7.301016859067746
1149	7.301016859067746
1150	10.0
1151	10.0
1152	7.958318395972178
1153	7.958318395972178
1154	10.0
1155	10.0
1156	7.912588677811355
1157	7.912588677811355
1158	9.61013653640606
1159	9.61013653640606
1160	10.0
1161	10.0
1162	5.919297460041045
1163	5.919297460041045
1164	10.0
1165	10.0
1166	6.711277043321065
1167	6.711277043321065
1168	4.060063761305071
1169	4.060063761305071
1170	10.0
1171	10.0
1172	10.0
1173	10.0
1174	7.455259327393856
1175	7.455259327393856
1176	5.724953946781893
1177	5.724953946781893
1178	8.561220955698499
1179	8.561220955698499
1180	7.333914272458885
1181	7.333914272458885
1182	7.867357079403855
1183	7.867357079403855
1184	10.0
1185	10.0
1186	6.639951073396906
1187	6.639951073396906
1188	7.104617972987818
1189	7.104617972987818
1190	6.723063308744237
1191	6.723063308744237
1192	10.0
1193	10.0
1194	9.933137944866276
1195	9.933137944866276
1196	9.880091526319239
1197	9.880091526319239
1198	9.878472173625115
1199	9.878472173625115
1200	10.0
1201	10.0
1202	5.357465955968205
1203	5.357465955968205
1204	7.049781596787147
1205	7.049781596787147
1206	10.0
1207	10.0
1208	6.364244174236548
1209	6.364244174236548
1210	7.631536697661953
1211	7.631536697661953
1212	10.0
1213	10.0
1214	8.48116754754722
1215	8.48116754754722
1216	9.513214585282965
1217	9.513214585282965
1218	9.021992665912565
1219	9.021992665912565
1220	7.453056472581367
1221	7.453056472581367
1222	10.0
1223	10.0
1224	7.014736808840966
1225	7.014736808840966
1226	10.0
1227	10.0
1228	4.860359714845236
1229	4.860359714845236
1230	5.228036154919835
1231	5.228036154919835
1232	7.850696978867475
1233	7.850696978867475
1234	4.312306917228572
1235	4.312306917228572
1236	10.0
1237	10.0
1238	7.688815812494056
1239	7.688815812494056
1240	7.511221189702465
1241	7.511221189702465
1242	9.312404356640148
1243	9.312404356640148
1244	5.993899089439232
1245	5.993899089439232
1246	7.582092481612996
1247	7.582092481612996
1248	7.286734770314782
1249	7.286734770314782
1250	10.0
1251	10.0
1252	9.918992004085037
1253	9.918992004085037
1254	6.673540478705951
1255	6.673540478705951
1256	10.0
1257	10.0
1258	10.0
1259	10.0
1260	9.013107658485309
1261	9.013107658485309
1262	10.0
1263	10.0
1264	7.951195448880424
1265	7.951195448880424
1266	7.603883834251477
1267	7.603883834251477
1268	5.630103599175774
1269	5.630103599175774
1270	5.999049838857218
1271	5.999049838857218
1272	8.535420759096068
1273	8.535420759096068
1274	7.981015945318083
1275	7.981015945318083
1276	8.205201701922764
1277	8.205201701922764
1278	10.0
1279	10.0
1280	9.656437140842907
1281	9.656437140842907
1282	10.0
1283	10.0
1284	8.746931075167373
1285	8.746931075167373
1286	8.577469984794137
1287	8.577469984794137
1288	6.1533156190170395
1289	6.1533156190170395
1290	8.030590471669157
1291	8.030590471669157
1292	10.0
1293	10.0
1294	9.015029178718391
1295	9.015029178718391
1296	10.0
1297	10.0
1298	10.0
1299	10.0
1300	9.055005332618121
1301	9.055005332618121
1302	10.0
1303	10.0
1304	7.059724248045818
1305	7.059724248045818
1306	6.8896713572525705
1307	6.8896713572525705
1308	6.489944107751952
1309	6.489944107751952
1310	10.0
1311	10.0
1312	7.91746619185359
1313	7.91746619185359
1314	6.021986708948108
1315	6.021986708948108
1316	8.40515494219088
1317	8.40515494219088
1318	8.219208886158812
1319	8.219208886158812
1320	7.0514183150072345
1321	7.0514183150072345
1322	7.877102299547411
1323	7.877102299547411
1324	4.540295999302931
1325	4.540295999302931
1326	10.0
1327	10.0
1328	10.0
1329	10.0
1330	6.9559870248705264
1331	6.9559870248705264
1332	10.0
1333	10.0
1334	6.962972507595955
1335	6.962972507595955
1336	7.746708451067175
1337	7.746708451067175
1338	6.559063897224519
1339	6.559063897224519
1340	10.0
1341	10.0
1342	6.196013321405077
1343	6.196013321405077
1344	8.821202182805196
1345	8.821202182805196
1346	8.773071873691535
1347	8.773071873691535
1348	7.839753242738117
1349	7.839753242738117
1350	3.303875168021018
1351	3.303875168021018
1352	10.0
1353	10.0
1354	7.955179315479034
1355	7.955179315479034
1356	8.546489989600477
1357	8.546489989600477
1358	5.564144411623248
1359	5.564144411623248
1360	5.86085432018827
1361	5.86085432018827
1362	6.5856268624315275
1363	6.5856268624315275
1364	10.0
1365	10.0
1366	6.2906369651884635
1367	6.2906369651884635
1368	9.217419474715438
1369	9.217419474715438
1370	9.840976174107874
1371	9.840976174107874
1372	9.119612483056748
1373	9.119612483056748
1374	9.215079134441787
1375	9.215079134441787
1376	8.996500673495802
1377	8.996500673495802
1378	5.670643211446335
1379	5.670643211446335
1380	8.674155647342406
1381	8.674155647342406
1382	7.695937145786768
1383	7.695937145786768
1384	10.0
1385	10.0
1386	9.447576220457748
1387	9.447576220457748
1388	8.17152987162371
1389	8.17152987162371
1390	10.0
1391	10.0
1392	9.731491252063998
1393	9.731491252063998
1394	9.606605990279425
1395	9.606605990279425
1396	10.0
1397	10.0
1398	9.157482622932427
1399	9.157482622932427
1400	7.564054743795892
1401	7.564054743795892
1402	10.0
1403	10.0
1404	9.907378689182549
1405	9.907378689182549
1406	8.835397776787822
1407	8.835397776787822
1408	7.0421600465351215
1409	7.0421600465351215
1410	7.795173866095889
1411	7.795173866095889
1412	10.0
1413	10.0
1414	8.264665863488029
1415	8.264665863488029
1416	6.888078252795272
1417	6.888078252795272
1418	7.595917459729076
1419	7.595917459729076
1420	7.572361626404907
1421	7.572361626404907
1422	8.897957581238687
1423	8.897957581238687
1424	8.40531955900065
1425	8.40531955900065
1426	9.9800174848862
1427	9.9800174848862
1428	6.249636381611213
1429	6.249636381611213
1430	8.043858463494468
1431	8.043858463494468
1432	8.213374458215306
1433	8.213374458215306
1434	10.0
1435	10.0
1436	10.0
1437	10.0
1438	9.670268368389248
1439	9.670268368389248
1440	8.564233172015388
1441	8.564233172015388
1442	7.530037151025037
1443	7.530037151025037
1444	10.0
1445	10.0
1446	7.688618317344044
1447	7.688618317344044
1448	9.335299723830865
1449	9.335299723830865
1450	10.0
1451	10.0
1452	7.321792183442643
1453	7.321792183442643
1454	6.4555794881338135
1455	6.4555794881338135
1456	10.0
1457	10.0
1458	10.0
1459	10.0
1460	9.104585120542483
1461	9.104585120542483
1462	5.278236811189024
1463	5.278236811189024
1464	8.077407633997433
1465	8.077407633997433
1466	7.422315432652137
1467	7.422315432652137
1468	10.0
1469	10.0
1470	9.730342972502726
1471	9.730342972502726
1472	7.578655902478939
1473	7.578655902478939
1474	8.921288797847948
1475	8.921288797847948
1476	8.41152128075746
1477	8.41152128075746
1478	10.0
1479	10.0
1480	9.863131950945167
1481	9.863131950945167
1482	9.775902603730755
1483	9.775902603730755
1484	10.0
1485	10.0
1486	4.919055504364483
1487	4.919055504364483
1488	8.307962282817746
1489	8.307962282817746
1490	8.145525294819024
1491	8.145525294819024
1492	10.0
1493	10.0
1494	7.128319209861794
1495	7.128319209861794
1496	7.231556936772844
1497	7.231556936772844
1498	9.965249584082606
1499	9.965249584082606
1500	4.901605499926967
1501	4.901605499926967
1502	7.551767864281118
1503	7.551767864281118
1504	9.219413857942781
1505	9.219413857942781
1506	9.587235494418028
1507	9.587235494418028
1508	10.0
1509	10.0
1510	9.405035952475718
1511	9.405035952475718
1512	7.415729829765824
1513	7.415729829765824
1514	7.85305999455621
1515	7.85305999455621
1516	10.0
1517	10.0
1518	9.418464915747737
1519	9.418464915747737
1520	10.0
1521	10.0
1522	7.654868378476536
1523	7.654868378476536
1524	8.981045560075044
1525	8.981045560075044
1526	7.017848241595993
1527	7.017848241595993
1528	7.866794013302604
1529	7.866794013302604
1530	8.948889938752464
1531	8.948889938752464
1532	10.0
1533	10.0
1534	6.427307474674299
1535	6.427307474674299
1536	8.168044515627326
1537	8.168044515627326
1538	9.564081361056529
1539	9.564081361056529
1540	8.183177691992636
1541	8.183177691992636
1542	10.0
1543	10.0
1544	9.115257977830192
1545	9.115257977830192
1546	10.0
1547	10.0
1548	10.0
1549	10.0
1550	7.153869392215544
1551	7.153869392215544
1552	8.275715171702453
1553	8.275715171702453
1554	8.690427548424708
1555	8.690427548424708
1556	9.928913981299031
1557	9.928913981299031
1558	9.825273793267144
1559	9.825273793267144
1560	6.5558753191600205
1561	6.5558753191600205
1562	5.01295576941645
1563	5.01295576941645
1564	10.0
1565	10.0
1566	8.432034681870883
1567	8.432034681870883
1568	7.589837234000529
1569	7.589837234000529
1570	7.683614265893036
1571	7.683614265893036
1572	8.792235594623104
1573	8.792235594623104
1574	5.327944404609827
1575	5.327944404609827
1576	8.982306212627787
1577	8.982306212627787
1578	10.0
1579	10.0
1580	8.779064378490514
1581	8.779064378490514
1582	8.157704332765425
1583	8.157704332765425
1584	8.652587728976803
1585	8.652587728976803
1586	7.803213035085985
1587	7.803213035085985
1588	8.901750256667723
1589	8.901750256667723
1590	10.0
1591	10.0
1592	10.0
1593	10.0
1594	9.635271441370945
1595	9.635271441370945
1596	10.0
1597	10.0
1598	10.0
1599	10.0
1600	10.0
1601	10.0
1602	8.193695061221124
1603	8.193695061221124
1604	3.574335110046828
1605	3.574335110046828
1606	6.639023163395633
1607	6.639023163395633
1608	9.509859946042155
1609	9.509859946042155
1610	8.562987007225159
1611	8.562987007225159
1612	10.0
1613	10.0
1614	9.92009581384688
1615	9.92009581384688
1616	9.332020861056234
1617	9.332020861056234
1618	10.0
1619	10.0
1620	5.194313076175128
1621	5.194313076175128
1622	7.538435050420825
1623	7.538435050420825
1624	10.0
1625	10.0
1626	6.401416666553901
1627	6.401416666553901
1628	8.821228709712328
1629	8.821228709712328
1630	4.47472078235008
1631	4.47472078235008
1632	9.928387751076144
1633	9.928387751076144
1634	9.320930775015068
1635	9.320930775015068
1636	4.997506193757929
1637	4.997506193757929
1638	10.0
1639	10.0
1640	10.0
1641	10.0
1642	8.077409741128697
1643	8.077409741128697
1644	9.138226200380636
1645	9.138226200380636
1646	5.756696401334797
1647	5.756696401334797
1648	10.0
1649	10.0
1650	7.774867573055547
1651	7.774867573055547
1652	10.0
1653	10.0
1654	8.226669741067704
1655	8.226669741067704
1656	9.960901932942523
1657	9.960901932942523
1658	10.0
1659	10.0
1660	7.87022868763441
1661	7.87022868763441
1662	10.0
1663	10.0
1664	8.98049572134205
1665	8.98049572134205
1666	10.0
1667	10.0
1668	10.0
1669	10.0
1670	6.4630283958220485
1671	6.4630283958220485
1672	9.627149956339954
1673	9.627149956339954
1674	8.898895385335658
1675	8.898895385335658
1676	10.0
1677	10.0
1678	8.089194790935954
1679	8.089194790935954
1680	7.217716401640304
1681	7.217716401640304
1682	10.0
1683	10.0
1684	10.0
1685	10.0
1686	8.858057449041198
1687	8.858057449041198
1688	10.0
1689	10.0
1690	7.503445818273216
1691	7.503445818273216
1692	8.977214843356618
1693	8.977214843356618
1694	7.7826360917704696
1695	7.7826360917704696
1696	7.13541895185675
1697	7.13541895185675
1698	9.084149381877127
1699	9.084149381877127
1700	9.197510744843694
1701	9.197510744843694
1702	10.0
1703	10.0
1704	10.0
1705	10.0
1706	10.0
1707	10.0
1708	10.0
1709	10.0
1710	5.698667419854429
1711	5.698667419854429
1712	6.501375106085536
1713	6.501375106085536
1714	6.71164263888352
1715	6.71164263888352
1716	10.0
1717	10.0
1718	8.97176045957779
1719	8.97176045957779
1720	10.0
1721	10.0
1722	4.39953275052869
1723	4.39953275052869
1724	5.550396228790019
1725	5.550396228790019
1726	10.0
1727	10.0
1728	10.0
1729	10.0
1730	10.0
1731	10.0
1732	7.992421658366746
1733	7.992421658366746
1734	7.273490135893605
1735	7.273490135893605
1736	9.222341680813827
1737	9.222341680813827
1738	6.7440915729835895
1739	6.7440915729835895
1740	10.0
1741	10.0
1742	8.183749357135413
1743	8.183749357135413
1744	9.948189380127447
1745	9.948189380127447
1746	7.345203098969864
1747	7.345203098969864
1748	10.0
1749	10.0
1750	9.21337379482729
1751	9.21337379482729
1752	10.0
1753	10.0
1754	7.2603098882071615
1755	7.2603098882071615
1756	10.0
1757	10.0
1758	6.001817924626268
1759	6.001817924626268
1760	10.0
1761	10.0
1762	10.0
1763	10.0
1764	6.337590349754831
1765	6.337590349754831
1766	10.0
1767	10.0
1768	7.768138167766952
1769	7.768138167766952
1770	7.65900387326197
1771	7.65900387326197
1772	9.179135525566371
1773	9.179135525566371
1774	10.0
1775	10.0
1776	8.26020239412913
1777	8.26020239412913
1778	6.311589836062593
1779	6.311589836062593
1780	10.0
1781	10.0
1782	8.105136577733933
1783	8.105136577733933
1784	7.373608192062502
1785	7.373608192062502
1786	9.919401080429722
1787	9.919401080429722
1788	7.851576692482381
1789	7.851576692482381
1790	9.194688709810746
1791	9.194688709810746
1792	5.520899835229446
1793	5.520899835229446
1794	9.333141897163578
1795	9.333141897163578
1796	9.818442077743624
1797	9.818442077743624
1798	9.464684937475191
1799	9.464684937475191
1800	7.108524712302845
1801	7.108524712302845
1802	9.650701362198843
1803	9.650701362198843
1804	10.0
1805	10.0
1806	8.390716088055958
1807	8.390716088055958
1808	8.026153256648728
1809	8.026153256648728
1810	9.961538799903686
1811	9.961538799903686
1812	8.737520901903325
1813	8.737520901903325
1814	10.0
1815	10.0
1816	8.72890214516205
1817	8.72890214516205
1818	8.58564538049565
1819	8.58564538049565
1820	10.0
1821	10.0
1822	10.0
1823	10.0
1824	8.18578140715544
1825	8.18578140715544
1826	7.334484046209554
1827	7.334484046209554
1828	10.0
1829	10.0
1830	6.4280335106424245
1831	6.4280335106424245
1832	7.618577329517532
1833	7.618577329517532
1834	9.74637740549078
1835	9.74637740549078
1836	5.460194843127848
1837	5.460194843127848
1838	8.202763980804809
1839	8.202763980804809
1840	10.0
1841	10.0
1842	8.66223560115196
1843	8.66223560115196
1844	10.0
1845	10.0
1846	3.2815372642300353
1847	3.2815372642300353
1848	4.593791785108786
1849	4.593791785108786
1850	10.0
1851	10.0
1852	9.368107922334898
1853	9.368107922334898
1854	6.202922450366296
1855	6.202922450366296
1856	10.0
1857	10.0
1858	10.0
1859	10.0
1860	10.0
1861	10.0
1862	9.051858442366608
1863	9.051858442366608
1864	6.172868720855498
1865	6.172868720855498
1866	6.7209215909938544
1867	6.7209215909938544
1868	9.707028247031435
1869	9.707028247031435
1870	7.850264087894597
1871	7.850264087894597
1872	8.889073483386126
1873	8.889073483386126
1874	7.120265011317865
1875	7.120265011317865
1876	4.765467479716245
1877	4.765467479716245
1878	9.582726480852706
1879	9.582726480852706
1880	5.828963233372587
1881	5.828963233372587
1882	7.554649952152367
1883	7.554649952152367
1884	10.0
1885	10.0
1886	6.911070470584393
1887	6.911070470584393
1888	10.0
1889	10.0
1890	10.0
1891	10.0
1892	6.54106254941186
1893	6.54106254941186
1894	7.9100930210083895
1895	7.9100930210083895
1896	10.0
1897	10.0
1898	10.0
1899	10.0
1900	9.87475431837754
1901	9.87475431837754
1902	10.0
1903	10.0
1904	3.7110479836109658
1905	3.7110479836109658
1906	9.975759110857592
1907	9.975759110857592
1908	8.62935908389147
1909	8.62935908389147
1910	9.903313142196875
1911	9.903313142196875
1912	9.496367708077662
1913	9.496367708077662
1914	8.499225982660231
1915	8.499225982660231
1916	9.448834134675868
1917	9.448834134675868
1918	10.0
1919	10.0
1920	5.5055068923185555
1921	5.5055068923185555
1922	9.889373407687481
1923	9.889373407687481
1924	10.0
1925	10.0
1926	9.381748870721784
1927	9.381748870721784
1928	10.0
1929	10.0
1930	5.9148238911071065
1931	5.9148238911071065
1932	10.0
1933	10.0
1934	5.913182739764503
1935	5.913182739764503
1936	8.862569262169783
1937	8.862569262169783
1938	10.0
1939	10.0
1940	10.0
1941	10.0
1942	8.535049495824087
1943	8.535049495824087
1944	7.778607226783882
1945	7.778607226783882
1946	8.012496570341892
1947	8.012496570341892
1948	7.300156985341148
1949	7.300156985341148
1950	4.188390276566827
1951	4.188390276566827
1952	9.047799203385424
1953	9.047799203385424
1954	10.0
1955	10.0
1956	10.0
1957	10.0
1958	7.922750549473897
1959	7.922750549473897
1960	9.384197958940883
1961	9.384197958940883
1962	9.520920321811698
1963	9.520920321811698
1964	7.337655913185222
1965	7.337655913185222
1966	8.76841930870878
1967	8.76841930870878
1968	10.0
1969	10.0
1970	6.084290522522275
1971	6.084290522522275
1972	10.0
1973	10.0
1974	5.261794146223406
1975	5.261794146223406
1976	6.059127352596775
1977	6.059127352596775
1978	7.7585317509414935
1979	7.7585317509414935
1980	7.485622254104938
1981	7.485622254104938
1982	6.238151571049997
1983	6.238151571049997
1984	8.571120059370282
1985	8.571120059370282
1986	10.0
1987	10.0
1988	7.373192609772326
1989	7.373192609772326
1990	9.933725222004194
1991	9.933725222004194
1992	8.36334079025109
1993	8.36334079025109
1994	4.533018738730818
1995	4.533018738730818
1996	8.153585329588251
1997	8.153585329588251
1998	10.0
1999	10.0
2000	9.061513098853075
2001	9.061513098853075
2002	7.816623535069305
2003	7.816623535069305
2004	6.333387494258686
2005	6.333387494258686
2006	8.533990639667751
2007	8.533990639667751
2008	9.49337868628219
2009	9.49337868628219
2010	4.969120235407011
2011	4.969120235407011
2012	3.6127392745195728
2013	3.6127392745195728
2014	6.189579095934507
2015	6.189579095934507
2016	10.0
2017	10.0
2018	7.681545381965807
2019	7.681545381965807
2020	9.965351819727575
2021	9.965351819727575
2022	8.516589753432513
2023	8.516589753432513
2024	9.431216554609057
2025	9.431216554609057
2026	10.0
2027	10.0
2028	7.062695953369775
2029	7.062695953369775
2030	8.894249779597336
2031	8.894249779597336
2032	8.592472705877174
2033	8.592472705877174
2034	8.723805206379366
2035	8.723805206379366
2036	8.328969775900227
2037	8.328969775900227
2038	10.0
2039	10.0
2040	10.0
2041	10.0
2042	5.09179878879083
2043	5.09179878879083
2044	7.368374468514856
2045	7.368374468514856
2046	10.0
2047	10.0
2048	6.947177556034848
2049	6.947177556034848
2050	10.0
2051	10.0
2052	7.520582187016347
2053	7.520582187016347
2054	6.684848763696253
2055	6.684848763696253
2056	6.050447523160775
2057	6.050447523160775
2058	9.833726981011324
2059	9.833726981011324
2060	10.0
2061	10.0
2062	9.67269046936522
2063	9.67269046936522
2064	6.937786775353112
2065	6.937786775353112
2066	7.594093915115476
2067	7.594093915115476
2068	10.0
2069	10.0
2070	4.213451314767501
2071	4.213451314767501
2072	10.0
2073	10.0
2074	9.79636424475598
2075	9.79636424475598
2076	7.962693830150854
2077	7.962693830150854
2078	10.0
2079	10.0
2080	8.211491412878885
2081	8.211491412878885
2082	6.1396128747025
2083	6.1396128747025
2084	10.0
2085	10.0
2086	5.356672091876886
2087	5.356672091876886
2088	9.321657721379792
2089	9.321657721379792
2090	8.477199593870543
2091	8.477199593870543
2092	6.583829072574827
2093	6.583829072574827
2094	6.180881941750782
2095	6.180881941750782
2096	8.185579876267138
2097	8.185579876267138
2098	5.616922457420051
2099	5.616922457420051
2100	9.09529757169325
2101	9.09529757169325
2102	9.138596176763283
2103	9.138596176763283
2104	10.0
2105	10.0
2106	10.0
2107	10.0
2108	10.0
2109	10.0
2110	8.030728427547357
2111	8.030728427547357
2112	9.917074984108911
2113	9.917074984108911
2114	7.132671650939267
2115	7.132671650939267
2116	6.88382383403182
2117	6.88382383403182
2118	7.879739017287295
2119	7.879739017287295
2120	9.869853208430296
2121	9.869853208430296
2122	9.582014262770858
2123	9.582014262770858
2124	7.271457578922724
2125	7.271457578922724
2126	10.0
2127	10.0
2128	9.009233239427854
2129	9.009233239427854
2130	10.0
2131	10.0
2132	9.91379137421179
2133	9.91379137421179
2134	7.227237194695925
2135	7.227237194695925
2136	7.738879659372544
2137	7.738879659372544
2138	9.208367064925644
2139	9.208367064925644
2140	10.0
2141	10.0
2142	9.736278404454511
2143	9.736278404454511
2144	6.079655377907838
2145	6.079655377907838
2146	9.025114573816
2147	9.025114573816
2148	8.235096545644195
2149	8.235096545644195
2150	5.997796999348116
2151	5.997796999348116
2152	10.0
2153	10.0
2154	10.0
2155	10.0
2156	3.194318023896429
2157	3.194318023896429
2158	8.510587069662849
2159	8.510587069662849
2160	6.23903501835291
2161	6.23903501835291
2162	7.389132444465318
2163	7.389132444465318
2164	7.8398969684808035
2165	7.8398969684808035
2166	4.988909279498866
2167	4.988909279498866
2168	10.0
2169	10.0
2170	9.256314192007816
2171	9.256314192007816
2172	7.93943066005305
2173	7.93943066005305
2174	7.320718378347455
2175	7.320718378347455
2176	8.35815966400765
2177	8.35815966400765
2178	8.009883459875466
2179	8.009883459875466
2180	5.026365811770743
2181	5.026365811770743
2182	10.0
2183	10.0
2184	6.550338681981978
2185	6.550338681981978
2186	6.97984063166038
2187	6.97984063166038
2188	8.22477296559823
2189	8.22477296559823
2190	10.0
2191	10.0
2192	7.131963381385351
2193	7.131963381385351
2194	10.0
2195	10.0
2196	6.087215951395166
2197	6.087215951395166
2198	10.0
2199	10.0
2200	10.0
2201	10.0
2202	9.105832889004088
2203	9.105832889004088
2204	9.670087084610364
2205	9.670087084610364
2206	7.117823387848789
2207	7.117823387848789
2208	8.038016626338699
2209	8.038016626338699
2210	9.23434715679009
2211	9.23434715679009
2212	5.606074691661014
2213	5.606074691661014
2214	9.60218568466073
2215	9.60218568466073
2216	8.623038865643665
2217	8.623038865643665
2218	9.482912875753005
2219	9.482912875753005
2220	10.0
2221	10.0
2222	8.098693197880635
2223	8.098693197880635
2224	9.605677585831696
2225	9.605677585831696
2226	7.14218092396625
2227	7.14218092396625
2228	8.822802870008308
2229	8.822802870008308
2230	5.801116359179774
2231	5.801116359179774
2232	10.0
2233	10.0
2234	9.391478544591632
2235	9.391478544591632
2236	9.426950377370126
2237	9.426950377370126
2238	5.0100027053344345
2239	5.0100027053344345
2240	8.028962637092793
2241	8.028962637092793
2242	6.959501292873462
2243	6.959501292873462
2244	9.550488318652764
2245	9.550488318652764
2246	7.51533016906736
2247	7.51533016906736
2248	10.0
2249	10.0
2250	7.739510355458095
2251	7.739510355458095
2252	10.0
2253	10.0
2254	4.342319041837695
2255	4.342319041837695
2256	10.0
2257	10.0
2258	9.119129925175681
2259	9.119129925175681
2260	9.828772092663423
2261	9.828772092663423
2262	9.787904473455766
2263	9.787904473455766
2264	10.0
2265	10.0
2266	6.918660056600808
2267	6.918660056600808
2268	8.201220569403645
2269	8.201220569403645
2270	8.548418506735533
2271	8.548418506735533
2272	7.959694354474311
2273	7.959694354474311
2274	10.0
2275	10.0
2276	10.0
2277	10.0
2278	7.383666322950636
2279	7.383666322950636
2280	7.419253512436028
2281	7.419253512436028
2282	7.226740315809933
2283	7.226740315809933
2284	8.722514683255799
2285	8.722514683255799
2286	5.676481584906449
2287	5.676481584906449
2288	9.369903887501284
2289	9.369903887501284
2290	9.354288325978311
2291	9.354288325978311
2292	7.007634767840427
2293	7.007634767840427
2294	9.748220907776167
2295	9.748220907776167
2296	10.0
2297	10.0
2298	10.0
2299	10.0
2300	10.0
2301	10.0
2302	10.0
2303	10.0
2304	9.250944294872658
2305	9.250944294872658
2306	10.0
2307	10.0
2308	10.0
2309	10.0
2310	4.964683548935215
2311	4.964683548935215
2312	10.0
2313	10.0
2314	10.0
2315	10.0
2316	6.983938880923418
2317	6.983938880923418
2318	9.199075886901747
2319	9.199075886901747
2320	10.0
2321	10.0
2322	10.0
2323	10.0
2324	8.334816221558611
2325	8.334816221558611
2326	6.206079982681215
2327	6.206079982681215
2328	9.63525404003378
2329	9.63525404003378
2330	9.628550608572297
2331	9.628550608572297
2332	8.33806255335258
2333	8.33806255335258
2334	10.0
2335	10.0
2336	8.515660976291691
2337	8.515660976291691
2338	10.0
2339	10.0
2340	10.0
2341	10.0
2342	10.0
2343	10.0
2344	7.327410021496219
2345	7.327410021496219
2346	7.9801392361353045
2347	7.9801392361353045
2348	6.7340377193584935
2349	6.7340377193584935
2350	7.881022859506499
2351	7.881022859506499
2352	7.506092830246841
2353	7.506092830246841
2354	10.0
2355	10.0
2356	10.0
2357	10.0
2358	10.0
2359	10.0
2360	7.307296579162488
2361	7.307296579162488
2362	9.781832421827744
2363	9.781832421827744
2364	9.360843572070017
2365	9.360843572070017
2366	5.614075494948267
2367	5.614075494948267
2368	7.335572987834253
2369	7.335572987834253
2370	10.0
2371	10.0
2372	9.349252491725027
2373	9.349252491725027
2374	6.871563021707351
2375	6.871563021707351
2376	9.93502046393197
2377	9.93502046393197
2378	8.41900015078339
2379	8.41900015078339
2380	6.10321154981127
2381	6.10321154981127
2382	7.412329517662144
2383	7.412329517662144
2384	10.0
2385	10.0
2386	9.740598559864564
2387	9.740598559864564
2388	7.738768538324533
2389	7.738768538324533
2390	8.962557042533358
2391	8.962557042533358
2392	9.186568326814736
2393	9.186568326814736
2394	2.485486908849916
2395	2.485486908849916
2396	8.847104839740407
2397	8.847104839740407
2398	10.0
2399	10.0
2400	7.834622773353605
2401	7.834622773353605
2402	10.0
2403	10.0
2404	8.324274760248242
2405	8.324274760248242
2406	10.0
2407	10.0
2408	10.0
2409	10.0
2410	6.925164092968462
2411	6.925164092968462
2412	10.0
2413	10.0
2414	8.94692229706025
2415	8.94692229706025
2416	5.233415390710883
2417	5.233415390710883
2418	7.851925641923449
2419	7.851925641923449
2420	5.794781706915876
2421	5.794781706915876
2422	4.984222370652397
2423	4.984222370652397
2424	6.571240589123553
2425	6.571240589123553
2426	10.0
2427	10.0
2428	10.0
2429	10.0
2430	2.2704552752409874
2431	2.2704552752409874
2432	5.759763070303468
2433	5.759763070303468
2434	8.115232316531944
2435	8.115232316531944
2436	7.034533141693769
2437	7.034533141693769
2438	8.357851777653888
2439	8.357851777653888
2440	7.379486154959039
2441	7.379486154959039
2442	5.468115171648867
2443	5.468115171648867
2444	10.0
2445	10.0
2446	7.3086924535441256
2447	7.3086924535441256
2448	10.0
2449	10.0
2450	6.044306719523999
2451	6.044306719523999
2452	7.550314664085926
2453	7.550314664085926
2454	10.0
2455	10.0
2456	9.18223840102378
2457	9.18223840102378
2458	10.0
2459	10.0
2460	10.0
2461	10.0
2462	8.417121659156006
2463	8.417121659156006
2464	9.885429039015918
2465	9.885429039015918
2466	6.368708356342267
2467	6.368708356342267
2468	5.568496854455862
2469	5.568496854455862
2470	4.498652318782515
2471	4.498652318782515
2472	5.97844442491089
2473	5.97844442491089
2474	8.089403554567177
2475	8.089403554567177
2476	8.47488868889502
2477	8.47488868889502
2478	9.957846594563094
2479	9.957846594563094
2480	8.548519285485762
2481	8.548519285485762
2482	7.634679551531121
2483	7.634679551531121
2484	10.0
2485	10.0
2486	10.0
2487	10.0
2488	5.488132136311345
2489	5.488132136311345
2490	8.45959440125338
2491	8.45959440125338
2492	10.0
2493	10.0
2494	7.584020898920874
2495	7.584020898920874
2496	8.533724108252818
2497	8.533724108252818
2498	9.405434132812433
2499	9.405434132812433
2500	9.735780808354422
2501	9.735780808354422
2502	9.518989522800613
2503	9.518989522800613
2504	6.45262522479958
2505	6.45262522479958
2506	7.152369508059699
2507	7.152369508059699
2508	5.825889552951338
2509	5.825889552951338
2510	10.0
2511	10.0
2512	7.025083212837219
2513	7.025083212837219
2514	7.806888857381402
2515	7.806888857381402
2516	9.928161535132075
2517	9.928161535132075
2518	10.0
2519	10.0
2520	10.0
2521	10.0
2522	7.875835699187221
2523	7.875835699187221
2524	7.16699682759954
2525	7.16699682759954
2526	4.743909871241286
2527	4.743909871241286
2528	9.929895845460166
2529	9.929895845460166
2530	9.275942273766805
2531	9.275942273766805
2532	10.0
2533	10.0
2534	6.291970479119428
2535	6.291970479119428
2536	5.518815129022098
2537	5.518815129022098
2538	9.939871872555536
2539	9.939871872555536
2540	7.615680786854451
2541	7.615680786854451
2542	10.0
2543	10.0
2544	4.13587602089788
2545	4.13587602089788
2546	8.893801505705392
2547	8.893801505705392
2548	7.78893926511378
2549	7.78893926511378
2550	10.0
2551	10.0
2552	8.29662436818803
2553	8.29662436818803
2554	6.711445010750458
2555	6.711445010750458
2556	8.082095470937775
2557	8.082095470937775
2558	6.9612924475949045
2559	6.9612924475949045
2560	6.555831694839059
2561	6.555831694839059
2562	10.0
2563	10.0
2564	8.875595167049216
2565	8.875595167049216
2566	10.0
2567	10.0
2568	5.9072003034338
2569	5.9072003034338
2570	6.4939422557976645
2571	6.4939422557976645
2572	7.845018506916836
2573	7.845018506916836
2574	9.154812996893352
2575	9.154812996893352
2576	8.440388526266304
2577	8.440388526266304
2578	8.074340773843469
2579	8.074340773843469
2580	9.493152167900426
2581	9.493152167900426
2582	3.99950603777378
2583	3.99950603777378
2584	3.9115197285687877
2585	3.9115197285687877
2586	7.403344319681544
2587	7.403344319681544
2588	5.547924920239172
2589	5.547924920239172
2590	10.0
2591	10.0
2592	10.0
2593	10.0
2594	8.301110143264795
2595	8.301110143264795
2596	6.786951618715508
2597	6.786951618715508
2598	8.687418615608603
2599	8.687418615608603
2600	8.167926709169326
2601	8.167926709169326
2602	7.284378090252241
2603	7.284378090252241
2604	9.267783766009266
2605	9.267783766009266
2606	5.521130622147025
2607	5.521130622147025
2608	9.71438813294581
2609	9.71438813294581
2610	6.204323136337974
2611	6.204323136337974
2612	10.0
2613	10.0
2614	9.613215589730174
2615	9.613215589730174
2616	7.252372954944424
2617	7.252372954944424
2618	9.749194282450254
2619	9.749194282450254
2620	8.085094570749957
2621	8.085094570749957
2622	10.0
2623	10.0
2624	9.176434517652154
2625	9.176434517652154
2626	3.8878457755090876
2627	3.8878457755090876
2628	10.0
2629	10.0
2630	9.792753071582824
2631	9.792753071582824
2632	7.877355311026055
2633	7.877355311026055
2634	6.4996850657227965
2635	6.4996850657227965
2636	10.0
2637	10.0
2638	8.08545899749796
2639	8.08545899749796
2640	7.166574980476982
2641	7.166574980476982
2642	10.0
2643	10.0
2644	10.0
2645	10.0
2646	9.464614398658286
2647	9.464614398658286
2648	9.979517984114882
2649	9.979517984114882
2650	10.0
2651	10.0
2652	9.541465514677846
2653	9.541465514677846
2654	8.491573931711281
2655	8.491573931711281
2656	10.0
2657	10.0
2658	10.0
2659	10.0
2660	8.46197990335681
2661	8.46197990335681
2662	5.27780680143824
2663	5.27780680143824
2664	7.120310726972402
2665	7.120310726972402
2666	10.0
2667	10.0
2668	8.182677126740558
2669	8.182677126740558
2670	9.908580576327955
2671	9.908580576327955
2672	8.706476049734253
2673	8.706476049734253
2674	5.161682694123492
2675	5.161682694123492
2676	10.0
2677	10.0
2678	9.131631234877057
2679	9.131631234877057
2680	8.727483168288202
2681	8.727483168288202
2682	8.554072584572355
2683	8.554072584572355
2684	10.0
2685	10.0
2686	7.97990581297065
2687	7.97990581297065
2688	8.762248138734511
2689	8.762248138734511
2690	6.491216831756022
2691	6.491216831756022
2692	8.751325595979885
2693	8.751325595979885
