0	10.0
1	10.0
2	5.860352422007397
3	5.860352422007397
4	10.0
5	10.0
6	10.0
7	10.0
8	10.0
9	10.0
10	10.0
11	10.0
12	10.0
13	4.381384551664979
14	4.381384551664979
15	2.032910372916011
16	2.032910372916011
17	10.0
18	10.0
19	0.1
20	0.1
21	7.339903288876519
22	10.0
23	10.0
24	3.2382695181283285
25	3.2382695181283285
26	7.924657698657228
27	7.924657698657228
28	10.0
29	10.0
30	10.0
31	10.0
32	5.207364539819251
33	5.207364539819251
34	2.8734534436706625
35	2.8734534436706625
36	1.8843979818617527
37	10.0
38	10.0
39	10.0
40	10.0
41	10.0
42	10.0
43	10.0
44	10.0
45	3.6762424559087705
46	3.6762424559087705
47	3.0792825888541975
48	3.0792825888541975
49	8.270691146779653
50	8.270691146779653
51	6.027951091381423
52	6.027951091381423
53	1.5594133456775952
54	1.5594133456775952
55	10.0
56	10.0
57	10.0
58	10.0
59	3.5501009548756812
60	3.5501009548756812
61	9.293814221483588
62	9.293814221483588
63	10.0
64	10.0
65	5.198551722196004
66	8.839715577096348
67	8.839715577096348
68	4.431346704305951
69	4.431346704305951
70	10.0
71	10.0
72	10.0
73	10.0
74	4.29416955399101
75	4.29416955399101
76	10.0
77	10.0
78	10.0
79	10.0
80	7.629965635474576
81	7.756383300915628
82	7.756383300915628
83	2.7587866858008256
84	2.7587866858008256
85	10.0
86	10.0
87	10.0
88	10.0
89	10.0
90	10.0
91	9.947479755176728
92	9.947479755176728
93	7.204395080141209
94	7.204395080141209
95	9.792464498339392
96	9.792464498339392
97	3.214957132243806
98	3.214957132243806
99	10.0
100	10.0
101	7.074059600477335
102	7.074059600477335
103	0.1
104	0.1
105	10.0
106	10.0
107	1.7820796203691431
108	1.7820796203691431
109	10.0
110	10.0
111	3.2205146104100812
112	3.2205146104100812
113	4.81572601336447
114	4.81572601336447
115	4.111407010105322
116	4.111407010105322
117	3.9836646556527358
118	3.9836646556527358
119	10.0
120	10.0
121	0.1
122	0.1
123	10.0
124	10.0
125	10.0
126	10.0
127	7.125949617712525
128	7.125949617712525
129	10.0
130	10.0
131	9.445586028830178
132	9.445586028830178
133	10.0
134	10.0
135	2.6124751409805214
136	2.6124751409805214
137	0.3680974857174917
138	0.3680974857174917
139	7.125336461092559
140	7.125336461092559
141	10.0
142	10.0
143	10.0
144	10.0
145	6.604107773031787
146	6.604107773031787
147	10.0
148	10.0
149	10.0
150	10.0
151	9.43399142969889
152	9.43399142969889
153	8.541629255048296
154	8.541629255048296
155	9.092142638160903
156	9.092142638160903
157	9.60132650212935
158	7.844561439712493
159	7.844561439712493
160	10.0
161	10.0
162	10.0
163	10.0
164	8.918424291241829
165	8.918424291241829
166	10.0
167	10.0
168	1.654141460544058
169	1.654141460544058
170	10.0
171	10.0
172	10.0
173	10.0
174	2.6008407568717598
175	2.6008407568717598
176	5.330377418124948
177	5.330377418124948
178	10.0
179	10.0
180	2.8156905577741993
181	2.8156905577741993
182	1.9471338666373796
183	1.9471338666373796
184	7.299343418958932
185	7.299343418958932
186	10.0
187	10.0
188	10.0
189	10.0
190	0.1
191	0.1
192	10.0
193	10.0
194	6.312284412859592
195	6.312284412859592
196	5.717352492797958
197	5.717352492797958
198	7.521345565199582
199	7.521345565199582
200	5.631113665465307
201	5.631113665465307
202	10.0
203	10.0
204	4.4733707063919175
205	4.4733707063919175
206	5.776323562149307
207	5.776323562149307
208	5.097326476996743
209	5.097326476996743
210	7.891944524058273
211	6.945489133582312
212	6.945489133582312
213	3.833492611751792
214	3.833492611751792
215	7.4930923928738125
216	7.4930923928738125
217	5.273715137184255
218	5.273715137184255
219	10.0
220	10.0
221	10.0
222	10.0
223	10.0
224	10.0
225	10.0
226	10.0
227	7.641383654647488
228	7.641383654647488
229	10.0
230	10.0
231	6.152232345305387
232	6.152232345305387
233	10.0
234	10.0
235	10.0
236	10.0
237	2.21373652528582
238	2.21373652528582
239	7.173487271701388
240	7.173487271701388
241	10.0
242	10.0
243	3.1397624054676374
244	3.1397624054676374
245	10.0
246	9.171883397679634
247	9.171883397679634
248	10.0
249	10.0
250	8.784857573186212
251	8.784857573186212
252	4.720831039137679
253	4.720831039137679
254	0.1
255	0.1
256	9.05142255578914
257	9.05142255578914
258	10.0
259	10.0
260	5.880476210007911
261	5.880476210007911
262	10.0
263	10.0
264	10.0
265	10.0
266	10.0
267	10.0
268	8.10265421314261
269	10.0
270	10.0
271	10.0
272	10.0
273	4.040239248283589
274	4.040239248283589
275	8.226406115360833
276	8.226406115360833
277	6.6068689139600165
278	6.6068689139600165
279	10.0
280	10.0
281	4.803718729105458
282	4.803718729105458
283	10.0
284	10.0
285	10.0
286	10.0
287	10.0
288	10.0
289	7.463446366295782
290	7.463446366295782
291	0.1
292	0.1
293	10.0
294	10.0
295	7.5178901310188255
296	7.5178901310188255
297	8.077455019353787
298	8.077455019353787
299	2.0373153667539263
300	2.0373153667539263
301	8.625970846380698
302	8.625970846380698
303	4.546428576299326
304	4.546428576299326
305	4.068289108077463
306	4.068289108077463
307	10.0
308	10.0
309	0.1
310	0.1
311	5.093136048868593
312	5.093136048868593
313	5.450242502908162
314	5.450242502908162
315	10.0
316	10.0
317	10.0
318	10.0
319	8.457329346372067
320	8.886582139543798
321	8.886582139543798
322	4.037749226665346
323	4.037749226665346
324	10.0
325	10.0
326	10.0
327	10.0
328	2.6945087491223356
329	2.6945087491223356
330	1.2041479042884706
331	10.0
332	10.0
333	6.917529847299285
334	6.917529847299285
335	10.0
336	10.0
337	5.865715578276211
338	5.865715578276211
339	9.687093942490902
340	9.687093942490902
341	10.0
342	3.2956240002840875
343	3.2956240002840875
344	10.0
345	10.0
346	10.0
347	10.0
348	10.0
349	10.0
350	9.510717824162485
351	9.510717824162485
352	4.036989601883888
353	4.036989601883888
354	10.0
355	10.0
356	2.43351994614937
357	10.0
358	10.0
359	10.0
360	10.0
361	0.8249356683485161
362	0.8249356683485161
363	10.0
364	10.0
365	10.0
366	3.335107418303978
367	3.335107418303978
368	0.1
369	0.1
370	10.0
371	10.0
372	10.0
373	10.0
374	10.0
375	10.0
376	8.17951518576889
377	8.17951518576889
378	10.0
379	10.0
380	7.616127106411674
381	7.616127106411674
382	10.0
383	10.0
384	9.886543362988764
385	9.886543362988764
386	10.0
387	10.0
388	10.0
389	10.0
390	10.0
391	10.0
392	0.1
393	0.1
394	10.0
395	10.0
396	9.378812518038584
397	9.378812518038584
398	7.55655429206003
399	7.55655429206003
400	10.0
401	10.0
402	10.0
403	10.0
404	10.0
405	10.0
406	7.7743704511809675
407	7.7743704511809675
408	10.0
409	10.0
410	10.0
411	10.0
412	10.0
413	10.0
414	10.0
415	10.0
416	9.070786192142698
417	9.070786192142698
418	10.0
419	10.0
420	10.0
421	10.0
422	0.1
423	0.1
424	10.0
425	10.0
426	8.716525353539192
427	8.716525353539192
428	6.448905754054507
429	6.448905754054507
430	10.0
431	10.0
432	0.1
433	0.1
434	8.822543928226454
435	8.822543928226454
436	10.0
437	10.0
438	10.0
439	10.0
440	8.862616523619149
441	8.862616523619149
442	9.566209031854276
443	9.566209031854276
444	10.0
445	10.0
446	10.0
447	10.0
448	10.0
449	10.0
450	8.101724232610133
451	8.101724232610133
452	10.0
453	10.0
454	8.517508523046113
455	8.517508523046113
456	7.911770485933673
457	7.911770485933673
458	10.0
459	10.0
460	10.0
461	10.0
462	9.022000980854797
463	9.022000980854797
464	10.0
465	10.0
466	10.0
467	10.0
468	10.0
469	10.0
470	5.20407139214293
471	5.20407139214293
472	10.0
473	10.0
474	7.273142820072564
475	7.273142820072564
476	5.629436384887337
477	6.34991512646773
478	6.34991512646773
479	0.1
480	0.1
481	0.8014421552663507
482	0.8014421552663507
483	5.244882877754822
484	5.244882877754822
485	7.276137583715367
486	7.276137583715367
487	10.0
488	10.0
489	10.0
490	10.0
491	10.0
492	10.0
493	6.98077343641702
494	6.98077343641702
495	10.0
496	10.0
497	10.0
498	10.0
499	0.1
500	0.1
501	7.551900746713961
502	7.551900746713961
503	10.0
504	10.0
505	7.447890045924698
506	7.447890045924698
507	10.0
508	10.0
509	5.538581035793824
510	5.538581035793824
511	3.6772862184512336
512	3.6772862184512336
513	3.74215821209855
514	3.74215821209855
515	1.903186805896663
516	4.740824311697892
517	4.740824311697892
518	8.768825048542334
519	8.768825048542334
520	10.0
521	10.0
522	2.107694053205236
523	2.107694053205236
524	8.272271904952824
525	8.272271904952824
526	10.0
527	10.0
528	10.0
529	10.0
530	8.146413219879522
531	8.146413219879522
532	7.854597799708232
533	7.854597799708232
534	10.0
535	10.0
536	10.0
537	10.0
538	10.0
539	10.0
540	10.0
541	9.768874982557605
542	9.768874982557605
543	10.0
544	10.0
545	4.199949433827218
546	4.199949433827218
547	10.0
548	10.0
549	10.0
550	10.0
551	10.0
552	10.0
553	10.0
554	10.0
555	10.0
556	10.0
557	10.0
558	7.602101834278069
559	7.602101834278069
560	10.0
561	10.0
562	4.3973617567612475
563	4.637093997077094
564	4.637093997077094
565	5.104025703245619
566	5.104025703245619
567	1.3980279246269447
568	1.3980279246269447
569	7.5506401201885
570	7.5506401201885
571	8.57237234689094
572	8.57237234689094
573	1.3598740930983064
574	1.3598740930983064
575	9.439591121254349
576	10.0
577	5.0067454113996215
578	5.0067454113996215
579	4.473431350917257
580	4.473431350917257
581	10.0
582	10.0
583	9.770797265084608
584	9.770797265084608
585	10.0
586	10.0
587	7.592233868834544
588	7.592233868834544
589	0.1
590	0.1
591	9.32137265695885
592	9.32137265695885
593	9.043798510260062
594	9.043798510260062
595	10.0
596	10.0
597	10.0
598	10.0
599	3.8475022146035895
600	3.8475022146035895
601	10.0
602	10.0
603	0.1
604	0.1
605	5.050166974448858
606	5.050166974448858
607	8.252537541969824
608	8.252537541969824
609	10.0
610	10.0
611	10.0
612	10.0
613	0.9866501250371762
614	0.9866501250371762
615	0.5107284761840081
616	0.5107284761840081
617	6.636852264368894
618	6.636852264368894
619	7.458218239217583
620	7.458218239217583
621	7.0244123815305715
622	7.0244123815305715
623	10.0
624	10.0
625	10.0
626	10.0
627	10.0
628	10.0
629	2.6082117743166924
630	2.6082117743166924
631	5.209157651850269
632	5.209157651850269
633	10.0
634	10.0
635	0.1
636	0.1
637	10.0
638	10.0
639	1.894743078599527
640	1.894743078599527
641	10.0
642	10.0
643	0.1
644	0.1
645	10.0
646	10.0
647	7.4425699159798056
648	7.4425699159798056
649	10.0
650	10.0
651	10.0
652	10.0
653	9.220092664045833
654	9.220092664045833
655	10.0
656	10.0
657	10.0
658	10.0
659	10.0
660	10.0
661	7.247644717417055
662	7.247644717417055
663	8.599343775900788
664	8.599343775900788
665	10.0
666	10.0
667	7.043749084062078
668	7.043749084062078
669	9.075234923385608
670	9.075234923385608
671	10.0
672	10.0
673	10.0
674	10.0
675	10.0
676	10.0
677	10.0
678	10.0
679	9.703514719986815
680	9.703514719986815
681	6.829737341105228
682	6.829737341105228
683	10.0
684	10.0
685	5.161870959271964
686	5.161870959271964
687	8.283502955170713
688	8.283502955170713
689	5.068759246765303
690	5.068759246765303
691	5.699804680348551
692	5.699804680348551
693	1.9299551252367415
694	1.9299551252367415
695	6.881505025225386
696	6.881505025225386
697	10.0
698	10.0
699	8.873342200285256
700	8.873342200285256
701	10.0
702	10.0
703	5.255555308681756
704	5.255555308681756
705	10.0
706	10.0
707	10.0
708	10.0
709	6.042602110486313
710	6.042602110486313
711	10.0
712	3.0721695839803083
713	8.555628315201247
714	8.555628315201247
715	5.325795266607162
716	5.325795266607162
717	10.0
718	10.0
719	7.305407698276369
720	7.305407698276369
721	10.0
722	10.0
723	6.950716044761749
724	6.950716044761749
725	6.522367010315252
726	6.522367010315252
727	0.1
728	0.1
729	10.0
730	10.0
731	8.235842850294112
732	8.235842850294112
733	10.0
734	10.0
735	4.931866103574389
736	4.931866103574389
737	10.0
738	3.3571491061255907
739	3.3571491061255907
740	10.0
741	10.0
742	1.7291423841304567
743	1.7291423841304567
744	10.0
745	10.0
746	9.351329201830767
747	9.351329201830767
748	6.009969164328858
749	6.009969164328858
750	10.0
751	10.0
752	8.355238089449086
753	8.355238089449086
754	7.851237706638653
755	7.851237706638653
756	10.0
757	10.0
758	7.522490512443968
759	7.522490512443968
760	5.616615762247718
761	5.616615762247718
762	7.349386985122354
763	7.349386985122354
764	10.0
765	10.0
766	10.0
767	10.0
768	2.1473500228424216
769	2.1473500228424216
770	7.595531541171845
771	7.595531541171845
772	10.0
773	10.0
774	7.836398638827038
775	7.836398638827038
776	10.0
777	10.0
778	10.0
779	10.0
780	10.0
781	10.0
782	2.044187470679578
783	2.044187470679578
784	10.0
785	10.0
786	10.0
787	10.0
788	10.0
789	10.0
790	10.0
791	4.330546244135022
792	4.330546244135022
793	8.744701077721501
794	8.744701077721501
795	10.0
796	10.0
797	10.0
798	10.0
799	6.718413740002791
800	6.718413740002791
801	8.211641904966104
802	8.211641904966104
803	10.0
804	10.0
805	6.971802788392651
806	6.971802788392651
807	10.0
808	10.0
809	2.988352883285949
810	2.988352883285949
811	10.0
812	10.0
813	10.0
814	10.0
815	3.9966111675007054
816	3.9966111675007054
817	8.034875783999542
818	8.034875783999542
819	10.0
820	10.0
821	10.0
822	10.0
823	10.0
824	10.0
825	1.2288905136498984
826	10.0
827	10.0
828	10.0
829	10.0
830	4.844844779208512
831	4.844844779208512
832	10.0
833	10.0
834	10.0
835	10.0
836	7.73670408535922
837	7.73670408535922
838	10.0
839	10.0
840	10.0
841	10.0
842	10.0
843	10.0
844	0.1
845	8.173693856973227
846	8.173693856973227
847	3.2103115159239852
848	3.2103115159239852
849	6.914439499067857
850	6.914439499067857
851	10.0
852	10.0
853	8.376583878861764
854	8.376583878861764
855	8.096347381819243
856	8.096347381819243
857	4.9514469114864434
858	4.9514469114864434
859	7.804365750406414
860	7.804365750406414
861	10.0
862	10.0
863	10.0
864	10.0
865	8.055559374126421
866	8.055559374126421
867	10.0
868	10.0
869	5.58708381817487
870	5.58708381817487
871	6.267386847045422
872	6.267386847045422
873	4.357392142705255
874	4.357392142705255
875	3.3692560808560827
876	3.3692560808560827
877	3.0453297638315497
878	3.0453297638315497
879	1.2284292763716644
880	1.2284292763716644
881	2.0150362639864436
882	2.0150362639864436
883	10.0
884	10.0
885	6.274211839912938
886	6.274211839912938
887	6.703119050000534
888	6.703119050000534
889	10.0
890	10.0
891	2.4391661951898893
892	2.4391661951898893
893	10.0
894	10.0
895	10.0
896	10.0
897	3.0657676245898555
898	3.0657676245898555
899	10.0
900	10.0
901	9.72185554073214
902	9.72185554073214
903	9.950814120125221
904	9.950814120125221
905	7.00589595586196
906	7.00589595586196
907	8.487524143172159
908	8.487524143172159
909	10.0
910	10.0
911	8.882050918045708
912	8.882050918045708
913	9.422327618097354
914	9.422327618097354
915	7.389592274599501
916	7.389592274599501
917	7.858165691335257
918	7.290793671306936
919	7.290793671306936
920	8.635110215010418
921	8.635110215010418
922	6.699888490539674
923	6.699888490539674
924	4.4741548443691475
925	4.4741548443691475
926	10.0
927	10.0
928	9.760269523291342
929	9.760269523291342
930	9.357010400281537
931	9.357010400281537
932	10.0
933	10.0
934	10.0
935	10.0
936	10.0
937	10.0
938	10.0
939	0.1
940	0.1
941	7.581076198235769
942	7.581076198235769
943	9.893125074999375
944	9.893125074999375
945	10.0
946	10.0
947	7.132248031713129
948	7.132248031713129
949	6.320121118543535
950	6.320121118543535
951	2.9911426115600674
952	1.4686432527268565
953	1.4686432527268565
954	9.410106040600205
955	9.410106040600205
956	7.532405226854497
957	7.532405226854497
958	10.0
959	10.0
960	7.071833045644183
961	7.071833045644183
962	4.479929299020483
963	4.479929299020483
964	10.0
965	10.0
966	5.974675929409446
967	5.974675929409446
968	10.0
969	10.0
970	10.0
971	10.0
972	9.562731027924537
973	2.2533692632138154
974	2.2533692632138154
975	10.0
976	10.0
977	3.826560308910569
978	4.524428874557757
979	4.524428874557757
980	10.0
981	10.0
982	10.0
983	10.0
984	5.8658827732408625
985	5.8658827732408625
986	8.656667434188542
987	8.656667434188542
988	10.0
989	10.0
990	10.0
991	10.0
992	6.9829545877057875
993	5.4165323984381
994	5.4165323984381
995	2.4135385036988284
996	2.4135385036988284
997	10.0
998	10.0
999	10.0
1000	10.0
1001	3.7662205460548117
1002	3.7662205460548117
1003	10.0
1004	10.0
1005	2.7894379968568117
1006	2.7894379968568117
1007	10.0
1008	10.0
1009	10.0
1010	0.21123512115658905
1011	0.21123512115658905
1012	8.895575182113395
1013	8.895575182113395
1014	10.0
1015	10.0
1016	3.588944276322832
1017	5.011139028397942
1018	5.011139028397942
1019	9.342731557761605
1020	9.342731557761605
1021	9.657113361927696
1022	9.657113361927696
1023	10.0
1024	10.0
1025	10.0
1026	10.0
1027	8.376839334115537
1028	8.376839334115537
1029	10.0
1030	10.0
1031	10.0
1032	10.0
1033	10.0
1034	10.0
1035	7.215903167272869
1036	7.215903167272869
1037	5.023282041353063
1038	5.023282041353063
1039	7.766988676170915
1040	7.766988676170915
1041	6.817910653268632
1042	6.817910653268632
1043	10.0
1044	10.0
1045	6.156351767561029
1046	6.156351767561029
1047	6.200855514193618
1048	6.200855514193618
1049	8.58411041453683
1050	8.58411041453683
1051	9.212965695194713
1052	9.212965695194713
1053	3.1274896901182005
1054	3.1274896901182005
1055	4.45625000478317
1056	4.45625000478317
1057	10.0
1058	10.0
1059	8.914364952594905
1060	8.914364952594905
1061	10.0
1062	10.0
1063	10.0
1064	10.0
1065	10.0
1066	10.0
1067	1.5932682062308077
1068	1.5932682062308077
1069	10.0
1070	10.0
1071	7.537517151572494
1072	7.537517151572494
1073	2.3059857540602433
1074	2.3059857540602433
1075	7.094713713050309
1076	7.094713713050309
1077	8.313096367803983
1078	8.313096367803983
1079	4.080399878790274
1080	4.080399878790274
1081	8.284944960761464
1082	8.284944960761464
1083	10.0
1084	10.0
1085	10.0
1086	10.0
1087	8.75035117014069
1088	8.75035117014069
1089	2.1175507746877127
1090	2.1175507746877127
1091	10.0
1092	10.0
1093	4.580887170344388
1094	4.580887170344388
1095	10.0
1096	10.0
1097	4.340222340782071
1098	4.340222340782071
1099	10.0
1100	10.0
1101	9.054433021223598
1102	9.054433021223598
1103	7.015344804897934
1104	7.015344804897934
1105	8.957381159799906
1106	8.957381159799906
1107	2.8834050817674095
1108	2.8834050817674095
1109	0.2713390664159476
1110	0.2713390664159476
1111	1.9235263848076132
1112	1.9235263848076132
1113	10.0
1114	10.0
1115	10.0
1116	10.0
1117	10.0
1118	10.0
1119	3.794522924223803
1120	4.3272178393485685
1121	4.3272178393485685
1122	10.0
1123	10.0
1124	10.0
1125	10.0
1126	9.01631049702254
1127	9.01631049702254
1128	10.0
1129	10.0
1130	8.325247792150865
1131	8.325247792150865
1132	6.373655200106782
1133	6.373655200106782
1134	5.824766384450214
1135	5.824766384450214
1136	10.0
1137	10.0
1138	10.0
1139	10.0
1140	10.0
1141	7.8766685846418
1142	7.8766685846418
1143	7.735877450273634
1144	7.735877450273634
1145	9.89505398605839
1146	9.89505398605839
1147	0.1
1148	0.1
1149	7.878248074259822
1150	7.878248074259822
1151	9.461173460561552
1152	9.461173460561552
1153	10.0
1154	10.0
1155	7.030177684032401
1156	10.0
1157	10.0
1158	9.458157482804836
1159	9.458157482804836
1160	4.887078589404512
1161	4.887078589404512
1162	10.0
1163	10.0
1164	8.117052285991731
1165	8.117052285991731
1166	8.403134787381523
1167	8.403134787381523
1168	10.0
1169	10.0
1170	6.343937545343772
1171	6.343937545343772
1172	10.0
1173	10.0
1174	10.0
1175	10.0
1176	10.0
1177	10.0
1178	4.8027298250472334
1179	4.8027298250472334
1180	5.469134488425679
1181	5.469134488425679
1182	0.1
1183	0.1
1184	10.0
1185	10.0
1186	6.519698967544269
1187	7.541347644184321
1188	7.541347644184321
1189	10.0
1190	10.0
1191	3.0424257470532456
1192	3.0424257470532456
1193	10.0
1194	10.0
1195	10.0
1196	10.0
1197	10.0
1198	10.0
1199	3.124113563096487
1200	3.124113563096487
1201	10.0
1202	10.0
1203	6.288685337727158
1204	6.288685337727158
1205	10.0
1206	10.0
1207	10.0
1208	10.0
1209	10.0
1210	10.0
1211	9.912042319369686
1212	9.912042319369686
1213	6.019943754988574
1214	6.019943754988574
1215	7.493207937188223
1216	7.493207937188223
1217	6.550832463599887
1218	6.550832463599887
1219	10.0
1220	10.0
1221	7.085152538071851
1222	5.639341120464115
1223	5.639341120464115
1224	10.0
1225	10.0
1226	3.4199984262936782
1227	3.4199984262936782
1228	6.298061761646327
1229	6.298061761646327
1230	3.466981083232313
1231	3.466981083232313
1232	10.0
1233	10.0
1234	8.948021230965493
1235	8.948021230965493
1236	10.0
1237	10.0
1238	10.0
1239	10.0
1240	10.0
1241	10.0
1242	4.866403977248144
1243	4.866403977248144
1244	9.661519601002095
1245	9.661519601002095
1246	8.840690166371143
1247	8.840690166371143
1248	10.0
1249	10.0
1250	10.0
1251	10.0
1252	6.9373471106392
1253	6.9373471106392
1254	5.870975284824135
1255	5.870975284824135
1256	8.554731432042455
1257	8.554731432042455
1258	10.0
1259	10.0
1260	10.0
1261	10.0
1262	6.224295392302654
1263	6.224295392302654
1264	0.589583047612078
1265	0.589583047612078
1266	10.0
1267	10.0
1268	4.622119601932875
1269	4.622119601932875
1270	10.0
1271	10.0
1272	6.773096048513521
1273	6.773096048513521
1274	9.80753652484792
1275	9.80753652484792
1276	10.0
1277	10.0
1278	0.1
1279	0.1
1280	10.0
1281	10.0
1282	10.0
1283	10.0
1284	7.54250139291379
1285	7.54250139291379
1286	2.141950393406937
1287	2.141950393406937
1288	0.1
1289	0.1
1290	10.0
1291	10.0
1292	5.6995344910532815
1293	5.6995344910532815
1294	4.21876391672657
1295	4.21876391672657
1296	10.0
1297	10.0
1298	0.1
1299	0.1
1300	8.198693247379222
1301	8.198693247379222
1302	6.947423577290679
1303	6.947423577290679
1304	4.5250458308376595
1305	4.5250458308376595
1306	6.144910558724753
1307	6.144910558724753
1308	10.0
1309	6.241706793191009
1310	6.241706793191009
1311	5.635561388360512
1312	5.635561388360512
1313	10.0
1314	10.0
1315	6.362995643063668
1316	6.362995643063668
1317	10.0
1318	10.0
1319	1.5124768636727843
1320	1.5124768636727843
1321	4.934540444256556
1322	4.934540444256556
1323	10.0
1324	10.0
1325	7.427582913826517
1326	7.427582913826517
1327	10.0
1328	10.0
1329	10.0
1330	10.0
1331	8.845908912979755
1332	8.845908912979755
1333	10.0
1334	10.0
1335	3.180866486915483
1336	3.180866486915483
1337	5.985272158929811
1338	5.985272158929811
1339	4.494603271359395
1340	4.494603271359395
1341	9.645401609125084
1342	9.645401609125084
1343	5.226854962072315
1344	5.226854962072315
1345	6.122911029136574
1346	6.122911029136574
1347	7.20710669537021
1348	9.772809356046086
1349	9.772809356046086
1350	2.2798489662385366
1351	2.2798489662385366
1352	10.0
1353	10.0
1354	7.81729160872735
1355	7.81729160872735
1356	7.043529122847781
1357	7.043529122847781
1358	10.0
1359	10.0
1360	3.885591113997034
1361	3.885591113997034
1362	5.110152883246604
1363	5.110152883246604
1364	4.573119752186269
1365	4.573119752186269
1366	9.649234940986759
1367	9.649234940986759
1368	10.0
1369	10.0
1370	1.3368209021128479
1371	1.3368209021128479
1372	10.0
1373	10.0
1374	10.0
1375	10.0
1376	10.0
1377	10.0
1378	9.466235030541313
1379	9.466235030541313
1380	8.17596279595606
1381	7.826415776689937
1382	7.826415776689937
1383	7.892096448560619
1384	7.892096448560619
1385	10.0
1386	10.0
1387	8.548844502953225
1388	8.548844502953225
1389	9.798603664033317
1390	9.798603664033317
1391	10.0
1392	10.0
1393	3.6346570643496383
1394	3.6346570643496383
1395	5.613779628334308
1396	5.613779628334308
1397	10.0
1398	10.0
1399	4.287579447497249
1400	4.287579447497249
1401	10.0
1402	0.8399688375979011
1403	0.8399688375979011
1404	1.409476018015659
1405	1.409476018015659
1406	7.6842227819168105
1407	7.6842227819168105
1408	8.05886931889614
1409	8.05886931889614
1410	0.9173433943304996
1411	0.9173433943304996
1412	7.1244631559674865
1413	7.1244631559674865
1414	0.1
1415	10.0
1416	10.0
1417	3.4999962157033613
1418	3.4999962157033613
1419	10.0
1420	10.0
1421	10.0
1422	10.0
1423	10.0
1424	10.0
1425	8.38148230601285
1426	8.38148230601285
1427	9.470236739261212
1428	9.470236739261212
1429	10.0
1430	10.0
1431	9.741611982976043
1432	9.741611982976043
1433	10.0
1434	10.0
1435	2.0669933626227346
1436	2.0669933626227346
1437	0.1
1438	0.1
1439	5.964206103558958
1440	5.964206103558958
1441	10.0
1442	10.0
1443	3.8589596284185115
1444	3.8589596284185115
1445	7.160423257284603
1446	7.160423257284603
1447	5.77181527464848
1448	5.77181527464848
1449	4.2558637068888014
1450	4.2558637068888014
1451	5.3786083125110835
1452	5.3786083125110835
1453	2.825469132579239
1454	2.825469132579239
1455	10.0
1456	10.0
1457	8.083352258212505
1458	5.1416639536146
1459	5.1416639536146
1460	10.0
1461	10.0
1462	9.266765384197535
1463	9.266765384197535
1464	10.0
1465	10.0
1466	10.0
1467	10.0
1468	6.250563656609461
1469	6.250563656609461
1470	10.0
1471	10.0
1472	9.239351784484624
1473	9.239351784484624
1474	4.786473180765325
1475	4.786473180765325
1476	9.047886703457845
1477	9.047886703457845
1478	5.169951762627513
1479	5.169951762627513
1480	10.0
1481	10.0
1482	7.139886457322134
1483	7.139886457322134
1484	10.0
1485	10.0
1486	3.2902742147276625
1487	3.2902742147276625
1488	6.379002464656197
1489	6.379002464656197
1490	4.575269110554278
1491	4.575269110554278
1492	5.222888916598268
1493	5.222888916598268
1494	10.0
1495	10.0
1496	8.888223284320999
1497	8.888223284320999
1498	5.363734472294595
1499	5.363734472294595
1500	10.0
1501	10.0
1502	10.0
1503	10.0
1504	4.393394861863134
1505	2.3664887432724626
1506	2.3664887432724626
1507	1.1369489520715366
1508	1.1369489520715366
1509	5.795704741549
1510	5.795704741549
1511	5.153837251707859
1512	5.153837251707859
1513	10.0
1514	10.0
1515	9.003256317301311
1516	9.152272648265745
1517	9.152272648265745
1518	10.0
1519	10.0
1520	10.0
1521	10.0
1522	7.167756798303623
1523	7.167756798303623
1524	10.0
1525	10.0
1526	10.0
1527	10.0
1528	9.644417453730759
1529	9.644417453730759
1530	9.363791427921972
1531	9.363791427921972
1532	10.0
1533	10.0
1534	10.0
1535	10.0
1536	7.414868274130667
1537	7.414868274130667
1538	10.0
1539	10.0
1540	10.0
1541	10.0
1542	5.192968664196321
1543	5.192968664196321
1544	10.0
1545	10.0
1546	10.0
1547	10.0
1548	7.701553587222746
1549	7.701553587222746
1550	6.983047254581404
1551	6.983047254581404
1552	10.0
1553	10.0
1554	10.0
1555	10.0
1556	9.815486223286847
1557	9.815486223286847
1558	9.595253452587002
1559	9.595253452587002
1560	2.6989932911249177
1561	2.6989932911249177
1562	0.1
1563	0.1
1564	7.4761456682356435
1565	7.4761456682356435
1566	7.116385386430943
1567	7.116385386430943
1568	4.33874505509052
1569	4.33874505509052
1570	10.0
1571	10.0
1572	4.335895003934679
1573	4.335895003934679
1574	7.376320646702195
1575	7.376320646702195
1576	9.824101432040576
1577	9.824101432040576
1578	10.0
1579	10.0
1580	7.406956658576127
1581	7.406956658576127
1582	10.0
1583	10.0
1584	10.0
1585	10.0
1586	4.641150139533975
1587	4.641150139533975
1588	5.7323408890187215
1589	5.7323408890187215
1590	8.294173580986794
1591	8.294173580986794
1592	6.656144128133632
1593	6.656144128133632
1594	5.858847105476109
1595	5.858847105476109
1596	6.469350407168667
1597	6.469350407168667
1598	10.0
1599	10.0
1600	9.684627609779788
1601	9.684627609779788
1602	9.003150871735793
1603	9.003150871735793
1604	5.320390621744281
1605	5.320390621744281
1606	10.0
1607	10.0
1608	5.275622051350229
1609	5.275622051350229
1610	7.29138645408529
1611	7.29138645408529
1612	8.96456480766287
1613	8.96456480766287
1614	10.0
1615	10.0
1616	10.0
1617	10.0
1618	0.24011919948125104
1619	0.24011919948125104
1620	8.791869332805774
1621	8.791869332805774
1622	10.0
1623	10.0
1624	8.793817849482425
1625	8.793817849482425
1626	0.1
1627	0.1
1628	10.0
1629	10.0
1630	10.0
1631	10.0
1632	4.948266163174621
1633	4.948266163174621
1634	10.0
1635	10.0
1636	3.7194617153364735
1637	3.7194617153364735
1638	5.0627662004342
1639	5.0627662004342
1640	10.0
1641	10.0
1642	10.0
1643	10.0
1644	3.8484817743951405
1645	3.8484817743951405
1646	8.822380235079011
1647	8.822380235079011
1648	9.654346398879513
1649	9.654346398879513
1650	10.0
1651	10.0
1652	4.927879998977976
1653	4.927879998977976
1654	10.0
1655	10.0
1656	8.24332907924815
1657	8.24332907924815
1658	10.0
1659	10.0
1660	10.0
1661	10.0
1662	7.2558707572907934
1663	7.2558707572907934
1664	10.0
1665	10.0
1666	10.0
1667	10.0
1668	7.247502260567884
1669	7.247502260567884
1670	7.597933728967356
1671	7.597933728967356
1672	10.0
1673	10.0
1674	9.333298308809669
1675	9.333298308809669
1676	10.0
1677	10.0
1678	10.0
1679	1.608400615304907
1680	1.608400615304907
1681	10.0
1682	10.0
1683	10.0
1684	10.0
1685	5.682174365874909
1686	5.682174365874909
1687	10.0
1688	10.0
1689	10.0
1690	10.0
1691	7.034388066841552
1692	7.034388066841552
1693	10.0
1694	10.0
1695	10.0
1696	10.0
1697	6.147796686284029
1698	6.147796686284029
1699	4.30887876783057
1700	4.30887876783057
1701	10.0
1702	10.0
1703	10.0
1704	10.0
1705	10.0
1706	10.0
1707	10.0
1708	10.0
1709	6.762458800269508
1710	6.762458800269508
1711	10.0
1712	10.0
1713	3.907808721702289
1714	3.907808721702289
1715	10.0
1716	10.0
1717	10.0
1718	10.0
1719	0.1
1720	0.1
1721	9.075713513415641
1722	9.075713513415641
1723	10.0
1724	10.0
1725	6.2489007452496175
1726	6.2489007452496175
1727	8.947198577774307
1728	8.947198577774307
1729	9.258191373102287
1730	9.258191373102287
1731	8.300159419121613
1732	8.300159419121613
1733	8.927986458804632
1734	8.927986458804632
1735	10.0
1736	10.0
1737	10.0
1738	10.0
1739	10.0
1740	10.0
1741	9.349343624568826
1742	9.349343624568826
1743	10.0
1744	10.0
1745	10.0
1746	10.0
1747	1.692297275720379
1748	1.692297275720379
1749	7.9580925611506075
1750	7.9580925611506075
1751	10.0
1752	10.0
1753	10.0
1754	10.0
1755	10.0
1756	10.0
1757	10.0
1758	10.0
1759	9.955814414784921
1760	9.955814414784921
1761	4.193046382408991
1762	4.193046382408991
1763	8.439319112002853
1764	8.439319112002853
1765	8.998039663053023
1766	8.998039663053023
1767	9.38032459867447
1768	9.38032459867447
1769	1.4513818043227271
1770	1.4513818043227271
1771	10.0
1772	10.0
1773	7.924676189748447
1774	7.924676189748447
1775	7.180057500391492
1776	7.180057500391492
1777	5.340814416866187
1778	5.340814416866187
1779	4.317640255932182
1780	4.317640255932182
1781	10.0
1782	10.0
1783	10.0
1784	10.0
1785	6.450348667131797
1786	6.450348667131797
1787	10.0
1788	10.0
1789	10.0
1790	7.966707465750036
1791	7.966707465750036
1792	10.0
1793	10.0
1794	5.668519161600033
1795	5.668519161600033
1796	10.0
1797	10.0
1798	10.0
1799	10.0
1800	10.0
1801	10.0
1802	10.0
1803	10.0
1804	6.840480556919596
1805	6.840480556919596
1806	7.466303929669003
1807	7.466303929669003
1808	3.2021933622778116
1809	3.2021933622778116
1810	9.838565397697774
1811	9.838565397697774
1812	10.0
1813	10.0
1814	0.1
1815	0.1
1816	10.0
1817	10.0
1818	6.975528188590339
1819	6.975528188590339
1820	3.161009408353328
1821	3.161009408353328
1822	10.0
1823	5.6371551488552765
1824	5.6371551488552765
1825	5.351175151567645
1826	5.351175151567645
1827	4.485463172796257
1828	4.485463172796257
1829	5.022276914993718
1830	5.022276914993718
1831	10.0
1832	10.0
1833	7.87583890332062
1834	7.87583890332062
1835	4.247478445825288
1836	4.247478445825288
1837	10.0
1838	9.88073609545219
1839	8.12466878513713
1840	8.12466878513713
1841	5.039055110418476
1842	5.039055110418476
1843	10.0
1844	10.0
1845	10.0
1846	10.0
1847	5.408639690260589
1848	5.408639690260589
1849	8.371084659843842
1850	8.371084659843842
1851	9.394832398581235
1852	9.394832398581235
1853	10.0
1854	10.0
1855	10.0
1856	10.0
1857	9.363060774679107
1858	9.363060774679107
1859	2.701244189222747
1860	2.701244189222747
1861	7.844388956061356
1862	7.844388956061356
1863	10.0
1864	10.0
1865	5.5178988845206245
1866	5.5178988845206245
1867	8.528349379570296
1868	8.528349379570296
1869	2.3150930262085945
1870	2.3150930262085945
1871	9.905751133968316
1872	9.905751133968316
1873	8.793046231379915
1874	8.793046231379915
1875	10.0
1876	10.0
1877	10.0
1878	10.0
1879	10.0
1880	10.0
1881	3.861440724864422
1882	3.861440724864422
1883	10.0
1884	10.0
1885	10.0
1886	10.0
1887	10.0
1888	10.0
1889	5.066982635243571
1890	5.066982635243571
1891	6.687336859843514
1892	6.687336859843514
1893	9.802292933096854
1894	9.802292933096854
1895	10.0
1896	10.0
1897	10.0
1898	0.550626970881396
1899	0.550626970881396
1900	10.0
1901	10.0
1902	6.304728148821273
1903	6.304728148821273
1904	7.9157731993865585
1905	7.9157731993865585
1906	10.0
1907	10.0
1908	10.0
1909	10.0
1910	8.896035233023072
1911	8.896035233023072
1912	9.417872330787741
1913	9.417872330787741
1914	10.0
1915	10.0
1916	9.64963976709353
1917	9.64963976709353
1918	10.0
1919	10.0
1920	2.4396173336456473
1921	2.4396173336456473
1922	7.526831372341423
1923	7.526831372341423
1924	9.933306028776641
1925	9.933306028776641
1926	10.0
1927	10.0
1928	9.631835473545241
1929	9.631835473545241
1930	3.3348620706744914
1931	9.459023414847012
1932	9.459023414847012
1933	6.2290966835053325
1934	6.2290966835053325
1935	10.0
1936	10.0
1937	1.8761159303737678
1938	1.8761159303737678
1939	6.114598651252006
1940	6.114598651252006
1941	9.058604315530596
1942	9.058604315530596
1943	10.0
1944	10.0
1945	7.39104555460577
1946	7.39104555460577
1947	1.4170228656262571
1948	1.4170228656262571
1949	10.0
1950	10.0
1951	10.0
1952	10.0
1953	9.612725609011115
1954	9.612725609011115
1955	10.0
1956	10.0
1957	7.323656067126626
1958	7.323656067126626
1959	5.5724815025883245
1960	5.5724815025883245
1961	0.6794973555416366
1962	0.6794973555416366
1963	4.750698960116328
1964	4.750698960116328
1965	8.689555300237698
1966	8.689555300237698
1967	8.381720377823877
1968	8.381720377823877
1969	3.165472966685499
1970	3.165472966685499
1971	9.245144686712308
1972	9.245144686712308
1973	10.0
1974	10.0
1975	3.2676692558907217
1976	3.2676692558907217
1977	10.0
1978	10.0
1979	1.9258556739245698
1980	1.9258556739245698
1981	10.0
1982	10.0
1983	10.0
1984	10.0
1985	10.0
1986	4.568394520495257
1987	4.568394520495257
1988	10.0
1989	10.0
1990	10.0
1991	10.0
1992	10.0
1993	10.0
1994	7.368319697491142
1995	7.368319697491142
1996	0.8197429621651526
1997	0.8197429621651526
1998	10.0
1999	10.0
2000	0.1
2001	0.1
2002	7.9620509228744885
2003	7.9620509228744885
2004	4.773461433614022
2005	4.773461433614022
2006	4.290247412655543
2007	4.290247412655543
2008	9.041797044843127
2009	9.041797044843127
2010	2.0303797859657573
2011	2.0303797859657573
2012	2.7415731958132072
2013	2.7415731958132072
2014	10.0
2015	10.0
2016	10.0
2017	1.845537078836463
2018	8.811610348118274
2019	10.0
2020	10.0
2021	5.813746433053973
2022	5.813746433053973
2023	10.0
2024	10.0
2025	9.001207196857326
2026	9.001207196857326
2027	10.0
2028	10.0
2029	6.822395266658582
2030	0.9684632326505209
2031	0.9684632326505209
2032	5.95595806343198
2033	5.95595806343198
2034	7.027077101525357
2035	7.027077101525357
2036	9.687793299756487
2037	9.687793299756487
2038	4.007004734402492
2039	4.007004734402492
2040	10.0
2041	10.0
2042	5.609734931444805
2043	5.609734931444805
2044	10.0
2045	10.0
2046	10.0
2047	10.0
2048	7.730858782939394
2049	7.730858782939394
2050	6.519700915163652
2051	6.519700915163652
2052	10.0
2053	10.0
2054	10.0
2055	10.0
2056	9.980594454173128
2057	9.980594454173128
2058	10.0
2059	10.0
2060	3.4561435069563915
2061	3.4561435069563915
2062	4.81588717689308
2063	4.81588717689308
2064	10.0
2065	10.0
2066	10.0
2067	4.551933737683041
2068	4.551933737683041
2069	10.0
