0	3.389445189921453
1	3.389445189921453
2	8.833409750613155
3	8.833409750613155
4	9.908230797718394
5	9.908230797718394
6	6.395440595794074
7	6.395440595794074
8	9.104913880877909
9	9.104913880877909
10	0.1
11	0.1
12	3.1068681194413283
13	9.696909559287622
14	9.696909559287622
15	4.839325829808987
16	4.839325829808987
17	7.233922053778873
18	7.233922053778873
19	10.0
20	10.0
21	2.1524679611270443
22	2.1524679611270443
23	10.0
24	10.0
25	10.0
26	10.0
27	10.0
28	10.0
29	10.0
30	10.0
31	10.0
32	10.0
33	10.0
34	10.0
35	10.0
36	1.790222107573106
37	1.790222107573106
38	7.165469356548248
39	7.165469356548248
40	0.49202859321277437
41	0.49202859321277437
42	9.735147799700151
43	9.735147799700151
44	5.489540671503389
45	5.489540671503389
46	10.0
47	10.0
48	10.0
49	10.0
50	10.0
51	10.0
52	10.0
53	10.0
54	0.1
55	0.1
56	0.1
57	0.1
58	9.313397511996136
59	9.313397511996136
60	6.220362300255427
61	6.220362300255427
62	5.371650918521943
63	10.0
64	10.0
65	0.1
66	0.1
67	10.0
68	10.0
69	10.0
70	10.0
71	7.330278822322816
72	7.330278822322816
73	1.5527746656560142
74	1.5527746656560142
75	10.0
76	10.0
77	10.0
78	10.0
79	10.0
80	10.0
81	2.0170474916819545
82	2.0170474916819545
83	3.6656734499099812
84	3.6656734499099812
85	10.0
86	10.0
87	10.0
88	2.8500960277553054
89	2.8500960277553054
90	10.0
91	1.3276669036030544
92	1.3276669036030544
93	10.0
94	10.0
95	7.28577937538013
96	7.28577937538013
97	10.0
98	10.0
99	10.0
100	10.0
101	0.1
102	0.1
103	6.686949900076678
104	6.686949900076678
105	8.867197449546984
106	8.867197449546984
107	10.0
108	10.0
109	3.5294817807415804
110	3.5294817807415804
111	10.0
112	10.0
113	10.0
114	10.0
115	6.789575440081849
116	6.789575440081849
117	10.0
118	10.0
119	5.686703107199893
120	5.686703107199893
121	10.0
122	0.6642320703682785
123	0.6642320703682785
124	6.2306065630437715
125	6.2306065630437715
126	10.0
127	10.0
128	6.858493755030736
129	6.858493755030736
130	6.845385404134994
131	6.845385404134994
132	10.0
133	3.308335579645239
134	3.308335579645239
135	10.0
136	10.0
137	0.28729801026408097
138	0.28729801026408097
139	10.0
140	10.0
141	10.0
142	10.0
143	10.0
144	10.0
145	6.495053920630518
146	6.495053920630518
147	2.4689157946363895
148	2.4689157946363895
149	1.7696012895540667
150	1.7696012895540667
151	5.966222199566063
152	5.966222199566063
153	8.581703363570687
154	8.581703363570687
155	10.0
156	10.0
157	2.923464877777622
158	2.923464877777622
159	7.856563854790178
160	7.856563854790178
161	10.0
162	10.0
163	10.0
164	10.0
165	10.0
166	10.0
167	6.375220015003409
168	6.375220015003409
169	8.572815731314087
170	8.572815731314087
171	0.1
172	0.1
173	10.0
174	10.0
175	10.0
176	10.0
177	2.2988602845613855
178	2.2988602845613855
179	10.0
180	10.0
181	8.423490363236638
182	8.423490363236638
183	10.0
184	10.0
185	8.953953505526258
186	8.953953505526258
187	8.639924191318826
188	10.0
189	10.0
190	5.759265772766225
191	5.759265772766225
192	8.70911854471973
193	8.70911854471973
194	8.127444948861331
195	8.127444948861331
196	1.3667516209797421
197	1.3667516209797421
198	3.258872354481608
199	3.258872354481608
200	8.478341248550045
201	8.478341248550045
202	3.2296142976160667
203	3.2296142976160667
204	10.0
205	10.0
206	10.0
207	10.0
208	10.0
209	10.0
210	10.0
211	10.0
212	8.681485939998709
213	8.681485939998709
214	10.0
215	10.0
216	5.792272702199763
217	5.792272702199763
218	10.0
219	10.0
220	0.1
221	0.1
222	3.3942112378174976
223	3.3942112378174976
224	9.648860879810776
225	9.648860879810776
226	10.0
227	10.0
228	8.876223849430756
229	8.876223849430756
230	7.37715916996795
231	7.37715916996795
232	7.290453036509467
233	7.290453036509467
234	5.100333575989508
235	5.100333575989508
236	2.5849180479999383
237	2.5849180479999383
238	0.1
239	0.1
240	5.449156033963218
241	5.449156033963218
242	4.9709079043900175
243	4.9709079043900175
244	10.0
245	10.0
246	10.0
247	10.0
248	10.0
249	10.0
250	8.64218622126012
251	10.0
252	10.0
253	10.0
254	10.0
255	10.0
256	10.0
257	0.1
258	0.1
259	10.0
260	10.0
261	7.320461573929221
262	7.320461573929221
263	10.0
264	10.0
265	7.555397508877299
266	7.555397508877299
267	10.0
268	10.0
269	9.341390484553443
270	9.341390484553443
271	8.510428901317908
272	8.510428901317908
273	8.327655179904466
274	8.327655179904466
275	3.37209305991746
276	3.37209305991746
277	10.0
278	10.0
279	8.918334275970759
280	8.918334275970759
281	9.147924837659753
282	9.147924837659753
283	10.0
284	10.0
285	10.0
286	10.0
287	6.206595345562556
288	6.206595345562556
289	0.1
290	0.1
291	1.2828044036489912
292	1.2828044036489912
293	10.0
294	10.0
295	3.566795277957671
296	3.566795277957671
297	10.0
298	10.0
299	6.028311095398344
300	6.028311095398344
301	8.118962145193812
302	10.0
303	10.0
304	2.2304574515460063
305	2.2304574515460063
306	6.41439538210639
307	6.41439538210639
308	10.0
309	10.0
310	7.10001567921675
311	7.10001567921675
312	9.728584521204299
313	9.728584521204299
314	10.0
315	10.0
316	9.678877882283677
317	9.678877882283677
318	10.0
319	10.0
320	1.0959839293603792
321	1.0959839293603792
322	10.0
323	10.0
324	6.035211827101682
325	6.035211827101682
326	10.0
327	10.0
328	10.0
329	8.83320600541858
330	8.83320600541858
331	10.0
332	10.0
333	6.2092063269723905
334	6.2092063269723905
335	10.0
336	10.0
337	10.0
338	10.0
339	7.1177974765068655
340	7.1177974765068655
341	7.288201526565465
342	10.0
343	10.0
344	8.246477629454045
345	8.246477629454045
346	7.573232296000173
347	7.573232296000173
348	10.0
349	10.0
350	10.0
351	10.0
352	9.720555527133113
353	9.720555527133113
354	8.858951117487683
355	8.858951117487683
356	10.0
357	10.0
358	10.0
359	10.0
360	10.0
361	5.966913446830806
362	5.966913446830806
363	5.968524500976635
364	5.968524500976635
365	9.87690254088109
366	9.87690254088109
367	0.7073381336908717
368	0.7073381336908717
369	7.56153944074624
370	7.56153944074624
371	0.3982698667931519
372	0.3982698667931519
373	4.887500730101559
374	10.0
375	10.0
376	2.087725804111737
377	2.087725804111737
378	10.0
379	10.0
380	6.312812604143873
381	6.312812604143873
382	10.0
383	10.0
384	6.857452718868034
385	6.857452718868034
386	0.1
387	0.1
388	10.0
389	10.0
390	0.1
391	0.1
392	10.0
393	10.0
394	8.166428998139882
395	8.166428998139882
396	10.0
397	10.0
398	6.2779540096982505
399	6.2779540096982505
400	10.0
401	10.0
402	10.0
403	10.0
404	5.26047657522198
405	5.26047657522198
406	4.485407569891203
407	4.485407569891203
408	10.0
409	10.0
410	7.330331655293802
411	7.330331655293802
412	5.238955187518473
413	5.238955187518473
414	7.868907021794319
415	7.868907021794319
416	5.998606780428046
417	5.998606780428046
418	10.0
419	10.0
420	10.0
421	10.0
422	10.0
423	3.541521754813398
424	3.541521754813398
425	8.697785213819781
426	8.697785213819781
427	1.842588210503279
428	1.842588210503279
429	6.8407163247825915
430	6.8407163247825915
431	10.0
432	10.0
433	8.030919066760688
434	8.030919066760688
435	10.0
436	10.0
437	10.0
438	10.0
439	10.0
440	10.0
441	10.0
442	10.0
443	10.0
444	10.0
445	10.0
446	10.0
447	10.0
448	3.319868644149813
449	3.319868644149813
450	10.0
451	10.0
452	10.0
453	10.0
454	10.0
455	10.0
456	3.172235925839982
457	6.560241688483961
458	6.560241688483961
459	6.3287514581029765
460	6.3287514581029765
461	5.792324464190971
462	5.792324464190971
463	10.0
464	10.0
465	6.8719952215218605
466	6.8719952215218605
467	10.0
468	10.0
469	10.0
470	10.0
471	6.546861495223327
472	6.546861495223327
473	10.0
474	10.0
475	10.0
476	10.0
477	10.0
478	10.0
479	9.481056585848709
480	9.481056585848709
481	7.215171586602264
482	7.215171586602264
483	10.0
484	10.0
485	10.0
486	10.0
487	0.9963089505717608
488	0.9963089505717608
489	10.0
490	10.0
491	6.650230434702944
492	6.650230434702944
493	9.352922316776914
494	9.352922316776914
495	0.1
496	0.1
497	10.0
498	10.0
499	10.0
500	10.0
501	10.0
502	10.0
503	10.0
504	10.0
505	8.097291438900896
506	8.097291438900896
507	5.147711486980262
508	5.147711486980262
509	4.8998807807722535
510	4.8998807807722535
511	2.1238652673007
512	2.1238652673007
513	7.201104872672587
514	7.201104872672587
515	10.0
516	10.0
517	4.962499719740802
518	4.962499719740802
519	0.1
520	0.1
521	8.911421373514665
522	8.911421373514665
523	4.964945388277924
524	4.964945388277924
525	0.1
526	0.1
527	10.0
528	10.0
529	2.904435688776992
530	2.904435688776992
531	10.0
532	10.0
533	10.0
534	10.0
535	10.0
536	10.0
537	0.1
538	0.1
539	10.0
540	10.0
541	4.561042465171798
542	4.561042465171798
543	6.449769051593493
544	6.449769051593493
545	7.4226222993257025
546	7.4226222993257025
547	4.934152766190647
548	4.934152766190647
549	8.678303082174136
550	8.678303082174136
551	6.568302283380179
552	6.568302283380179
553	10.0
554	10.0
555	10.0
556	10.0
557	10.0
558	10.0
559	10.0
560	10.0
561	3.8303262270832024
562	3.8303262270832024
563	9.43734656977874
564	9.43734656977874
565	10.0
566	10.0
567	10.0
568	10.0
569	7.281756937098793
570	7.281756937098793
571	6.755282984463562
572	6.755282984463562
573	10.0
574	10.0
575	5.888090648585868
576	5.888090648585868
577	9.679569516817786
578	9.679569516817786
579	0.1
580	0.1
581	3.8120856665525276
582	3.8120856665525276
583	4.091219445936385
584	4.091219445936385
585	10.0
586	10.0
587	10.0
588	10.0
589	8.935452171881273
590	8.935452171881273
591	8.05552960653205
592	8.05552960653205
593	10.0
594	10.0
595	10.0
596	10.0
597	9.78743927182203
598	9.78743927182203
599	2.4799671345377403
600	2.4799671345377403
601	0.6952959465119424
602	0.6952959465119424
603	7.270909219694606
604	9.760832472396334
605	9.760832472396334
606	10.0
607	10.0
608	6.412249901873706
609	6.412249901873706
610	10.0
611	10.0
612	0.1
613	0.1
614	10.0
615	10.0
616	6.033855979580666
617	6.033855979580666
618	10.0
619	10.0
620	8.785710060060413
621	8.785710060060413
622	10.0
623	10.0
624	2.5461586958048352
625	2.5461586958048352
626	1.3617026013333495
627	1.3617026013333495
628	7.302536543654732
629	7.302536543654732
630	10.0
631	10.0
632	10.0
633	10.0
634	8.141100604512847
635	8.141100604512847
636	5.153265717652824
637	5.153265717652824
638	8.033478173157567
639	8.033478173157567
640	7.928553051664722
641	7.928553051664722
642	10.0
643	10.0
644	10.0
645	10.0
646	0.1
647	0.1
648	5.419753094214467
649	5.419753094214467
650	8.73214405783456
651	8.73214405783456
652	3.1384808411188994
653	3.1384808411188994
654	2.8815773260291726
655	2.8815773260291726
656	1.3872502157832312
657	1.3872502157832312
658	3.4081309250412
659	3.4081309250412
660	10.0
661	10.0
662	10.0
663	10.0
664	9.910448765300595
665	9.425175386120292
666	9.425175386120292
667	7.39141264599568
668	7.39141264599568
669	10.0
670	10.0
671	4.67793807347169
672	4.67793807347169
673	10.0
674	10.0
675	6.378129137617907
676	6.378129137617907
677	8.09057247036159
678	8.09057247036159
679	10.0
680	10.0
681	1.761066810932987
682	1.761066810932987
683	4.073642856597468
684	4.073642856597468
685	9.547881665290236
686	9.547881665290236
687	10.0
688	10.0
689	6.756916524425259
690	6.756916524425259
691	7.741355847962961
692	7.741355847962961
693	10.0
694	10.0
695	10.0
696	10.0
697	0.1
698	0.1
699	9.48194265730993
700	9.48194265730993
701	10.0
702	10.0
703	2.8362640620089596
704	2.8362640620089596
705	4.8887404095255915
706	4.8887404095255915
707	3.2672514872793794
708	3.2672514872793794
709	0.8736377964307351
710	0.8736377964307351
711	10.0
712	10.0
713	10.0
714	10.0
715	10.0
716	10.0
717	10.0
718	10.0
719	10.0
720	10.0
721	10.0
722	10.0
723	10.0
724	10.0
725	8.247446739256182
726	8.247446739256182
727	10.0
728	10.0
729	7.6195429323279855
730	7.6195429323279855
731	8.922196547604548
732	8.922196547604548
733	7.034433338200225
734	7.034433338200225
735	7.8964621284867915
736	7.8964621284867915
737	0.5138601729643177
738	0.5138601729643177
739	6.511401337792385
740	6.511401337792385
741	10.0
742	10.0
743	10.0
744	10.0
745	7.289159838638841
746	7.289159838638841
747	4.4573605369184355
748	4.4573605369184355
749	10.0
750	10.0
751	8.421983908690049
752	8.421983908690049
753	7.965574892411764
754	7.965574892411764
755	7.916996134767285
756	7.916996134767285
757	4.854454917212814
758	4.854454917212814
759	10.0
760	10.0
761	7.607964491935774
762	7.607964491935774
763	10.0
764	10.0
765	8.047758259863853
766	8.047758259863853
767	10.0
768	6.773338995986221
769	6.773338995986221
770	8.003706293674
771	8.003706293674
772	10.0
773	10.0
774	0.1
775	0.1
776	10.0
777	10.0
778	3.2533317842584584
779	3.2533317842584584
780	5.5824077728846735
781	5.5824077728846735
782	10.0
783	10.0
784	6.263442003105887
785	6.263442003105887
786	8.464798280589438
787	10.0
788	10.0
789	10.0
790	10.0
791	9.17380281486065
792	9.17380281486065
793	0.5156222207964003
794	0.5156222207964003
795	6.580325412810399
796	6.580325412810399
797	10.0
798	10.0
799	4.6703275334983285
800	4.6703275334983285
801	8.104151019481765
802	8.104151019481765
803	10.0
804	10.0
805	0.9115248147397059
806	0.9115248147397059
807	2.0821771400830453
808	2.0821771400830453
809	10.0
810	10.0
811	8.710288061827725
812	8.710288061827725
813	10.0
814	10.0
815	6.279567957479264
816	6.279567957479264
817	10.0
818	2.911286745731477
819	2.911286745731477
820	10.0
821	10.0
822	3.2943545472135467
823	3.2943545472135467
824	7.019802010911141
825	2.9129795733888537
826	10.0
827	10.0
828	10.0
829	10.0
830	8.34298380679416
831	8.34298380679416
832	9.450787691999924
833	9.450787691999924
834	10.0
835	10.0
836	8.720119703688164
837	8.720119703688164
838	10.0
839	10.0
840	6.87383832636361
841	6.87383832636361
842	3.5683996300009637
843	3.5683996300009637
844	4.080787296993122
845	4.080787296993122
846	7.017303024610335
847	7.017303024610335
848	1.6692970246648722
849	1.6692970246648722
850	7.8807312544622725
851	7.8807312544622725
852	5.409005361914223
853	5.409005361914223
854	3.243232929665261
855	3.243232929665261
856	3.3349573820738883
857	3.3349573820738883
858	1.5916955228775667
859	1.5916955228775667
860	10.0
861	10.0
862	8.288507206442118
863	8.288507206442118
864	9.132065544297868
865	9.132065544297868
866	10.0
867	10.0
868	8.940592641369516
869	8.940592641369516
870	3.5138147633080417
871	3.5138147633080417
872	5.373876205617523
873	5.373876205617523
874	10.0
875	10.0
876	1.5987233421530727
877	1.5987233421530727
878	10.0
879	10.0
880	10.0
881	10.0
882	2.3907826257855325
883	2.3907826257855325
884	2.886867291839507
885	2.886867291839507
886	0.1
887	0.1
888	1.9196362858826754
889	1.9196362858826754
890	8.18768860337615
891	8.18768860337615
892	9.056559023258007
893	9.056559023258007
894	10.0
895	10.0
896	9.758589673324911
897	9.758589673324911
898	9.363055625268359
899	9.363055625268359
900	0.1
901	0.1
902	5.64373130350743
903	5.64373130350743
904	10.0
905	10.0
906	7.047849762419613
907	7.047849762419613
908	10.0
909	10.0
910	10.0
911	10.0
912	9.194282472405844
913	9.194282472405844
914	10.0
915	10.0
916	3.080933290655702
917	3.080933290655702
918	6.81071005645976
919	6.81071005645976
920	10.0
921	10.0
922	5.584741791441278
923	5.584741791441278
924	10.0
925	10.0
926	6.522147436722207
927	6.101797579923726
928	6.101797579923726
929	7.9363476557210575
930	7.9363476557210575
931	10.0
932	10.0
933	10.0
934	10.0
935	0.1
936	0.1
937	1.972193899790418
938	1.972193899790418
939	10.0
940	10.0
941	4.551538097794194
942	4.551538097794194
943	10.0
944	10.0
945	1.7707679374225114
946	1.7707679374225114
947	7.902423211138064
948	7.902423211138064
949	4.300778162115591
950	4.300778162115591
951	4.810791255836985
952	4.810791255836985
953	7.179883983182248
954	7.179883983182248
955	10.0
956	10.0
957	10.0
958	5.9255409741700245
959	5.9255409741700245
960	8.003546540394119
961	8.003546540394119
962	10.0
963	10.0
964	3.392110120557798
965	3.392110120557798
966	5.274921020003411
967	5.274921020003411
968	3.144520162474212
969	3.144520162474212
970	0.1
971	0.1
972	0.1
973	0.1
974	3.9761637211622096
975	3.9761637211622096
976	9.620714956929802
977	8.871116349648563
978	8.871116349648563
979	10.0
980	10.0
981	9.883056977211293
982	9.883056977211293
983	10.0
984	10.0
985	10.0
986	10.0
987	10.0
988	10.0
989	0.1
990	0.1
991	10.0
992	10.0
993	10.0
994	10.0
995	10.0
996	7.4055025055917785
997	7.4055025055917785
998	5.143661200603571
999	5.143661200603571
1000	8.62162757982434
1001	8.62162757982434
1002	6.42366564911457
1003	6.42366564911457
1004	6.578863084473644
1005	6.578863084473644
1006	8.282293429450773
1007	8.282293429450773
1008	10.0
1009	10.0
1010	2.872321602551043
1011	2.872321602551043
1012	10.0
1013	10.0
1014	8.355001515610143
1015	8.355001515610143
1016	10.0
1017	10.0
1018	10.0
1019	10.0
1020	4.099647151473398
1021	4.099647151473398
1022	1.4621186581693024
1023	1.4621186581693024
1024	10.0
1025	10.0
1026	10.0
1027	10.0
1028	2.5445551893581033
1029	2.5445551893581033
1030	1.899003802590225
1031	1.899003802590225
1032	10.0
1033	10.0
1034	10.0
1035	10.0
1036	10.0
1037	10.0
1038	0.1
1039	0.1
1040	10.0
1041	10.0
1042	10.0
1043	9.532720587421307
1044	9.532720587421307
1045	10.0
1046	10.0
1047	10.0
1048	9.143799090991305
1049	9.143799090991305
1050	3.3936084438581817
1051	3.3936084438581817
1052	8.82011831459267
1053	5.2245138063258185
1054	5.2245138063258185
1055	0.7141020030034806
1056	0.7141020030034806
1057	4.679594876232317
1058	4.679594876232317
1059	9.85974274439153
1060	9.85974274439153
1061	8.916028402807335
1062	8.916028402807335
1063	0.1
1064	0.1
1065	6.984635678934185
1066	6.984635678934185
1067	9.791887729161779
1068	9.791887729161779
1069	10.0
1070	10.0
1071	6.568426400506566
1072	6.568426400506566
1073	8.208882499708201
1074	8.208882499708201
1075	0.1
1076	0.1
1077	10.0
1078	10.0
1079	0.314047514377501
1080	0.314047514377501
1081	2.215988891398557
1082	2.215988891398557
1083	2.261873794544596
1084	2.261873794544596
1085	4.597005194179599
1086	4.597005194179599
1087	6.819845533993345
1088	6.819845533993345
1089	3.477954395158826
1090	3.477954395158826
1091	6.41088033822314
1092	6.41088033822314
1093	10.0
1094	10.0
1095	10.0
1096	10.0
1097	4.8119525891633135
1098	2.0976071891682375
1099	2.0976071891682375
1100	10.0
1101	10.0
1102	6.612773680686406
1103	6.612773680686406
1104	2.0519438865944
1105	2.0519438865944
1106	7.660582531038163
1107	7.660582531038163
1108	8.178135589759389
1109	8.178135589759389
1110	10.0
1111	10.0
1112	10.0
1113	5.468136644842158
1114	5.468136644842158
1115	10.0
1116	10.0
1117	10.0
1118	10.0
1119	8.901552501800436
1120	8.901552501800436
1121	1.1096781329353442
1122	1.1096781329353442
1123	5.106175730743656
1124	5.106175730743656
1125	2.484962039740318
1126	2.484962039740318
1127	10.0
1128	10.0
1129	8.587193597122413
1130	8.587193597122413
1131	6.7088683814618815
1132	6.7088683814618815
1133	10.0
1134	10.0
1135	3.751755843247367
1136	3.751755843247367
1137	0.1
1138	0.1
1139	10.0
1140	10.0
1141	0.1
1142	0.1
1143	9.022779424184806
1144	9.022779424184806
1145	7.911850268906711
1146	7.911850268906711
1147	10.0
1148	10.0
1149	10.0
1150	10.0
1151	10.0
1152	10.0
1153	3.8915123161860965
1154	3.8915123161860965
1155	9.656450345970828
1156	9.656450345970828
1157	3.0029985481699555
1158	3.0029985481699555
1159	10.0
1160	10.0
1161	5.789791173795246
1162	5.789791173795246
1163	10.0
1164	10.0
1165	10.0
1166	10.0
1167	10.0
1168	10.0
1169	10.0
1170	6.783610591138434
1171	6.783610591138434
1172	4.26277339653133
1173	4.26277339653133
1174	9.973304469854787
1175	9.973304469854787
1176	10.0
1177	10.0
1178	10.0
1179	10.0
1180	10.0
1181	10.0
1182	9.178661512817486
1183	9.178661512817486
1184	10.0
1185	10.0
1186	10.0
1187	10.0
1188	10.0
1189	10.0
1190	1.0741829770942122
1191	1.0741829770942122
1192	10.0
1193	10.0
1194	10.0
1195	10.0
1196	10.0
1197	10.0
1198	9.327740654566357
1199	2.9156947344834663
1200	2.9156947344834663
1201	7.3252738176844945
1202	7.3252738176844945
1203	10.0
1204	10.0
1205	10.0
1206	10.0
1207	10.0
1208	10.0
1209	2.5494001886439444
1210	2.5494001886439444
1211	10.0
1212	10.0
1213	10.0
1214	10.0
1215	10.0
1216	10.0
1217	9.827269256782845
1218	9.827269256782845
1219	3.4342664113112473
1220	3.4342664113112473
1221	7.881652091647922
1222	7.881652091647922
1223	7.997083946053304
1224	7.997083946053304
1225	0.1
1226	0.1
1227	2.3956594482656657
1228	2.3956594482656657
1229	10.0
1230	10.0
1231	0.1
1232	2.6525289017577416
1233	2.6525289017577416
1234	1.4608301738348022
1235	1.4608301738348022
1236	10.0
1237	10.0
1238	10.0
1239	10.0
1240	10.0
1241	10.0
1242	10.0
1243	10.0
1244	10.0
1245	10.0
1246	9.184449708872561
1247	9.184449708872561
1248	0.1
1249	0.1
1250	9.266252244298851
1251	9.266252244298851
1252	10.0
1253	10.0
1254	7.1372058142165535
1255	7.1372058142165535
1256	10.0
1257	10.0
1258	10.0
1259	10.0
1260	10.0
1261	3.68933505843905
1262	3.68933505843905
1263	5.766768768323125
1264	5.766768768323125
1265	7.2168850045364845
1266	7.2168850045364845
1267	10.0
1268	10.0
1269	10.0
1270	10.0
1271	8.87734550748508
1272	8.87734550748508
1273	3.9073068158297923
1274	3.9073068158297923
1275	10.0
1276	10.0
1277	6.995360625117092
1278	6.995360625117092
1279	2.655411468645336
1280	2.655411468645336
1281	10.0
1282	10.0
1283	4.982977400887181
1284	4.982977400887181
1285	10.0
1286	10.0
1287	2.666022748245271
1288	2.666022748245271
1289	10.0
1290	10.0
1291	7.780380216825581
1292	7.780380216825581
1293	10.0
1294	10.0
1295	10.0
1296	4.777428433708572
1297	4.777428433708572
1298	6.97161745875508
1299	6.97161745875508
1300	9.958784192580715
1301	9.958784192580715
1302	10.0
1303	10.0
1304	4.620856502911641
1305	4.620856502911641
1306	8.415371210838597
1307	10.0
1308	10.0
1309	7.213754774767715
1310	7.213754774767715
1311	10.0
1312	10.0
1313	10.0
1314	5.361593648129855
1315	5.361593648129855
1316	10.0
1317	10.0
1318	10.0
1319	10.0
1320	10.0
1321	10.0
1322	6.075224400365423
1323	6.075224400365423
1324	5.847908347414444
1325	5.847908347414444
1326	5.15269422380642
1327	5.15269422380642
1328	10.0
1329	10.0
1330	10.0
1331	10.0
1332	3.910217489145837
1333	3.910217489145837
1334	9.144012276835824
1335	9.144012276835824
1336	0.1
1337	0.1
1338	10.0
1339	10.0
1340	10.0
1341	10.0
1342	10.0
1343	10.0
1344	4.928848878307304
1345	4.928848878307304
1346	9.275972562360737
1347	9.275972562360737
1348	3.0477089297947693
1349	3.0477089297947693
1350	10.0
1351	10.0
1352	0.1
1353	0.1
1354	10.0
1355	10.0
1356	10.0
1357	10.0
1358	3.7960317617400046
1359	3.7960317617400046
1360	10.0
1361	10.0
1362	10.0
1363	10.0
1364	0.1
1365	0.1
1366	3.9161343124111925
1367	3.9161343124111925
1368	10.0
1369	10.0
1370	7.595697633733593
1371	7.595697633733593
1372	3.5675683367290807
1373	3.5675683367290807
1374	10.0
1375	10.0
1376	10.0
1377	10.0
1378	9.457905844179109
1379	9.457905844179109
1380	10.0
1381	10.0
1382	8.524369085376033
1383	8.524369085376033
1384	10.0
1385	10.0
1386	0.1
1387	0.1
1388	8.77396750641186
1389	8.77396750641186
1390	4.099902484359203
1391	4.099902484359203
1392	0.14110419872061186
1393	0.14110419872061186
1394	10.0
1395	10.0
1396	10.0
1397	10.0
1398	10.0
1399	10.0
1400	10.0
1401	10.0
1402	10.0
1403	10.0
1404	10.0
1405	10.0
1406	7.966233264475097
1407	7.966233264475097
1408	0.6695913993622966
1409	0.6695913993622966
1410	8.125510412226337
1411	8.125510412226337
1412	10.0
1413	10.0
1414	6.525336123701567
1415	6.525336123701567
1416	7.156019952466911
1417	7.156019952466911
1418	10.0
1419	10.0
1420	10.0
1421	10.0
1422	10.0
1423	10.0
1424	7.9870349651134545
1425	7.9870349651134545
1426	0.38032315910592196
1427	0.38032315910592196
1428	7.663160775510886
1429	7.663160775510886
1430	10.0
1431	10.0
1432	10.0
1433	10.0
1434	5.781602962471167
1435	5.781602962471167
1436	7.185218951550166
1437	7.185218951550166
1438	10.0
1439	10.0
1440	10.0
1441	10.0
1442	10.0
1443	10.0
1444	1.825760513669004
1445	1.825760513669004
1446	10.0
1447	4.846204917160775
1448	4.846204917160775
1449	6.626647963247475
1450	6.98888303096678
1451	6.98888303096678
1452	10.0
1453	10.0
1454	10.0
1455	10.0
1456	5.652932750407572
1457	5.652932750407572
1458	4.828006468620485
1459	4.828006468620485
1460	10.0
1461	10.0
1462	7.360278655369444
1463	7.360278655369444
1464	10.0
1465	10.0
1466	10.0
1467	10.0
1468	6.619046248521981
1469	6.619046248521981
1470	7.451435386963002
1471	7.451435386963002
1472	10.0
1473	10.0
1474	8.391443767069905
1475	8.391443767069905
1476	10.0
1477	10.0
1478	9.174218727950459
1479	9.544264814807253
1480	9.544264814807253
1481	10.0
1482	10.0
1483	10.0
1484	10.0
1485	10.0
1486	10.0
1487	3.7274016625767326
1488	3.7274016625767326
1489	8.51171807969408
1490	6.913862402232015
1491	6.913862402232015
1492	0.1
1493	0.1
1494	10.0
1495	10.0
1496	10.0
1497	10.0
1498	10.0
1499	2.1180118544225337
1500	2.1180118544225337
1501	10.0
1502	10.0
1503	10.0
1504	10.0
1505	5.366032860984358
1506	10.0
1507	10.0
1508	10.0
1509	10.0
1510	10.0
1511	10.0
1512	2.4396934396965504
1513	10.0
1514	10.0
1515	10.0
1516	10.0
1517	10.0
1518	10.0
1519	10.0
1520	10.0
1521	10.0
1522	10.0
1523	4.910231770361262
1524	4.910231770361262
1525	1.8514647541730165
1526	1.8514647541730165
1527	9.10322382138438
1528	9.10322382138438
1529	8.43928335540712
1530	8.43928335540712
1531	10.0
1532	10.0
1533	10.0
1534	10.0
1535	7.950216026919859
1536	7.950216026919859
1537	1.8783262674564645
1538	1.8783262674564645
1539	4.560981338929879
1540	10.0
1541	10.0
1542	8.02976068476751
1543	8.02976068476751
1544	10.0
1545	10.0
1546	5.4280511834115766
1547	5.4280511834115766
1548	8.434066077496327
1549	8.434066077496327
1550	10.0
1551	10.0
1552	4.214761678830941
1553	4.214761678830941
1554	2.30891319509795
1555	2.30891319509795
1556	6.392840041952855
1557	6.392840041952855
1558	4.234400430041832
1559	4.234400430041832
1560	10.0
1561	10.0
1562	10.0
1563	10.0
1564	10.0
1565	10.0
1566	7.150534272629886
1567	7.150534272629886
1568	10.0
1569	10.0
1570	4.710527847227463
1571	4.710527847227463
1572	4.3692908930819705
1573	4.3692908930819705
1574	0.1
1575	0.1
1576	6.639325767875268
1577	6.639325767875268
1578	10.0
1579	10.0
1580	7.383102128727546
1581	7.383102128727546
1582	0.1
1583	0.1
1584	10.0
1585	10.0
1586	10.0
1587	10.0
1588	1.0651669342297492
1589	1.0651669342297492
1590	8.526075613248032
1591	8.526075613248032
1592	6.1178087433884
1593	6.1178087433884
1594	10.0
1595	10.0
1596	7.824743515486601
1597	7.824743515486601
1598	10.0
1599	10.0
1600	10.0
1601	10.0
1602	10.0
1603	10.0
1604	10.0
1605	10.0
1606	1.7678486513777836
1607	1.7678486513777836
1608	2.9128061090656487
1609	2.9128061090656487
1610	0.1
1611	0.1
1612	9.877717299515798
1613	9.877717299515798
1614	7.349733996886975
1615	7.349733996886975
1616	4.36635378194995
1617	4.36635378194995
1618	10.0
1619	10.0
1620	9.548581107318276
1621	9.548581107318276
1622	7.921922344442927
1623	7.921922344442927
1624	10.0
1625	10.0
1626	10.0
1627	10.0
1628	9.66867327387282
1629	9.66867327387282
1630	6.674350057892511
1631	6.674350057892511
1632	0.1
1633	0.1
1634	9.36148525436174
1635	9.36148525436174
1636	10.0
1637	10.0
1638	10.0
1639	10.0
1640	10.0
1641	10.0
1642	10.0
1643	10.0
1644	10.0
1645	4.038746496209176
1646	4.038746496209176
1647	9.070998222250012
1648	9.070998222250012
1649	10.0
1650	10.0
1651	9.619291184335134
1652	9.619291184335134
1653	0.1
1654	0.1
1655	10.0
1656	10.0
1657	4.1866070178296
1658	4.1866070178296
1659	6.489598509665814
1660	6.489598509665814
1661	10.0
1662	10.0
1663	0.1
1664	0.1
1665	9.807867342441051
1666	7.912067856298447
1667	7.912067856298447
1668	10.0
1669	10.0
1670	10.0
1671	10.0
1672	10.0
1673	10.0
1674	5.108759593403097
1675	5.108759593403097
1676	0.25436312294894137
1677	0.25436312294894137
1678	10.0
1679	10.0
1680	9.693160921781606
1681	9.693160921781606
1682	10.0
1683	10.0
1684	6.124579199132887
1685	6.124579199132887
1686	7.493304430773094
1687	7.493304430773094
1688	6.265369026655577
1689	8.78418950246375
1690	8.78418950246375
1691	10.0
1692	10.0
1693	8.360868383634857
1694	8.360868383634857
1695	10.0
1696	10.0
1697	7.281640835773603
1698	7.281640835773603
1699	10.0
1700	10.0
1701	10.0
1702	10.0
1703	10.0
1704	10.0
1705	10.0
1706	10.0
1707	4.904419051973689
1708	4.904419051973689
1709	8.209527668195417
1710	8.209527668195417
1711	10.0
1712	10.0
1713	10.0
1714	10.0
1715	8.631810793543243
1716	8.631810793543243
1717	4.529516532362885
1718	4.529516532362885
1719	10.0
1720	10.0
1721	6.368309481287785
1722	6.368309481287785
1723	3.308453719898835
1724	3.308453719898835
1725	9.524585655857955
1726	9.524585655857955
1727	5.924600019505316
1728	5.924600019505316
1729	6.022815529375096
1730	6.022815529375096
1731	9.484400317852138
1732	9.484400317852138
1733	9.523744293241661
1734	9.523744293241661
1735	5.7898265050011215
1736	5.7898265050011215
1737	10.0
1738	10.0
1739	9.583034606149152
1740	9.583034606149152
1741	5.931489983597475
1742	5.557158159093744
1743	5.557158159093744
1744	8.207108303676842
1745	8.207108303676842
1746	10.0
1747	10.0
1748	10.0
1749	10.0
1750	5.626319924470626
1751	5.626319924470626
1752	10.0
1753	10.0
1754	10.0
1755	10.0
1756	10.0
1757	10.0
1758	7.231362778805218
1759	7.231362778805218
1760	9.88395445966377
1761	10.0
1762	10.0
1763	10.0
1764	10.0
1765	7.779565166708739
1766	7.779565166708739
1767	10.0
1768	6.095186503883238
1769	6.095186503883238
1770	2.604061784282295
1771	2.604061784282295
1772	4.788154526689201
1773	4.788154526689201
1774	10.0
1775	10.0
1776	8.217680922009507
1777	8.217680922009507
1778	10.0
1779	10.0
1780	7.525556558281572
1781	7.525556558281572
1782	8.791415799129798
1783	8.791415799129798
1784	10.0
1785	10.0
1786	0.1
1787	0.1
1788	7.751361410111661
1789	7.751361410111661
1790	10.0
1791	10.0
1792	9.791180792102178
1793	9.791180792102178
1794	8.05177440329719
1795	8.05177440329719
1796	10.0
1797	10.0
1798	10.0
1799	10.0
1800	9.2791307058524
1801	9.2791307058524
1802	10.0
1803	10.0
1804	10.0
1805	10.0
1806	10.0
1807	10.0
1808	9.331394012827676
1809	9.331394012827676
1810	10.0
1811	10.0
1812	3.2980603133991773
1813	3.2980603133991773
1814	5.763442495690637
1815	5.763442495690637
1816	10.0
1817	10.0
1818	7.107312226858273
1819	7.107312226858273
1820	10.0
1821	10.0
1822	10.0
1823	10.0
1824	10.0
1825	10.0
1826	10.0
1827	10.0
1828	10.0
1829	10.0
1830	9.626502222875821
1831	9.337786184005191
1832	9.337786184005191
1833	8.494694249160622
1834	8.494694249160622
1835	10.0
1836	10.0
1837	10.0
1838	10.0
1839	7.530204385993841
1840	7.530204385993841
1841	4.7005452837196025
1842	4.7005452837196025
1843	10.0
1844	10.0
1845	8.047490484825802
1846	8.047490484825802
1847	9.983148827221473
1848	9.983148827221473
1849	0.9802858914622776
1850	0.9802858914622776
1851	9.047522258292648
1852	9.047522258292648
1853	10.0
1854	10.0
1855	10.0
1856	10.0
1857	7.928000034886879
1858	7.928000034886879
1859	10.0
1860	10.0
1861	5.489966901612686
1862	5.489966901612686
1863	9.788891149588434
1864	9.788891149588434
1865	10.0
1866	10.0
1867	6.075163618321799
1868	6.075163618321799
1869	10.0
1870	10.0
1871	4.0176182220324215
1872	4.0176182220324215
1873	4.986526396849447
1874	4.986526396849447
1875	0.1
1876	0.1
1877	6.62754880978588
1878	6.62754880978588
1879	9.404111940278522
1880	9.404111940278522
1881	0.1
1882	0.1
1883	8.304854170386676
1884	10.0
1885	10.0
1886	3.1389683193773594
1887	3.1389683193773594
1888	4.66544694812244
1889	4.66544694812244
1890	7.549832924797489
1891	7.549832924797489
1892	1.1081429222951824
1893	1.1081429222951824
1894	3.9348983398332615
1895	9.460517922779292
1896	9.460517922779292
1897	10.0
1898	10.0
1899	9.325782820904232
1900	9.325782820904232
1901	5.666432080953518
1902	5.666432080953518
1903	4.335634234871601
1904	4.335634234871601
1905	0.1
1906	0.1
1907	8.554478785600201
1908	8.554478785600201
1909	10.0
1910	9.919140840488783
1911	9.919140840488783
1912	9.80774646613055
1913	9.80774646613055
1914	10.0
1915	10.0
1916	10.0
1917	10.0
1918	10.0
1919	10.0
1920	2.624539266929892
1921	2.624539266929892
1922	10.0
1923	10.0
1924	8.999156582841033
1925	8.999156582841033
1926	10.0
1927	10.0
1928	10.0
1929	10.0
1930	5.645450014006082
1931	5.645450014006082
1932	10.0
1933	7.129418826547008
1934	7.129418826547008
1935	5.191039376628667
1936	5.191039376628667
1937	10.0
1938	10.0
1939	9.674325012515054
1940	9.674325012515054
1941	10.0
1942	10.0
1943	10.0
1944	10.0
1945	7.484402189874229
1946	10.0
1947	10.0
1948	10.0
1949	10.0
1950	10.0
1951	10.0
1952	2.2336581146430596
1953	2.2336581146430596
1954	10.0
1955	10.0
1956	5.388824024781407
1957	5.388824024781407
1958	2.124986859277657
1959	2.124986859277657
1960	10.0
1961	10.0
1962	10.0
1963	10.0
1964	8.65324216165858
1965	8.65324216165858
1966	5.6997509709911425
1967	5.6997509709911425
1968	0.1423911748821638
1969	0.1423911748821638
1970	1.3023590528483435
1971	1.3023590528483435
1972	9.72954369809493
1973	9.72954369809493
1974	6.891202543231714
1975	6.891202543231714
1976	10.0
1977	10.0
1978	7.2853329126853055
1979	7.2853329126853055
1980	10.0
1981	10.0
1982	3.1570013631653984
1983	10.0
1984	10.0
