0	9.030943871316488
1	9.030943871316488
2	6.727793762582758
3	6.727793762582758
4	8.78820674712058
5	8.78820674712058
6	10.0
7	7.928638431994943
8	7.928638431994943
9	10.0
10	10.0
11	10.0
12	9.530026628421595
13	9.530026628421595
14	10.0
15	10.0
16	9.578684189217757
17	9.578684189217757
18	8.043721775459884
19	8.822236448677872
20	10.0
21	10.0
22	9.853739744287816
23	9.853739744287816
24	7.906809245978119
25	10.0
26	10.0
27	8.342666486070186
28	8.342666486070186
29	10.0
30	10.0
31	8.438550877471457
32	10.0
33	10.0
34	10.0
35	5.375175861638904
36	5.375175861638904
37	9.689375497266823
38	9.689375497266823
39	10.0
40	10.0
41	9.134307238480176
42	9.134307238480176
43	10.0
44	10.0
45	10.0
46	10.0
47	6.734735211231808
48	5.726106141974151
49	5.726106141974151
50	10.0
51	10.0
52	10.0
53	10.0
54	10.0
55	10.0
56	10.0
57	5.618250416827436
58	5.618250416827436
59	5.364051729701742
60	5.364051729701742
61	8.062446355286331
62	8.062446355286331
63	10.0
64	10.0
65	10.0
66	10.0
67	7.813213297920618
68	7.813213297920618
69	9.812872443434145
70	9.812872443434145
71	8.528281753132777
72	8.528281753132777
73	8.639306148789998
74	10.0
75	10.0
76	10.0
77	10.0
78	10.0
79	10.0
80	9.69511730143244
81	9.69511730143244
82	7.830880956705094
83	10.0
84	10.0
85	8.306924051423762
86	7.158710366009361
87	7.158710366009361
88	7.232788079262587
89	7.232788079262587
90	10.0
91	10.0
92	8.837721589662253
93	7.6826909363968525
94	7.6826909363968525
95	5.319270011514675
96	5.319270011514675
97	8.177298017431088
98	10.0
99	10.0
100	10.0
101	5.434360251285507
102	5.434360251285507
103	10.0
104	10.0
105	9.871270050957952
106	9.871270050957952
107	10.0
108	6.857707898491494
109	6.857707898491494
110	9.551297126014882
111	9.551297126014882
112	10.0
113	10.0
114	9.105873556735325
115	9.118929892411023
116	9.118929892411023
117	10.0
118	10.0
119	8.991568129026337
120	9.510736895075189
121	9.510736895075189
122	10.0
123	10.0
124	5.204059162117611
125	5.204059162117611
126	2.8870653289481503
127	2.8870653289481503
128	9.16310871278832
129	10.0
130	10.0
131	7.4658697462491626
132	10.0
133	10.0
134	7.693275741741287
135	7.693275741741287
136	10.0
137	10.0
138	5.001843342969765
139	10.0
140	10.0
141	10.0
142	10.0
143	9.890832092629863
144	9.890832092629863
145	8.106297366033054
146	6.135435956926293
147	6.135435956926293
148	7.926450456570009
149	7.926450456570009
150	10.0
151	10.0
152	10.0
153	3.370257970564378
154	3.370257970564378
155	7.756091734084488
156	7.756091734084488
157	10.0
158	10.0
159	9.667586451242785
160	9.667586451242785
161	10.0
162	10.0
163	9.467639589408874
164	9.467639589408874
165	10.0
166	10.0
167	10.0
168	10.0
169	8.6529460216573
170	8.6529460216573
171	6.691807046666319
172	6.691807046666319
173	10.0
174	10.0
175	7.193262612422694
176	10.0
177	10.0
178	10.0
179	10.0
180	7.774975922894709
181	7.774975922894709
182	10.0
183	10.0
184	10.0
185	10.0
186	8.216611706392847
187	8.216611706392847
188	10.0
189	9.457786326991133
190	10.0
191	10.0
192	9.576174420546117
193	9.576174420546117
194	10.0
195	10.0
196	9.961356493252715
197	9.961356493252715
198	8.706921646766709
199	6.965733716885508
200	6.965733716885508
201	10.0
202	10.0
203	6.597293444197982
204	10.0
205	10.0
206	7.968585108539353
207	9.959951028869826
208	9.959951028869826
209	10.0
210	10.0
211	10.0
212	10.0
213	8.579714197024373
214	8.579714197024373
215	9.257226999350653
216	9.257226999350653
217	7.815721121288069
218	7.815721121288069
219	10.0
220	9.022005687413122
221	8.399906224561926
222	8.399906224561926
223	8.130249786107795
224	8.130249786107795
225	6.322608337982787
226	6.322608337982787
227	10.0
228	10.0
229	10.0
230	10.0
231	10.0
232	10.0
233	5.420445119073983
234	5.420445119073983
235	4.51462615702524
236	4.51462615702524
237	6.919246787838617
238	10.0
239	10.0
240	10.0
241	10.0
242	10.0
243	10.0
244	10.0
245	9.94489253948529
246	9.94489253948529
247	10.0
248	10.0
249	9.87809200136788
250	9.234167783606543
251	9.234167783606543
252	8.503487592033537
253	8.503487592033537
254	6.5293990990640705
255	6.5293990990640705
256	10.0
257	10.0
258	10.0
259	8.320404698410997
260	8.422687965392651
261	8.141197581362071
262	9.249603297712907
263	9.249603297712907
264	10.0
265	10.0
266	7.767624597553869
267	7.116197044445292
268	6.454169292296852
269	6.454169292296852
270	9.24443439592071
271	9.24443439592071
272	7.24190633166204
273	7.24190633166204
274	8.170306835582725
275	8.170306835582725
276	4.296078949912321
277	4.296078949912321
278	10.0
279	10.0
280	9.776975311200836
281	5.8962820351577765
282	5.8962820351577765
283	4.753455536813311
284	4.753455536813311
285	8.518512560185746
286	8.518512560185746
287	8.615758351922093
288	8.615758351922093
289	8.300505784377144
290	8.300505784377144
291	7.4079507426244176
292	7.4079507426244176
293	3.261621211156829
294	3.261621211156829
295	3.2027017027670057
296	8.729788513340708
297	8.729788513340708
298	9.82268296511175
299	9.82268296511175
300	7.43400113876689
301	7.43400113876689
302	4.182668801320709
303	4.182668801320709
304	8.52812899616377
305	8.52812899616377
306	5.837567748002147
307	5.837567748002147
308	7.965811365314015
309	8.33501691662406
310	8.33501691662406
311	10.0
312	10.0
313	3.863738555724211
314	3.863738555724211
315	6.98925056226589
316	6.98925056226589
317	8.087922330294722
318	8.087922330294722
319	5.70291063624198
320	5.70291063624198
321	7.6618451202880475
322	7.6618451202880475
323	8.704227836015423
324	8.704227836015423
325	4.810232175528779
326	4.810232175528779
327	8.135489222104741
328	6.747631424671644
329	8.318617420481837
330	8.318617420481837
331	5.366624544207163
332	5.366624544207163
333	9.664713587200545
334	9.664713587200545
335	8.72437664352268
336	8.72437664352268
337	5.886898283876073
338	5.886898283876073
339	9.572944160593076
340	9.572944160593076
341	3.8091767167869834
342	8.613555087979519
343	8.613555087979519
344	7.141035349233822
345	7.141035349233822
346	7.339222286232133
347	7.339222286232133
348	8.419845681792886
349	8.419845681792886
350	6.272430310973396
351	6.272430310973396
352	5.38978867131862
353	5.38978867131862
354	4.814192932953306
355	4.814192932953306
356	9.259487619425991
357	9.259487619425991
358	8.635110714962822
359	8.635110714962822
360	8.08156163343367
361	7.500560259098789
362	7.500560259098789
363	6.302311853978938
364	6.302311853978938
365	7.692819573731892
366	10.0
367	9.594449180525674
368	9.594449180525674
369	7.0721970867871935
370	7.0721970867871935
371	10.0
372	10.0
373	8.520845759179041
374	6.103576533482837
375	6.103576533482837
376	6.288193926841131
377	7.018062643432511
378	7.018062643432511
379	10.0
380	5.18997774197349
381	5.18997774197349
382	7.311311927271887
383	7.311311927271887
384	6.507266738380502
385	6.507266738380502
386	2.4334664365787964
387	2.4334664365787964
388	6.508804825654956
389	6.508804825654956
390	7.986295308165346
391	7.986295308165346
392	7.14681028133995
393	7.911511481994506
394	7.911511481994506
395	5.83464709047992
396	5.83464709047992
397	10.0
398	7.642066439584996
399	7.642066439584996
400	8.89320186901378
401	8.89320186901378
402	10.0
403	10.0
404	10.0
405	10.0
406	7.675200523621933
407	7.675200523621933
408	7.667649518359985
409	7.667649518359985
410	9.52910677678135
411	9.52910677678135
412	10.0
413	8.107879326411513
414	8.107879326411513
415	8.992799079112471
416	8.992799079112471
417	6.800585775495072
418	6.800585775495072
419	10.0
420	10.0
421	10.0
422	10.0
423	10.0
424	10.0
425	6.593155314625447
426	6.593155314625447
427	10.0
428	10.0
429	8.7206951055494
430	8.7206951055494
431	10.0
432	10.0
433	9.141592366600497
434	9.141592366600497
435	7.074295052005313
436	7.074295052005313
437	9.443624275439584
438	9.443624275439584
439	7.883609467805829
440	7.883609467805829
441	8.808444961082502
442	8.808444961082502
443	10.0
444	10.0
445	7.584467280241297
446	10.0
447	10.0
448	9.799685132571772
449	9.799685132571772
450	3.82248699954979
451	3.82248699954979
452	10.0
453	10.0
454	10.0
455	8.607073552685842
456	8.607073552685842
457	3.909945311285912
458	3.909945311285912
459	5.806460623758423
460	5.806460623758423
461	8.973911849067202
462	6.33901053806585
463	6.33901053806585
464	8.998500105233472
465	8.998500105233472
466	7.167561225571814
467	7.167561225571814
468	7.654845062001658
469	7.654845062001658
470	10.0
471	10.0
472	8.070257948525647
473	8.070257948525647
474	4.369199511464858
475	4.369199511464858
476	8.219020549489814
477	8.219020549489814
478	8.705389630354993
479	8.410955011783809
480	8.410955011783809
481	9.318642054543174
482	9.318642054543174
483	6.553413531699153
484	8.466795206441871
485	6.934506424402543
486	6.934506424402543
487	6.435024180526298
488	6.435024180526298
489	7.299387131065632
490	10.0
491	10.0
492	8.688764386462482
493	10.0
494	10.0
495	8.964660124769942
496	8.964660124769942
497	4.369817698075687
498	6.897025774966593
499	6.897025774966593
500	7.18999164065591
501	7.18999164065591
502	7.282367176858727
503	7.282367176858727
504	6.578938626008461
505	6.578938626008461
506	8.862645382378666
507	8.862645382378666
508	7.930678670843145
509	7.48756524162675
510	5.406905674926659
511	6.85438738627204
512	6.85438738627204
513	10.0
514	9.210601193986276
515	9.210601193986276
516	7.1823523430851095
517	7.1823523430851095
518	7.956207221623421
519	8.186058027158246
520	6.64150987857018
521	7.3214991223765455
522	7.3214991223765455
523	8.719482518973528
524	8.719482518973528
525	6.002310517289553
526	6.802193965387354
527	6.802193965387354
528	8.15177065933381
529	8.15177065933381
530	8.375901995987476
531	8.375901995987476
532	3.299598946835924
533	4.899796517555268
534	10.0
535	10.0
536	8.193215172108358
537	8.193215172108358
538	10.0
539	9.246900147113923
540	9.246900147113923
541	7.542845685782761
542	7.542845685782761
543	6.9453365784516805
544	6.9453365784516805
545	10.0
546	10.0
547	10.0
548	10.0
549	10.0
550	10.0
551	10.0
552	10.0
553	10.0
554	10.0
555	10.0
556	9.346631014700268
557	9.791266360037358
558	9.791266360037358
559	10.0
560	10.0
561	6.870145056519748
562	10.0
563	10.0
564	9.074052534133237
565	9.074052534133237
566	10.0
567	10.0
568	8.618213651354921
569	8.618213651354921
570	10.0
571	10.0
572	8.634542878784977
573	8.634542878784977
574	10.0
575	10.0
576	6.787630025447617
577	6.787630025447617
578	10.0
579	10.0
580	6.523431257783424
581	6.523431257783424
582	10.0
583	10.0
584	3.913720601082856
585	3.913720601082856
586	6.389981573264444
587	6.389981573264444
588	9.005267917949311
589	7.816401152569169
590	7.816401152569169
591	4.534090260159019
592	4.534090260159019
593	8.979304317621358
594	8.979304317621358
595	2.283321230790646
596	2.283321230790646
597	7.058571916615036
598	9.951101347555628
599	9.951101347555628
600	10.0
601	7.79180745642397
602	7.79180745642397
603	4.721455240955629
604	4.721455240955629
605	5.277688930614094
606	5.277688930614094
607	9.236264597500723
608	9.236264597500723
609	8.56133695730714
610	4.66234069733104
611	7.013200575128779
612	7.013200575128779
613	4.0485911250513755
614	4.0485911250513755
615	5.410430095969699
616	5.410430095969699
617	10.0
618	10.0
619	7.3830374757691315
620	7.3830374757691315
621	8.07103959348923
622	8.07103959348923
623	5.656081483385169
624	7.333343248956507
625	7.333343248956507
626	8.886380073559648
627	8.886380073559648
628	6.399274501206042
629	6.399274501206042
630	9.502849657561647
631	9.502849657561647
632	6.689078628366925
633	8.463223836622632
634	8.463223836622632
635	10.0
636	7.017724511027929
637	6.955803350335657
638	6.955803350335657
639	10.0
640	10.0
641	10.0
642	3.005116128918866
643	3.005116128918866
644	8.366657841823127
645	8.007804528722568
646	8.007804528722568
647	7.429585078222804
648	7.429585078222804
649	6.4803061569780445
650	6.4803061569780445
651	6.490614142096117
652	6.490614142096117
653	4.926581489448697
654	4.926581489448697
655	7.71044060915073
656	7.71044060915073
657	6.211593671797821
658	6.211593671797821
659	6.667069219259469
660	6.586771991938713
661	7.548527981146712
662	7.548527981146712
663	6.9486428986850335
664	6.9486428986850335
665	7.252542128109196
666	6.233456248785681
667	6.233456248785681
668	6.433909335715927
669	6.433909335715927
670	9.52947678156518
671	9.52947678156518
672	5.039288269391024
673	5.039288269391024
674	9.556285180510372
675	6.591914480670919
676	8.06485425529247
677	8.06485425529247
678	7.3841049334274205
679	7.3841049334274205
680	9.704410985883722
681	5.053577476380495
682	5.737611882773327
683	5.737611882773327
684	10.0
685	10.0
686	7.401852389622429
687	7.401852389622429
688	10.0
689	10.0
690	8.84824356720895
691	7.549187343613923
692	6.205546165981347
693	6.205546165981347
694	5.164839732550316
695	5.164839732550316
696	8.52779251736407
697	8.52779251736407
698	3.9073414155355546
699	3.9073414155355546
700	6.292686129360028
701	6.292686129360028
702	9.524960752286704
703	5.844347020741639
704	8.139234868209753
705	8.139234868209753
706	5.660144701855824
707	5.660144701855824
708	10.0
709	10.0
710	9.361623502950085
711	9.361623502950085
712	7.79633536593114
713	7.79633536593114
714	9.153338658917823
715	9.153338658917823
716	6.539439301826756
717	5.00036705001762
718	6.478898777137549
719	6.478898777137549
720	7.90534325516711
721	8.931728667493857
722	7.369485724223052
723	7.7270336193662885
724	7.7270336193662885
725	10.0
726	10.0
727	10.0
728	10.0
729	10.0
730	10.0
731	10.0
732	8.73816664339445
733	2.0782275744293175
734	9.36650908708337
735	9.36650908708337
736	8.529925572527153
737	10.0
738	10.0
739	7.833822919023683
740	7.833822919023683
741	7.334234930184528
742	7.334234930184528
743	8.00209379900719
744	8.00209379900719
745	6.638651941162321
746	6.638651941162321
747	6.485702969352175
748	6.485702969352175
749	8.806953086903494
750	8.806953086903494
751	8.690394667743844
752	10.0
753	10.0
754	9.171331361925152
755	9.171331361925152
756	6.652857135070569
757	6.652857135070569
758	10.0
759	10.0
760	8.449272122022155
761	8.449272122022155
762	10.0
763	10.0
764	10.0
765	6.130263651526741
766	6.130263651526741
767	5.622578496141915
768	7.5762499819547
769	7.5762499819547
770	8.606856082137002
771	8.606856082137002
772	10.0
773	10.0
774	8.123315115890135
775	8.898584719182896
776	8.898584719182896
777	7.508536684014296
778	7.508536684014296
779	10.0
780	10.0
781	10.0
782	10.0
783	9.743618374072677
784	9.743618374072677
785	8.035064270255527
786	8.035064270255527
787	7.642361181036418
788	6.812672287156773
789	9.861836339119856
790	9.861836339119856
791	10.0
792	9.961557991694205
793	9.961557991694205
794	9.648714847878082
795	9.648714847878082
796	6.82119870963006
797	6.82119870963006
798	6.447013131031708
799	6.447013131031708
800	7.5345591964224035
801	10.0
802	10.0
803	8.515918779361199
804	8.515918779361199
805	9.515282803874195
806	9.515282803874195
807	10.0
808	8.798274864961936
809	8.798274864961936
810	10.0
811	10.0
812	10.0
813	10.0
814	7.431510402631895
815	7.431510402631895
816	8.307094971179408
817	8.307094971179408
818	10.0
819	9.092057937174603
820	9.092057937174603
821	7.8874833804189395
822	7.8874833804189395
823	5.2257214169173345
824	5.2257214169173345
825	8.847920712088062
826	8.847920712088062
827	10.0
828	6.732306676476197
829	8.861421291805435
830	8.861421291805435
831	9.999226739879186
832	9.999226739879186
833	10.0
834	10.0
835	10.0
836	10.0
837	9.141836011520708
838	9.141836011520708
839	6.473557441203072
840	6.473557441203072
841	10.0
842	10.0
843	4.689288828331406
844	4.689288828331406
845	9.336059887530038
846	7.055558216675284
847	7.055558216675284
848	10.0
849	10.0
850	10.0
851	10.0
852	6.2369935935545175
853	6.2369935935545175
854	3.8913573137933444
855	3.8913573137933444
856	6.329125100747204
857	6.329125100747204
858	7.842150699000582
859	7.842150699000582
860	9.796884691112748
861	9.796884691112748
862	10.0
863	6.300501460719119
864	6.300501460719119
865	6.545354853228293
866	6.545354853228293
867	6.790222981887725
868	6.790222981887725
869	7.441444372444913
870	7.441444372444913
871	6.395437746648845
872	7.414067388481987
873	5.055963133699288
874	5.055963133699288
875	6.215009142178841
876	6.215009142178841
877	9.832905413601525
878	9.832905413601525
879	7.596468143548082
880	7.596468143548082
881	9.385504681385838
882	9.385504681385838
883	10.0
884	7.557190005400276
885	7.557190005400276
886	7.063648737311157
887	8.979302853133593
888	8.979302853133593
889	8.407105045831532
890	9.26272188204244
891	9.26272188204244
892	10.0
893	10.0
894	10.0
895	10.0
896	10.0
897	7.142183603628859
898	7.142183603628859
899	10.0
900	10.0
901	9.178226282638366
902	9.178226282638366
903	10.0
904	10.0
905	2.9134372181769344
906	2.9134372181769344
907	9.453757208845873
908	9.453757208845873
909	7.411758545797557
910	10.0
911	9.239771598540742
912	10.0
913	10.0
914	6.606312542082296
915	10.0
916	10.0
917	7.441440522353808
918	7.441440522353808
919	7.632694210316155
920	7.632694210316155
921	9.541659500195525
922	9.541659500195525
923	10.0
924	10.0
925	10.0
926	10.0
927	10.0
928	10.0
929	10.0
930	10.0
931	10.0
932	10.0
933	10.0
934	8.84837623761145
935	9.908369678040998
936	9.908369678040998
937	7.030065446429947
938	7.030065446429947
939	10.0
940	10.0
941	10.0
942	9.04914841116111
943	9.04914841116111
944	9.781957831764228
945	9.781957831764228
946	7.704583957318064
947	7.704583957318064
948	8.747076203173036
949	8.747076203173036
950	10.0
951	10.0
952	9.030598574602658
953	9.030598574602658
954	8.733593145034249
955	8.733593145034249
956	8.487261718650995
957	5.801161747813639
958	5.801161747813639
959	10.0
960	8.83886872590146
961	8.83886872590146
962	9.912491637814972
963	9.912491637814972
964	7.065203189744147
965	7.065203189744147
966	10.0
967	10.0
968	8.609219286313154
969	8.609219286313154
970	10.0
971	8.038445193485824
972	10.0
973	10.0
974	8.96110500423503
975	8.96110500423503
976	10.0
977	10.0
978	4.908777314400817
979	10.0
980	10.0
981	7.6495639759888325
982	7.6495639759888325
983	10.0
984	10.0
985	9.245480454573993
986	9.245480454573993
987	9.171315820667472
988	9.171315820667472
989	5.916119378071379
990	5.916119378071379
991	10.0
992	10.0
993	10.0
994	10.0
995	10.0
996	10.0
997	10.0
998	7.049764089637822
999	9.405352880387985
1000	9.405352880387985
1001	10.0
1002	10.0
1003	10.0
1004	10.0
1005	3.9932346420037126
1006	6.725659144035018
1007	6.985752630001045
1008	6.985752630001045
1009	8.8430811652801
1010	10.0
1011	10.0
1012	10.0
1013	10.0
1014	8.60250345340314
1015	8.551748380366329
1016	5.815998543096628
1017	5.568598778090579
1018	5.568598778090579
1019	9.01501035613864
1020	9.01501035613864
1021	8.078946980725837
1022	8.078946980725837
1023	10.0
1024	10.0
1025	10.0
1026	10.0
1027	9.117266451661216
1028	9.117266451661216
1029	9.229806632275759
1030	9.229806632275759
1031	9.002802233812742
1032	9.002802233812742
1033	6.423854357954939
1034	6.423854357954939
1035	10.0
1036	10.0
1037	9.728658917199734
1038	9.728658917199734
1039	8.238922240746575
1040	10.0
1041	10.0
1042	8.67441007138083
1043	8.67441007138083
1044	10.0
1045	7.429999705549998
1046	10.0
1047	9.110895981114895
1048	9.110895981114895
1049	5.9064002947276695
1050	8.290393137919407
1051	8.290393137919407
1052	10.0
1053	10.0
1054	9.412663500274586
1055	9.412663500274586
1056	7.619080137324835
1057	7.619080137324835
1058	8.668715499702492
1059	8.668715499702492
1060	8.027387144105054
1061	8.027387144105054
1062	10.0
1063	10.0
1064	9.243054473094357
1065	9.243054473094357
1066	7.419367705339662
1067	10.0
1068	10.0
1069	8.591468949359548
1070	8.591468949359548
1071	10.0
1072	10.0
1073	6.903112174415606
1074	6.903112174415606
1075	10.0
1076	10.0
1077	4.145025299096675
1078	4.145025299096675
1079	10.0
1080	10.0
1081	9.485781812385044
1082	9.485781812385044
1083	6.289840140073985
1084	6.289840140073985
1085	6.947848835948345
1086	7.56309032642096
1087	7.56309032642096
1088	9.630574330490083
1089	9.630574330490083
1090	8.714584083852401
1091	8.714584083852401
1092	5.595984986946545
1093	5.595984986946545
1094	7.716373904302699
1095	7.716373904302699
1096	9.629240671643515
1097	8.292906026577032
1098	8.292906026577032
1099	10.0
1100	10.0
1101	6.7078286498770145
1102	6.7078286498770145
1103	7.584320753299002
1104	7.584320753299002
1105	5.94521496286894
1106	5.94521496286894
1107	10.0
1108	10.0
1109	7.777017511083363
1110	7.460633376125846
1111	7.460633376125846
1112	10.0
1113	10.0
1114	10.0
1115	7.407847335533995
1116	10.0
1117	10.0
1118	7.142206113179531
1119	7.142206113179531
1120	8.934406681671694
1121	8.934406681671694
1122	10.0
1123	7.035207777647051
1124	7.035207777647051
1125	8.905416857672872
1126	6.2784467033824605
1127	6.2784467033824605
1128	10.0
1129	10.0
1130	6.208687950770301
1131	6.208687950770301
1132	7.997103457456826
1133	7.997103457456826
1134	5.711037303638276
1135	5.711037303638276
1136	10.0
1137	10.0
1138	9.517508737792589
1139	9.517508737792589
1140	7.318774695304255
1141	7.318774695304255
1142	7.95357831904258
1143	7.95357831904258
1144	10.0
1145	10.0
1146	10.0
1147	10.0
1148	6.592545162396441
1149	6.592545162396441
1150	9.696221435884622
1151	9.696221435884622
1152	10.0
1153	10.0
1154	8.203033301555347
1155	8.203033301555347
1156	10.0
1157	10.0
1158	10.0
1159	10.0
1160	8.402843406243099
1161	8.402843406243099
1162	7.777975174065714
1163	7.777975174065714
1164	8.487553175227754
1165	8.487553175227754
1166	6.535511052154636
1167	10.0
1168	10.0
1169	9.860388197970291
1170	9.860388197970291
1171	7.560519241190636
1172	7.560519241190636
1173	9.61702532429434
1174	9.61702532429434
1175	6.422817042368749
1176	6.422817042368749
1177	6.850820887644428
1178	10.0
1179	10.0
1180	10.0
1181	10.0
1182	9.428733463954194
1183	9.428733463954194
1184	9.247677675866163
1185	9.247677675866163
1186	7.03937004697918
1187	7.03937004697918
1188	10.0
1189	10.0
1190	10.0
1191	10.0
1192	9.944656716908279
1193	9.944656716908279
1194	10.0
1195	10.0
1196	7.9361943215681805
1197	7.9361943215681805
1198	9.410655417401056
1199	10.0
1200	10.0
1201	8.178834016967297
1202	8.178834016967297
1203	10.0
1204	10.0
1205	8.952958142680846
1206	8.952958142680846
1207	7.542016482108215
1208	9.118882511994807
1209	9.118882511994807
1210	5.557451513317446
1211	5.557451513317446
1212	10.0
1213	10.0
1214	8.039857072903445
1215	5.765762770692071
1216	5.765762770692071
1217	9.766905721940773
1218	9.766905721940773
1219	10.0
1220	10.0
1221	10.0
1222	9.000608294315095
1223	9.000608294315095
1224	6.68093743775448
1225	10.0
1226	10.0
1227	6.581836754298166
1228	6.581836754298166
1229	7.587926383611445
1230	7.587926383611445
1231	10.0
1232	10.0
1233	7.95195750333968
1234	10.0
1235	9.6408398745122
1236	9.770159907564778
1237	9.770159907564778
1238	10.0
1239	10.0
1240	9.393422893963443
1241	9.393422893963443
1242	9.468757012711716
1243	9.468757012711716
1244	6.117932504469909
1245	6.117932504469909
1246	8.442831722440136
1247	8.442831722440136
1248	6.4207054410751265
1249	10.0
1250	10.0
1251	5.615809317653288
1252	5.615809317653288
1253	2.242515532427679
1254	2.242515532427679
1255	6.899153513180239
1256	7.8998452080959085
1257	7.8998452080959085
1258	6.6844413501084965
1259	7.395081417630206
1260	7.395081417630206
1261	8.368993367290665
1262	8.368993367290665
1263	10.0
1264	6.931459894111768
1265	6.931459894111768
1266	10.0
1267	8.798913053169867
1268	8.798913053169867
1269	10.0
1270	10.0
1271	10.0
1272	10.0
1273	9.22299650723891
1274	9.22299650723891
1275	10.0
1276	6.6486422268983025
1277	6.6486422268983025
1278	10.0
1279	10.0
1280	8.800012600150126
1281	8.800012600150126
1282	10.0
1283	10.0
1284	8.077799369853679
1285	8.112071548302186
1286	8.112071548302186
1287	10.0
1288	10.0
1289	10.0
1290	10.0
1291	10.0
1292	10.0
1293	7.841982376551069
1294	9.286570891914298
1295	8.879397840181205
1296	8.879397840181205
1297	10.0
1298	10.0
1299	10.0
1300	10.0
1301	10.0
1302	10.0
1303	10.0
1304	10.0
1305	7.793281653357632
1306	7.223319364449757
1307	7.223319364449757
1308	10.0
1309	10.0
1310	7.482878714919352
1311	9.66092078878202
1312	9.66092078878202
1313	5.142433309185847
1314	5.142433309185847
1315	9.062503357230014
1316	9.062503357230014
1317	6.671602427981861
1318	7.856495964507664
1319	10.0
1320	10.0
1321	7.518806151052539
1322	9.227445946959657
1323	9.227445946959657
1324	8.580745909352817
1325	8.580745909352817
1326	8.389166121174775
1327	10.0
1328	10.0
1329	7.833923280036968
1330	7.833923280036968
1331	6.060032832392101
1332	6.060032832392101
1333	6.011238567940701
1334	7.895741403111114
1335	7.895741403111114
1336	8.073859646487456
1337	8.073859646487456
1338	10.0
1339	10.0
1340	7.797286367900704
1341	7.797286367900704
1342	6.768647114595791
1343	6.768647114595791
1344	6.588375191396596
1345	6.588375191396596
1346	9.110182564152526
1347	9.110182564152526
1348	7.769567654400094
1349	10.0
1350	10.0
1351	5.015856866559787
1352	5.015856866559787
1353	10.0
1354	10.0
1355	10.0
1356	10.0
1357	10.0
1358	6.84136725174641
1359	6.84136725174641
1360	7.790485457012434
1361	7.790485457012434
1362	9.103562025084548
1363	9.103562025084548
1364	7.677295588798365
1365	7.677295588798365
1366	7.830567660894877
1367	7.830567660894877
1368	8.675287166418876
1369	6.856733852836262
1370	7.590958313773199
1371	7.590958313773199
1372	9.738139643182215
1373	9.738139643182215
1374	6.430855339514841
1375	6.430855339514841
1376	5.4170742197328
1377	5.4170742197328
1378	6.066622584458346
1379	6.066622584458346
1380	3.3722595866772718
1381	3.3722595866772718
1382	9.616961846074666
1383	5.52162617609459
1384	5.52162617609459
1385	6.4296307630417875
1386	6.4296307630417875
1387	8.086734232354749
1388	8.086734232354749
1389	10.0
1390	10.0
1391	9.2326623051772
1392	7.3488308541550325
1393	7.3488308541550325
1394	9.408336225307373
1395	9.408336225307373
1396	10.0
1397	10.0
1398	9.88657703789391
1399	9.88657703789391
1400	7.702247171178331
1401	7.702247171178331
1402	7.910975100475109
1403	7.910975100475109
1404	10.0
1405	10.0
1406	9.067444698601015
1407	9.067444698601015
1408	6.135250540713887
1409	6.135250540713887
1410	7.2475748223460945
1411	7.2475748223460945
1412	6.460080473894562
1413	6.460080473894562
1414	8.212707509011924
1415	4.1891107702413075
1416	4.1891107702413075
1417	3.527525314597928
1418	3.527525314597928
1419	7.564179452164161
1420	7.564179452164161
1421	6.661162338323969
1422	6.661162338323969
1423	9.985998045065779
1424	9.985998045065779
1425	5.436524130962489
1426	5.436524130962489
1427	6.226426930100819
1428	8.42061458082771
1429	8.42061458082771
1430	10.0
1431	7.258285505976852
1432	7.258285505976852
1433	5.7485857288348985
1434	5.7485857288348985
1435	9.749991972926633
1436	9.749991972926633
1437	10.0
1438	8.605774667102372
1439	8.605774667102372
1440	10.0
1441	10.0
1442	10.0
1443	10.0
1444	7.987451428441458
1445	10.0
1446	10.0
1447	8.178581959757476
1448	9.512175046620081
1449	4.840284172254966
1450	4.840284172254966
1451	9.78604273311489
1452	9.78604273311489
1453	10.0
1454	10.0
1455	7.297230415354362
1456	7.297230415354362
1457	10.0
1458	10.0
1459	8.880852220484343
1460	8.880852220484343
1461	10.0
1462	10.0
1463	10.0
1464	10.0
1465	4.922269688842089
1466	4.922269688842089
1467	6.871533852395874
1468	6.871533852395874
1469	10.0
1470	10.0
1471	10.0
1472	10.0
1473	10.0
1474	10.0
1475	10.0
1476	6.927763230403507
1477	8.99840623353226
1478	8.99840623353226
1479	8.563997866610476
1480	8.281976496661196
1481	10.0
1482	10.0
1483	5.689217974885937
1484	5.689217974885937
1485	10.0
1486	9.27691347576034
1487	9.027333679692966
1488	9.027333679692966
1489	8.508835676730781
1490	8.508835676730781
1491	7.9732083116518515
1492	7.9732083116518515
1493	10.0
1494	10.0
1495	6.874008678385726
1496	10.0
1497	10.0
1498	9.80665634100868
1499	8.304549030055489
1500	9.664421575376823
1501	9.664421575376823
1502	10.0
1503	10.0
1504	8.366953971952608
1505	8.366953971952608
1506	7.786716757209948
1507	7.786716757209948
1508	5.545652925621808
1509	5.545652925621808
1510	8.93486933284922
1511	8.93486933284922
1512	7.726660394643778
1513	10.0
1514	7.3798999874402185
1515	7.3798999874402185
1516	8.904893965738989
1517	8.904893965738989
1518	8.755847018137215
1519	8.755847018137215
1520	7.918964290219121
1521	7.918964290219121
1522	9.131853732946386
1523	9.131853732946386
1524	9.114098378620914
1525	9.199748391164444
1526	9.199748391164444
1527	10.0
1528	5.578382665767807
1529	5.578382665767807
1530	4.079117850227582
1531	7.914284344812957
1532	7.914284344812957
1533	8.85299501541741
1534	8.85299501541741
1535	8.292809683437195
1536	8.292809683437195
1537	7.062196297230118
1538	7.062196297230118
1539	6.6005908101628314
1540	5.317235490857024
1541	5.317235490857024
1542	8.766052978328126
1543	8.766052978328126
1544	5.170346005219002
1545	5.170346005219002
1546	6.069911144743481
1547	6.069911144743481
1548	6.953945376446486
1549	6.953945376446486
1550	7.811607938886137
1551	7.811607938886137
1552	7.383425228964369
1553	7.383425228964369
1554	5.899623286065749
1555	5.899623286065749
1556	7.76365641934624
1557	7.76365641934624
1558	8.049281167472099
1559	8.049281167472099
1560	3.1595561730892463
1561	3.1595561730892463
1562	5.382593258311773
1563	5.382593258311773
1564	2.5491617377878155
1565	2.5491617377878155
1566	4.903661274159923
1567	4.903661274159923
1568	9.463075159016736
1569	8.908928980482672
1570	7.503626066735665
1571	9.088529984777717
1572	9.088529984777717
1573	7.868445304688198
1574	7.868445304688198
1575	5.76526251994454
1576	5.76526251994454
1577	9.025498396036154
1578	9.025498396036154
1579	4.785690744396236
1580	4.785690744396236
1581	8.043058299994595
1582	8.043058299994595
1583	10.0
1584	10.0
1585	9.138653423862873
1586	9.138653423862873
1587	8.901229275684097
1588	8.901229275684097
1589	6.219931803627117
1590	6.219931803627117
1591	8.25874107716547
1592	8.25874107716547
1593	8.74561254221111
1594	10.0
1595	10.0
1596	10.0
1597	10.0
1598	10.0
1599	9.5484012468441
1600	10.0
1601	10.0
1602	10.0
1603	9.368318891901977
1604	9.368318891901977
1605	6.89300628143195
1606	7.270384127798783
1607	7.270384127798783
1608	8.509691368489761
1609	8.509691368489761
1610	7.225152011637529
1611	7.225152011637529
1612	8.236486344392087
1613	8.236486344392087
1614	9.620017717497104
1615	9.620017717497104
1616	4.315423821561863
1617	4.315423821561863
1618	6.858832402350297
1619	6.858832402350297
1620	6.65076565439742
1621	6.65076565439742
1622	10.0
1623	10.0
1624	8.773062221384553
1625	8.773062221384553
1626	10.0
1627	10.0
1628	8.687854382565181
1629	8.687854382565181
1630	7.4380119694276665
1631	7.4380119694276665
1632	7.136758267582435
1633	7.136758267582435
1634	8.790335510186006
1635	5.317847641256463
1636	5.317847641256463
1637	10.0
1638	10.0
1639	10.0
1640	4.5382064268995315
1641	4.5382064268995315
1642	7.846015499684563
1643	7.846015499684563
1644	8.05032516646535
1645	8.05032516646535
1646	9.097804556365539
1647	9.097804556365539
1648	8.385693509420472
1649	5.632755202618728
1650	5.632755202618728
1651	8.433807780842015
1652	8.433807780842015
1653	7.41003619705582
1654	7.41003619705582
1655	8.001249770316448
1656	8.001249770316448
1657	7.463256989841791
1658	7.073202849117766
1659	10.0
1660	10.0
1661	8.44649326600315
1662	10.0
1663	10.0
1664	10.0
1665	6.369431535153297
1666	6.369431535153297
1667	10.0
1668	10.0
1669	10.0
1670	4.479084074726794
1671	10.0
1672	10.0
1673	10.0
1674	10.0
1675	5.980811098140075
1676	5.980811098140075
1677	10.0
1678	10.0
1679	7.952652427897667
1680	9.392613555431465
1681	9.392613555431465
1682	9.651652706896387
1683	9.651652706896387
1684	10.0
1685	10.0
1686	10.0
1687	6.5751948590879055
1688	8.419103101383048
1689	8.419103101383048
1690	9.34361146104406
1691	9.34361146104406
1692	9.438195622734955
1693	10.0
1694	10.0
1695	10.0
1696	10.0
1697	10.0
1698	9.011049064406786
1699	8.787934850535443
1700	8.787934850535443
1701	9.793248591956708
1702	9.793248591956708
1703	9.265030674230175
1704	9.265030674230175
1705	7.279407246522967
1706	10.0
1707	10.0
1708	10.0
1709	8.131097828884759
1710	8.131097828884759
1711	10.0
1712	9.64749021344783
1713	9.64749021344783
1714	10.0
1715	6.37669636937034
1716	6.37669636937034
1717	5.633616140341424
1718	5.633616140341424
1719	8.318935563052163
1720	8.318935563052163
1721	8.073961189334401
1722	10.0
1723	10.0
1724	10.0
1725	10.0
1726	10.0
1727	10.0
1728	10.0
1729	8.864266100779238
1730	8.864266100779238
1731	10.0
1732	10.0
1733	7.5839601288642555
1734	7.5839601288642555
1735	10.0
1736	7.033537920803959
1737	7.033537920803959
1738	10.0
1739	10.0
1740	10.0
1741	4.772552161869185
1742	4.772552161869185
1743	10.0
1744	10.0
1745	10.0
1746	10.0
1747	10.0
1748	8.85026518418783
1749	8.85026518418783
1750	5.725666844269103
1751	5.725666844269103
1752	6.467144727573535
1753	6.467144727573535
1754	7.691745899132895
1755	7.691745899132895
1756	9.960032255091257
1757	9.960032255091257
1758	6.161835251995065
1759	6.161835251995065
1760	8.708479616507883
1761	8.708479616507883
1762	10.0
1763	10.0
1764	10.0
1765	10.0
1766	9.058195001493056
1767	9.058195001493056
1768	4.559705914646988
1769	9.581317001067292
1770	9.581317001067292
1771	10.0
1772	10.0
1773	9.368717082514989
1774	10.0
1775	10.0
1776	10.0
1777	10.0
1778	10.0
1779	10.0
1780	5.41497738151212
1781	6.371988473181288
1782	6.371988473181288
1783	7.547436330356689
1784	6.405782942819563
1785	7.9819115930461635
1786	7.9819115930461635
1787	7.256093035738232
1788	7.256093035738232
1789	10.0
1790	10.0
1791	6.574563917574825
1792	6.574563917574825
1793	8.064350773162074
1794	8.064350773162074
1795	7.557835717713906
1796	7.557835717713906
1797	10.0
1798	10.0
1799	10.0
1800	9.667183572507371
1801	5.745437671342122
1802	5.745437671342122
1803	8.897153335310655
1804	8.897153335310655
1805	9.844666483873889
1806	9.844666483873889
1807	8.832685033645095
1808	8.832685033645095
1809	9.471914505785184
1810	9.471914505785184
1811	10.0
1812	10.0
1813	8.313073186903985
1814	8.313073186903985
1815	7.658419413487519
1816	7.658419413487519
1817	9.905517205659214
1818	9.905517205659214
1819	7.855231284413464
1820	7.855231284413464
1821	10.0
1822	10.0
1823	8.908443894168057
1824	9.87774159518436
1825	9.87774159518436
1826	9.371457064805785
1827	9.540380932875504
1828	9.540380932875504
1829	10.0
1830	10.0
1831	10.0
1832	8.649331830660902
1833	8.649331830660902
1834	10.0
1835	10.0
1836	7.535575241032603
1837	7.4937706823443975
1838	7.4937706823443975
1839	10.0
1840	10.0
1841	10.0
1842	10.0
1843	10.0
1844	10.0
1845	10.0
1846	7.169154007037794
1847	7.169154007037794
1848	7.383979136687041
1849	7.383979136687041
1850	10.0
1851	10.0
1852	9.035589892443733
1853	9.035589892443733
1854	8.05269957728029
1855	8.05269957728029
1856	10.0
1857	10.0
1858	8.359716141292763
1859	8.359716141292763
1860	7.408169521704314
1861	7.408169521704314
1862	8.168303858783448
1863	8.168303858783448
1864	9.757634462562889
1865	9.757634462562889
1866	9.176807980015083
1867	10.0
1868	10.0
1869	9.391542000237859
1870	9.391542000237859
1871	4.734786227462854
1872	4.734786227462854
1873	6.466461220226572
1874	6.466461220226572
1875	8.487318561396942
1876	8.487318561396942
1877	9.243940751368191
1878	9.243940751368191
1879	4.910668017842564
1880	4.910668017842564
1881	10.0
1882	10.0
1883	7.164461693841563
1884	7.164461693841563
1885	9.815959504821677
1886	9.815959504821677
1887	5.804425450896185
1888	5.804425450896185
1889	8.263862046606562
1890	8.263862046606562
1891	8.2843428616798
1892	8.2843428616798
1893	4.529326079152914
1894	4.529326079152914
1895	7.675085634765713
1896	7.675085634765713
1897	7.22790418305503
1898	7.22790418305503
1899	9.367030400009048
1900	9.367030400009048
1901	7.3196421746421025
1902	7.3196421746421025
1903	6.11605542568574
1904	6.956854781780991
1905	6.956854781780991
1906	5.3688982505012115
1907	2.9671091966436087
1908	5.652396104659211
1909	5.652396104659211
1910	8.86302520840867
1911	8.86302520840867
1912	5.524327431468995
1913	5.524327431468995
1914	4.124636589102044
1915	4.124636589102044
1916	7.315311751823427
1917	7.315311751823427
1918	9.08175538986461
1919	9.08175538986461
1920	8.24439311606963
1921	8.24439311606963
1922	6.648479703579228
1923	6.648479703579228
1924	7.360624538421513
1925	7.360624538421513
1926	7.516999354228975
1927	7.516999354228975
1928	8.30119262342424
1929	8.30119262342424
1930	9.608345786208412
1931	9.608345786208412
1932	10.0
1933	8.957336678059416
1934	6.94534384577542
1935	6.94534384577542
1936	7.221045404079241
1937	7.221045404079241
1938	7.883138582368512
1939	7.883138582368512
1940	6.376571770666765
1941	6.376571770666765
1942	5.264982260458575
1943	7.095876950686874
1944	7.095876950686874
1945	10.0
1946	10.0
1947	9.357203592210558
1948	9.357203592210558
1949	5.504635182425993
1950	5.504635182425993
1951	3.493098327399042
1952	3.493098327399042
1953	9.780446162312082
1954	9.780446162312082
1955	7.118411153988549
1956	7.118411153988549
1957	10.0
1958	7.046833555249218
1959	7.046833555249218
1960	8.339453101061654
1961	7.214061425231439
1962	7.214061425231439
1963	7.62560496471269
1964	7.62560496471269
1965	7.281808738334038
1966	7.281808738334038
1967	7.831936077678652
1968	7.831936077678652
1969	6.5285885646441315
1970	10.0
1971	5.410533816163836
1972	10.0
1973	9.776662775095685
1974	9.776662775095685
1975	9.839167574050716
1976	9.839167574050716
1977	7.071537122901804
1978	7.071537122901804
1979	10.0
1980	10.0
1981	10.0
1982	9.65509910743095
1983	9.65509910743095
1984	7.053183679618054
1985	7.053183679618054
1986	10.0
1987	10.0
1988	10.0
1989	9.534876133609652
1990	7.951638511049864
1991	6.979353645452087
1992	6.979353645452087
1993	8.937247940465445
1994	8.937247940465445
1995	10.0
1996	4.02608602527728
1997	4.02608602527728
1998	10.0
1999	10.0
2000	4.428695984915205
2001	6.233751911990329
2002	6.233751911990329
2003	10.0
2004	10.0
2005	9.901921461911762
2006	9.901921461911762
2007	10.0
2008	7.760902901547041
2009	7.760902901547041
2010	4.551078253013818
2011	4.551078253013818
2012	7.014014967021572
2013	7.014014967021572
2014	9.132462205970926
2015	9.132462205970926
2016	5.232628476164096
2017	9.34133524483964
2018	9.34133524483964
2019	10.0
2020	10.0
2021	8.40172118581395
2022	8.40172118581395
2023	6.7367835521801815
2024	6.7367835521801815
2025	9.658408474091052
2026	9.658408474091052
2027	6.031175742312822
2028	6.031175742312822
2029	10.0
2030	10.0
2031	9.504390976749148
2032	9.504390976749148
2033	10.0
2034	10.0
2035	10.0
2036	10.0
2037	10.0
2038	9.786549781835223
2039	9.786549781835223
2040	10.0
2041	10.0
2042	10.0
2043	7.796713723086617
2044	7.796713723086617
2045	5.2916580268284035
2046	5.981672923425176
2047	5.981672923425176
2048	5.590074601308753
2049	5.590074601308753
2050	3.5462900930986225
2051	3.5462900930986225
2052	6.589275296941797
2053	6.589275296941797
2054	10.0
2055	10.0
2056	5.558415042670793
2057	5.558415042670793
2058	7.523647675935348
2059	7.523647675935348
2060	8.117965769648107
2061	8.117965769648107
2062	8.805859549394288
2063	8.805859549394288
2064	4.551095178933017
2065	4.551095178933017
2066	6.359466332995305
2067	4.151015754040257
2068	4.151015754040257
2069	10.0
2070	10.0
2071	5.733478408911276
2072	6.577061429859924
2073	6.577061429859924
2074	7.295295854910322
2075	4.396538446837674
2076	4.396538446837674
2077	6.9594419598665995
2078	8.45393436777714
2079	8.45393436777714
2080	5.851250283933261
2081	5.621113634312133
2082	5.621113634312133
2083	5.456785996101965
2084	8.112448549596435
2085	8.112448549596435
2086	9.236001942798312
2087	9.236001942798312
2088	7.00194501582197
2089	7.00194501582197
2090	4.581516308656625
2091	7.24075268522226
2092	7.24075268522226
2093	7.2116696181546756
2094	8.37613545494434
2095	8.37613545494434
2096	8.208851094226908
2097	8.208851094226908
2098	6.149697057203678
2099	6.149697057203678
2100	7.786389731534442
2101	7.786389731534442
2102	8.998808932494043
2103	8.998808932494043
2104	8.869275077304124
2105	8.869275077304124
2106	4.730568956938645
2107	4.730568956938645
2108	10.0
2109	10.0
2110	5.690070771963127
2111	6.00302101519611
2112	6.00302101519611
2113	9.444062830783036
2114	9.444062830783036
2115	9.886115852057497
2116	9.886115852057497
2117	7.216929798886439
2118	10.0
2119	10.0
2120	6.605266635528257
2121	6.605266635528257
2122	6.475642984848369
2123	6.475642984848369
2124	10.0
2125	10.0
2126	8.250456175605203
2127	8.250456175605203
2128	8.703392917985099
2129	8.703392917985099
2130	10.0
2131	10.0
2132	7.0332155457458105
2133	7.0332155457458105
2134	8.923621132023639
2135	8.923621132023639
2136	5.682478000436203
2137	10.0
2138	10.0
2139	10.0
2140	10.0
2141	7.684914829077052
2142	7.684914829077052
2143	9.915538512047254
2144	9.915538512047254
2145	9.858180635063553
2146	10.0
2147	10.0
2148	10.0
2149	6.903804869984096
2150	6.903804869984096
2151	7.191477785269175
2152	7.191477785269175
2153	7.947824408146395
2154	7.947824408146395
2155	4.09277946445572
2156	4.09277946445572
2157	8.98246706582056
2158	8.98246706582056
2159	7.596100328852886
2160	7.596100328852886
2161	7.599017404967132
2162	7.61460871647019
2163	7.61460871647019
2164	10.0
2165	10.0
2166	10.0
2167	9.526732408108318
2168	9.526732408108318
2169	10.0
2170	6.649544597415414
2171	6.649544597415414
2172	6.6055685946861615
2173	6.6055685946861615
2174	8.259703970908648
2175	8.039994400998951
2176	8.039994400998951
2177	10.0
2178	9.77244459210949
2179	9.77244459210949
2180	10.0
2181	10.0
2182	10.0
2183	10.0
2184	10.0
2185	7.746609223713906
2186	8.69992869781239
2187	8.69992869781239
2188	10.0
2189	10.0
2190	10.0
2191	9.195293049680947
2192	9.195293049680947
2193	9.317184795551002
2194	10.0
2195	10.0
2196	10.0
2197	10.0
2198	10.0
2199	9.894005082620737
2200	9.894005082620737
2201	7.159144572075424
2202	7.159144572075424
2203	10.0
2204	10.0
2205	7.909725032380408
2206	9.460069953458847
2207	9.460069953458847
2208	9.480285028269346
2209	10.0
2210	10.0
2211	5.324084442579675
2212	5.324084442579675
2213	6.93547336584818
2214	6.93547336584818
2215	4.960913961530859
2216	4.960913961530859
2217	10.0
2218	8.925308513631634
2219	8.925308513631634
2220	10.0
2221	9.607790307153849
2222	8.450560785841596
2223	8.450560785841596
2224	7.289707032084297
2225	7.289707032084297
2226	6.852638931693452
2227	8.814234230293513
2228	8.814234230293513
2229	10.0
2230	10.0
2231	7.543279685953129
2232	7.543279685953129
2233	5.398259969806915
2234	5.398259969806915
2235	8.982790199988196
2236	8.982790199988196
2237	9.662171025995004
2238	9.662171025995004
2239	10.0
2240	10.0
2241	9.940358798696922
2242	5.573835844607254
2243	5.573835844607254
2244	10.0
2245	10.0
2246	8.106109534892672
2247	8.106109534892672
2248	6.7067106223343345
2249	6.7067106223343345
2250	10.0
2251	10.0
2252	7.657032577839323
2253	7.657032577839323
2254	7.10078268755529
2255	7.10078268755529
2256	6.656968837702896
2257	6.656968837702896
2258	9.436637010815899
2259	9.436637010815899
2260	10.0
2261	10.0
2262	10.0
2263	7.828515384509997
2264	7.828515384509997
2265	6.595404564228953
2266	6.595404564228953
2267	7.929305231317521
2268	7.929305231317521
2269	10.0
2270	10.0
2271	5.652070966145265
2272	5.652070966145265
2273	8.434518970410352
2274	8.434518970410352
2275	4.549100490358418
2276	4.549100490358418
2277	7.25558560175631
2278	7.25558560175631
2279	8.241247483495078
2280	8.241247483495078
2281	10.0
2282	10.0
2283	9.02128360010852
2284	9.02128360010852
2285	7.3131136855695065
2286	7.937529898060122
2287	7.937529898060122
2288	7.022843291959829
2289	7.022843291959829
2290	7.901419404279823
2291	7.901419404279823
2292	10.0
2293	10.0
2294	9.772068025317749
2295	9.772068025317749
2296	10.0
2297	10.0
2298	10.0
2299	10.0
2300	10.0
2301	10.0
2302	9.710927689881151
2303	9.710927689881151
2304	9.465240650162674
2305	9.465240650162674
2306	4.498384955229264
2307	4.498384955229264
2308	8.173394322490502
2309	8.173394322490502
2310	8.621818372375495
2311	8.621818372375495
2312	6.932226576515066
2313	6.932226576515066
2314	8.595293839827903
2315	8.595293839827903
2316	9.227703867412156
2317	9.227703867412156
2318	6.482057187936602
2319	6.482057187936602
2320	4.804962867228206
2321	10.0
2322	10.0
2323	5.023346397102021
2324	5.023346397102021
2325	10.0
2326	10.0
2327	7.6574220710769465
2328	7.6574220710769465
2329	9.939875394898197
2330	9.939875394898197
2331	5.113200593825113
2332	5.113200593825113
2333	9.586390735398215
2334	9.586390735398215
2335	8.74427073149232
2336	8.74427073149232
2337	10.0
2338	10.0
2339	10.0
2340	10.0
2341	10.0
2342	9.39893783790968
2343	9.39893783790968
2344	10.0
2345	8.584689972319108
2346	7.394571120904797
2347	7.394571120904797
2348	8.343594474642197
2349	8.343594474642197
2350	7.344678199726998
2351	10.0
2352	10.0
2353	10.0
2354	10.0
2355	10.0
2356	10.0
2357	10.0
2358	10.0
2359	4.133320767948558
2360	4.133320767948558
2361	9.082027778953673
2362	9.082027778953673
2363	7.873657840644492
2364	7.873657840644492
2365	9.997248987200768
2366	9.997248987200768
2367	10.0
2368	10.0
2369	5.641346274754548
2370	5.641346274754548
2371	10.0
2372	10.0
2373	8.131460685452947
2374	8.131460685452947
2375	9.03587894696839
2376	9.03587894696839
2377	10.0
2378	10.0
2379	10.0
2380	10.0
2381	9.3561562177005
2382	10.0
2383	10.0
2384	8.058298771118169
2385	7.6127953603107095
2386	7.6127953603107095
2387	8.40400038339087
2388	8.40400038339087
2389	7.145087502085307
2390	7.145087502085307
2391	10.0
2392	10.0
2393	10.0
2394	10.0
2395	10.0
2396	10.0
2397	10.0
2398	2.894492751489679
2399	2.894492751489679
2400	9.753017488949558
2401	9.753017488949558
2402	5.523168490779286
2403	5.523168490779286
2404	10.0
2405	10.0
2406	10.0
2407	9.88535170594661
2408	9.88535170594661
2409	5.7810890714122305
2410	5.7810890714122305
2411	10.0
2412	10.0
2413	10.0
2414	6.0357189059060055
2415	6.0357189059060055
2416	9.857271026355727
2417	9.857271026355727
2418	8.579224212955014
2419	7.787713816836561
2420	7.787713816836561
2421	9.94432577631542
2422	7.869349878664493
2423	7.869349878664493
2424	6.0397378181140144
2425	6.0397378181140144
2426	10.0
2427	10.0
2428	9.63679123303263
2429	9.63679123303263
2430	7.848871219021676
2431	7.848871219021676
2432	10.0
2433	10.0
2434	9.085786821426295
2435	9.085786821426295
2436	8.068656448669907
2437	8.068656448669907
2438	10.0
2439	10.0
2440	10.0
2441	9.993014981001172
2442	9.993014981001172
2443	10.0
2444	10.0
2445	8.239169135289115
2446	8.239169135289115
2447	10.0
2448	7.489831617692708
2449	7.489831617692708
2450	10.0
2451	10.0
2452	10.0
2453	10.0
2454	5.8630379863826665
2455	10.0
2456	10.0
2457	9.6920433441234
2458	9.6920433441234
2459	10.0
2460	10.0
2461	7.007339675150707
2462	10.0
2463	10.0
2464	9.570974084548979
2465	9.570974084548979
2466	10.0
2467	10.0
2468	10.0
2469	9.792493299822128
2470	9.792493299822128
2471	10.0
2472	10.0
2473	10.0
2474	10.0
2475	10.0
2476	10.0
2477	10.0
2478	10.0
2479	8.763223531148054
2480	8.763223531148054
2481	10.0
2482	10.0
2483	10.0
2484	10.0
2485	8.219198623664887
2486	8.219198623664887
2487	8.96247586779718
2488	8.277333018409118
2489	8.277333018409118
2490	9.578295085439215
2491	9.578295085439215
2492	9.538465975175992
2493	8.616363477450477
2494	8.616363477450477
2495	7.866722244185365
2496	7.866722244185365
2497	10.0
2498	9.456489394563809
2499	9.456489394563809
2500	10.0
2501	8.467167538070429
2502	7.7015268920824775
2503	7.7015268920824775
2504	9.491597156331176
2505	9.491597156331176
2506	10.0
2507	10.0
2508	7.866105049589376
2509	7.866105049589376
2510	9.745537687475114
2511	9.745537687475114
2512	10.0
2513	10.0
2514	8.469247499983853
2515	7.619388158819542
2516	7.619388158819542
2517	6.597795990610651
2518	8.30587977901323
2519	9.58065166036317
2520	9.58065166036317
2521	4.723076053600957
2522	4.723076053600957
2523	7.872709007960165
2524	7.872709007960165
2525	7.8481935179579985
2526	10.0
2527	10.0
2528	8.220114489070435
2529	8.220114489070435
2530	9.373215248624726
2531	9.373215248624726
2532	10.0
2533	10.0
2534	8.843445813945753
2535	8.843445813945753
2536	5.216626497754332
2537	5.216626497754332
2538	6.5089271164598985
2539	6.5089271164598985
2540	7.7397962589229605
2541	7.7397962589229605
2542	7.995655623240092
2543	9.118358082153058
2544	7.0880077750049715
2545	7.0880077750049715
2546	1.97018985475383
2547	8.423376229090017
2548	8.423376229090017
2549	8.015530404934573
2550	8.015530404934573
2551	10.0
2552	10.0
2553	9.179427621919833
2554	9.179427621919833
2555	6.286943386239292
2556	6.709184909031198
2557	6.709184909031198
2558	9.134661698208847
2559	9.134661698208847
2560	10.0
2561	10.0
2562	9.27155039720931
2563	9.27155039720931
2564	7.153603990345697
2565	7.153603990345697
2566	7.8992773118414386
2567	7.8992773118414386
2568	5.02310592898975
2569	5.02310592898975
2570	8.115571208087824
2571	8.115571208087824
2572	6.220161693828642
2573	6.220161693828642
2574	10.0
2575	10.0
2576	9.916309633995592
2577	9.916309633995592
2578	10.0
2579	10.0
2580	8.487635150574775
2581	8.487635150574775
2582	6.806320275371137
2583	6.806320275371137
2584	7.736381661422812
2585	7.736381661422812
2586	9.854584060004182
2587	9.854584060004182
2588	6.4840477927038815
2589	6.4840477927038815
2590	9.452751101838873
2591	9.452751101838873
2592	8.42309344731862
2593	8.42309344731862
2594	10.0
2595	10.0
2596	10.0
2597	10.0
2598	10.0
2599	10.0
2600	6.447576097364804
2601	6.447576097364804
2602	8.225132017746988
2603	8.225132017746988
2604	6.665658123489377
2605	6.665658123489377
2606	7.9293353786241045
2607	7.9293353786241045
2608	9.485876571459562
2609	9.485876571459562
2610	8.952881950350497
2611	8.952881950350497
2612	9.849088845895738
2613	6.615611865800091
2614	7.461619139295557
2615	7.461619139295557
2616	9.52299585861833
2617	9.52299585861833
2618	10.0
2619	10.0
2620	10.0
2621	10.0
2622	6.349401926937568
2623	6.349401926937568
2624	6.102567950266418
2625	6.102567950266418
2626	7.198325844116593
2627	6.702619795797527
2628	4.700826968555578
2629	7.619718502392017
2630	7.619718502392017
2631	7.913379370869869
2632	10.0
2633	10.0
2634	8.543767310722025
2635	8.476256464386745
2636	8.476256464386745
2637	6.316638391734018
2638	6.316638391734018
2639	7.1483406178933535
2640	7.1483406178933535
2641	6.251299956096771
2642	6.251299956096771
2643	6.994477496346262
2644	6.994477496346262
2645	4.897669114106581
2646	10.0
2647	10.0
2648	8.00495115839
2649	6.738528006780161
2650	6.738528006780161
2651	8.105347902348711
2652	8.105347902348711
2653	7.0299907882521895
2654	7.0299907882521895
2655	5.745813851996396
2656	5.745813851996396
2657	5.270366878136467
2658	5.270366878136467
2659	5.6011145590725615
2660	5.6011145590725615
2661	6.098035549308684
2662	4.993600000558038
2663	4.993600000558038
2664	9.872349639558221
2665	5.434920172951168
2666	5.434920172951168
2667	7.278312882636603
2668	8.718220216811195
2669	10.0
2670	10.0
2671	9.964708062345812
2672	9.964708062345812
2673	8.206113775047344
2674	8.206113775047344
2675	6.805501092410347
2676	6.805501092410347
2677	10.0
2678	10.0
2679	10.0
2680	6.385226557120792
2681	6.385226557120792
2682	10.0
2683	10.0
2684	7.313665737210784
2685	7.313665737210784
2686	9.917896919700496
2687	9.130064007630473
2688	9.130064007630473
2689	10.0
2690	10.0
2691	6.475039479914583
2692	6.475039479914583
2693	6.579870130866793
2694	6.579870130866793
2695	10.0
2696	10.0
2697	4.992728524399556
2698	4.992728524399556
2699	8.202816055671063
2700	5.289237464638287
2701	5.289237464638287
2702	10.0
2703	10.0
2704	8.989818786604909
2705	9.380354384717437
2706	9.380354384717437
2707	8.45925602293673
2708	8.45925602293673
