0	2.351818830528355
1	2.351818830528355
2	2.1768657392826642
3	2.1768657392826642
4	2.6834275071805704
5	2.6834275071805704
6	2.0629055235962888
7	2.0629055235962888
8	2.1017755996557965
9	2.1017755996557965
10	1.5682778945949398
11	1.5682778945949398
12	2.7835735512412834
13	2.7835735512412834
14	2.0085948611366438
15	2.0085948611366438
16	2.3661474493412764
17	2.3661474493412764
18	2.169857105617863
19	2.169857105617863
20	2.0125652792194915
21	2.0125652792194915
22	1.4777599131981847
23	1.4777599131981847
24	2.042535100967635
25	2.042535100967635
26	2.0122696525790644
27	2.0122696525790644
28	1.6723279656958965
29	1.6723279656958965
30	2.0173953711347656
31	2.0173953711347656
32	0.844934836879347
33	0.844934836879347
34	2.353295354985075
35	2.353295354985075
36	1.7985009271763437
37	1.7985009271763437
38	1.985814555457056
39	1.985814555457056
40	1.6036229461477636
41	1.6036229461477636
42	1.5413898724621775
43	1.5413898724621775
44	1.131495805000597
45	1.131495805000597
46	1.9693344599616456
47	1.9693344599616456
48	1.7597545370921375
49	1.7597545370921375
50	1.4307428488412173
51	1.4307428488412173
52	1.5362342753326066
53	1.5362342753326066
54	1.613880912676359
55	1.613880912676359
56	1.7312261101489863
57	1.7312261101489863
58	1.498031410192997
59	1.498031410192997
60	1.4303488791152008
61	1.4303488791152008
62	1.2072184607014658
63	1.2072184607014658
64	1.546778053573117
65	1.546778053573117
66	1.523797251018111
67	1.523797251018111
68	1.5256153106914203
69	1.5256153106914203
70	1.9635038581273578
71	1.9635038581273578
72	2.2397455158796227
73	2.2397455158796227
74	0.31507122367901785
75	0.31507122367901785
76	0.6818150912911538
77	0.6818150912911538
78	1.9280217519630263
79	1.9280217519630263
80	1.9386073667791115
81	1.9386073667791115
82	2.011999218053468
83	2.011999218053468
84	1.583069083610746
85	1.583069083610746
86	1.8569424688198488
87	1.8569424688198488
88	1.2542862677853561
89	1.2542862677853561
90	2.2376030807023426
91	2.2376030807023426
92	1.82734842391365
93	1.82734842391365
94	1.6907773965835478
95	1.6907773965835478
96	0.5283708662283431
97	0.5283708662283431
98	1.7138616974988516
99	1.7138616974988516
100	2.3039780064487063
101	2.3039780064487063
102	1.266701371875793
103	1.266701371875793
104	1.3326405697125663
105	1.3326405697125663
106	1.4621395802451866
107	1.4621395802451866
108	1.2155978088048804
109	1.2155978088048804
110	1.5580367314903283
111	1.5580367314903283
112	0.787050621263651
113	0.787050621263651
114	1.2565237943487404
115	1.2565237943487404
116	2.0057774791462153
117	2.0057774791462153
118	2.0124897960445973
119	2.0124897960445973
120	1.527096589834779
121	1.527096589834779
122	1.8789871409587178
123	1.8789871409587178
124	1.3668671877110343
125	1.3668671877110343
126	0.9602542073652142
127	0.9602542073652142
128	1.165404709493822
129	1.165404709493822
130	2.350056638784827
131	2.350056638784827
132	1.1741130735114627
133	1.1741130735114627
134	1.1302690184533624
135	1.1302690184533624
136	2.116068050417529
137	2.116068050417529
138	1.8638320663346395
139	1.8638320663346395
140	1.3846956345377033
141	1.3846956345377033
142	2.3484599377636353
143	2.3484599377636353
144	1.1039829531417433
145	1.1039829531417433
146	1.39388862775044
147	1.39388862775044
148	1.4608783234122238
149	1.4608783234122238
150	1.5690893961416412
151	1.5690893961416412
152	1.5892820007610302
153	1.5892820007610302
154	1.2447323538229882
155	1.2447323538229882
156	1.6419429614124827
157	1.6419429614124827
158	1.6461104278224443
159	1.6461104278224443
160	2.0125601000617883
161	2.0125601000617883
162	1.8146815929314997
163	1.8146815929314997
164	1.8112868983924106
165	1.8112868983924106
166	1.4974441704944688
167	1.4974441704944688
168	2.290729083109527
169	2.290729083109527
170	1.3840147311321456
171	1.3840147311321456
172	1.399320592377588
173	1.399320592377588
174	1.7170423512704351
175	1.7170423512704351
176	1.504723876235981
177	1.504723876235981
178	2.472199204982366
179	2.472199204982366
180	1.7314347664886631
181	1.7314347664886631
182	2.2200084054424436
183	2.2200084054424436
184	1.9625378908028912
185	1.9625378908028912
186	1.7956085867374179
187	1.7956085867374179
188	0.3113661579545479
189	0.3113661579545479
190	1.8246075840690217
191	1.8246075840690217
192	1.2513575859550596
193	1.2513575859550596
194	1.025461607519775
195	1.025461607519775
196	1.7811858457921845
197	1.7811858457921845
198	1.4940487979235455
199	1.4940487979235455
200	1.3636475556691317
201	1.3636475556691317
202	1.3114418020597711
203	1.3114418020597711
204	2.139443007026781
205	2.139443007026781
206	2.645261025666744
207	2.645261025666744
208	1.9357113795644838
209	1.9357113795644838
210	1.881700736725116
211	1.881700736725116
212	1.9481668642501415
213	1.9481668642501415
214	1.7301882720301893
215	1.7301882720301893
216	1.5650644206222808
217	1.5650644206222808
218	1.8402627859194527
219	1.8402627859194527
220	1.2283513981091536
221	1.2283513981091536
222	1.5918596738459265
223	1.5918596738459265
224	2.0250863717103833
225	2.0250863717103833
226	1.5700278239703485
227	1.5700278239703485
228	1.72211138442872
229	1.72211138442872
230	1.7802822532441607
231	1.7802822532441607
232	2.4932554959524786
233	2.4932554959524786
234	1.2797652034367832
235	1.2797652034367832
236	1.2589136224910784
237	1.2589136224910784
238	1.7796021246894371
239	1.7796021246894371
240	1.2665686221686587
241	1.2665686221686587
242	1.4517734403616087
243	1.4517734403616087
244	1.651419795873092
245	1.651419795873092
246	1.6313999234816117
247	1.6313999234816117
248	1.4977710213116486
249	1.4977710213116486
250	2.2523302978228195
251	2.2523302978228195
252	1.975303956973054
253	1.975303956973054
254	1.6292390738300646
255	1.6292390738300646
256	1.6476461046702282
257	1.6476461046702282
258	1.0302392843515062
259	1.0302392843515062
260	1.6786953224769814
261	1.6786953224769814
262	1.5518968423229254
263	1.5518968423229254
264	0.785007925309482
265	0.785007925309482
266	1.129640900770295
267	1.129640900770295
268	1.6714199566280148
269	1.6714199566280148
270	1.2113731176226863
271	1.2113731176226863
272	1.345945116680561
273	1.345945116680561
274	2.130935797442265
275	2.130935797442265
276	1.1659206734393124
277	1.1659206734393124
278	2.370139068957196
279	2.370139068957196
280	1.2600242823693912
281	1.2600242823693912
282	1.6764875491134312
283	1.6764875491134312
284	1.6015589384716733
285	1.6015589384716733
286	1.5648628748689688
287	1.5648628748689688
288	2.044370594934963
289	2.044370594934963
290	2.102420983792285
291	2.102420983792285
292	1.3088278225194112
293	1.3088278225194112
294	1.7318448872058203
295	1.7318448872058203
296	1.0355068114271024
297	1.0355068114271024
298	1.9527104226289218
299	1.9527104226289218
300	2.0281009008936133
301	2.0281009008936133
302	1.0614861160130222
303	1.0614861160130222
304	1.678707156352726
305	1.678707156352726
306	2.331298025738507
307	2.331298025738507
308	1.902684304289654
309	1.902684304289654
310	1.0959082132668423
311	1.0959082132668423
312	1.239749180409689
313	1.239749180409689
314	1.4658200121154
315	1.4658200121154
316	1.7614570526261677
317	1.7614570526261677
318	1.885564443557429
319	1.885564443557429
320	0.7526877472274968
321	0.7526877472274968
322	2.0829626072921816
323	2.0829626072921816
324	1.344473911486734
325	1.344473911486734
326	1.3847363069404317
327	1.3847363069404317
328	1.7227027549185325
329	1.7227027549185325
330	2.3044577629087692
331	2.3044577629087692
332	1.1895962539526548
333	1.1895962539526548
334	2.114089295830274
335	2.114089295830274
336	1.6041847655795383
337	1.6041847655795383
338	1.8655528296309407
339	1.8655528296309407
340	1.9657261809685065
341	1.9657261809685065
342	1.842640332280849
343	1.842640332280849
344	1.8306010134437296
345	1.8306010134437296
346	1.293083147612742
347	1.293083147612742
348	1.8433216824607281
349	1.8433216824607281
350	2.1899341233880696
351	2.1899341233880696
352	1.0842564477512067
353	1.0842564477512067
354	1.369001686138853
355	1.369001686138853
356	1.522692493108783
357	1.522692493108783
358	1.2061323221625617
359	1.2061323221625617
360	1.4194105492614133
361	1.4194105492614133
362	0.659996563875078
363	0.659996563875078
364	2.174077464588863
365	2.174077464588863
366	1.4540176976693249
367	1.4540176976693249
368	1.8863202340638778
369	1.8863202340638778
370	2.4360742459545683
371	2.4360742459545683
372	1.611630292850139
373	1.611630292850139
374	1.2619964933250971
375	1.2619964933250971
376	1.5570111329250795
377	1.5570111329250795
378	1.9957603079335944
379	1.9957603079335944
380	1.1788885013791797
381	1.1788885013791797
382	2.2336887498499696
383	2.2336887498499696
384	1.2295176564623196
385	1.2295176564623196
386	2.218001861287345
387	2.218001861287345
388	1.446464832825766
389	1.446464832825766
390	1.6636020643996046
391	1.6636020643996046
392	1.5573502387991698
393	1.5573502387991698
394	1.7945083672496458
395	1.7945083672496458
396	1.0909148899524013
397	1.0909148899524013
398	1.586417346026796
399	1.586417346026796
400	1.6471016631528992
401	1.6471016631528992
402	1.428836452024754
403	1.428836452024754
404	1.6341454343432273
405	1.6341454343432273
406	1.8599754974386031
407	1.8599754974386031
408	1.6304453243208792
409	1.6304453243208792
410	2.036762905556137
411	2.036762905556137
412	1.0874253234322113
413	1.0874253234322113
414	2.2229747971236202
415	2.2229747971236202
416	1.3816978529360666
417	1.3816978529360666
418	1.3749985289489233
419	1.3749985289489233
420	1.698073307977445
421	1.698073307977445
422	1.6657426369330517
423	1.6657426369330517
424	1.7498825066628834
425	1.7498825066628834
426	1.9168156823423208
427	1.9168156823423208
428	1.5474651835507
429	1.5474651835507
430	1.2515408500443077
431	1.2515408500443077
432	1.9905528818270948
433	1.9905528818270948
434	1.3794955750654245
435	1.3794955750654245
436	1.4573930071149797
437	1.4573930071149797
438	1.588634735019266
439	1.588634735019266
440	1.8206823540659973
441	1.8206823540659973
442	1.3497264661227288
443	1.3497264661227288
444	1.342158612469607
445	1.342158612469607
446	1.8283943045747764
447	1.8283943045747764
448	1.608042455779382
449	1.608042455779382
450	1.5066196050514735
451	1.5066196050514735
452	1.8121601719539013
453	1.8121601719539013
454	1.4490051175387955
455	1.4490051175387955
456	1.3315806947633089
457	1.3315806947633089
458	1.548388788180175
459	1.548388788180175
460	1.2875709856055875
461	1.2875709856055875
462	1.5574266914932262
463	1.5574266914932262
464	1.3845049342079494
465	1.3845049342079494
466	1.6546961468993462
467	1.6546961468993462
468	1.0768327539642673
469	1.0768327539642673
470	1.5717657019351163
471	1.5717657019351163
472	1.6540076884507922
473	1.6540076884507922
474	1.7368360041451032
475	1.7368360041451032
476	1.3725339629647049
477	1.3725339629647049
478	1.5911732773047176
479	1.5911732773047176
480	1.2564929607524775
481	1.2564929607524775
482	1.422562323232209
483	1.422562323232209
484	1.720994179673516
485	1.720994179673516
486	1.8181483575485355
487	1.8181483575485355
488	1.233974636956463
489	1.233974636956463
490	1.9146418508183554
491	1.9146418508183554
492	1.460133119395556
493	1.460133119395556
494	1.57766768604509
495	1.57766768604509
496	1.3308477388159852
497	1.3308477388159852
498	2.1531942145777285
499	2.1531942145777285
500	2.0092801006211483
501	2.0092801006211483
502	2.0811482530148173
503	2.0811482530148173
504	1.157947930072694
505	1.157947930072694
506	1.9130161444512275
507	1.9130161444512275
508	1.8942419776051884
509	1.8942419776051884
510	1.5365695641962598
511	1.5365695641962598
512	1.6353620738279406
513	1.6353620738279406
514	1.1592178331994132
515	1.1592178331994132
516	1.6472566371085668
517	1.6472566371085668
518	2.1915385702592762
519	2.1915385702592762
520	1.1293870037223128
521	1.1293870037223128
522	1.5381816698860307
523	1.5381816698860307
524	1.3844669595390693
525	1.3844669595390693
526	1.724247401880719
527	1.724247401880719
528	2.271520359703972
529	2.271520359703972
530	1.5765309995740433
531	1.5765309995740433
532	1.5019799498151178
533	1.5019799498151178
534	1.2792839718550093
535	1.2792839718550093
536	1.2834878068978388
537	1.2834878068978388
538	1.8419804092294205
539	1.8419804092294205
540	1.435681359961712
541	1.435681359961712
542	1.2501843744612393
543	1.2501843744612393
544	1.5433989905766683
545	1.5433989905766683
546	1.981390541719984
547	1.981390541719984
548	1.6681988887924033
549	1.6681988887924033
550	2.1952014650084037
551	2.1952014650084037
552	1.363946186176167
553	1.363946186176167
554	1.6273355869729338
555	1.6273355869729338
556	2.267271939394476
557	2.267271939394476
558	1.4975411792161983
559	1.4975411792161983
560	1.6283926446331556
561	1.6283926446331556
562	1.3591811485863117
563	1.3591811485863117
564	1.2052716297659185
565	1.2052716297659185
566	1.446676149650088
567	1.446676149650088
568	0.9871344692607571
569	0.9871344692607571
570	2.0928663059239536
571	2.0928663059239536
572	1.6580553558152666
573	1.6580553558152666
574	1.1502150464729843
575	1.1502150464729843
576	1.7175637070829617
577	1.7175637070829617
578	1.6574848202946815
579	1.6574848202946815
580	1.6048875757244017
581	1.6048875757244017
582	0.9507424073427021
583	0.9507424073427021
584	1.4561953036008535
585	1.4561953036008535
586	1.5746202972739862
587	1.5746202972739862
588	1.3580581955015725
589	1.3580581955015725
590	1.9841263451335933
591	1.9841263451335933
592	1.398209592337435
593	1.398209592337435
594	1.9949303756687204
595	1.9949303756687204
596	1.2452599403473097
597	1.2452599403473097
598	2.1479478609041074
599	2.1479478609041074
600	1.64385742961743
601	1.64385742961743
602	1.7240988301988973
603	1.7240988301988973
604	1.6969830433213058
605	1.6969830433213058
606	1.8015925415793927
607	1.8015925415793927
608	1.73687983376808
609	1.73687983376808
610	0.8049085702364055
611	0.8049085702364055
612	1.7097590830229503
613	1.7097590830229503
614	2.253072934130761
615	2.253072934130761
616	1.2568889044159828
617	1.2568889044159828
618	1.2429554567873469
619	1.2429554567873469
620	1.4182474245431727
621	1.4182474245431727
622	1.648957652672857
623	1.648957652672857
624	1.1201380340728204
625	1.1201380340728204
626	1.3433897435229247
627	1.3433897435229247
628	1.4985232433596745
629	1.4985232433596745
630	1.6913477629831433
631	1.6913477629831433
632	1.3921983228943369
633	1.3921983228943369
634	1.2744393304546469
635	1.2744393304546469
636	1.643605846427963
637	1.643605846427963
638	1.0596211057397187
639	1.0596211057397187
640	2.0103826349652087
641	2.0103826349652087
642	1.8546638798036896
643	1.8546638798036896
644	1.758004925055246
645	1.758004925055246
646	1.6069387715721448
647	1.6069387715721448
648	1.5297192609518413
649	1.5297192609518413
650	1.5832772246540878
651	1.5832772246540878
652	1.9798766300818058
653	1.9798766300818058
654	1.4245415007854936
655	1.4245415007854936
656	1.8577854489474408
657	1.8577854489474408
658	1.0803887946978374
659	1.0803887946978374
660	2.497865594472049
661	2.497865594472049
662	1.29708516503226
663	1.29708516503226
664	1.6589354953198279
665	1.6589354953198279
666	2.0020989479121907
667	2.0020989479121907
668	1.6444638424242009
669	1.6444638424242009
670	1.337123688755634
671	1.337123688755634
672	1.9268969660558077
673	1.9268969660558077
674	1.3647168711234468
675	1.3647168711234468
676	0.7001460518840659
677	0.7001460518840659
678	2.5731310640076783
679	2.5731310640076783
680	1.3563327589967011
681	1.0507016252368269
682	1.0507016252368269
683	2.0351544602629503
684	2.0351544602629503
685	1.66570563276077
686	1.66570563276077
687	1.2947849565397085
688	1.2947849565397085
689	1.7427889805486543
690	1.7427889805486543
691	1.3742547001834544
692	1.3742547001834544
693	2.0690127603608084
694	2.0690127603608084
695	1.6866953299353507
696	1.6866953299353507
697	1.1661847677140575
698	1.1661847677140575
699	1.6186810745348459
700	1.6186810745348459
701	1.408672274866047
702	1.408672274866047
703	1.762528872786074
704	1.762528872786074
705	1.2944618524449418
706	1.2944618524449418
707	1.5654564627952265
708	1.5654564627952265
709	1.483066187341243
710	1.483066187341243
711	1.328117161506222
712	1.328117161506222
713	1.8414060919608957
714	1.8414060919608957
715	2.3007438785239507
716	2.3007438785239507
717	0.7436705195080495
718	0.7436705195080495
719	1.6966771133470901
720	1.6966771133470901
721	2.0737078694454647
722	2.0737078694454647
723	1.572317804957979
724	1.572317804957979
725	0.9775011025539739
726	0.9775011025539739
727	1.7649562747319327
728	1.7649562747319327
729	1.7898103954119078
730	1.7898103954119078
731	2.4300395848381253
732	2.4300395848381253
733	1.316565172759801
734	1.316565172759801
735	1.8852599337977143
736	1.8852599337977143
737	1.6919065434777218
738	1.6919065434777218
739	1.5525147175820748
740	1.5525147175820748
741	2.326467234268087
742	2.326467234268087
743	2.266140502787721
744	2.266140502787721
745	1.9981581194164204
746	1.9981581194164204
747	1.6004182731800183
748	1.6004182731800183
749	2.3731392263262556
750	2.3731392263262556
751	1.7314824963661115
752	1.7314824963661115
753	1.2656964730020597
754	1.2656964730020597
755	1.9035856879666744
756	1.9035856879666744
757	1.2794383756714955
758	1.2794383756714955
759	1.8815506443386278
760	1.8815506443386278
761	1.5431389347460551
762	1.5431389347460551
763	1.2333023279974158
764	1.2333023279974158
765	1.6894857142891586
766	1.6894857142891586
767	1.655535478056602
768	1.655535478056602
769	1.3751990174621098
770	1.3751990174621098
771	0.44361434172384584
772	0.44361434172384584
773	1.6676680182210388
774	1.6676680182210388
775	1.699243511131082
776	1.699243511131082
777	1.3660253827948843
778	1.3660253827948843
779	1.403403086390386
780	1.403403086390386
781	1.7747291349727534
782	1.7747291349727534
783	1.6802710579334128
784	1.6802710579334128
785	1.1816479316973239
786	1.1816479316973239
787	2.416607724468806
788	2.416607724468806
789	1.3341561504931314
790	1.3341561504931314
791	1.1312517009924603
792	1.1312517009924603
793	1.9323987965570737
794	1.9323987965570737
795	1.4976180842200308
796	1.4976180842200308
797	1.6735015207722073
798	1.6735015207722073
799	1.9630343527780667
800	1.9630343527780667
801	1.900617846492831
802	1.900617846492831
803	1.9907942129568175
804	1.9907942129568175
805	1.6665004073041234
806	1.6665004073041234
807	1.2739424351462614
808	1.2739424351462614
809	1.0208172458648663
810	1.0208172458648663
811	1.34981219925408
812	1.34981219925408
813	2.1625217360188964
814	2.1625217360188964
815	1.5682932280032096
816	1.5682932280032096
817	1.41077929404777
818	1.41077929404777
819	1.2064115068973875
820	1.2064115068973875
821	1.4394688383122114
822	1.4394688383122114
823	2.3892539158672284
824	2.3892539158672284
825	1.6293765640938291
826	1.6293765640938291
827	2.3640904958279596
828	2.3640904958279596
829	1.8639798795651075
830	1.8639798795651075
831	2.001299082683342
832	2.001299082683342
833	2.077348422070014
834	2.077348422070014
835	2.0095636882777086
836	2.0095636882777086
837	2.426760582835963
838	2.426760582835963
839	2.0952996078223176
840	2.0952996078223176
841	1.8082764036333974
842	1.8082764036333974
843	1.0991041869178828
844	1.0991041869178828
845	1.521258259748513
846	1.521258259748513
847	1.5712022885509322
848	1.5712022885509322
849	2.2786025598011466
850	2.2786025598011466
851	2.1965546118547437
852	2.1965546118547437
853	1.9309147103524626
854	1.9309147103524626
855	1.8055425022813567
856	1.8055425022813567
857	1.5138817232011685
858	1.5138817232011685
859	1.7559648850459608
860	1.7559648850459608
861	1.327763292513589
862	1.327763292513589
863	1.6119816378534406
864	1.6119816378534406
865	1.4231515526354461
866	1.4231515526354461
867	2.1722023444575678
868	2.1722023444575678
869	1.7678681429389893
870	1.7678681429389893
871	1.7267084269087518
872	1.7267084269087518
873	1.5515610688118562
874	1.5515610688118562
875	2.319148638272497
876	2.319148638272497
877	1.6032823599229549
878	1.6032823599229549
879	2.2404505637048917
880	2.2404505637048917
881	1.979479144155239
882	1.979479144155239
883	1.5166706587421805
884	1.5166706587421805
885	1.3030260092100718
886	1.3030260092100718
887	1.8110191796463189
888	1.8110191796463189
889	0.8575250392401145
890	0.8575250392401145
891	1.8906957353124403
892	1.8906957353124403
893	2.0479278993701695
894	2.0479278993701695
895	1.7460047514104748
896	1.7460047514104748
897	1.5124158564710515
898	1.5124158564710515
899	1.5967008755213925
900	1.5967008755213925
901	1.6959544122335335
902	1.6959544122335335
903	1.7437418823893625
904	1.7437418823893625
905	1.819767319595232
906	1.819767319595232
907	1.602446852565305
908	1.602446852565305
909	1.9492526583942895
910	1.9492526583942895
911	1.669329667137283
912	1.669329667137283
913	1.5990187836880498
914	1.5990187836880498
915	1.6366111103205812
916	1.6366111103205812
917	1.6947125985238283
918	1.6947125985238283
919	1.1984836025374603
920	1.1984836025374603
921	0.7560209702339862
922	0.7560209702339862
923	1.9227863742883853
924	1.9227863742883853
925	1.7996739154254415
926	1.7996739154254415
927	1.1325833286240932
928	1.1325833286240932
929	1.7305050453575324
930	1.7305050453575324
931	2.0539751837538045
932	2.0539751837538045
933	1.46711425757345
934	1.46711425757345
935	1.8942435318496367
936	1.8942435318496367
937	1.5664748028477329
938	1.5664748028477329
939	1.8700080935191101
940	1.8700080935191101
941	2.171440612270033
942	2.171440612270033
943	1.7009343535886416
944	1.7009343535886416
945	1.3601707496714088
946	1.3601707496714088
947	1.29864111524102
948	1.29864111524102
949	1.587891262423347
950	1.587891262423347
951	1.071448022594621
952	1.071448022594621
953	1.8583895845752398
954	1.8583895845752398
955	2.0308833038919967
956	2.0308833038919967
957	1.6446047263291388
958	1.6446047263291388
959	1.8393707281891258
960	1.8393707281891258
961	1.4386133962155963
962	1.4386133962155963
963	1.8306935577439036
964	1.8306935577439036
965	1.571115227709952
966	1.571115227709952
967	1.7151636917994284
968	1.7151636917994284
969	1.7165396639835633
970	1.7165396639835633
971	1.5599822744865144
972	1.5599822744865144
973	1.338398776653909
974	1.338398776653909
975	1.5714116542153984
976	1.5714116542153984
977	1.5147048756844053
978	1.5147048756844053
979	2.088389699325719
980	2.088389699325719
981	1.7947218453909837
982	1.7947218453909837
983	1.5291734598313225
984	1.5291734598313225
985	1.7259243451775532
986	1.7259243451775532
987	1.827339721777851
988	1.827339721777851
989	1.5228867796889682
990	1.5228867796889682
991	1.986526558328765
992	1.986526558328765
993	1.4891153251658467
994	1.4891153251658467
995	1.7893925104209327
996	1.7893925104209327
997	1.9111002763526148
998	1.9111002763526148
999	2.114429104189267
1000	2.114429104189267
1001	1.6221339218838753
1002	1.6221339218838753
1003	1.6515261742046894
1004	1.6515261742046894
1005	1.3143133112581693
1006	1.3143133112581693
1007	1.9170320075692346
1008	1.9170320075692346
1009	1.991305960180384
1010	1.991305960180384
1011	1.8476262380773167
1012	1.8476262380773167
1013	2.4434962295591287
1014	2.4434962295591287
1015	2.113520308403632
1016	2.113520308403632
1017	1.458540052153001
1018	1.458540052153001
1019	1.8081251047219213
1020	1.8081251047219213
1021	2.0689192664740275
1022	2.0689192664740275
1023	1.5290785698014602
1024	1.5290785698014602
1025	1.6276477810345935
1026	1.6276477810345935
1027	1.6793684788280516
1028	1.6793684788280516
1029	1.5851480556813953
1030	1.5851480556813953
1031	1.803334784899253
1032	1.803334784899253
1033	1.7666426228933583
1034	1.7666426228933583
1035	1.1870535210837483
1036	1.1870535210837483
1037	1.995205930933442
1038	1.995205930933442
1039	1.6331476181691877
1040	1.6331476181691877
1041	1.9801045026302226
1042	1.9801045026302226
1043	1.8622011962347012
1044	1.8622011962347012
1045	2.5556163869881714
1046	2.5556163869881714
1047	2.042780964025388
1048	2.042780964025388
1049	1.9335412783427754
1050	1.9335412783427754
1051	1.6041970005552877
1052	1.6041970005552877
1053	2.0400114719800553
1054	2.0400114719800553
1055	1.2336259926015876
1056	1.2336259926015876
1057	1.722973827178542
1058	1.722973827178542
1059	1.462137543091446
1060	1.462137543091446
1061	1.7884899998734554
1062	1.7884899998734554
1063	1.1868111412052142
1064	1.1868111412052142
1065	1.6889423051555637
1066	1.6889423051555637
1067	1.704336268930531
1068	1.704336268930531
1069	1.3116728580850052
1070	1.3116728580850052
1071	1.814436215151647
1072	1.814436215151647
1073	1.4322200196712398
1074	1.4322200196712398
1075	1.5529201132393307
1076	1.5529201132393307
1077	2.3199110878813247
1078	2.3199110878813247
1079	2.0975727160900064
1080	2.0975727160900064
1081	1.6023185462743843
1082	1.6023185462743843
1083	1.7042992625813422
1084	1.7042992625813422
1085	2.112940768467071
1086	2.112940768467071
1087	1.2224240594823796
1088	1.2224240594823796
1089	1.4311419653849355
1090	1.4311419653849355
1091	1.6748382447920613
1092	1.6748382447920613
1093	1.8935133107370077
1094	1.8935133107370077
1095	1.8311132867734383
1096	1.8311132867734383
1097	2.04621261254268
1098	2.04621261254268
1099	1.5670271867866112
1100	1.5670271867866112
1101	2.4352812757091673
1102	2.4352812757091673
1103	1.760887999729832
1104	1.760887999729832
1105	1.7314540865368309
1106	1.7314540865368309
1107	1.4805922354485945
1108	1.4805922354485945
1109	1.8137322913341434
1110	1.8137322913341434
1111	1.945732387943884
1112	1.945732387943884
1113	1.6629635511156757
1114	1.6629635511156757
1115	1.9761264757096413
1116	1.9761264757096413
1117	1.299828889165453
1118	1.299828889165453
1119	2.078476680944128
1120	2.078476680944128
1121	1.2818707403328216
1122	1.2818707403328216
1123	1.8250718185885708
1124	1.8250718185885708
1125	2.0944471073590196
1126	2.0944471073590196
1127	2.0262936514341603
1128	2.0262936514341603
1129	1.4772373627441582
1130	1.4772373627441582
1131	2.177161865158552
1132	1.5652114009554807
1133	1.5652114009554807
1134	1.3928240925561426
1135	1.3928240925561426
1136	2.09626656326693
1137	2.09626656326693
1138	1.8233635510078536
1139	1.8233635510078536
1140	1.409468858120625
1141	1.409468858120625
1142	0.9859843298049902
1143	0.9859843298049902
1144	1.118731797554234
1145	1.118731797554234
1146	1.6550202493352233
1147	1.6550202493352233
1148	1.5405080013055654
1149	1.5405080013055654
1150	1.4354280123027963
1151	1.4354280123027963
1152	1.723723715189243
1153	1.723723715189243
1154	1.5229857406102565
1155	1.5229857406102565
1156	0.8113931920148721
1157	0.8113931920148721
1158	1.4342194297759077
1159	1.4342194297759077
1160	1.9183210050378525
1161	1.9183210050378525
1162	1.9853057923150526
1163	1.9853057923150526
1164	1.915888444339256
1165	1.915888444339256
1166	1.3894576802109353
1167	1.3894576802109353
1168	1.170065940975178
1169	1.170065940975178
1170	0.5103360621709366
1171	0.5103360621709366
1172	1.4427420151543575
1173	1.4427420151543575
1174	1.897665300131411
1175	1.897665300131411
1176	1.944108333100333
1177	1.944108333100333
1178	1.4671170930814017
1179	1.4671170930814017
1180	1.7718347479094358
1181	1.7718347479094358
1182	1.5386363521713964
1183	1.5386363521713964
1184	1.9813025122368355
1185	1.9813025122368355
1186	1.7777406057292264
1187	1.7777406057292264
1188	1.861153650844652
1189	1.861153650844652
1190	1.9326444796062958
1191	1.9326444796062958
1192	1.3907786012594783
1193	1.3907786012594783
1194	1.3260793045468848
1195	1.3260793045468848
1196	1.6426834061228424
1197	1.6426834061228424
1198	1.2841432504345276
1199	1.2841432504345276
1200	1.0516458367834025
1201	1.0516458367834025
1202	2.008076654636937
1203	2.008076654636937
1204	1.9076084515790288
1205	1.9076084515790288
1206	1.744096313273777
1207	1.744096313273777
1208	1.421946652921556
1209	1.421946652921556
1210	1.5405035149131963
1211	1.5405035149131963
1212	1.4606986113781377
1213	1.4606986113781377
1214	1.4522161096542332
1215	1.4522161096542332
1216	2.0833054147896592
1217	2.0833054147896592
1218	1.5546513337115184
1219	1.5546513337115184
1220	1.698409726214112
1221	1.698409726214112
1222	1.6964575486922928
1223	1.6964575486922928
1224	0.9717813740722243
1225	0.9717813740722243
1226	1.8201382734524907
1227	1.8201382734524907
1228	1.5630845088727863
1229	1.5630845088727863
1230	1.6787505716607176
1231	1.6787505716607176
1232	1.560474833119856
1233	1.560474833119856
1234	1.5070153832440811
1235	1.5070153832440811
1236	1.3521952171101543
1237	1.3521952171101543
1238	1.1779807236938238
1239	1.1779807236938238
1240	1.4122855685427862
1241	1.4122855685427862
1242	1.4737392755171483
1243	1.4737392755171483
1244	1.774904225509209
1245	1.774904225509209
1246	1.2076311648438953
1247	1.2076311648438953
1248	1.5386255239922684
1249	1.5386255239922684
1250	1.8882374499253558
1251	1.8882374499253558
1252	1.2075920916805154
1253	1.2075920916805154
1254	1.0527925437548988
1255	1.0527925437548988
1256	1.0737368835130945
1257	1.0737368835130945
1258	1.738346809505999
1259	1.738346809505999
1260	1.7441814069554065
1261	1.7441814069554065
1262	1.832416635891957
1263	1.832416635891957
1264	1.5155017118802216
1265	1.5155017118802216
1266	1.3798900062605357
1267	1.3798900062605357
1268	1.418531855405296
1269	1.418531855405296
1270	1.3043340638766736
1271	1.3043340638766736
1272	0.9514290250736802
1273	0.9514290250736802
1274	1.1860328110006875
1275	1.1860328110006875
1276	0.9988182537842363
1277	0.9988182537842363
1278	1.3271327781230338
1279	1.3271327781230338
1280	2.1058762137194034
1281	2.1058762137194034
1282	1.1739621295180291
1283	1.1739621295180291
1284	1.3453188933290186
1285	1.3453188933290186
1286	1.3923372592036758
1287	1.3923372592036758
1288	1.0701415864838533
1289	1.0701415864838533
1290	1.1014759731681658
1291	1.1014759731681658
1292	1.2025519653638406
1293	1.2025519653638406
1294	1.0613033705653665
1295	1.0613033705653665
1296	1.5918884247380929
1297	1.5918884247380929
1298	1.609333293014293
1299	1.609333293014293
1300	1.542689123611801
1301	1.542689123611801
1302	1.2266307541438595
1303	1.2266307541438595
1304	2.0250509708293025
1305	2.0250509708293025
1306	0.9900248753216023
1307	0.9900248753216023
1308	1.0197492868628186
1309	1.0197492868628186
1310	1.700031302298557
1311	1.700031302298557
1312	1.9207825384243027
1313	1.9207825384243027
1314	1.4927851781053971
1315	1.4927851781053971
1316	1.8959258432678219
1317	1.8959258432678219
1318	1.1817724191434575
1319	1.1817724191434575
1320	1.4977118834422483
1321	1.4977118834422483
1322	1.0581298860277037
1323	1.0581298860277037
1324	1.8676477130968312
1325	1.8676477130968312
1326	1.2890594159973545
1327	1.2890594159973545
1328	1.4456770787651185
1329	1.4456770787651185
1330	1.9925934346083574
1331	1.9925934346083574
1332	1.2095971083353652
1333	1.2095971083353652
1334	1.3562062084000335
1335	1.3562062084000335
1336	1.4643105432993124
1337	1.4643105432993124
1338	1.7878921278092927
1339	1.7878921278092927
1340	1.6842167275345814
1341	1.6842167275345814
1342	1.0650511004375733
1343	1.0650511004375733
1344	1.4156932955907502
1345	1.4156932955907502
1346	1.3700779608704974
1347	1.3700779608704974
1348	1.1966548725054413
1349	1.1966548725054413
1350	1.051174614677374
1351	1.051174614677374
1352	1.3572699488359161
1353	1.3572699488359161
1354	1.5571931043358649
1355	1.5571931043358649
1356	1.2655861376845754
1357	1.2655861376845754
1358	1.1715903131036516
1359	1.1715903131036516
1360	0.8822392458519682
1361	0.8822392458519682
1362	1.536034321349417
1363	1.536034321349417
1364	1.6813176473273266
1365	1.6813176473273266
1366	1.3980542305418047
1367	1.3980542305418047
1368	2.038665150027194
1369	2.038665150027194
1370	1.6209780215135243
1371	1.6209780215135243
1372	1.8313645601541595
1373	1.8313645601541595
1374	1.584760915102898
1375	1.584760915102898
1376	1.3235627303080255
1377	1.3235627303080255
1378	1.139080880587771
1379	1.139080880587771
1380	1.5839654078007308
1381	1.5839654078007308
1382	1.5214208270897018
1383	1.5214208270897018
1384	1.5848069430478566
1385	1.5848069430478566
1386	1.6228770474234913
1387	1.6228770474234913
1388	1.4398103555737667
1389	1.4398103555737667
1390	1.0164876238720582
1391	1.0164876238720582
1392	1.4830092152537546
1393	1.4830092152537546
1394	1.43433018034959
1395	1.43433018034959
1396	1.6501584928376385
1397	1.6501584928376385
1398	1.4482470872448563
1399	1.4482470872448563
1400	1.1119884135741394
1401	1.1119884135741394
1402	1.0105526746199553
1403	1.0105526746199553
1404	1.145569543988045
1405	1.145569543988045
1406	1.25816882353421
1407	1.25816882353421
1408	1.0525004044047856
1409	1.0525004044047856
1410	1.2460312703621834
1411	1.2460312703621834
1412	1.4569422413797024
1413	1.4569422413797024
1414	1.1059750589820352
1415	1.1059750589820352
1416	1.1286108985600563
1417	1.1286108985600563
1418	1.757115842740619
1419	1.757115842740619
1420	1.3042535125935568
1421	1.3042535125935568
1422	1.6710175016657214
1423	1.6710175016657214
1424	1.1611395448933535
1425	1.1611395448933535
1426	1.4256901552611663
1427	1.4256901552611663
1428	1.5256456818221154
1429	1.5256456818221154
1430	0.6946338494345072
1431	0.6946338494345072
1432	1.4916147406291813
1433	1.4916147406291813
1434	1.6364321599471943
1435	1.6364321599471943
1436	1.0058900629558323
1437	1.0058900629558323
1438	1.0235818230843787
1439	1.0235818230843787
1440	1.6363476678541309
1441	1.6363476678541309
1442	1.3514989447663064
1443	1.3514989447663064
1444	1.9168408083227617
1445	1.9168408083227617
1446	1.322686397478919
1447	1.322686397478919
1448	1.497636514899209
1449	1.497636514899209
1450	1.105516105058416
1451	1.105516105058416
1452	1.455461887353265
1453	1.455461887353265
1454	1.4155940808632033
1455	1.4155940808632033
1456	1.634261759459494
1457	1.634261759459494
1458	1.2513388164007124
1459	1.2513388164007124
1460	1.6541579160105835
1461	1.6541579160105835
1462	1.4106902172140567
1463	1.4106902172140567
1464	1.1873158588443677
1465	1.1873158588443677
1466	1.8285075192993296
1467	1.8285075192993296
1468	1.312388429334297
1469	1.312388429334297
1470	1.2572323900088829
1471	1.2572323900088829
1472	1.1707720227490903
1473	1.1707720227490903
1474	1.3952397794814233
1475	1.3952397794814233
1476	1.6736684082081799
1477	1.6736684082081799
1478	0.9507356957079616
1479	0.9507356957079616
1480	1.5030921926743477
1481	1.5030921926743477
1482	1.548629530908156
1483	1.548629530908156
1484	1.6440279589936269
1485	1.6440279589936269
1486	1.1995696610187403
1487	1.1995696610187403
1488	1.6636189791778064
1489	1.6636189791778064
1490	1.4180284674615
1491	1.4180284674615
1492	1.5427214468950388
1493	1.5427214468950388
1494	1.1948083817687554
1495	1.1948083817687554
1496	1.3912702815673055
1497	1.3912702815673055
1498	1.5269766456577403
1499	1.5269766456577403
1500	1.333227469273825
1501	1.333227469273825
1502	1.0944306493025788
1503	1.0944306493025788
1504	1.233399385729532
1505	1.233399385729532
1506	1.187705616708112
1507	1.187705616708112
1508	1.291937606774344
1509	1.463534300163097
1510	1.463534300163097
1511	1.0071042236923242
1512	1.0071042236923242
1513	1.2752509534477274
1514	1.2752509534477274
1515	1.0896899434417837
1516	1.0896899434417837
1517	1.0082840070823933
1518	1.0082840070823933
1519	1.670337200970859
1520	1.670337200970859
1521	1.4954068487480738
1522	1.4954068487480738
1523	1.2247665159561192
1524	1.2247665159561192
1525	0.6731399902299228
1526	0.6731399902299228
1527	1.323375395319323
1528	1.323375395319323
1529	1.2245753562474722
1530	1.2245753562474722
1531	1.307990040268516
1532	1.307990040268516
1533	1.2913451933442577
1534	1.2913451933442577
1535	1.1780805771137646
1536	1.1780805771137646
1537	1.318638448457501
1538	1.318638448457501
1539	1.2769340665566047
1540	1.2769340665566047
1541	1.0900565720104325
1542	1.0900565720104325
1543	1.142603517248017
1544	1.142603517248017
1545	1.6839911072023221
1546	1.6839911072023221
1547	0.9215688494668941
1548	0.9215688494668941
1549	1.303151510301733
1550	1.303151510301733
1551	1.2873119047550283
1552	1.2873119047550283
1553	1.5639550200886152
1554	1.5639550200886152
1555	0.9445172269364142
1556	0.9445172269364142
1557	1.4631758871047453
1558	1.4631758871047453
1559	1.0556594855196177
1560	1.0556594855196177
1561	1.158900118554175
1562	1.158900118554175
1563	1.1740922005524899
1564	1.1740922005524899
1565	1.37808435627553
1566	1.37808435627553
1567	0.7873583566063591
1568	0.7873583566063591
1569	1.0858137783682054
1570	1.0858137783682054
1571	1.5882829997236487
1572	1.5882829997236487
1573	1.3374402781930295
1574	1.3374402781930295
1575	0.8403788486147016
1576	0.8403788486147016
1577	1.5624127687359999
1578	1.5624127687359999
1579	1.073335062998914
1580	1.073335062998914
1581	1.2343690361540964
1582	1.2343690361540964
1583	1.5135710414104908
1584	1.5135710414104908
1585	1.20812149154074
1586	1.20812149154074
1587	0.8163961153132939
1588	0.8163961153132939
1589	1.2868532529121997
1590	1.2868532529121997
1591	0.9903504371785679
1592	0.9903504371785679
1593	1.227775656776179
1594	1.227775656776179
1595	1.7162233227914652
1596	1.7162233227914652
1597	1.2073835302194162
1598	1.2073835302194162
1599	1.344624276857803
1600	1.344624276857803
1601	1.6613355051247736
1602	1.6613355051247736
1603	1.0949848151279553
1604	1.0949848151279553
1605	1.6690181433892222
1606	1.6690181433892222
1607	1.6471737619693552
1608	1.6471737619693552
1609	1.100978370682299
1610	1.100978370682299
1611	1.0449292951517242
1612	1.0449292951517242
1613	1.2223019766622414
1614	1.2223019766622414
1615	1.8478856180748433
1616	1.8478856180748433
1617	1.1640005128394137
1618	1.1640005128394137
1619	1.182251838507992
1620	1.182251838507992
1621	1.4259007730777864
1622	1.4259007730777864
1623	0.9028356113012761
1624	0.9028356113012761
1625	0.7863594235934747
1626	0.7863594235934747
1627	0.8618682596685112
1628	0.8618682596685112
1629	0.8808158798966916
1630	0.8808158798966916
1631	1.0518495676561377
1632	1.0518495676561377
1633	1.0481278517070916
1634	1.0481278517070916
1635	1.454857376125692
1636	1.454857376125692
1637	1.3181526586023358
1638	1.3181526586023358
1639	1.4396405391385545
1640	1.4396405391385545
1641	1.6628272223916745
1642	1.6628272223916745
1643	1.385713339905587
1644	1.385713339905587
1645	1.217377973826021
1646	1.217377973826021
1647	1.1874847932907204
1648	1.1874847932907204
1649	1.0423704916909329
1650	1.0423704916909329
1651	1.2475213938499423
1652	1.2475213938499423
1653	1.40094127656312
1654	1.40094127656312
1655	1.2725814147975227
1656	1.2725814147975227
1657	1.4262679205931688
1658	1.4262679205931688
1659	1.379060335009009
1660	1.379060335009009
1661	0.77707367007258
1662	0.77707367007258
1663	1.365935912211069
1664	1.365935912211069
1665	0.9502374136407883
1666	0.9502374136407883
1667	1.0739225207036032
1668	1.0739225207036032
1669	1.0601515448503065
1670	1.0601515448503065
1671	1.0907791810383871
1672	1.0907791810383871
1673	1.1855628431028804
1674	1.1855628431028804
1675	1.463764049127973
1676	1.463764049127973
1677	1.325402155596989
1678	1.325402155596989
1679	1.5117132615719835
1680	1.5117132615719835
1681	1.6048813524851715
1682	1.6048813524851715
1683	1.3587634687245729
1684	1.3587634687245729
1685	1.408910244583547
1686	1.408910244583547
1687	1.7472513582343856
1688	1.7472513582343856
1689	0.8400527022778257
1690	0.8400527022778257
1691	0.9452304219542933
1692	0.9452304219542933
1693	1.483585260018423
1694	1.483585260018423
1695	1.1439233680846292
1696	1.1439233680846292
1697	1.0537641760059189
1698	1.0537641760059189
1699	0.9537999875910421
1700	0.9537999875910421
1701	1.2054339533699145
1702	1.2054339533699145
1703	1.6299425266551553
1704	1.6299425266551553
1705	1.0175008372635286
1706	1.0175008372635286
1707	1.8801681584737961
1708	1.8801681584737961
1709	1.240637449140113
1710	1.240637449140113
1711	0.9758676583381871
1712	0.9758676583381871
1713	1.013231573147439
1714	1.013231573147439
1715	1.7505974224014378
1716	1.7505974224014378
1717	1.4091983606439928
1718	1.4091983606439928
1719	2.0450552927229975
1720	2.0450552927229975
1721	0.7721931428172187
1722	0.7721931428172187
1723	1.307360838180085
1724	1.307360838180085
1725	1.4998545775859626
1726	1.4998545775859626
1727	1.1950440998695508
1728	1.1950440998695508
1729	1.0362451928544134
1730	1.0362451928544134
1731	0.8555955256038927
1732	0.8555955256038927
1733	1.3052200255472626
1734	1.3052200255472626
1735	0.9550252199614941
1736	0.9550252199614941
1737	0.9975383451035128
1738	0.9975383451035128
1739	0.9463109740813032
1740	0.9463109740813032
1741	1.0188626281255166
1742	1.0188626281255166
1743	1.3865466329147886
1744	1.3865466329147886
1745	1.6912720436114965
1746	1.6912720436114965
1747	1.0944203180219372
1748	1.0944203180219372
1749	1.315882729870155
1750	1.315882729870155
1751	1.2065327221374407
1752	1.2065327221374407
1753	1.652193550224856
1754	1.652193550224856
1755	1.1378950763228435
1756	1.1378950763228435
1757	0.9317822870770629
1758	0.9317822870770629
1759	1.177737284514136
1760	1.177737284514136
1761	1.3287284398551311
1762	1.3287284398551311
1763	1.1505183425708099
1764	1.1505183425708099
1765	1.317047571576085
1766	1.317047571576085
1767	0.9982203875147313
1768	0.9982203875147313
1769	1.3870577877658732
1770	1.3870577877658732
1771	1.2767586797108819
1772	1.2767586797108819
1773	0.9988935028358973
1774	0.9988935028358973
1775	1.5641971550401927
1776	1.5641971550401927
1777	1.4714657412585384
1778	1.4714657412585384
1779	1.3452802857144128
1780	1.3452802857144128
1781	1.0908777230661015
1782	1.0908777230661015
1783	0.6612688263541736
1784	0.6612688263541736
1785	1.166540603796562
1786	1.166540603796562
1787	0.8885908591537269
1788	0.8885908591537269
1789	1.2354814891681876
1790	1.2354814891681876
1791	0.4464190143858363
1792	0.4464190143858363
1793	1.4309336660329615
1794	1.4309336660329615
1795	1.6054134074365611
1796	1.6054134074365611
1797	1.2729008313101533
1798	1.2729008313101533
1799	1.251222880652719
1800	1.251222880652719
1801	1.2963957999111715
1802	1.2963957999111715
1803	1.1153797184501688
1804	1.1153797184501688
1805	1.5006993537239954
1806	1.5006993537239954
1807	1.3693512641840795
1808	1.3693512641840795
1809	1.7930288856513696
1810	1.7930288856513696
1811	1.4786720483080753
1812	1.4786720483080753
1813	1.2714123099702515
1814	1.2714123099702515
1815	0.8236533466111242
1816	0.8236533466111242
1817	0.6074729423735317
1818	0.6074729423735317
1819	1.7263697531961504
1820	1.7263697531961504
1821	0.9154355990751006
1822	0.9154355990751006
1823	0.4159612639325383
1824	0.4159612639325383
1825	1.6994881695228228
1826	1.6994881695228228
1827	1.0295894690518022
1828	1.0295894690518022
1829	1.0774170897647932
1830	1.0774170897647932
1831	1.2864328604822537
1832	1.2864328604822537
1833	1.344515686651907
1834	1.344515686651907
1835	0.895483374488864
1836	0.895483374488864
1837	1.4379548257765145
1838	1.4379548257765145
1839	1.7603913129512445
1840	1.7603913129512445
1841	1.0557905739418578
1842	1.0557905739418578
1843	1.171547824886454
1844	1.171547824886454
1845	1.6686695252917605
1846	1.6686695252917605
1847	1.3267390238863201
1848	1.3267390238863201
1849	0.9081089708107413
1850	0.9081089708107413
1851	1.1360029030105487
1852	1.1360029030105487
1853	1.3311217607110166
1854	1.3311217607110166
1855	0.9239728442494174
1856	0.9239728442494174
1857	0.8375282242093558
1858	0.8375282242093558
1859	1.213104801375676
1860	1.213104801375676
1861	0.9816370454616434
1862	0.9816370454616434
1863	1.3501248433422746
1864	1.3501248433422746
1865	1.6444769171234406
1866	1.6444769171234406
1867	1.0263381434628425
1868	1.0263381434628425
1869	1.3911698377092405
1870	1.3911698377092405
1871	1.6047415901313942
1872	1.6047415901313942
1873	1.169173385760714
1874	1.169173385760714
1875	1.4060639249932398
1876	1.4060639249932398
1877	1.3074506104699628
1878	1.3074506104699628
1879	1.089951203575141
1880	1.089951203575141
1881	0.9807654439780643
1882	0.9807654439780643
1883	0.8328291998338095
1884	0.8328291998338095
1885	0.9834575799778102
1886	0.9834575799778102
1887	1.0001390471090121
1888	1.0001390471090121
1889	1.769799603380362
1890	1.769799603380362
1891	1.796800758039624
1892	1.796800758039624
1893	1.7278830850686793
1894	1.7278830850686793
1895	1.3287727014254709
1896	1.3287727014254709
1897	1.581759621347942
1898	1.581759621347942
1899	1.1859080980508885
1900	1.1859080980508885
1901	1.5106529233808996
1902	1.5106529233808996
1903	1.379612541807423
1904	1.379612541807423
1905	1.8585738213636445
1906	1.8585738213636445
1907	1.8717115636963793
1908	1.8717115636963793
1909	1.2454587066986154
1910	1.2454587066986154
1911	1.553713928800096
1912	1.553713928800096
1913	0.9932808654355268
1914	0.9932808654355268
1915	1.0494043313587662
1916	1.0494043313587662
1917	1.6631612020269373
1918	1.6631612020269373
1919	1.4591004394066234
1920	1.4591004394066234
1921	1.615227271842695
1922	1.615227271842695
1923	1.361290454482186
1924	1.361290454482186
1925	1.762382453575909
