0	10.104023645832164
1	10.104023645832164
2	10.104023645832164
3	10.104023645832164
4	10.104023645832164
5	10.104023645832164
6	10.104023645832164
7	10.336198865797703
8	10.336198865797703
9	10.336198865797703
10	10.336198865797703
11	10.336198865797703
12	10.336198865797703
13	10.336198865797703
14	10.466391803012582
15	10.466391803012582
16	10.466391803012582
17	10.466391803012582
18	10.466391803012582
19	10.466391803012582
20	10.466391803012582
21	10.68852948378304
22	10.68852948378304
23	10.68852948378304
24	10.68852948378304
25	10.68852948378304
26	10.68852948378304
27	10.68852948378304
28	7.45698626625224
29	7.45698626625224
30	7.45698626625224
31	7.45698626625224
32	7.45698626625224
33	7.45698626625224
34	7.45698626625224
35	10.861873706855883
36	10.861873706855883
37	10.861873706855883
38	10.861873706855883
39	10.861873706855883
40	10.861873706855883
41	10.861873706855883
42	11.549115678141373
43	11.549115678141373
44	11.549115678141373
45	11.549115678141373
46	11.549115678141373
47	11.549115678141373
48	11.549115678141373
49	11.536234757171687
50	11.536234757171687
51	11.536234757171687
52	11.536234757171687
53	11.536234757171687
54	11.536234757171687
55	11.536234757171687
56	11.642008902437167
57	11.642008902437167
58	11.642008902437167
59	11.642008902437167
60	11.642008902437167
61	11.642008902437167
62	11.642008902437167
63	11.438872396437512
64	11.438872396437512
65	11.438872396437512
66	11.438872396437512
67	11.438872396437512
68	11.438872396437512
69	11.438872396437512
70	10.090443601764886
71	10.090443601764886
72	10.090443601764886
73	10.090443601764886
74	10.090443601764886
75	10.090443601764886
76	10.090443601764886
77	9.76037750108147
78	9.76037750108147
79	9.76037750108147
80	9.76037750108147
81	9.76037750108147
82	9.76037750108147
83	9.76037750108147
84	10.429181463163053
85	10.429181463163053
86	10.429181463163053
87	10.429181463163053
88	10.429181463163053
89	10.429181463163053
90	10.429181463163053
91	11.595480538207926
92	11.595480538207926
93	11.595480538207926
94	11.595480538207926
95	11.595480538207926
96	11.595480538207926
97	11.595480538207926
98	9.935678903617129
99	9.935678903617129
100	9.935678903617129
101	9.935678903617129
102	9.935678903617129
103	9.935678903617129
104	9.935678903617129
105	9.25517910116524
106	9.25517910116524
107	7.957234798216195
108	7.957234798216195
109	7.957234798216195
110	7.957234798216195
111	7.957234798216195
112	7.957234798216195
113	7.957234798216195
114	8.672609306576728
115	8.672609306576728
116	8.672609306576728
117	8.672609306576728
118	8.672609306576728
119	8.672609306576728
120	8.672609306576728
121	10.0169481834915
122	10.0169481834915
123	10.0169481834915
124	10.0169481834915
125	10.0169481834915
126	10.0169481834915
127	10.0169481834915
128	7.355647510614091
129	7.355647510614091
130	7.355647510614091
131	7.355647510614091
132	7.355647510614091
133	7.355647510614091
134	7.355647510614091
135	9.156233969650632
136	9.156233969650632
137	9.156233969650632
138	9.156233969650632
139	9.156233969650632
140	9.156233969650632
141	9.156233969650632
142	9.803805083151035
143	9.803805083151035
144	9.803805083151035
145	9.803805083151035
146	9.803805083151035
147	9.803805083151035
148	9.803805083151035
149	7.1487018442123755
150	7.1487018442123755
151	7.1487018442123755
152	7.1487018442123755
153	7.1487018442123755
154	7.1487018442123755
155	7.1487018442123755
156	10.879061486834441
157	10.879061486834441
158	10.879061486834441
159	10.879061486834441
160	10.034137846782349
161	10.034137846782349
162	10.034137846782349
163	10.034137846782349
164	10.034137846782349
165	10.034137846782349
166	10.034137846782349
167	12.533399125320575
168	12.533399125320575
169	12.533399125320575
170	12.533399125320575
171	12.533399125320575
172	12.533399125320575
173	12.533399125320575
174	9.505701678718877
175	9.505701678718877
176	9.505701678718877
177	9.505701678718877
178	9.505701678718877
179	9.505701678718877
180	9.505701678718877
181	9.098428304651376
182	9.098428304651376
183	9.098428304651376
184	9.098428304651376
185	9.098428304651376
186	9.098428304651376
187	9.098428304651376
188	10.99110521124228
189	10.99110521124228
190	10.99110521124228
191	10.99110521124228
192	10.99110521124228
193	10.99110521124228
194	10.99110521124228
195	11.24613290590262
196	11.24613290590262
197	11.24613290590262
198	11.24613290590262
199	11.24613290590262
200	11.24613290590262
201	11.24613290590262
202	9.93914696096339
203	9.93914696096339
204	9.93914696096339
205	9.93914696096339
206	9.93914696096339
207	9.93914696096339
208	9.93914696096339
209	8.581500468502725
210	8.581500468502725
211	8.581500468502725
212	8.581500468502725
213	8.581500468502725
214	8.581500468502725
215	8.581500468502725
216	11.079370475828746
217	11.079370475828746
218	11.079370475828746
219	11.079370475828746
220	11.079370475828746
221	11.079370475828746
222	11.079370475828746
223	9.5842900326907
224	9.5842900326907
225	9.5842900326907
226	9.5842900326907
227	9.5842900326907
228	9.5842900326907
229	9.5842900326907
230	11.177022427922447
231	11.177022427922447
232	11.177022427922447
233	11.177022427922447
234	11.177022427922447
235	11.177022427922447
236	11.177022427922447
237	7.411079534507534
238	7.411079534507534
239	7.411079534507534
240	7.411079534507534
241	7.411079534507534
242	7.411079534507534
243	7.411079534507534
244	10.742168809526916
245	10.742168809526916
246	10.742168809526916
247	10.742168809526916
248	10.742168809526916
249	10.742168809526916
250	10.742168809526916
251	11.843257376661516
252	11.843257376661516
253	11.843257376661516
254	11.843257376661516
255	11.843257376661516
256	11.843257376661516
257	11.843257376661516
258	10.959131569963008
259	10.959131569963008
260	10.959131569963008
261	10.959131569963008
262	10.959131569963008
263	10.959131569963008
264	10.959131569963008
265	11.236062630884268
266	11.236062630884268
267	11.236062630884268
268	11.236062630884268
269	11.236062630884268
270	11.236062630884268
271	11.236062630884268
272	12.710139016435491
273	12.710139016435491
274	12.710139016435491
275	12.710139016435491
276	12.710139016435491
277	12.710139016435491
278	12.710139016435491
279	9.094754589173217
280	9.094754589173217
281	9.094754589173217
282	9.094754589173217
283	9.094754589173217
284	9.094754589173217
285	9.094754589173217
286	8.285220874039169
287	8.285220874039169
288	8.285220874039169
289	8.285220874039169
290	8.285220874039169
291	8.285220874039169
292	8.285220874039169
293	11.199772373218659
294	11.199772373218659
295	11.199772373218659
296	11.199772373218659
297	11.199772373218659
298	11.199772373218659
299	11.199772373218659
300	8.760774407093683
301	8.760774407093683
302	8.760774407093683
303	8.760774407093683
304	8.760774407093683
305	8.760774407093683
306	8.760774407093683
307	11.199104503187302
308	11.199104503187302
309	11.199104503187302
310	11.199104503187302
311	11.199104503187302
312	11.199104503187302
313	11.199104503187302
314	11.2794672644253
315	11.2794672644253
316	11.2794672644253
317	11.2794672644253
318	11.2794672644253
319	11.2794672644253
320	11.2794672644253
321	8.9649583957905
322	8.9649583957905
323	8.9649583957905
324	8.9649583957905
325	8.9649583957905
326	8.9649583957905
327	8.9649583957905
328	7.839896629034907
329	7.839896629034907
330	7.839896629034907
331	7.839896629034907
332	7.839896629034907
333	7.839896629034907
334	7.839896629034907
335	10.020068927876995
336	10.020068927876995
337	10.020068927876995
338	10.020068927876995
339	10.020068927876995
340	10.020068927876995
341	10.020068927876995
342	12.022614360255462
343	12.022614360255462
344	12.022614360255462
345	12.022614360255462
346	12.022614360255462
347	12.022614360255462
348	12.022614360255462
349	9.816018327022983
350	9.816018327022983
351	9.816018327022983
352	9.816018327022983
353	9.816018327022983
354	9.816018327022983
355	9.816018327022983
356	9.488182004700077
357	9.488182004700077
358	9.488182004700077
359	9.488182004700077
360	9.488182004700077
361	9.488182004700077
362	9.488182004700077
363	10.72082217694961
364	10.72082217694961
365	10.72082217694961
366	10.72082217694961
367	10.72082217694961
368	10.72082217694961
369	10.72082217694961
370	9.879649473727216
371	9.879649473727216
372	9.879649473727216
373	9.879649473727216
374	9.879649473727216
375	9.879649473727216
376	9.879649473727216
377	10.293571108071779
378	10.293571108071779
379	10.293571108071779
380	10.293571108071779
381	10.293571108071779
382	10.293571108071779
383	10.293571108071779
384	12.008335881006756
385	12.008335881006756
386	12.008335881006756
387	12.008335881006756
388	12.008335881006756
389	12.008335881006756
390	12.008335881006756
391	11.564354275939767
392	11.564354275939767
393	11.564354275939767
394	11.564354275939767
395	11.564354275939767
396	11.564354275939767
397	11.564354275939767
398	8.237057657343062
399	8.237057657343062
400	8.237057657343062
401	8.237057657343062
402	8.237057657343062
403	8.237057657343062
404	8.237057657343062
405	8.323562340814584
406	8.323562340814584
407	8.323562340814584
408	8.323562340814584
409	8.323562340814584
410	8.323562340814584
411	8.323562340814584
412	13.749443622842545
413	13.749443622842545
414	13.749443622842545
415	13.749443622842545
416	13.749443622842545
417	13.749443622842545
418	13.749443622842545
419	11.9512823121328
420	11.9512823121328
421	11.9512823121328
422	11.9512823121328
423	11.9512823121328
424	11.9512823121328
425	11.9512823121328
426	10.186217797038747
427	10.186217797038747
428	10.186217797038747
429	10.186217797038747
430	10.186217797038747
431	10.186217797038747
432	10.186217797038747
433	11.876963187346512
434	11.876963187346512
435	11.876963187346512
436	11.876963187346512
437	11.876963187346512
438	11.876963187346512
439	11.876963187346512
440	10.70709969323633
441	10.70709969323633
442	10.70709969323633
443	10.70709969323633
444	10.70709969323633
445	10.70709969323633
446	10.70709969323633
447	11.595097987426534
448	11.595097987426534
449	11.595097987426534
450	11.595097987426534
451	11.595097987426534
452	11.595097987426534
453	11.595097987426534
454	9.740917499185224
455	9.740917499185224
456	9.740917499185224
457	9.740917499185224
458	9.740917499185224
459	9.740917499185224
460	9.740917499185224
461	11.190542084370371
462	11.190542084370371
463	11.190542084370371
464	11.190542084370371
465	11.190542084370371
466	11.190542084370371
467	11.190542084370371
468	7.124202068175867
469	7.124202068175867
470	7.124202068175867
471	7.124202068175867
472	7.124202068175867
473	7.124202068175867
474	7.124202068175867
475	9.939425912428028
476	9.939425912428028
477	9.939425912428028
478	9.939425912428028
479	9.939425912428028
480	9.939425912428028
481	9.939425912428028
482	8.145685680674598
483	8.145685680674598
484	8.145685680674598
485	8.145685680674598
486	8.145685680674598
487	8.145685680674598
488	8.145685680674598
489	9.436109875768965
490	9.436109875768965
491	9.436109875768965
492	9.436109875768965
493	9.436109875768965
494	9.436109875768965
495	9.436109875768965
496	12.69137696234917
497	12.69137696234917
498	12.69137696234917
499	12.69137696234917
500	12.69137696234917
501	12.69137696234917
502	12.69137696234917
503	9.890043100161137
504	9.890043100161137
505	9.890043100161137
506	9.890043100161137
507	9.890043100161137
508	9.890043100161137
509	9.890043100161137
510	12.362882973364941
511	12.362882973364941
512	12.362882973364941
513	12.362882973364941
514	12.362882973364941
515	12.362882973364941
516	12.362882973364941
517	11.135593576158703
518	11.135593576158703
519	11.135593576158703
520	11.135593576158703
521	11.135593576158703
522	11.135593576158703
523	11.135593576158703
524	9.740030035027445
525	9.740030035027445
526	9.740030035027445
527	9.740030035027445
528	9.740030035027445
529	9.740030035027445
530	9.740030035027445
531	10.198455619908504
532	10.198455619908504
533	10.198455619908504
534	10.198455619908504
535	10.198455619908504
536	10.198455619908504
537	10.198455619908504
538	11.032876377221807
539	11.032876377221807
540	11.032876377221807
541	11.032876377221807
542	11.032876377221807
543	11.032876377221807
544	11.032876377221807
545	9.66851448614768
546	9.66851448614768
547	9.66851448614768
548	9.66851448614768
549	9.66851448614768
550	9.66851448614768
551	9.66851448614768
552	9.91178512979908
553	9.91178512979908
554	9.91178512979908
555	9.91178512979908
556	9.91178512979908
557	9.91178512979908
558	9.91178512979908
559	9.182180777864247
560	9.182180777864247
561	9.182180777864247
562	9.182180777864247
563	9.182180777864247
564	9.182180777864247
565	9.182180777864247
566	10.73870412228723
567	10.73870412228723
568	10.73870412228723
569	10.73870412228723
570	10.73870412228723
571	10.73870412228723
572	10.73870412228723
573	10.103303692077619
574	10.103303692077619
575	10.103303692077619
576	10.103303692077619
577	10.103303692077619
578	10.103303692077619
579	10.103303692077619
580	10.966162492074089
581	10.966162492074089
582	10.966162492074089
583	10.966162492074089
584	10.966162492074089
585	10.966162492074089
586	10.966162492074089
587	13.360027236651018
588	13.360027236651018
589	13.360027236651018
590	13.360027236651018
591	13.360027236651018
592	13.360027236651018
593	13.360027236651018
594	9.448438683725586
595	9.448438683725586
596	9.448438683725586
597	9.448438683725586
598	9.448438683725586
599	9.448438683725586
600	9.448438683725586
601	10.644721950404492
602	10.644721950404492
603	10.644721950404492
604	10.644721950404492
605	10.644721950404492
606	10.644721950404492
607	10.644721950404492
608	10.934032490646006
609	10.934032490646006
610	10.934032490646006
611	10.934032490646006
612	10.934032490646006
613	10.934032490646006
614	10.934032490646006
615	10.826791189398765
616	10.826791189398765
617	10.826791189398765
618	10.826791189398765
619	10.826791189398765
620	10.826791189398765
621	10.826791189398765
622	8.693888021128899
623	8.693888021128899
624	8.693888021128899
625	8.693888021128899
626	8.693888021128899
627	8.693888021128899
628	8.693888021128899
629	10.656359460472972
630	10.656359460472972
631	10.656359460472972
632	10.656359460472972
633	10.656359460472972
634	10.656359460472972
635	10.656359460472972
636	10.881479624545342
637	10.881479624545342
638	10.881479624545342
639	10.881479624545342
640	10.881479624545342
641	10.881479624545342
642	10.881479624545342
643	12.451971882419942
644	12.451971882419942
645	12.451971882419942
646	12.451971882419942
647	12.451971882419942
648	12.451971882419942
649	12.451971882419942
650	11.255149875848254
651	11.255149875848254
652	11.255149875848254
653	11.255149875848254
654	11.255149875848254
655	11.255149875848254
656	11.255149875848254
657	10.282043824588069
658	10.282043824588069
659	10.282043824588069
660	10.282043824588069
661	10.282043824588069
662	10.282043824588069
663	10.282043824588069
664	9.149652182761693
665	9.149652182761693
666	9.149652182761693
667	9.149652182761693
668	9.149652182761693
669	9.149652182761693
670	9.149652182761693
671	9.694942692686864
672	9.694942692686864
673	9.694942692686864
674	9.694942692686864
675	9.694942692686864
676	9.694942692686864
677	9.694942692686864
678	12.381819897456014
679	12.381819897456014
680	12.381819897456014
681	12.381819897456014
682	12.381819897456014
683	12.381819897456014
684	12.381819897456014
685	9.388306845284363
686	9.388306845284363
687	9.388306845284363
688	9.388306845284363
689	9.388306845284363
690	9.388306845284363
691	9.388306845284363
692	12.396408670538051
693	12.396408670538051
694	12.396408670538051
695	12.396408670538051
696	12.396408670538051
697	12.396408670538051
698	12.396408670538051
699	11.452341816511039
700	11.452341816511039
701	11.452341816511039
702	11.452341816511039
703	11.452341816511039
704	11.452341816511039
705	11.452341816511039
706	9.420265541229863
707	9.420265541229863
708	9.420265541229863
709	9.420265541229863
710	9.420265541229863
711	9.420265541229863
712	9.420265541229863
713	10.064347400392055
714	10.064347400392055
715	10.064347400392055
716	10.064347400392055
717	10.064347400392055
718	10.064347400392055
719	10.064347400392055
720	10.577577226905838
721	10.577577226905838
722	10.577577226905838
723	10.577577226905838
724	10.577577226905838
725	10.577577226905838
726	10.577577226905838
727	10.891043037839838
728	10.891043037839838
729	10.891043037839838
730	10.891043037839838
731	10.891043037839838
732	10.891043037839838
733	10.891043037839838
734	13.212868132241548
735	13.212868132241548
736	13.212868132241548
737	13.212868132241548
738	13.212868132241548
739	13.212868132241548
740	13.212868132241548
741	10.28133868756797
742	10.28133868756797
743	10.28133868756797
744	10.28133868756797
745	10.28133868756797
746	10.28133868756797
747	10.28133868756797
748	9.956773316286254
749	9.956773316286254
750	9.956773316286254
751	9.956773316286254
752	9.956773316286254
753	9.956773316286254
754	9.956773316286254
755	9.415032286400438
756	9.415032286400438
757	9.415032286400438
758	9.415032286400438
759	9.415032286400438
760	9.415032286400438
761	9.415032286400438
762	11.397968233801576
763	11.397968233801576
764	11.397968233801576
765	11.397968233801576
766	11.397968233801576
767	11.397968233801576
768	11.397968233801576
769	10.302524512662085
770	10.302524512662085
771	10.302524512662085
772	10.302524512662085
773	10.302524512662085
774	10.302524512662085
775	10.302524512662085
776	13.147754252223935
777	13.147754252223935
778	13.147754252223935
779	13.147754252223935
780	13.147754252223935
781	13.147754252223935
782	13.147754252223935
783	9.677157771585525
784	9.677157771585525
785	9.677157771585525
786	9.677157771585525
787	9.677157771585525
788	9.677157771585525
789	9.677157771585525
790	9.960320731384828
791	9.960320731384828
792	9.960320731384828
793	9.960320731384828
794	9.960320731384828
795	9.960320731384828
796	9.960320731384828
797	8.570308478418747
798	8.570308478418747
799	8.570308478418747
800	8.570308478418747
801	8.570308478418747
802	8.570308478418747
803	8.570308478418747
804	8.620148123902956
805	8.620148123902956
806	8.620148123902956
807	8.620148123902956
808	8.620148123902956
809	8.620148123902956
810	8.620148123902956
811	9.986863485017578
812	9.986863485017578
813	9.986863485017578
814	9.986863485017578
815	9.986863485017578
816	9.986863485017578
817	9.986863485017578
818	11.32643042708484
819	11.32643042708484
820	11.32643042708484
821	11.32643042708484
822	11.32643042708484
823	11.32643042708484
824	11.32643042708484
825	10.84103328598492
826	10.84103328598492
827	10.84103328598492
828	10.84103328598492
829	10.84103328598492
830	10.84103328598492
831	10.84103328598492
832	13.621332209598922
833	13.621332209598922
834	13.621332209598922
835	13.621332209598922
836	13.621332209598922
837	13.621332209598922
838	13.621332209598922
839	13.431377796253173
840	13.431377796253173
841	13.431377796253173
842	13.431377796253173
843	13.431377796253173
844	13.431377796253173
845	13.431377796253173
846	10.264623188920329
847	10.264623188920329
848	10.264623188920329
849	10.264623188920329
850	10.264623188920329
851	10.264623188920329
852	10.264623188920329
853	10.407998292888077
854	10.407998292888077
855	10.407998292888077
856	10.407998292888077
857	10.407998292888077
858	10.407998292888077
859	10.407998292888077
860	8.03302166160435
861	8.03302166160435
862	8.03302166160435
863	8.03302166160435
864	8.03302166160435
865	7.636133728769086
866	7.636133728769086
867	7.636133728769086
868	7.636133728769086
869	7.636133728769086
870	7.636133728769086
871	7.636133728769086
872	9.715106022359992
873	9.715106022359992
874	9.715106022359992
875	9.715106022359992
876	9.715106022359992
877	9.715106022359992
878	9.715106022359992
879	11.427700465782271
880	11.427700465782271
881	11.427700465782271
882	11.427700465782271
883	11.427700465782271
884	11.427700465782271
885	11.427700465782271
886	9.936203293391376
887	9.936203293391376
888	9.936203293391376
889	9.936203293391376
890	9.936203293391376
891	9.936203293391376
892	9.936203293391376
893	9.388317791364425
894	9.388317791364425
895	9.388317791364425
896	9.388317791364425
897	9.388317791364425
898	9.388317791364425
899	9.388317791364425
900	9.084427169473132
901	9.084427169473132
902	9.084427169473132
903	9.084427169473132
904	9.084427169473132
905	9.084427169473132
906	9.084427169473132
907	8.08415085743898
908	8.08415085743898
909	8.08415085743898
910	8.08415085743898
911	8.08415085743898
912	8.08415085743898
913	8.08415085743898
914	9.288264124219458
915	9.288264124219458
916	9.288264124219458
917	9.288264124219458
918	9.288264124219458
919	9.288264124219458
920	9.288264124219458
921	8.7484798483679
922	8.7484798483679
923	8.7484798483679
924	8.7484798483679
925	8.7484798483679
926	8.7484798483679
927	8.7484798483679
928	7.136417870049049
929	7.136417870049049
930	7.136417870049049
931	7.136417870049049
932	7.136417870049049
933	7.136417870049049
934	7.136417870049049
935	8.398532054435526
936	8.398532054435526
937	8.398532054435526
938	8.398532054435526
939	8.398532054435526
940	8.398532054435526
941	8.398532054435526
942	8.969076062960779
943	8.969076062960779
944	8.969076062960779
945	8.969076062960779
946	8.969076062960779
947	8.969076062960779
948	8.969076062960779
949	10.3985185673124
950	10.3985185673124
951	10.3985185673124
952	10.3985185673124
953	10.3985185673124
954	10.3985185673124
955	10.3985185673124
956	10.740056529951257
957	10.740056529951257
958	10.740056529951257
959	10.740056529951257
960	10.740056529951257
961	10.740056529951257
962	10.740056529951257
963	7.306714243775786
964	7.306714243775786
965	7.306714243775786
966	7.306714243775786
967	7.306714243775786
968	7.306714243775786
969	7.306714243775786
970	8.352167146919063
971	8.352167146919063
972	8.352167146919063
973	8.352167146919063
974	8.352167146919063
975	8.352167146919063
976	8.352167146919063
977	9.785308870022222
978	9.785308870022222
979	9.785308870022222
980	9.785308870022222
981	9.785308870022222
982	9.785308870022222
983	9.785308870022222
984	9.638300764877886
985	9.638300764877886
986	9.638300764877886
987	9.638300764877886
988	9.638300764877886
989	9.638300764877886
990	9.638300764877886
991	9.428328144459181
992	9.428328144459181
993	9.428328144459181
994	9.428328144459181
995	9.428328144459181
996	9.428328144459181
997	9.428328144459181
998	9.973985475665426
999	9.973985475665426
1000	9.973985475665426
1001	9.973985475665426
1002	9.973985475665426
1003	9.973985475665426
1004	9.973985475665426
1005	8.267546359607477
1006	8.267546359607477
1007	8.267546359607477
1008	8.267546359607477
1009	8.267546359607477
1010	8.267546359607477
1011	8.267546359607477
1012	7.429704788414739
1013	7.429704788414739
1014	7.429704788414739
1015	7.429704788414739
1016	7.429704788414739
1017	7.429704788414739
1018	7.429704788414739
1019	8.573509179403668
1020	8.573509179403668
1021	8.573509179403668
1022	8.573509179403668
1023	8.573509179403668
1024	8.573509179403668
1025	8.573509179403668
1026	9.805990199786232
1027	9.805990199786232
1028	9.805990199786232
1029	9.805990199786232
1030	9.805990199786232
1031	9.805990199786232
1032	9.805990199786232
1033	8.914492649011763
1034	8.914492649011763
1035	8.914492649011763
1036	8.914492649011763
1037	8.914492649011763
1038	8.914492649011763
1039	8.914492649011763
1040	8.870226294812717
1041	8.870226294812717
1042	8.870226294812717
1043	8.870226294812717
1044	8.870226294812717
1045	8.870226294812717
1046	8.870226294812717
1047	11.125553819724884
1048	11.125553819724884
1049	11.125553819724884
1050	11.125553819724884
1051	11.125553819724884
1052	11.125553819724884
1053	11.125553819724884
1054	9.561856191347747
1055	9.561856191347747
1056	9.561856191347747
1057	9.561856191347747
1058	9.561856191347747
1059	9.561856191347747
1060	9.561856191347747
1061	10.14741782721364
1062	10.14741782721364
1063	10.14741782721364
1064	10.14741782721364
1065	10.14741782721364
1066	10.14741782721364
1067	10.14741782721364
1068	8.96824139312426
1069	8.96824139312426
1070	8.96824139312426
1071	8.96824139312426
1072	8.96824139312426
1073	8.96824139312426
1074	8.96824139312426
1075	8.897219800699123
1076	8.897219800699123
1077	8.897219800699123
1078	8.897219800699123
1079	8.897219800699123
1080	8.897219800699123
1081	8.897219800699123
1082	9.192643284234272
1083	9.192643284234272
1084	9.192643284234272
1085	9.192643284234272
1086	9.192643284234272
1087	9.192643284234272
1088	9.192643284234272
1089	9.294811610144704
1090	9.294811610144704
1091	9.294811610144704
1092	9.294811610144704
1093	9.294811610144704
1094	9.294811610144704
1095	9.294811610144704
1096	9.604989933300798
1097	9.604989933300798
1098	9.604989933300798
1099	9.604989933300798
1100	9.604989933300798
1101	9.604989933300798
1102	9.604989933300798
1103	8.85081168629426
1104	8.85081168629426
1105	8.85081168629426
1106	8.85081168629426
1107	8.85081168629426
1108	8.85081168629426
1109	8.85081168629426
1110	8.249399952025968
1111	8.249399952025968
1112	8.249399952025968
1113	8.249399952025968
1114	8.249399952025968
1115	8.249399952025968
1116	8.249399952025968
1117	11.014795844278517
1118	11.014795844278517
1119	11.014795844278517
1120	11.014795844278517
1121	11.014795844278517
1122	11.014795844278517
1123	11.014795844278517
1124	7.328862719155818
1125	7.328862719155818
1126	7.328862719155818
1127	7.328862719155818
1128	7.328862719155818
1129	7.328862719155818
1130	7.328862719155818
1131	8.311524383848663
1132	8.311524383848663
1133	8.311524383848663
1134	8.311524383848663
1135	8.311524383848663
1136	8.311524383848663
1137	8.311524383848663
1138	10.063839724554159
1139	10.063839724554159
1140	10.063839724554159
1141	10.063839724554159
1142	10.063839724554159
1143	10.063839724554159
1144	10.063839724554159
1145	9.569526204880361
1146	9.569526204880361
1147	9.569526204880361
1148	9.569526204880361
1149	9.569526204880361
1150	9.569526204880361
1151	9.569526204880361
1152	8.991128352104214
1153	8.991128352104214
1154	8.991128352104214
1155	8.991128352104214
1156	8.991128352104214
1157	8.991128352104214
1158	8.991128352104214
1159	9.060744203444044
1160	9.060744203444044
1161	9.060744203444044
1162	9.060744203444044
1163	9.060744203444044
1164	9.060744203444044
1165	9.060744203444044
1166	8.793941759792803
1167	8.793941759792803
1168	8.793941759792803
1169	8.793941759792803
1170	8.793941759792803
1171	8.793941759792803
1172	8.793941759792803
1173	11.689975368751828
1174	11.689975368751828
1175	11.689975368751828
1176	11.689975368751828
1177	11.689975368751828
1178	11.689975368751828
1179	11.689975368751828
1180	9.485316978691879
1181	9.485316978691879
1182	9.485316978691879
1183	9.485316978691879
1184	9.485316978691879
1185	9.485316978691879
1186	9.485316978691879
1187	9.27557806907965
1188	9.27557806907965
1189	9.27557806907965
1190	9.27557806907965
1191	9.27557806907965
1192	9.27557806907965
1193	9.27557806907965
1194	8.12175460095972
1195	8.12175460095972
1196	8.12175460095972
1197	8.12175460095972
1198	8.12175460095972
1199	8.12175460095972
1200	8.12175460095972
1201	8.261923664694095
1202	8.261923664694095
1203	8.261923664694095
1204	8.261923664694095
1205	8.261923664694095
1206	8.261923664694095
1207	8.261923664694095
1208	9.179904396915106
1209	9.179904396915106
1210	9.179904396915106
1211	9.179904396915106
1212	9.179904396915106
1213	9.179904396915106
1214	9.179904396915106
1215	7.662316321146639
1216	7.662316321146639
1217	7.662316321146639
1218	7.662316321146639
1219	7.662316321146639
1220	7.662316321146639
1221	7.662316321146639
1222	9.55716873669911
1223	9.55716873669911
1224	9.55716873669911
1225	9.55716873669911
1226	9.55716873669911
1227	9.55716873669911
1228	9.55716873669911
1229	10.911585120865665
1230	10.911585120865665
1231	10.911585120865665
1232	10.911585120865665
1233	10.911585120865665
1234	10.911585120865665
1235	10.911585120865665
1236	7.193769976537174
1237	7.193769976537174
1238	7.193769976537174
1239	7.193769976537174
1240	7.193769976537174
1241	7.193769976537174
1242	7.193769976537174
1243	10.086320493011979
1244	10.086320493011979
1245	10.086320493011979
1246	10.086320493011979
1247	10.086320493011979
1248	10.086320493011979
1249	10.086320493011979
1250	8.467988389284276
1251	8.467988389284276
1252	8.467988389284276
1253	8.467988389284276
1254	8.467988389284276
1255	8.467988389284276
1256	8.467988389284276
1257	9.039825940488567
1258	9.039825940488567
1259	9.039825940488567
1260	9.039825940488567
1261	9.039825940488567
1262	9.039825940488567
1263	9.039825940488567
1264	9.343515688479018
1265	9.343515688479018
1266	9.343515688479018
1267	9.343515688479018
1268	9.343515688479018
1269	9.343515688479018
1270	9.343515688479018
1271	6.617680486864589
1272	6.617680486864589
1273	6.617680486864589
1274	6.617680486864589
1275	6.617680486864589
1276	6.617680486864589
1277	6.617680486864589
1278	11.378585550377515
1279	11.378585550377515
1280	11.378585550377515
1281	11.378585550377515
1282	11.378585550377515
1283	11.378585550377515
1284	11.378585550377515
1285	7.184755204162943
1286	7.184755204162943
1287	7.184755204162943
1288	7.184755204162943
1289	7.184755204162943
1290	7.184755204162943
1291	7.184755204162943
1292	8.478859854407519
1293	8.478859854407519
1294	8.478859854407519
1295	8.478859854407519
1296	8.478859854407519
1297	8.478859854407519
1298	8.478859854407519
1299	12.288242828440488
1300	12.288242828440488
1301	12.288242828440488
1302	12.288242828440488
1303	12.288242828440488
1304	12.288242828440488
1305	12.288242828440488
1306	8.76091203565753
1307	8.76091203565753
1308	8.76091203565753
1309	8.76091203565753
1310	8.76091203565753
1311	8.76091203565753
1312	8.76091203565753
1313	10.445279509748255
1314	10.445279509748255
1315	10.445279509748255
1316	10.445279509748255
1317	10.445279509748255
1318	10.445279509748255
1319	10.445279509748255
1320	9.838951915250297
1321	9.838951915250297
1322	9.838951915250297
1323	9.838951915250297
1324	9.838951915250297
1325	9.838951915250297
1326	9.838951915250297
1327	9.875307341820541
1328	9.875307341820541
1329	9.875307341820541
1330	9.875307341820541
1331	9.875307341820541
1332	9.875307341820541
1333	9.875307341820541
1334	8.100194980663382
1335	8.100194980663382
1336	8.100194980663382
1337	8.100194980663382
1338	8.100194980663382
1339	8.100194980663382
1340	8.100194980663382
1341	9.41532484265343
1342	9.41532484265343
1343	9.41532484265343
1344	9.41532484265343
1345	9.41532484265343
1346	9.41532484265343
1347	9.41532484265343
1348	8.462534907699538
1349	8.462534907699538
1350	8.462534907699538
1351	8.462534907699538
1352	8.462534907699538
1353	8.462534907699538
1354	8.462534907699538
1355	7.899307814943837
1356	7.899307814943837
1357	7.899307814943837
1358	7.899307814943837
1359	7.899307814943837
1360	7.899307814943837
1361	7.899307814943837
1362	7.6314743810020005
1363	7.6314743810020005
1364	7.6314743810020005
1365	7.6314743810020005
1366	7.6314743810020005
1367	7.6314743810020005
1368	7.6314743810020005
1369	10.225980155549856
1370	10.225980155549856
1371	10.225980155549856
1372	10.225980155549856
1373	10.225980155549856
1374	10.225980155549856
1375	10.225980155549856
1376	8.886556263530725
1377	8.886556263530725
1378	8.886556263530725
1379	8.886556263530725
1380	8.886556263530725
1381	8.886556263530725
1382	8.886556263530725
1383	9.028994999986523
1384	9.028994999986523
1385	9.028994999986523
1386	9.028994999986523
1387	9.028994999986523
1388	9.028994999986523
1389	9.028994999986523
1390	7.800939234847493
1391	7.800939234847493
1392	7.800939234847493
1393	7.800939234847493
1394	7.800939234847493
1395	7.800939234847493
1396	7.800939234847493
1397	8.646947650234603
1398	8.646947650234603
1399	8.646947650234603
1400	8.646947650234603
1401	8.646947650234603
1402	8.646947650234603
1403	8.646947650234603
1404	8.743888799087793
1405	8.743888799087793
1406	8.743888799087793
1407	8.743888799087793
1408	8.743888799087793
1409	8.743888799087793
1410	8.743888799087793
1411	9.227693430819134
1412	9.227693430819134
1413	9.227693430819134
1414	9.227693430819134
1415	9.227693430819134
1416	9.227693430819134
1417	9.227693430819134
1418	8.39538581361583
1419	8.39538581361583
1420	8.39538581361583
1421	8.39538581361583
1422	8.39538581361583
1423	8.39538581361583
1424	8.39538581361583
1425	8.436117100330119
1426	8.436117100330119
1427	8.436117100330119
1428	8.436117100330119
1429	8.436117100330119
1430	8.436117100330119
1431	8.436117100330119
1432	10.00962679031141
1433	10.00962679031141
1434	10.00962679031141
1435	10.00962679031141
1436	10.00962679031141
