0	21.924938478171203
1	21.924938478171203
2	21.924938478171203
3	12.19887225091928
4	12.19887225091928
5	12.19887225091928
6	5.90507578118368
7	5.90507578118368
8	5.90507578118368
9	13.228833218190807
10	13.228833218190807
11	13.228833218190807
12	12.461979674371324
13	12.461979674371324
14	12.461979674371324
15	5.79856729835769
16	5.79856729835769
17	5.79856729835769
18	9.218554094217453
19	9.218554094217453
20	9.218554094217453
21	8.790677066994737
22	8.790677066994737
23	8.790677066994737
24	14.454552552131108
25	14.454552552131108
26	14.454552552131108
27	5.562903052711547
28	5.562903052711547
29	5.562903052711547
30	11.647534831301195
31	11.647534831301195
32	11.647534831301195
33	22.763374470383994
34	22.763374470383994
35	22.763374470383994
36	10.065630613118469
37	10.065630613118469
38	10.065630613118469
39	0.14509672519508143
40	0.14509672519508143
41	0.14509672519508143
42	9.948374971032552
43	9.948374971032552
44	9.948374971032552
45	10.91075825427778
46	10.91075825427778
47	10.91075825427778
48	11.887562796412464
49	11.887562796412464
50	11.887562796412464
51	11.735595814304297
52	11.735595814304297
53	11.735595814304297
54	10.701337200606092
55	10.701337200606092
56	10.701337200606092
57	14.835639676246409
58	14.835639676246409
59	14.835639676246409
60	9.486809039346934
61	9.486809039346934
62	9.486809039346934
63	7.274265090331779
64	7.274265090331779
65	7.274265090331779
66	8.760545302642996
67	8.760545302642996
68	8.760545302642996
69	9.881522591647439
70	9.881522591647439
71	9.881522591647439
72	13.251763004648225
73	13.251763004648225
74	13.251763004648225
75	0.3963690124296608
76	0.3963690124296608
77	0.3963690124296608
78	12.472226440363283
79	12.472226440363283
80	12.472226440363283
81	5.492302183823749
82	5.492302183823749
83	5.492302183823749
84	9.704770783748419
85	9.704770783748419
86	9.704770783748419
87	7.197973553862321
88	7.197973553862321
89	7.197973553862321
90	20.18889368581278
91	20.18889368581278
92	20.18889368581278
93	7.139694584758505
94	7.139694584758505
95	7.139694584758505
96	1.3156621937309794
97	1.3156621937309794
98	1.3156621937309794
99	8.98958630090324
100	8.98958630090324
101	8.98958630090324
102	21.632500815650076
103	21.632500815650076
104	21.632500815650076
105	7.716319058025283
106	7.716319058025283
107	7.716319058025283
108	8.915269392679427
109	8.915269392679427
110	8.915269392679427
111	14.419695559275308
112	14.419695559275308
113	14.419695559275308
114	0.1
115	0.1
116	0.1
117	13.944694140825266
118	13.944694140825266
119	13.944694140825266
120	1.1470451999374571
121	1.1470451999374571
122	1.1470451999374571
123	22.190678223859397
124	22.190678223859397
125	22.190678223859397
126	6.149611452449527
127	6.149611452449527
128	6.149611452449527
129	9.995133144655687
130	9.995133144655687
131	9.995133144655687
132	1.4435561579521323
133	1.4435561579521323
134	1.4435561579521323
135	4.792623319257237
136	4.792623319257237
137	4.792623319257237
138	14.41722889286989
139	14.41722889286989
140	14.41722889286989
141	15.30891957624883
142	15.30891957624883
143	15.30891957624883
144	7.797013629028589
145	7.797013629028589
146	7.797013629028589
147	2.634232687934004
148	2.634232687934004
149	2.634232687934004
150	8.277144052123589
151	8.277144052123589
152	8.277144052123589
153	17.49993566839992
154	17.49993566839992
155	17.49993566839992
156	10.231009706597622
157	10.231009706597622
158	10.231009706597622
159	10.792313816035001
160	10.792313816035001
161	10.792313816035001
162	7.949816797372076
163	7.949816797372076
164	7.949816797372076
165	5.921687072935721
166	5.921687072935721
167	5.921687072935721
168	9.222075591577159
169	9.222075591577159
170	9.222075591577159
171	9.296183635191706
172	9.296183635191706
173	9.296183635191706
174	8.256825910661593
175	8.256825910661593
176	8.256825910661593
177	13.372608444287907
178	13.372608444287907
179	13.372608444287907
180	20.602939933907212
181	20.602939933907212
182	20.602939933907212
183	18.578563315556295
184	18.578563315556295
185	18.578563315556295
186	4.726453022022466
187	4.726453022022466
188	4.726453022022466
189	10.198207889161878
190	10.198207889161878
191	10.198207889161878
192	16.311762033496592
193	16.311762033496592
194	16.311762033496592
195	4.649929647977445
196	4.649929647977445
197	4.649929647977445
198	16.452186498833676
199	16.452186498833676
200	16.452186498833676
201	14.190670690049076
202	14.190670690049076
203	14.190670690049076
204	15.55439481303052
205	15.55439481303052
206	15.55439481303052
207	11.557696149969352
208	11.557696149969352
209	11.557696149969352
210	14.414236909620122
211	14.414236909620122
212	14.414236909620122
213	9.812623667199931
214	9.812623667199931
215	9.812623667199931
216	17.764735208404964
217	17.764735208404964
218	17.764735208404964
219	17.54440196945302
220	17.54440196945302
221	17.54440196945302
222	11.19111555224911
223	11.19111555224911
224	11.19111555224911
225	8.867269299920126
226	8.867269299920126
227	8.867269299920126
228	8.549946640554278
229	8.549946640554278
230	8.549946640554278
231	9.150701502118658
232	9.150701502118658
233	9.150701502118658
234	9.889394848958986
235	9.889394848958986
236	9.889394848958986
237	13.256813591147965
238	13.256813591147965
239	13.256813591147965
240	4.8380605987387675
241	4.8380605987387675
242	4.8380605987387675
243	13.476464835313031
244	13.476464835313031
245	13.476464835313031
246	6.8530612997136116
247	6.8530612997136116
248	6.8530612997136116
249	11.267630046761939
250	11.267630046761939
251	11.267630046761939
252	20.331307907436035
253	20.331307907436035
254	20.331307907436035
255	14.93499124636066
256	14.93499124636066
257	14.93499124636066
258	15.269507434371349
259	15.269507434371349
260	15.269507434371349
261	13.975517769084869
262	13.975517769084869
263	13.975517769084869
264	18.111288237538467
265	18.111288237538467
266	18.111288237538467
267	8.195350672190305
268	8.195350672190305
269	8.195350672190305
270	6.595217612156615
271	6.595217612156615
272	6.595217612156615
273	13.110021045379563
274	13.110021045379563
275	13.110021045379563
276	1.0435381698947008
277	1.0435381698947008
278	1.0435381698947008
279	3.103274171782618
280	3.103274171782618
281	3.103274171782618
282	11.5092465828661
283	11.5092465828661
284	11.5092465828661
285	6.972705120073857
286	6.972705120073857
287	6.972705120073857
288	1.4749170149300586
289	1.4749170149300586
290	1.4749170149300586
291	13.5317560516447
292	13.5317560516447
293	13.5317560516447
294	9.371771402926534
295	11.733211532671879
296	11.733211532671879
297	11.733211532671879
298	9.893064897938192
299	9.893064897938192
300	9.893064897938192
301	12.085566135049923
302	12.085566135049923
303	12.085566135049923
304	9.262555866156431
305	9.262555866156431
306	9.262555866156431
307	17.775767043050195
308	17.775767043050195
309	17.775767043050195
310	10.427468635810497
311	10.427468635810497
312	10.427468635810497
313	10.542824441427028
314	10.542824441427028
315	10.542824441427028
316	11.069962573039518
317	11.069962573039518
318	11.069962573039518
319	18.3869466687623
320	18.3869466687623
321	18.3869466687623
322	8.771611635208954
323	8.771611635208954
324	8.771611635208954
325	17.7650945294253
326	17.7650945294253
327	17.7650945294253
328	10.60607885567405
329	10.60607885567405
330	10.60607885567405
331	9.766238993413005
332	9.766238993413005
333	9.766238993413005
334	3.4556857159839103
335	3.4556857159839103
336	3.4556857159839103
337	15.91781808752918
338	15.91781808752918
339	15.91781808752918
340	7.629731731085964
341	7.629731731085964
342	7.629731731085964
343	3.259346276074602
344	3.259346276074602
345	3.259346276074602
346	18.77405564679876
347	18.77405564679876
348	18.77405564679876
349	9.47333454110543
350	9.47333454110543
351	9.47333454110543
352	8.875174425631574
353	8.875174425631574
354	8.875174425631574
355	16.05690815787627
356	16.05690815787627
357	16.05690815787627
358	11.593075576209792
359	11.593075576209792
360	11.593075576209792
361	11.6267046926679
362	11.6267046926679
363	11.6267046926679
364	9.67074935862228
365	9.67074935862228
366	9.67074935862228
367	3.2221683130931487
368	3.2221683130931487
369	3.2221683130931487
370	10.059987056808632
371	10.059987056808632
372	10.059987056808632
373	11.52824087225792
374	11.52824087225792
375	11.52824087225792
376	9.008183308618907
377	9.008183308618907
378	9.008183308618907
379	7.858019061047871
380	7.858019061047871
381	7.858019061047871
382	8.317856522254004
383	8.317856522254004
384	8.317856522254004
385	11.571652994206957
386	11.571652994206957
387	11.571652994206957
388	3.6234016865365932
389	3.6234016865365932
390	3.6234016865365932
391	11.333583918408491
392	11.333583918408491
393	11.333583918408491
394	19.658897574699374
395	19.658897574699374
396	19.658897574699374
397	0.1
398	0.1
399	0.1
400	0.1
401	0.1
402	0.1
403	4.052553170997461
404	4.052553170997461
405	4.052553170997461
406	9.340774032441566
407	9.340774032441566
408	9.340774032441566
409	16.767513500186226
410	16.767513500186226
411	16.767513500186226
412	9.94674414098793
413	9.94674414098793
414	9.94674414098793
415	7.072221560864702
416	7.072221560864702
417	7.072221560864702
418	6.339626157628819
419	6.339626157628819
420	6.339626157628819
421	7.24119632144877
422	7.24119632144877
423	7.24119632144877
424	14.017177853801961
425	14.017177853801961
426	14.017177853801961
427	9.068427220085242
428	9.068427220085242
429	9.068427220085242
430	7.296205668205799
431	7.296205668205799
432	7.296205668205799
433	10.643654419035322
434	10.643654419035322
435	10.643654419035322
436	11.228907617322598
437	11.228907617322598
438	11.228907617322598
439	11.912245688765688
440	11.912245688765688
441	11.912245688765688
442	11.12098637481244
443	11.12098637481244
444	11.12098637481244
445	25.719657878071438
446	25.719657878071438
447	25.719657878071438
448	6.831931387614532
449	6.831931387614532
450	6.831931387614532
451	5.584098239130319
452	5.584098239130319
453	5.584098239130319
454	11.09930757008395
455	11.09930757008395
456	11.09930757008395
457	9.096621604378804
458	9.096621604378804
459	9.096621604378804
460	11.670566189121615
461	11.670566189121615
462	11.670566189121615
463	4.766304938411244
464	4.766304938411244
465	4.766304938411244
466	15.262573883914683
467	15.262573883914683
468	15.262573883914683
469	10.89516654261758
470	10.89516654261758
471	10.89516654261758
472	11.647826879263048
473	11.647826879263048
474	8.283807047547558
475	8.283807047547558
476	8.283807047547558
477	2.940149516385147
478	2.940149516385147
479	2.940149516385147
480	3.3850178581313397
481	3.3850178581313397
482	3.3850178581313397
483	12.894330995228803
484	12.894330995228803
485	12.894330995228803
486	3.862252347862335
487	3.862252347862335
488	3.862252347862335
489	15.55892534732834
490	15.55892534732834
491	15.55892534732834
492	7.895186402638371
493	7.895186402638371
494	7.895186402638371
495	7.851859004966035
496	7.851859004966035
497	7.851859004966035
498	16.44697996564628
499	16.44697996564628
500	16.44697996564628
501	7.217248696093586
502	7.217248696093586
503	7.217248696093586
504	11.107470562534388
505	11.107470562534388
506	11.107470562534388
507	12.446794851110651
508	12.446794851110651
509	12.446794851110651
510	4.98960161260907
511	4.98960161260907
512	4.98960161260907
513	12.914332306961782
514	12.914332306961782
515	12.914332306961782
516	10.55159361253917
517	10.55159361253917
518	10.55159361253917
519	8.894574505495573
520	8.894574505495573
521	8.894574505495573
522	8.21897319172685
523	8.21897319172685
524	8.21897319172685
525	7.814261391346806
526	7.814261391346806
527	7.814261391346806
528	11.548467067686628
529	11.548467067686628
530	11.548467067686628
531	4.9975288409858445
532	4.9975288409858445
533	4.9975288409858445
534	8.437590466203837
535	8.437590466203837
536	8.437590466203837
537	10.782744851644463
538	10.782744851644463
539	10.782744851644463
540	14.212808133175834
541	14.212808133175834
542	14.212808133175834
543	2.16920973673653
544	2.16920973673653
545	2.16920973673653
546	8.106853667316747
547	8.106853667316747
548	8.106853667316747
549	16.511918518130717
550	16.511918518130717
551	16.511918518130717
552	8.765034692335684
553	8.765034692335684
554	8.765034692335684
555	8.578684949708256
556	8.578684949708256
557	8.578684949708256
558	1.727514890117714
559	1.727514890117714
560	1.727514890117714
561	13.650306359408393
562	13.650306359408393
563	13.650306359408393
564	4.197328173897152
565	4.197328173897152
566	4.197328173897152
567	24.691295248148393
568	24.691295248148393
569	24.691295248148393
570	10.495198355208236
571	10.495198355208236
572	10.495198355208236
573	12.838180615587515
574	12.838180615587515
575	12.838180615587515
576	6.099134759834041
577	6.099134759834041
578	6.099134759834041
579	10.072640675721393
580	10.072640675721393
581	10.072640675721393
582	4.461748667119511
583	4.461748667119511
584	4.461748667119511
585	12.85991407285312
586	12.85991407285312
587	12.85991407285312
588	8.969398713249127
589	8.969398713249127
590	8.969398713249127
591	10.696284046362695
592	10.696284046362695
593	10.696284046362695
594	9.943305825649634
595	9.943305825649634
596	9.943305825649634
597	13.535493766699787
598	13.535493766699787
599	13.535493766699787
600	17.418928523988093
601	17.418928523988093
602	17.418928523988093
603	14.970068263126183
604	14.970068263126183
605	13.521414475687504
606	13.521414475687504
607	13.521414475687504
608	4.937845199622669
609	4.937845199622669
610	4.937845199622669
611	5.1285737837501015
612	5.1285737837501015
613	5.1285737837501015
614	2.9090674110113124
615	2.9090674110113124
616	2.9090674110113124
617	12.761448934653396
618	12.761448934653396
619	12.761448934653396
620	8.469881705891384
621	8.469881705891384
622	8.469881705891384
623	3.3094413291945566
624	3.3094413291945566
625	3.3094413291945566
626	3.040516824104567
627	3.040516824104567
628	3.040516824104567
629	15.166169905263462
630	15.166169905263462
631	15.166169905263462
632	6.206023957256411
633	6.206023957256411
634	6.206023957256411
635	10.036569352172435
636	10.036569352172435
637	10.036569352172435
638	16.21953412002437
639	16.21953412002437
640	16.21953412002437
641	10.361485904724827
642	10.361485904724827
643	10.361485904724827
644	21.657627610782356
645	21.657627610782356
646	21.657627610782356
647	2.0413979592104923
648	2.0413979592104923
649	2.0413979592104923
650	15.2145956764236
651	15.2145956764236
652	15.2145956764236
653	4.5574666320661485
654	4.5574666320661485
655	4.5574666320661485
656	3.727285927073315
657	3.727285927073315
658	3.727285927073315
659	5.006952531326714
660	5.006952531326714
661	5.006952531326714
662	6.051669438259445
663	6.051669438259445
664	6.051669438259445
665	6.798773151593396
666	6.798773151593396
667	6.798773151593396
668	8.471327071515486
669	8.471327071515486
670	8.471327071515486
671	10.944877096243271
672	10.944877096243271
673	10.944877096243271
674	4.834558483973009
675	4.834558483973009
676	4.834558483973009
677	4.295091124844102
678	4.295091124844102
679	4.295091124844102
680	10.260986306963376
681	10.260986306963376
682	10.260986306963376
683	5.289632958943459
684	5.289632958943459
685	5.289632958943459
686	7.637007256346584
687	7.637007256346584
688	7.637007256346584
689	9.578776586118904
690	9.578776586118904
691	9.578776586118904
692	7.058314593245452
693	7.058314593245452
694	7.058314593245452
695	11.00399368599388
696	11.00399368599388
697	11.00399368599388
698	6.415706080609148
699	6.415706080609148
700	6.415706080609148
701	9.433898552815231
702	9.433898552815231
703	9.433898552815231
704	9.792385942967732
705	9.792385942967732
706	9.792385942967732
707	11.800752499209743
708	11.800752499209743
709	11.800752499209743
710	11.402456827817453
711	11.402456827817453
712	11.402456827817453
713	7.964711526422887
714	7.964711526422887
715	7.964711526422887
716	8.739183031160547
717	8.739183031160547
718	8.739183031160547
719	11.711363575588805
720	11.711363575588805
721	11.711363575588805
722	8.159230398801233
723	8.159230398801233
724	8.159230398801233
725	4.0913151005960176
726	5.012596496385628
727	5.012596496385628
728	5.012596496385628
729	14.652261192677646
730	14.652261192677646
731	14.652261192677646
732	16.079737093828662
733	16.079737093828662
734	16.079737093828662
735	8.20799865297268
736	8.20799865297268
737	8.20799865297268
738	11.086414488593144
739	11.086414488593144
740	11.086414488593144
741	11.328193064166266
742	11.328193064166266
743	11.328193064166266
744	2.374874456836964
745	2.374874456836964
746	2.374874456836964
747	11.971729535388068
748	11.971729535388068
749	11.971729535388068
750	14.403123773129611
751	14.403123773129611
752	14.403123773129611
753	17.614360957530472
754	17.614360957530472
755	17.614360957530472
756	8.816329931171705
757	8.816329931171705
758	8.816329931171705
759	12.150758335304506
760	12.150758335304506
761	12.150758335304506
762	5.89378901977222
763	5.89378901977222
764	5.89378901977222
765	3.8910065964061333
766	3.8910065964061333
767	3.8910065964061333
768	8.123614771999536
769	8.123614771999536
770	8.123614771999536
771	17.754402041507277
772	17.754402041507277
773	17.754402041507277
774	0.1
775	0.1
776	0.1
777	23.03643084153441
778	23.03643084153441
779	23.03643084153441
780	2.442356144452308
781	2.442356144452308
782	2.442356144452308
783	12.1047744165901
784	12.1047744165901
785	12.1047744165901
786	9.21844583517137
787	9.21844583517137
788	9.21844583517137
789	19.70473406961709
790	19.70473406961709
791	19.70473406961709
792	6.426940928552154
793	6.426940928552154
794	6.426940928552154
795	0.8982246710327146
796	0.8982246710327146
797	0.8982246710327146
798	6.797733876745179
799	6.797733876745179
800	6.797733876745179
801	8.500693090154696
802	8.500693090154696
803	8.500693090154696
804	15.839559952356158
805	15.839559952356158
806	15.839559952356158
807	8.285301888836791
808	8.285301888836791
809	8.285301888836791
810	14.095648986885676
811	14.095648986885676
812	14.095648986885676
813	10.566896346347754
814	10.566896346347754
815	10.566896346347754
816	12.041924290141178
817	12.041924290141178
818	12.041924290141178
819	11.209307692337303
820	11.209307692337303
821	11.209307692337303
822	4.841479483507901
823	4.841479483507901
824	4.841479483507901
825	15.081049332650913
826	15.081049332650913
827	15.081049332650913
828	5.98244876516308
829	5.98244876516308
830	5.98244876516308
831	11.484181055407909
832	11.484181055407909
833	11.484181055407909
834	15.744411910953133
835	15.744411910953133
836	15.744411910953133
837	2.2909834087181107
838	2.2909834087181107
839	2.2909834087181107
840	10.464276070729722
841	10.464276070729722
842	10.464276070729722
843	6.513535224926205
844	6.513535224926205
845	6.513535224926205
846	10.527642879522762
847	10.527642879522762
848	10.527642879522762
849	5.108201366642072
850	5.108201366642072
851	5.108201366642072
852	7.395247540714305
853	7.395247540714305
854	7.395247540714305
855	0.1
856	0.1
857	0.1
858	14.929988331425172
859	14.929988331425172
860	14.929988331425172
861	7.177823725481204
862	7.177823725481204
863	7.177823725481204
864	7.859444215828158
865	7.859444215828158
866	7.859444215828158
867	10.780123828579276
868	10.780123828579276
869	10.780123828579276
870	13.82335810857762
871	13.82335810857762
872	13.82335810857762
873	8.838099848445747
874	8.838099848445747
875	8.838099848445747
876	8.963217224993507
877	8.963217224993507
878	8.963217224993507
879	14.324052682031986
880	14.324052682031986
881	14.324052682031986
882	6.874727797545086
883	6.874727797545086
884	6.874727797545086
885	3.6800372698528943
886	3.6800372698528943
887	3.6800372698528943
888	13.835207154907707
889	13.835207154907707
890	13.835207154907707
891	8.384210439245285
892	13.23031071349939
893	13.23031071349939
894	13.23031071349939
895	4.766179213949157
896	4.766179213949157
897	4.766179213949157
898	8.375202361127021
899	8.375202361127021
900	8.375202361127021
901	4.670206058834075
902	4.670206058834075
903	4.670206058834075
904	8.983077407403057
905	8.983077407403057
906	8.983077407403057
907	11.608882939408186
908	11.608882939408186
909	11.608882939408186
910	10.342985446248376
911	10.342985446248376
912	10.342985446248376
913	23.524771709251297
914	23.524771709251297
915	23.524771709251297
916	17.368627216215586
917	4.599505550302815
918	4.599505550302815
919	4.599505550302815
920	13.127589555661459
921	13.127589555661459
922	13.127589555661459
923	17.98457848464144
924	17.98457848464144
925	17.98457848464144
926	2.1800533372707296
927	2.1800533372707296
928	2.1800533372707296
929	10.450943726208738
930	10.450943726208738
931	10.450943726208738
932	3.4414263032112675
933	3.4414263032112675
934	3.4414263032112675
935	14.884704605288498
936	14.884704605288498
937	14.884704605288498
938	14.578357585408902
939	14.578357585408902
940	14.578357585408902
941	14.566341905804592
942	14.566341905804592
943	14.566341905804592
944	19.94329275145114
945	19.94329275145114
946	19.94329275145114
947	5.511699220821425
948	5.511699220821425
949	5.511699220821425
950	3.498304657512027
951	3.498304657512027
952	3.498304657512027
953	6.188717614647079
954	6.188717614647079
955	6.188717614647079
956	18.422277911242105
957	18.422277911242105
958	18.422277911242105
959	19.361637926939476
960	19.361637926939476
961	19.361637926939476
962	0.1
963	0.1
964	0.1
965	9.281265070377216
966	9.281265070377216
967	9.281265070377216
968	14.798391258429294
969	14.798391258429294
970	14.798391258429294
971	11.805713199016248
972	11.805713199016248
973	11.805713199016248
974	7.138097775891836
975	7.138097775891836
976	7.138097775891836
977	4.985333196860788
978	4.985333196860788
979	4.985333196860788
980	3.1584698296567035
981	3.1584698296567035
982	3.1584698296567035
983	16.452814475930484
984	16.452814475930484
985	16.452814475930484
986	16.755832666719314
987	16.755832666719314
988	16.755832666719314
989	1.9771809691805284
990	1.9771809691805284
991	1.9771809691805284
992	13.379682761637515
993	13.379682761637515
994	13.379682761637515
995	14.43358329925975
996	14.43358329925975
997	14.43358329925975
998	10.418035411711926
999	10.418035411711926
1000	10.418035411711926
1001	6.912026177847022
1002	6.912026177847022
1003	6.912026177847022
1004	8.885749333946753
1005	8.885749333946753
1006	8.885749333946753
1007	12.385577741030303
1008	12.385577741030303
1009	12.385577741030303
1010	9.377064020441459
1011	9.377064020441459
1012	9.377064020441459
1013	7.572326092159326
1014	7.572326092159326
1015	7.572326092159326
1016	8.066923336527045
1017	8.066923336527045
1018	8.066923336527045
1019	16.974406478090604
1020	16.974406478090604
1021	16.974406478090604
1022	5.692294461275262
1023	5.692294461275262
1024	5.692294461275262
1025	5.62507039643106
1026	5.62507039643106
1027	5.62507039643106
1028	4.473201218632739
1029	4.473201218632739
1030	4.473201218632739
1031	8.99579796976025
1032	8.99579796976025
1033	8.99579796976025
1034	13.006301986285644
1035	13.006301986285644
1036	13.006301986285644
1037	5.668258200256749
1038	5.668258200256749
1039	5.668258200256749
1040	10.746967513949736
1041	10.746967513949736
1042	10.746967513949736
1043	14.4584676518648
1044	14.4584676518648
1045	14.4584676518648
1046	1.2729283132864673
1047	1.2729283132864673
1048	1.2729283132864673
1049	2.247816449771033
1050	2.247816449771033
1051	2.247816449771033
1052	5.92267644630956
1053	5.92267644630956
1054	5.92267644630956
1055	3.718613579589892
1056	3.718613579589892
1057	3.718613579589892
1058	10.007955245410642
1059	10.007955245410642
1060	10.007955245410642
1061	7.819827890912853
1062	7.819827890912853
1063	7.819827890912853
1064	15.968092749659757
1065	15.968092749659757
1066	15.968092749659757
1067	7.9387542937190645
1068	7.9387542937190645
1069	7.9387542937190645
1070	8.990069426762302
1071	8.990069426762302
1072	8.990069426762302
1073	0.1
1074	0.1
1075	0.1
1076	4.464560598367556
1077	4.464560598367556
1078	4.464560598367556
1079	9.306855660757993
1080	9.306855660757993
1081	9.306855660757993
1082	12.237331173296266
1083	12.237331173296266
1084	12.237331173296266
1085	12.556935650688203
1086	12.556935650688203
1087	12.556935650688203
1088	6.784351422373471
1089	6.784351422373471
1090	6.784351422373471
1091	13.87520556707816
1092	13.87520556707816
1093	13.87520556707816
1094	9.610259676480819
1095	9.610259676480819
1096	9.610259676480819
1097	0.1
1098	0.1
1099	0.1
1100	0.9164374723572077
1101	0.9164374723572077
1102	0.9164374723572077
1103	19.56690622660126
1104	19.56690622660126
1105	19.56690622660126
1106	16.118678763491946
1107	16.118678763491946
1108	16.118678763491946
1109	3.318449114092293
1110	3.318449114092293
1111	3.318449114092293
1112	13.261757615290716
1113	13.261757615290716
1114	13.261757615290716
1115	12.196538308938106
1116	12.196538308938106
1117	12.196538308938106
1118	7.957460168219331
1119	7.957460168219331
1120	7.957460168219331
1121	15.329446616201944
1122	15.329446616201944
1123	15.329446616201944
1124	12.685944805733655
1125	12.685944805733655
1126	12.685944805733655
1127	7.833788691558048
1128	7.833788691558048
1129	7.833788691558048
1130	18.257297054626996
1131	18.257297054626996
1132	18.257297054626996
1133	6.642640525454212
1134	6.642640525454212
1135	6.642640525454212
1136	0.1
1137	0.1
1138	0.1
1139	0.1
1140	0.1
1141	0.1
1142	6.792766885623756
1143	6.792766885623756
1144	6.792766885623756
1145	13.690377604263313
1146	13.690377604263313
1147	13.690377604263313
1148	10.504994584450118
1149	10.504994584450118
1150	10.504994584450118
1151	5.8458188634561585
1152	5.8458188634561585
1153	5.8458188634561585
1154	16.351420464379792
1155	16.351420464379792
1156	16.351420464379792
1157	13.232654539304516
1158	13.232654539304516
1159	13.232654539304516
1160	8.308567254952907
1161	8.308567254952907
1162	8.308567254952907
1163	9.357275522557067
1164	9.357275522557067
1165	9.357275522557067
1166	20.639124928577303
1167	20.639124928577303
1168	20.639124928577303
1169	2.903142504806664
1170	2.903142504806664
1171	2.903142504806664
1172	0.1
1173	0.1
1174	0.1
1175	11.6347482165242
1176	11.6347482165242
1177	11.6347482165242
1178	7.2109376731763195
1179	7.2109376731763195
1180	7.2109376731763195
1181	3.0420185213063275
1182	3.0420185213063275
1183	3.0420185213063275
1184	11.249743628607918
1185	11.249743628607918
1186	11.249743628607918
1187	8.467278665153355
1188	8.467278665153355
1189	8.467278665153355
1190	10.367440781755109
1191	13.238300517755945
1192	13.238300517755945
1193	13.238300517755945
1194	16.388815650690027
1195	16.388815650690027
1196	16.388815650690027
1197	16.252126641535142
1198	16.252126641535142
1199	16.252126641535142
1200	3.6909227734305476
1201	3.6909227734305476
1202	3.6909227734305476
1203	7.67387744350186
1204	7.67387744350186
1205	7.67387744350186
1206	4.270111663790058
1207	4.270111663790058
1208	4.270111663790058
1209	21.97375408324624
1210	21.97375408324624
1211	21.97375408324624
1212	0.1
1213	0.1
1214	0.1
1215	7.759989652819696
1216	7.759989652819696
1217	7.759989652819696
1218	5.210838556246131
1219	5.210838556246131
1220	5.210838556246131
1221	2.554261381677734
1222	2.554261381677734
1223	2.554261381677734
1224	9.429044787411643
1225	9.429044787411643
1226	9.429044787411643
1227	9.476313108730372
1228	9.476313108730372
1229	9.476313108730372
1230	3.533843140447461
1231	3.533843140447461
1232	3.533843140447461
1233	9.237573723741207
1234	9.237573723741207
1235	9.237573723741207
1236	7.775597394805969
1237	7.775597394805969
1238	7.775597394805969
1239	5.314598074760877
1240	5.314598074760877
1241	5.314598074760877
1242	6.214812766867997
1243	6.214812766867997
1244	4.792215720526033
1245	4.792215720526033
1246	4.792215720526033
1247	14.180805370326548
1248	14.180805370326548
1249	14.180805370326548
1250	10.815100195061786
1251	10.815100195061786
1252	10.815100195061786
1253	17.3912868959219
1254	17.3912868959219
1255	17.3912868959219
1256	3.0580908891626954
1257	6.069893434443811
1258	6.069893434443811
1259	6.069893434443811
1260	15.19133347042079
1261	15.19133347042079
1262	15.19133347042079
1263	13.377603506666485
1264	13.377603506666485
1265	13.377603506666485
1266	13.35668601943647
1267	13.35668601943647
1268	13.35668601943647
1269	3.5729592970638535
1270	3.5729592970638535
1271	3.5729592970638535
1272	10.122094065221589
1273	10.122094065221589
1274	10.122094065221589
1275	11.95492059043119
1276	11.95492059043119
1277	11.95492059043119
1278	18.803934703889375
1279	18.803934703889375
1280	18.803934703889375
1281	10.572189504502253
1282	10.572189504502253
1283	10.572189504502253
1284	14.960387789782375
1285	14.960387789782375
1286	14.960387789782375
1287	1.6168994175521707
1288	1.6168994175521707
1289	1.6168994175521707
1290	8.379405578070866
1291	8.379405578070866
1292	8.379405578070866
1293	7.699032749572238
1294	7.699032749572238
1295	7.699032749572238
1296	4.078372199191941
1297	4.078372199191941
1298	4.078372199191941
1299	7.748996773535023
1300	7.748996773535023
1301	7.748996773535023
1302	13.760816972400798
1303	13.760816972400798
1304	13.760816972400798
1305	4.334135325942308
1306	4.334135325942308
1307	4.334135325942308
1308	5.542242388265463
1309	5.542242388265463
1310	5.542242388265463
1311	5.523003393934807
1312	5.523003393934807
1313	5.523003393934807
1314	15.418350902883924
1315	15.418350902883924
1316	15.418350902883924
1317	15.063938127415796
1318	15.063938127415796
1319	15.063938127415796
1320	7.475143550751714
1321	7.475143550751714
1322	7.475143550751714
1323	15.928063106905116
1324	15.928063106905116
1325	15.928063106905116
1326	11.376407045804648
1327	11.376407045804648
1328	11.376407045804648
1329	19.975067525721485
1330	19.975067525721485
1331	19.975067525721485
1332	8.239025137113883
1333	8.239025137113883
1334	8.239025137113883
1335	29.882428961909348
1336	29.882428961909348
1337	29.882428961909348
1338	12.485126195543248
1339	12.485126195543248
1340	12.485126195543248
1341	18.02710464701462
1342	18.02710464701462
1343	18.02710464701462
1344	7.239796296318378
1345	7.239796296318378
1346	7.239796296318378
1347	1.4204583347565531
1348	1.4204583347565531
1349	1.4204583347565531
1350	6.282462329175009
1351	6.282462329175009
1352	6.282462329175009
1353	6.235987754839794
1354	6.235987754839794
1355	6.235987754839794
1356	16.961320412100996
1357	16.961320412100996
1358	16.961320412100996
1359	9.354554162082078
1360	9.354554162082078
1361	9.354554162082078
1362	3.0301970663589577
1363	3.0301970663589577
1364	3.0301970663589577
1365	17.851342601479843
1366	17.851342601479843
1367	17.851342601479843
1368	6.5209277397343985
1369	6.5209277397343985
1370	6.5209277397343985
1371	15.385015228388795
1372	15.385015228388795
1373	15.385015228388795
1374	15.612634374292082
1375	15.612634374292082
1376	15.612634374292082
1377	13.355116838846953
1378	13.355116838846953
1379	13.355116838846953
1380	10.786604759515162
1381	10.786604759515162
1382	10.786604759515162
1383	12.525569325840515
1384	12.525569325840515
1385	12.525569325840515
1386	10.134374397113922
1387	10.134374397113922
1388	10.134374397113922
1389	6.1822666610315355
1390	6.1822666610315355
1391	6.1822666610315355
1392	5.958811402507117
1393	5.958811402507117
1394	5.958811402507117
1395	11.421792250101655
1396	11.421792250101655
1397	11.421792250101655
1398	4.014776905495395
1399	10.036426537588245
1400	10.036426537588245
1401	10.036426537588245
1402	2.755480744525469
1403	2.755480744525469
1404	2.755480744525469
1405	21.26276326239843
1406	21.26276326239843
1407	21.26276326239843
1408	2.2548410446136
1409	2.2548410446136
1410	2.2548410446136
1411	17.895491681072507
1412	17.895491681072507
1413	17.895491681072507
1414	12.67698992401256
1415	12.67698992401256
1416	12.67698992401256
1417	7.704140900308961
1418	7.704140900308961
1419	7.704140900308961
1420	14.251700842762848
1421	14.251700842762848
1422	14.251700842762848
1423	14.34277419239118
1424	14.34277419239118
1425	14.34277419239118
1426	18.151796765598732
1427	18.151796765598732
1428	18.151796765598732
1429	5.217248305526267
1430	5.217248305526267
1431	5.217248305526267
1432	11.002399780276201
1433	11.002399780276201
1434	11.002399780276201
1435	4.206861631320462
1436	4.206861631320462
1437	4.206861631320462
1438	13.21010849046982
1439	13.21010849046982
1440	13.21010849046982
1441	8.337924355608854
1442	8.337924355608854
1443	8.337924355608854
1444	10.575247627645023
1445	10.575247627645023
1446	10.575247627645023
1447	12.539092819018494
1448	12.539092819018494
1449	12.539092819018494
1450	7.865493377512526
1451	7.865493377512526
1452	7.865493377512526
1453	16.474086756087534
1454	16.474086756087534
1455	16.474086756087534
1456	10.949900419887825
1457	10.949900419887825
1458	10.949900419887825
1459	7.436222114070465
1460	7.436222114070465
1461	7.436222114070465
1462	2.7698402270231712
1463	2.7698402270231712
1464	2.7698402270231712
1465	0.1
1466	0.1
1467	0.1
1468	17.599500331189454
1469	17.599500331189454
1470	17.599500331189454
1471	10.177077248568702
1472	10.177077248568702
1473	10.177077248568702
1474	11.799495198813453
1475	11.799495198813453
1476	11.799495198813453
1477	4.600454870709758
1478	4.600454870709758
1479	4.600454870709758
1480	11.08512762755838
1481	11.08512762755838
1482	11.08512762755838
1483	15.959197837770086
1484	15.959197837770086
1485	15.959197837770086
1486	14.721935409631367
1487	14.721935409631367
1488	14.721935409631367
1489	17.763557611920533
1490	17.763557611920533
1491	17.763557611920533
1492	2.336499071632498
1493	2.336499071632498
1494	2.336499071632498
1495	9.59161941234427
1496	9.59161941234427
1497	9.59161941234427
1498	6.502984301543499
1499	6.502984301543499
1500	6.502984301543499
1501	6.325931397026489
1502	6.325931397026489
1503	6.325931397026489
1504	17.362272359560702
1505	17.362272359560702
1506	17.362272359560702
1507	12.076582039510926
1508	12.076582039510926
1509	12.076582039510926
1510	8.470253496008764
1511	7.862273168881508
1512	7.862273168881508
1513	7.862273168881508
1514	6.479204981805688
1515	6.479204981805688
1516	6.479204981805688
1517	8.625719290484367
1518	8.625719290484367
1519	8.625719290484367
1520	15.42470409129236
1521	15.42470409129236
1522	15.42470409129236
1523	10.898232863390984
1524	10.898232863390984
1525	10.898232863390984
1526	12.379171245106212
1527	12.379171245106212
1528	12.379171245106212
1529	6.085812816920803
1530	6.085812816920803
1531	6.085812816920803
1532	11.484654480048679
1533	11.484654480048679
1534	11.484654480048679
1535	5.192022804243117
1536	5.192022804243117
1537	5.192022804243117
1538	12.66974414599798
1539	12.66974414599798
1540	12.66974414599798
1541	19.082840532403445
1542	19.082840532403445
1543	19.082840532403445
1544	12.16921192102576
1545	12.16921192102576
1546	12.16921192102576
1547	5.476501802336839
1548	5.476501802336839
1549	5.476501802336839
1550	5.5125955462486775
1551	5.5125955462486775
1552	5.5125955462486775
1553	14.014501961511641
1554	14.014501961511641
1555	14.014501961511641
1556	16.308201828765995
1557	16.308201828765995
1558	16.308201828765995
1559	14.38607602636683
1560	14.38607602636683
1561	14.38607602636683
1562	0.2706785214072589
1563	0.2706785214072589
1564	0.2706785214072589
1565	5.1929633638076655
1566	5.1929633638076655
1567	5.1929633638076655
1568	16.93664774312188
1569	16.93664774312188
1570	16.93664774312188
1571	19.197207159384202
1572	19.197207159384202
1573	19.197207159384202
1574	18.04188495672333
1575	18.04188495672333
1576	18.04188495672333
1577	4.629262852659545
1578	4.629262852659545
1579	4.629262852659545
1580	14.374016599226666
1581	14.374016599226666
1582	14.374016599226666
1583	12.915575209962855
1584	12.915575209962855
1585	12.915575209962855
1586	10.721249661819469
1587	10.721249661819469
1588	10.721249661819469
1589	10.135443319911206
1590	10.135443319911206
1591	10.135443319911206
1592	0.42697082814209963
1593	0.42697082814209963
1594	0.42697082814209963
1595	12.559843794592659
1596	12.559843794592659
1597	12.559843794592659
1598	6.270638745667176
1599	6.270638745667176
1600	6.270638745667176
1601	11.55274878024633
1602	11.55274878024633
1603	11.55274878024633
1604	19.218063885565314
1605	19.218063885565314
1606	19.218063885565314
1607	10.290868384135646
1608	10.290868384135646
1609	10.290868384135646
1610	1.7626892550166886
1611	1.7626892550166886
1612	1.7626892550166886
1613	11.365024911058592
1614	11.365024911058592
1615	11.365024911058592
1616	10.65262777843738
1617	10.65262777843738
1618	10.65262777843738
1619	8.372962420428317
1620	8.372962420428317
1621	8.372962420428317
1622	16.149114300969735
1623	16.149114300969735
1624	16.149114300969735
1625	11.149634907838335
1626	11.149634907838335
1627	11.149634907838335
1628	11.27799555243462
1629	11.27799555243462
1630	11.27799555243462
1631	0.14340093597825998
1632	0.14340093597825998
1633	0.14340093597825998
1634	13.171714432352472
1635	13.171714432352472
1636	13.171714432352472
1637	1.436440336801036
1638	1.436440336801036
1639	1.436440336801036
1640	5.431971982891425
1641	5.431971982891425
1642	5.431971982891425
1643	1.1600109404317394
1644	1.1600109404317394
1645	1.1600109404317394
1646	8.503931124139509
1647	8.503931124139509
1648	8.503931124139509
1649	14.312078172489995
1650	14.312078172489995
1651	14.312078172489995
1652	12.68653011595126
1653	12.68653011595126
1654	12.68653011595126
1655	6.249125772798809
1656	6.249125772798809
1657	6.249125772798809
1658	8.573797267347855
1659	8.573797267347855
1660	8.573797267347855
1661	21.64125573738046
1662	21.64125573738046
1663	21.64125573738046
1664	13.79702148081387
1665	13.79702148081387
1666	13.79702148081387
1667	15.149625044496224
1668	15.149625044496224
1669	15.149625044496224
1670	11.46789335120734
1671	11.46789335120734
1672	4.771109292836431
1673	4.771109292836431
1674	4.771109292836431
1675	13.987299548036477
1676	13.987299548036477
1677	13.987299548036477
1678	0.1
1679	0.1
1680	0.1
1681	8.606879734291994
1682	8.606879734291994
1683	8.606879734291994
1684	11.84256086343223
1685	11.84256086343223
1686	11.84256086343223
1687	7.9744806331227664
1688	7.9744806331227664
1689	7.9744806331227664
1690	4.694673517920303
1691	4.694673517920303
1692	4.694673517920303
1693	10.83780091418663
1694	10.83780091418663
1695	10.83780091418663
1696	17.28099459986374
1697	17.28099459986374
1698	17.28099459986374
1699	3.625560679774585
1700	3.625560679774585
1701	3.625560679774585
1702	6.121258589083833
1703	6.121258589083833
1704	6.121258589083833
1705	7.847321845509091
1706	7.847321845509091
1707	7.847321845509091
1708	14.534043355665318
1709	14.534043355665318
1710	14.534043355665318
1711	9.789267943856453
1712	9.789267943856453
1713	9.789267943856453
1714	5.6723300686232845
1715	5.6723300686232845
1716	5.6723300686232845
1717	15.461977151621413
1718	15.461977151621413
1719	15.461977151621413
1720	21.015570106870904
1721	21.015570106870904
1722	21.015570106870904
1723	16.640650402826616
1724	16.640650402826616
1725	16.640650402826616
1726	12.100298325464792
1727	12.100298325464792
1728	12.100298325464792
1729	12.598030847305187
1730	12.598030847305187
1731	12.598030847305187
1732	5.292258157939094
1733	5.292258157939094
1734	5.292258157939094
1735	11.705755831315079
1736	11.705755831315079
1737	11.705755831315079
1738	10.83589119172008
1739	10.83589119172008
1740	10.83589119172008
1741	8.121105153666052
1742	8.121105153666052
1743	8.121105153666052
1744	16.40656784974987
1745	16.40656784974987
1746	16.40656784974987
1747	10.596299364835257
1748	10.596299364835257
1749	10.596299364835257
1750	6.747097214862418
1751	6.747097214862418
1752	6.747097214862418
1753	12.250810241090141
1754	12.250810241090141
1755	12.250810241090141
1756	4.2789690558406885
1757	4.2789690558406885
1758	4.2789690558406885
1759	16.986577364685445
1760	16.986577364685445
1761	16.986577364685445
1762	4.044454433114127
1763	4.044454433114127
1764	4.044454433114127
1765	13.115540406958065
1766	13.115540406958065
1767	13.115540406958065
1768	7.9031532660774335
1769	7.9031532660774335
1770	7.9031532660774335
1771	0.5865859379386542
1772	0.5865859379386542
1773	0.5865859379386542
1774	23.173160540331896
1775	23.173160540331896
