0	2.487834867535889
1	2.487834867535889
2	2.487834867535889
3	2.487834867535889
4	2.487834867535889
5	4.8177520919238646
6	4.8177520919238646
7	4.8177520919238646
8	4.8177520919238646
9	4.8177520919238646
10	1.7108750577076601
11	1.7108750577076601
12	1.7108750577076601
13	1.7108750577076601
14	1.7108750577076601
15	6.046060045433347
16	6.046060045433347
17	6.046060045433347
18	6.046060045433347
19	6.046060045433347
20	3.6312309386041504
21	3.6312309386041504
22	3.6312309386041504
23	3.6312309386041504
24	3.6312309386041504
25	5.374486145463819
26	5.374486145463819
27	5.374486145463819
28	5.374486145463819
29	5.374486145463819
30	1.5080371373846375
31	1.5080371373846375
32	1.5080371373846375
33	1.5080371373846375
34	1.5080371373846375
35	2.785431504485746
36	2.785431504485746
37	2.785431504485746
38	2.785431504485746
39	2.785431504485746
40	3.0460389972941817
41	3.0460389972941817
42	3.0460389972941817
43	3.0460389972941817
44	3.0460389972941817
45	4.487610684172845
46	4.487610684172845
47	4.487610684172845
48	4.487610684172845
49	4.487610684172845
50	7.766695867463124
51	7.766695867463124
52	7.766695867463124
53	7.766695867463124
54	7.766695867463124
55	4.094434182616171
56	4.094434182616171
57	4.094434182616171
58	4.094434182616171
59	4.094434182616171
60	3.2425243513367374
61	3.2425243513367374
62	3.2425243513367374
63	3.2425243513367374
64	3.2425243513367374
65	4.468769490488742
66	4.468769490488742
67	4.468769490488742
68	4.468769490488742
69	4.468769490488742
70	0.8156154917665033
71	0.8156154917665033
72	0.8156154917665033
73	0.8156154917665033
74	0.8156154917665033
75	5.425275507404251
76	5.425275507404251
77	5.425275507404251
78	5.425275507404251
79	5.425275507404251
80	2.419206657977737
81	2.419206657977737
82	2.419206657977737
83	2.419206657977737
84	2.419206657977737
85	8.223158972757904
86	8.223158972757904
87	8.223158972757904
88	8.223158972757904
89	8.223158972757904
90	2.1397637556995273
91	2.1397637556995273
92	2.1397637556995273
93	2.1397637556995273
94	2.1397637556995273
95	2.2089280134578733
96	2.2089280134578733
97	2.2089280134578733
98	2.2089280134578733
99	2.2089280134578733
100	7.62617212182464
101	7.62617212182464
102	7.62617212182464
103	7.62617212182464
104	7.62617212182464
105	2.031672396681522
106	2.031672396681522
107	2.031672396681522
108	2.031672396681522
109	2.031672396681522
110	3.636883483191909
111	3.636883483191909
112	3.636883483191909
113	3.636883483191909
114	3.636883483191909
115	1.4617309889864665
116	1.4617309889864665
117	1.4617309889864665
118	1.4617309889864665
119	1.4617309889864665
120	2.96854446822036
121	2.96854446822036
122	2.96854446822036
123	2.96854446822036
124	2.96854446822036
125	4.840815179961837
126	4.840815179961837
127	4.840815179961837
128	4.840815179961837
129	4.840815179961837
130	4.174108667380183
131	4.174108667380183
132	4.174108667380183
133	4.174108667380183
134	4.174108667380183
135	0.874413354244548
136	0.874413354244548
137	0.874413354244548
138	0.874413354244548
139	0.874413354244548
140	3.4388324688268845
141	3.4388324688268845
142	3.4388324688268845
143	3.4388324688268845
144	3.4388324688268845
145	0.1
146	0.1
147	0.1
148	0.1
149	0.1
150	6.524363268460488
151	6.524363268460488
152	6.524363268460488
153	6.524363268460488
154	6.524363268460488
155	1.917211591424317
156	1.917211591424317
157	1.917211591424317
158	1.917211591424317
159	1.917211591424317
160	3.8669783786865164
161	3.8669783786865164
162	3.8669783786865164
163	3.8669783786865164
164	3.8669783786865164
165	4.6390557752397354
166	4.6390557752397354
167	4.6390557752397354
168	4.6390557752397354
169	4.6390557752397354
170	4.033244925302226
171	4.033244925302226
172	4.033244925302226
173	4.033244925302226
174	4.033244925302226
175	3.0153091689441096
176	3.0153091689441096
177	3.0153091689441096
178	3.0153091689441096
179	3.0153091689441096
180	0.1
181	0.1
182	0.1
183	0.1
184	0.1
185	5.632182241840951
186	5.632182241840951
187	5.632182241840951
188	5.632182241840951
189	5.632182241840951
190	4.469002501377635
191	4.469002501377635
192	4.469002501377635
193	4.469002501377635
194	4.469002501377635
195	1.050716287931638
196	1.050716287931638
197	1.050716287931638
198	1.050716287931638
199	1.050716287931638
200	2.722376572010518
201	2.722376572010518
202	2.722376572010518
203	2.722376572010518
204	2.722376572010518
205	3.2712272207686883
206	3.2712272207686883
207	3.2712272207686883
208	3.2712272207686883
209	3.2712272207686883
210	3.854996655991745
211	3.854996655991745
212	3.854996655991745
213	3.854996655991745
214	3.854996655991745
215	3.553233334656746
216	3.553233334656746
217	3.553233334656746
218	3.553233334656746
219	3.553233334656746
220	6.052667135246228
221	6.052667135246228
222	6.052667135246228
223	6.052667135246228
224	6.052667135246228
225	4.376752638975348
226	4.376752638975348
227	4.376752638975348
228	4.376752638975348
229	4.376752638975348
230	6.669070572887607
231	6.669070572887607
232	6.669070572887607
233	6.669070572887607
234	6.669070572887607
235	6.774377963447235
236	6.774377963447235
237	6.774377963447235
238	6.774377963447235
239	6.774377963447235
240	3.213097697496225
241	3.213097697496225
242	3.213097697496225
243	3.213097697496225
244	3.213097697496225
245	4.050508616640934
246	4.050508616640934
247	4.050508616640934
248	4.050508616640934
249	4.050508616640934
250	2.5871770152565796
251	2.5871770152565796
252	2.5871770152565796
253	2.5871770152565796
254	2.5871770152565796
255	4.046142077865116
256	4.046142077865116
257	4.046142077865116
258	4.046142077865116
259	3.3385418203687474
260	3.3385418203687474
261	3.3385418203687474
262	3.3385418203687474
263	3.3385418203687474
264	5.028941197448172
265	5.028941197448172
266	5.028941197448172
267	5.028941197448172
268	5.028941197448172
269	2.8444384886450447
270	2.8444384886450447
271	2.8444384886450447
272	2.8444384886450447
273	2.8444384886450447
274	2.036654767647018
275	2.036654767647018
276	2.036654767647018
277	2.036654767647018
278	2.036654767647018
279	2.7505856356076874
280	2.7505856356076874
281	2.7505856356076874
282	2.7505856356076874
283	2.7505856356076874
284	5.710417155312191
285	5.710417155312191
286	5.710417155312191
287	5.710417155312191
288	10.540656701969203
289	10.540656701969203
290	10.540656701969203
291	10.540656701969203
292	10.540656701969203
293	6.8631800301756485
294	6.8631800301756485
295	6.8631800301756485
296	6.8631800301756485
297	6.8631800301756485
298	5.39989048511764
299	5.39989048511764
300	5.39989048511764
301	5.39989048511764
302	5.39989048511764
303	6.464520558184226
304	6.464520558184226
305	6.464520558184226
306	6.464520558184226
307	6.464520558184226
308	2.987763673442351
309	2.987763673442351
310	2.987763673442351
311	2.987763673442351
312	2.987763673442351
313	5.870434325708265
314	5.870434325708265
315	5.870434325708265
316	5.870434325708265
317	5.870434325708265
318	6.728392604391038
319	6.728392604391038
320	6.728392604391038
321	6.728392604391038
322	6.728392604391038
323	6.916754976770699
324	6.916754976770699
325	6.916754976770699
326	6.916754976770699
327	6.916754976770699
328	6.5896826335474055
329	6.5896826335474055
330	6.5896826335474055
331	6.5896826335474055
332	6.5896826335474055
333	2.802050318838179
334	2.802050318838179
335	5.727891001678482
336	5.727891001678482
337	5.727891001678482
338	5.727891001678482
339	5.727891001678482
340	2.039387153843675
341	2.039387153843675
342	2.039387153843675
343	2.039387153843675
344	2.039387153843675
345	0.5728853316661295
346	0.5728853316661295
347	0.5728853316661295
348	0.5728853316661295
349	0.5728853316661295
350	4.5029803509027735
351	4.5029803509027735
352	4.5029803509027735
353	4.5029803509027735
354	4.5029803509027735
355	7.616533776110111
356	7.616533776110111
357	7.616533776110111
358	7.616533776110111
359	7.616533776110111
360	2.5950759966060817
361	2.5950759966060817
362	2.5950759966060817
363	2.5950759966060817
364	2.5950759966060817
365	1.9954125968940524
366	1.9954125968940524
367	1.9954125968940524
368	1.9954125968940524
369	1.9954125968940524
370	3.913186673829847
371	3.913186673829847
372	3.913186673829847
373	3.913186673829847
374	3.913186673829847
375	13.124100096240475
376	13.124100096240475
377	13.124100096240475
378	13.124100096240475
379	13.124100096240475
380	6.9844633854782385
381	6.9844633854782385
382	6.9844633854782385
383	6.9844633854782385
384	6.9844633854782385
385	4.667295142633931
386	4.667295142633931
387	4.667295142633931
388	4.667295142633931
389	4.667295142633931
390	6.68194624465628
391	6.68194624465628
392	6.68194624465628
393	6.68194624465628
394	6.68194624465628
395	7.385820346768191
396	7.385820346768191
397	7.385820346768191
398	7.385820346768191
399	7.385820346768191
400	9.10609044745283
401	9.10609044745283
402	9.10609044745283
403	9.10609044745283
404	9.10609044745283
405	5.763093021768039
406	5.763093021768039
407	5.763093021768039
408	5.763093021768039
409	5.763093021768039
410	6.578000284250126
411	6.578000284250126
412	6.578000284250126
413	6.578000284250126
414	6.578000284250126
415	7.46106912510372
416	7.46106912510372
417	7.46106912510372
418	7.46106912510372
419	7.46106912510372
420	2.102939683465708
421	2.102939683465708
422	2.102939683465708
423	2.102939683465708
424	2.102939683465708
425	0.5079092034590413
426	0.5079092034590413
427	0.5079092034590413
428	0.5079092034590413
429	0.5079092034590413
430	2.8306280337196017
431	2.8306280337196017
432	2.8306280337196017
433	2.8306280337196017
434	2.8306280337196017
435	13.095498560398294
436	13.095498560398294
437	13.095498560398294
438	13.095498560398294
439	13.095498560398294
440	4.834736351493249
441	4.834736351493249
442	4.834736351493249
443	4.834736351493249
444	4.834736351493249
445	0.4720155411108147
446	0.4720155411108147
447	0.4720155411108147
448	0.4720155411108147
449	0.4720155411108147
450	6.683975410347738
451	6.683975410347738
452	6.683975410347738
453	6.683975410347738
454	6.683975410347738
455	6.21873625876569
456	6.21873625876569
457	6.21873625876569
458	6.21873625876569
459	6.21873625876569
460	4.615644462466886
461	4.615644462466886
462	4.615644462466886
463	4.615644462466886
464	4.615644462466886
465	4.873846062200958
466	4.873846062200958
467	4.873846062200958
468	4.873846062200958
469	4.873846062200958
470	7.030918404981642
471	7.030918404981642
472	4.99679251820073
473	4.99679251820073
474	4.99679251820073
475	4.99679251820073
476	4.99679251820073
477	12.605622714576334
478	12.605622714576334
479	12.605622714576334
480	12.605622714576334
481	12.605622714576334
482	7.288606774225591
483	7.288606774225591
484	7.288606774225591
485	7.288606774225591
486	7.288606774225591
487	9.14808409828268
488	9.14808409828268
489	9.14808409828268
490	9.14808409828268
491	9.14808409828268
492	11.553275222488985
493	11.553275222488985
494	11.553275222488985
495	11.553275222488985
496	11.553275222488985
497	4.781716889675528
498	4.781716889675528
499	4.781716889675528
500	4.781716889675528
501	4.781716889675528
502	14.376594922970593
503	14.376594922970593
504	14.376594922970593
505	14.376594922970593
506	14.376594922970593
507	8.379047390775565
508	8.379047390775565
509	8.379047390775565
510	8.379047390775565
511	8.379047390775565
512	7.624406525642438
513	7.624406525642438
514	7.624406525642438
515	7.624406525642438
516	7.624406525642438
517	10.482719090766741
518	10.482719090766741
519	10.482719090766741
520	10.482719090766741
521	10.482719090766741
522	5.388608138566821
523	5.388608138566821
524	5.388608138566821
525	5.388608138566821
526	5.388608138566821
527	1.5340818476012172
528	1.5340818476012172
529	1.5340818476012172
530	1.5340818476012172
531	1.5340818476012172
532	10.987513308889037
533	10.987513308889037
534	10.987513308889037
535	10.987513308889037
536	10.987513308889037
537	12.046082268922085
538	12.046082268922085
539	12.046082268922085
540	12.046082268922085
541	12.046082268922085
542	7.935873261555891
543	7.935873261555891
544	7.935873261555891
545	7.935873261555891
546	7.935873261555891
547	15.936297533555937
548	15.936297533555937
549	15.936297533555937
550	15.936297533555937
551	15.936297533555937
552	4.336169472733582
553	4.336169472733582
554	4.336169472733582
555	4.336169472733582
556	4.336169472733582
557	11.927023572123307
558	11.927023572123307
559	11.927023572123307
560	11.927023572123307
561	11.927023572123307
562	10.033880598825611
563	10.033880598825611
564	10.033880598825611
565	10.033880598825611
566	10.033880598825611
567	12.184156012156002
568	12.184156012156002
569	12.184156012156002
570	12.184156012156002
571	12.184156012156002
572	6.662735148165744
573	6.662735148165744
574	6.662735148165744
575	6.662735148165744
576	6.662735148165744
577	9.479696505317952
578	9.479696505317952
579	9.479696505317952
580	9.479696505317952
581	9.479696505317952
582	6.206088290399533
583	6.206088290399533
584	6.206088290399533
585	6.206088290399533
586	6.206088290399533
587	10.867668573779621
588	10.867668573779621
589	10.867668573779621
590	10.867668573779621
591	10.867668573779621
592	7.260717751067085
593	7.260717751067085
594	7.260717751067085
595	7.260717751067085
596	7.260717751067085
597	7.688790137800277
598	7.688790137800277
599	7.688790137800277
600	7.688790137800277
601	7.688790137800277
602	5.605409630962936
603	5.605409630962936
604	5.605409630962936
605	5.605409630962936
606	5.605409630962936
607	10.941830854293794
608	10.941830854293794
609	10.941830854293794
610	10.941830854293794
611	10.941830854293794
612	12.563804052497133
613	12.563804052497133
614	12.563804052497133
615	12.563804052497133
616	12.563804052497133
617	10.485271679328049
618	10.485271679328049
619	10.485271679328049
620	10.485271679328049
621	10.485271679328049
622	12.509387980898563
623	12.509387980898563
624	12.509387980898563
625	12.509387980898563
626	12.509387980898563
627	6.247026508258565
628	6.247026508258565
629	6.247026508258565
630	6.247026508258565
631	6.247026508258565
632	2.3521960506002477
633	2.3521960506002477
634	2.3521960506002477
635	2.3521960506002477
636	2.3521960506002477
637	10.18704666351364
638	10.18704666351364
639	10.18704666351364
640	10.18704666351364
641	10.18704666351364
642	3.3307524109114395
643	3.3307524109114395
644	3.3307524109114395
645	3.3307524109114395
646	3.3307524109114395
647	5.616596108517509
648	5.616596108517509
649	5.616596108517509
650	5.616596108517509
651	5.616596108517509
652	6.883880970739909
653	6.883880970739909
654	6.883880970739909
655	6.883880970739909
656	6.883880970739909
657	10.639730717592926
658	10.639730717592926
659	10.639730717592926
660	10.639730717592926
661	10.639730717592926
662	12.418807966736637
663	12.418807966736637
664	12.418807966736637
665	12.418807966736637
666	12.418807966736637
667	3.3277199178291506
668	3.3277199178291506
669	3.3277199178291506
670	3.3277199178291506
671	3.3277199178291506
672	10.149736475147087
673	10.149736475147087
674	10.149736475147087
675	10.149736475147087
676	10.149736475147087
677	6.090672537197248
678	6.090672537197248
679	6.090672537197248
680	6.090672537197248
681	6.090672537197248
682	6.0491015076912955
683	6.0491015076912955
684	6.0491015076912955
685	6.0491015076912955
686	6.0491015076912955
687	11.850523134696274
688	11.850523134696274
689	11.850523134696274
690	11.850523134696274
691	11.850523134696274
692	9.462115353535884
693	9.462115353535884
694	9.462115353535884
695	9.462115353535884
696	9.462115353535884
697	11.63891008868558
698	11.63891008868558
699	11.63891008868558
700	11.63891008868558
701	11.63891008868558
702	5.536198959278849
703	5.536198959278849
704	5.536198959278849
705	5.536198959278849
706	5.536198959278849
707	2.465829559998749
708	2.465829559998749
709	2.465829559998749
710	2.465829559998749
711	2.465829559998749
712	2.3673505163516406
713	2.3673505163516406
714	2.3673505163516406
715	2.3673505163516406
716	2.3673505163516406
717	10.402402140620756
718	10.402402140620756
719	10.402402140620756
720	10.402402140620756
721	10.402402140620756
722	7.5317710274293725
723	7.5317710274293725
724	7.5317710274293725
725	7.5317710274293725
726	7.5317710274293725
727	6.581793154369068
728	6.581793154369068
729	6.581793154369068
730	6.581793154369068
731	6.581793154369068
732	6.512185103945155
733	6.512185103945155
734	6.512185103945155
735	6.512185103945155
736	6.512185103945155
737	10.453132705812758
738	10.453132705812758
739	10.453132705812758
740	10.453132705812758
741	10.453132705812758
742	8.351891951266918
743	8.351891951266918
744	8.351891951266918
745	8.351891951266918
746	8.351891951266918
747	7.621412369148954
748	7.621412369148954
749	7.621412369148954
750	7.621412369148954
751	7.621412369148954
752	11.865417721718241
753	11.865417721718241
754	11.865417721718241
755	11.865417721718241
756	11.865417721718241
757	7.333820836728102
758	7.333820836728102
759	7.333820836728102
760	7.333820836728102
761	7.333820836728102
762	4.99229044514602
763	4.99229044514602
764	4.99229044514602
765	4.99229044514602
766	4.99229044514602
767	7.461484207284409
768	7.461484207284409
769	7.461484207284409
770	7.461484207284409
771	7.461484207284409
772	8.611636576223095
773	8.611636576223095
774	8.611636576223095
775	8.611636576223095
776	8.611636576223095
777	14.151248276495688
778	14.151248276495688
779	14.151248276495688
780	14.151248276495688
781	14.151248276495688
782	5.350304447362809
783	5.350304447362809
784	5.350304447362809
785	5.350304447362809
786	5.350304447362809
787	13.242798965396883
788	13.242798965396883
789	13.242798965396883
790	13.242798965396883
791	13.242798965396883
792	4.401079496139372
793	4.401079496139372
794	4.401079496139372
795	4.401079496139372
796	4.401079496139372
797	6.949899198980444
798	6.949899198980444
799	6.949899198980444
800	6.949899198980444
801	6.949899198980444
802	3.3928803940511
803	3.3928803940511
804	3.3928803940511
805	3.3928803940511
806	3.3928803940511
807	10.482691447494012
808	10.482691447494012
809	10.482691447494012
810	10.482691447494012
811	10.482691447494012
812	3.1020526597774856
813	3.1020526597774856
814	3.1020526597774856
815	3.1020526597774856
816	3.1020526597774856
817	11.419609455603325
818	11.419609455603325
819	11.419609455603325
820	11.419609455603325
821	11.419609455603325
822	6.31347089906212
823	6.31347089906212
824	6.31347089906212
825	6.31347089906212
826	6.31347089906212
827	5.538615319537207
828	5.538615319537207
829	5.538615319537207
830	5.538615319537207
831	5.538615319537207
832	5.736959696504379
833	5.736959696504379
834	5.736959696504379
835	5.736959696504379
836	5.736959696504379
837	12.762568832157287
838	12.762568832157287
839	12.762568832157287
840	12.762568832157287
841	12.762568832157287
842	4.77479496913618
843	4.77479496913618
844	4.77479496913618
845	4.77479496913618
846	4.77479496913618
847	11.409314905112392
848	11.409314905112392
849	11.409314905112392
850	11.409314905112392
851	11.409314905112392
852	6.28575741466394
853	6.28575741466394
854	6.28575741466394
855	6.28575741466394
856	6.28575741466394
857	8.441508402060622
858	8.441508402060622
859	8.441508402060622
860	8.441508402060622
861	6.846329062121337
862	6.846329062121337
863	6.846329062121337
864	6.846329062121337
865	6.846329062121337
866	8.557535872678335
867	8.557535872678335
868	8.557535872678335
869	8.557535872678335
870	8.557535872678335
871	0.838194524548328
872	18.335776503528347
873	18.335776503528347
874	18.335776503528347
875	18.335776503528347
876	18.335776503528347
877	6.003661125711032
878	6.003661125711032
879	6.003661125711032
880	6.003661125711032
881	6.003661125711032
882	1.7221745784867846
883	1.7221745784867846
884	1.7221745784867846
885	1.7221745784867846
886	1.7221745784867846
887	4.426640201810696
888	4.426640201810696
889	4.426640201810696
890	4.426640201810696
891	4.426640201810696
892	8.134185595256206
893	8.134185595256206
894	8.134185595256206
895	8.134185595256206
896	8.134185595256206
897	11.746466840608736
898	11.746466840608736
899	11.746466840608736
900	11.746466840608736
901	11.746466840608736
902	9.013290663055534
903	9.013290663055534
904	13.619224751903728
905	13.619224751903728
906	13.619224751903728
907	13.619224751903728
908	13.619224751903728
909	12.827688945403835
910	12.827688945403835
911	12.827688945403835
912	12.827688945403835
913	12.827688945403835
914	5.795364421975847
915	5.795364421975847
916	5.795364421975847
917	5.795364421975847
918	5.795364421975847
919	15.704838709229557
920	15.704838709229557
921	15.704838709229557
922	15.704838709229557
923	15.704838709229557
924	6.12029059536891
925	6.12029059536891
926	6.12029059536891
927	6.12029059536891
928	6.12029059536891
929	3.1002601270347023
930	3.1002601270347023
931	3.1002601270347023
932	3.1002601270347023
933	3.1002601270347023
934	4.893465234110902
935	4.893465234110902
936	4.893465234110902
937	4.893465234110902
938	4.893465234110902
939	5.068273168791977
940	5.068273168791977
941	5.068273168791977
942	5.068273168791977
943	5.068273168791977
944	9.62698107902565
945	9.62698107902565
946	9.62698107902565
947	9.62698107902565
948	9.62698107902565
949	11.210990091062595
950	11.210990091062595
951	11.210990091062595
952	11.210990091062595
953	11.210990091062595
954	10.833146661377263
955	10.833146661377263
956	10.833146661377263
957	10.833146661377263
958	10.833146661377263
959	4.5070332132169035
960	4.5070332132169035
961	4.5070332132169035
962	4.5070332132169035
963	4.5070332132169035
964	10.275591920266537
965	10.275591920266537
966	10.275591920266537
967	10.275591920266537
968	10.275591920266537
969	3.4270113219325298
970	3.4270113219325298
971	3.4270113219325298
972	3.4270113219325298
973	3.4270113219325298
974	9.035782503134733
975	9.035782503134733
976	9.035782503134733
977	9.035782503134733
978	9.035782503134733
979	5.69179357988957
980	5.69179357988957
981	5.69179357988957
982	5.69179357988957
983	5.69179357988957
984	8.679047831498078
985	8.679047831498078
986	8.679047831498078
987	8.679047831498078
988	8.679047831498078
989	15.42885221710712
990	15.42885221710712
991	15.42885221710712
992	15.42885221710712
993	15.42885221710712
994	0.1
995	0.1
996	0.1
997	0.1
998	0.1
999	11.227637517713669
1000	11.227637517713669
1001	11.227637517713669
1002	11.227637517713669
1003	11.227637517713669
1004	2.913678463097882
1005	2.913678463097882
1006	2.913678463097882
1007	2.913678463097882
1008	2.913678463097882
1009	1.825764532635925
1010	1.825764532635925
1011	1.825764532635925
1012	9.603722536171178
1013	9.603722536171178
1014	9.603722536171178
1015	9.603722536171178
1016	9.603722536171178
1017	13.616724847491882
1018	13.616724847491882
1019	13.616724847491882
1020	13.616724847491882
1021	13.616724847491882
1022	7.92874396543996
1023	7.92874396543996
1024	7.92874396543996
1025	7.92874396543996
1026	7.92874396543996
1027	4.576189324816196
1028	4.576189324816196
1029	4.576189324816196
1030	4.576189324816196
1031	4.576189324816196
1032	1.4555195936326948
1033	1.4555195936326948
1034	1.4555195936326948
1035	1.4555195936326948
1036	1.4555195936326948
1037	12.137113985226542
1038	12.137113985226542
1039	12.137113985226542
1040	12.137113985226542
1041	12.137113985226542
1042	4.020063512716766
1043	4.020063512716766
1044	4.020063512716766
1045	4.020063512716766
1046	4.020063512716766
1047	13.137901023326712
1048	13.137901023326712
1049	13.137901023326712
1050	13.137901023326712
1051	13.137901023326712
1052	8.9570014625693
1053	8.9570014625693
1054	8.9570014625693
1055	8.9570014625693
1056	8.9570014625693
1057	7.710156780984532
1058	7.710156780984532
1059	7.710156780984532
1060	7.710156780984532
1061	7.710156780984532
1062	10.331719221358135
1063	10.331719221358135
1064	10.331719221358135
1065	10.331719221358135
1066	10.331719221358135
1067	10.673491508793346
1068	10.673491508793346
1069	10.673491508793346
1070	10.673491508793346
1071	10.673491508793346
1072	12.779633000860931
1073	12.779633000860931
1074	12.779633000860931
1075	12.779633000860931
1076	12.779633000860931
1077	5.436343258389863
1078	5.436343258389863
1079	5.436343258389863
1080	5.436343258389863
1081	5.436343258389863
1082	11.523768353388721
1083	11.523768353388721
1084	11.523768353388721
1085	11.523768353388721
1086	11.523768353388721
1087	10.518989943330855
1088	10.518989943330855
1089	10.518989943330855
1090	10.518989943330855
1091	10.518989943330855
1092	17.922204115784982
1093	17.922204115784982
1094	17.922204115784982
1095	17.922204115784982
1096	17.922204115784982
1097	10.054368112620477
1098	10.054368112620477
1099	10.054368112620477
1100	10.054368112620477
1101	10.054368112620477
1102	5.103902879178312
1103	5.103902879178312
1104	5.103902879178312
1105	5.103902879178312
1106	5.103902879178312
1107	16.48195051770495
1108	16.48195051770495
1109	16.48195051770495
1110	16.48195051770495
1111	16.48195051770495
1112	9.831212899732076
1113	9.831212899732076
1114	9.831212899732076
1115	9.831212899732076
1116	9.831212899732076
1117	12.778531539114109
1118	12.778531539114109
1119	12.778531539114109
1120	0.1
1121	0.1
1122	0.1
1123	0.1
1124	0.1
1125	8.10100502009696
1126	8.10100502009696
1127	8.10100502009696
1128	8.10100502009696
1129	8.10100502009696
1130	2.6413221196241334
1131	2.6413221196241334
1132	2.6413221196241334
1133	2.6413221196241334
1134	2.6413221196241334
1135	0.2606820818198008
1136	0.2606820818198008
1137	0.2606820818198008
1138	0.2606820818198008
1139	0.2606820818198008
1140	2.5051863163236887
1141	2.5051863163236887
1142	2.5051863163236887
1143	2.5051863163236887
1144	2.5051863163236887
1145	2.271607880871763
1146	2.271607880871763
1147	2.271607880871763
1148	2.271607880871763
1149	2.271607880871763
1150	7.00048810607814
1151	7.00048810607814
1152	7.00048810607814
1153	7.00048810607814
1154	7.00048810607814
1155	3.599589237570443
1156	3.599589237570443
1157	3.599589237570443
1158	3.599589237570443
1159	3.599589237570443
1160	5.804693332853163
1161	5.804693332853163
1162	5.804693332853163
1163	5.804693332853163
1164	5.804693332853163
1165	5.613478131909077
1166	5.613478131909077
1167	5.613478131909077
1168	5.613478131909077
1169	5.613478131909077
1170	5.117168401972805
1171	5.117168401972805
1172	5.117168401972805
1173	5.117168401972805
1174	5.117168401972805
1175	5.838549075296649
1176	5.838549075296649
1177	5.838549075296649
1178	5.838549075296649
1179	5.838549075296649
1180	4.742584408711434
1181	4.742584408711434
1182	4.742584408711434
1183	4.742584408711434
1184	4.742584408711434
1185	3.3382007312782345
1186	3.3382007312782345
1187	3.3382007312782345
1188	3.3382007312782345
1189	3.3382007312782345
1190	5.576558411554098
1191	5.576558411554098
1192	5.576558411554098
1193	5.576558411554098
1194	5.576558411554098
1195	7.850697054623852
1196	7.850697054623852
1197	7.850697054623852
1198	7.850697054623852
1199	7.850697054623852
1200	3.857520226068292
1201	3.857520226068292
1202	3.857520226068292
1203	3.857520226068292
1204	3.857520226068292
1205	4.220098657460342
1206	4.220098657460342
1207	4.220098657460342
1208	4.220098657460342
1209	4.220098657460342
1210	0.1
1211	0.1
1212	0.1
1213	0.1
1214	0.1
1215	9.563689236938302
1216	9.563689236938302
1217	9.563689236938302
1218	9.563689236938302
1219	9.563689236938302
1220	4.755814850350554
1221	4.755814850350554
1222	4.755814850350554
1223	4.755814850350554
1224	4.755814850350554
1225	11.105635717255417
1226	11.105635717255417
1227	11.105635717255417
1228	11.105635717255417
1229	11.105635717255417
1230	9.68179759556803
1231	9.68179759556803
1232	9.68179759556803
1233	9.68179759556803
1234	9.68179759556803
1235	5.344996467061762
1236	5.344996467061762
1237	5.344996467061762
1238	5.344996467061762
1239	5.344996467061762
1240	5.773009417555034
1241	5.773009417555034
1242	5.773009417555034
1243	5.773009417555034
1244	5.773009417555034
1245	7.331699631390892
1246	7.331699631390892
1247	7.331699631390892
1248	7.331699631390892
1249	7.331699631390892
1250	0.1
1251	0.1
1252	0.1
1253	0.1
1254	0.1
1255	10.396515885051668
1256	10.396515885051668
1257	10.396515885051668
1258	10.396515885051668
1259	10.396515885051668
1260	9.260295997508798
1261	9.260295997508798
1262	9.260295997508798
1263	9.260295997508798
1264	9.260295997508798
1265	15.284984263790161
1266	15.284984263790161
1267	15.284984263790161
1268	15.284984263790161
1269	15.284984263790161
1270	5.864402842321198
1271	5.864402842321198
1272	5.864402842321198
1273	5.864402842321198
1274	5.864402842321198
1275	18.59525875637607
1276	18.59525875637607
1277	18.59525875637607
1278	18.59525875637607
1279	18.59525875637607
1280	8.484886390734586
1281	8.484886390734586
1282	8.484886390734586
1283	8.484886390734586
1284	8.484886390734586
1285	12.510764811758783
1286	12.510764811758783
1287	12.510764811758783
1288	12.510764811758783
1289	12.510764811758783
1290	11.526961599165611
1291	11.526961599165611
1292	11.526961599165611
1293	11.526961599165611
1294	11.526961599165611
1295	0.1
1296	0.1
1297	0.1
1298	0.1
1299	0.1
1300	12.369894900841919
1301	12.369894900841919
1302	12.369894900841919
1303	12.369894900841919
1304	12.369894900841919
1305	5.669106007950116
1306	5.669106007950116
1307	5.669106007950116
1308	5.669106007950116
1309	5.669106007950116
1310	4.891230533451373
1311	4.891230533451373
1312	4.891230533451373
1313	4.891230533451373
1314	4.891230533451373
1315	10.23988085294408
1316	10.23988085294408
1317	10.23988085294408
1318	10.23988085294408
1319	10.23988085294408
1320	8.34760036391303
1321	8.34760036391303
1322	8.34760036391303
1323	8.34760036391303
1324	8.34760036391303
1325	14.933802534124757
1326	6.552809643988585
1327	6.552809643988585
1328	6.552809643988585
1329	6.552809643988585
1330	6.552809643988585
1331	8.659462035431636
1332	8.659462035431636
1333	8.659462035431636
1334	8.659462035431636
1335	8.659462035431636
1336	6.966910431907527
1337	6.966910431907527
1338	6.966910431907527
1339	6.966910431907527
1340	6.966910431907527
1341	4.221859946171561
1342	4.221859946171561
1343	4.221859946171561
1344	4.221859946171561
1345	4.221859946171561
1346	11.365023135084135
1347	11.365023135084135
1348	11.365023135084135
1349	11.365023135084135
1350	11.365023135084135
1351	1.0217295031471831
1352	1.0217295031471831
1353	1.0217295031471831
1354	1.0217295031471831
1355	1.0217295031471831
1356	3.790454648186042
1357	3.790454648186042
1358	3.790454648186042
1359	3.790454648186042
1360	3.790454648186042
1361	1.6428319129602622
1362	1.6428319129602622
1363	1.6428319129602622
1364	1.6428319129602622
1365	1.6428319129602622
1366	5.63856180417226
1367	5.63856180417226
1368	5.63856180417226
1369	5.63856180417226
1370	5.63856180417226
1371	7.224965183632207
1372	7.224965183632207
1373	7.224965183632207
1374	7.224965183632207
1375	7.224965183632207
1376	3.114897118792126
1377	3.114897118792126
1378	13.249186171536955
1379	13.249186171536955
1380	13.249186171536955
1381	13.249186171536955
1382	13.249186171536955
1383	12.116988764244304
1384	12.116988764244304
1385	12.116988764244304
1386	12.116988764244304
1387	12.116988764244304
1388	12.109078201069693
1389	12.109078201069693
1390	12.109078201069693
1391	12.109078201069693
1392	12.109078201069693
1393	11.40678942288412
1394	11.40678942288412
1395	11.40678942288412
1396	11.40678942288412
1397	11.40678942288412
1398	7.3812488810975845
1399	7.3812488810975845
1400	7.3812488810975845
1401	7.3812488810975845
1402	7.3812488810975845
1403	0.11844421735012389
1404	0.11844421735012389
1405	0.11844421735012389
1406	0.11844421735012389
1407	0.11844421735012389
1408	12.056789588398207
1409	12.056789588398207
1410	12.056789588398207
1411	12.056789588398207
1412	12.056789588398207
1413	13.571778463045582
1414	13.571778463045582
1415	13.571778463045582
1416	13.571778463045582
1417	13.571778463045582
1418	10.094567632076078
1419	10.094567632076078
1420	10.094567632076078
1421	10.094567632076078
1422	10.094567632076078
1423	15.36689415422306
1424	15.36689415422306
1425	15.36689415422306
1426	15.36689415422306
1427	15.36689415422306
1428	9.236232254442973
1429	9.236232254442973
1430	9.236232254442973
1431	9.236232254442973
1432	9.236232254442973
1433	9.348873047561575
1434	9.348873047561575
1435	9.348873047561575
1436	9.348873047561575
1437	9.348873047561575
1438	3.1513479750000943
1439	3.1513479750000943
1440	3.1513479750000943
1441	3.1513479750000943
1442	3.1513479750000943
1443	2.771273183714878
1444	2.771273183714878
1445	2.771273183714878
1446	2.771273183714878
1447	2.771273183714878
1448	13.595966209556515
1449	13.595966209556515
1450	13.595966209556515
1451	13.595966209556515
1452	13.595966209556515
1453	6.384965933659289
1454	6.384965933659289
1455	6.384965933659289
1456	6.384965933659289
1457	6.384965933659289
1458	8.993558865071632
1459	8.993558865071632
1460	8.993558865071632
1461	8.993558865071632
1462	8.993558865071632
1463	9.996645920174108
1464	9.996645920174108
1465	9.996645920174108
1466	9.996645920174108
1467	9.996645920174108
1468	9.536204342712143
1469	9.536204342712143
1470	9.536204342712143
1471	9.536204342712143
1472	9.536204342712143
1473	12.097890623092942
1474	12.097890623092942
1475	12.097890623092942
1476	12.097890623092942
1477	12.097890623092942
1478	4.221056544464089
1479	4.221056544464089
1480	4.221056544464089
1481	4.221056544464089
1482	4.221056544464089
1483	2.127018436854102
1484	2.127018436854102
1485	2.127018436854102
1486	2.127018436854102
1487	2.127018436854102
1488	4.090005142920893
1489	4.090005142920893
1490	4.090005142920893
1491	4.090005142920893
1492	4.090005142920893
1493	10.326815567730213
1494	10.326815567730213
1495	10.326815567730213
1496	10.326815567730213
1497	10.326815567730213
1498	14.163835875984857
1499	14.163835875984857
1500	14.163835875984857
1501	14.163835875984857
1502	14.163835875984857
1503	8.505857621156359
1504	8.505857621156359
1505	8.505857621156359
1506	8.505857621156359
1507	8.505857621156359
1508	8.690317152610229
1509	8.690317152610229
1510	8.690317152610229
1511	8.690317152610229
1512	8.690317152610229
1513	13.488642222731947
1514	13.488642222731947
1515	13.488642222731947
1516	13.488642222731947
1517	13.488642222731947
1518	13.072307327570279
1519	13.072307327570279
1520	13.072307327570279
1521	13.072307327570279
1522	13.072307327570279
1523	8.568449394321071
1524	8.568449394321071
1525	8.568449394321071
1526	8.568449394321071
1527	8.568449394321071
1528	8.901079932201883
1529	8.901079932201883
1530	8.901079932201883
1531	8.901079932201883
1532	8.901079932201883
1533	13.370644965702544
1534	13.370644965702544
1535	13.370644965702544
1536	13.370644965702544
1537	13.370644965702544
1538	6.971033987265857
1539	6.971033987265857
1540	6.971033987265857
1541	6.971033987265857
1542	6.971033987265857
1543	8.915657574403841
1544	8.915657574403841
1545	8.915657574403841
1546	8.915657574403841
1547	8.915657574403841
1548	6.121537003314092
1549	6.121537003314092
1550	6.121537003314092
1551	6.121537003314092
1552	6.121537003314092
1553	12.001749817249673
1554	12.001749817249673
1555	12.001749817249673
1556	12.001749817249673
1557	12.001749817249673
1558	4.660143343795756
1559	4.660143343795756
1560	4.660143343795756
1561	4.660143343795756
1562	4.660143343795756
1563	12.593691745485275
1564	12.593691745485275
1565	12.593691745485275
1566	12.593691745485275
1567	12.593691745485275
1568	1.4320135052971894
1569	1.4320135052971894
1570	1.4320135052971894
1571	1.4320135052971894
1572	1.4320135052971894
1573	7.884198893187189
1574	7.884198893187189
1575	7.884198893187189
1576	7.884198893187189
1577	7.884198893187189
1578	10.179823999175941
1579	8.529624810062604
1580	8.529624810062604
1581	8.529624810062604
1582	8.529624810062604
1583	8.529624810062604
1584	7.42997562404708
1585	7.42997562404708
1586	7.42997562404708
1587	7.42997562404708
1588	7.42997562404708
1589	6.65113318061876
1590	6.65113318061876
1591	6.65113318061876
1592	6.65113318061876
1593	6.65113318061876
1594	10.463234110708035
1595	10.463234110708035
1596	10.463234110708035
1597	10.463234110708035
1598	10.463234110708035
1599	4.575847685655904
1600	4.575847685655904
1601	4.575847685655904
1602	4.575847685655904
1603	4.575847685655904
1604	5.463989235460492
1605	5.463989235460492
1606	5.463989235460492
1607	5.463989235460492
1608	5.463989235460492
1609	9.606886050992918
1610	9.606886050992918
1611	9.606886050992918
1612	9.606886050992918
1613	9.606886050992918
1614	9.118354234198119
1615	9.118354234198119
1616	9.118354234198119
1617	9.118354234198119
1618	9.118354234198119
1619	4.9864323363527845
1620	4.9864323363527845
1621	4.9864323363527845
1622	4.9864323363527845
1623	4.9864323363527845
1624	9.586960985711134
1625	9.586960985711134
1626	9.586960985711134
1627	9.586960985711134
1628	9.586960985711134
1629	3.452039045753441
1630	3.452039045753441
1631	8.243596771766939
1632	8.243596771766939
1633	8.243596771766939
1634	8.243596771766939
1635	8.243596771766939
1636	6.610400311532622
1637	6.610400311532622
1638	6.610400311532622
1639	6.610400311532622
1640	6.610400311532622
1641	6.484757123433254
1642	6.484757123433254
1643	6.484757123433254
1644	6.484757123433254
1645	6.484757123433254
1646	4.639452353475119
1647	4.639452353475119
1648	4.639452353475119
1649	4.639452353475119
1650	4.639452353475119
1651	6.480132348784609
1652	6.480132348784609
1653	6.480132348784609
1654	6.480132348784609
1655	6.480132348784609
1656	3.330995985960014
1657	3.330995985960014
1658	3.330995985960014
1659	3.330995985960014
1660	3.330995985960014
1661	5.005401241168806
1662	5.005401241168806
1663	5.005401241168806
1664	5.005401241168806
1665	5.005401241168806
1666	4.710096435180783
1667	4.710096435180783
1668	4.710096435180783
1669	4.710096435180783
1670	4.710096435180783
1671	7.904253116107945
1672	7.904253116107945
1673	7.904253116107945
1674	7.904253116107945
1675	7.904253116107945
1676	3.0554760134760017
1677	3.0554760134760017
1678	3.0554760134760017
1679	3.0554760134760017
1680	3.0554760134760017
1681	1.312846997877057
1682	1.312846997877057
1683	1.312846997877057
1684	1.312846997877057
1685	1.312846997877057
1686	4.615024341608854
1687	4.615024341608854
1688	4.615024341608854
1689	4.615024341608854
1690	4.615024341608854
1691	2.6976793486308104
1692	2.6976793486308104
1693	2.6976793486308104
1694	2.6976793486308104
1695	2.6976793486308104
1696	2.895298473044864
1697	2.895298473044864
1698	2.895298473044864
1699	2.895298473044864
1700	2.895298473044864
1701	3.5789766621822166
1702	3.5789766621822166
1703	3.5789766621822166
1704	3.5789766621822166
1705	3.5789766621822166
1706	4.823833117153992
1707	4.823833117153992
1708	4.823833117153992
1709	4.823833117153992
1710	4.823833117153992
1711	5.726606367963045
1712	5.726606367963045
1713	5.726606367963045
1714	5.726606367963045
1715	5.726606367963045
1716	8.968749659929923
1717	8.968749659929923
1718	8.968749659929923
1719	8.968749659929923
1720	8.968749659929923
1721	3.8692071856267964
1722	3.8692071856267964
1723	3.8692071856267964
1724	3.8692071856267964
1725	3.8692071856267964
1726	5.564227546136527
1727	5.564227546136527
1728	5.564227546136527
1729	5.564227546136527
1730	5.564227546136527
1731	4.511094797879184
1732	4.511094797879184
1733	4.511094797879184
1734	4.511094797879184
1735	4.511094797879184
1736	4.296690846540251
1737	4.296690846540251
1738	4.296690846540251
1739	4.296690846540251
1740	4.296690846540251
1741	5.201938469756183
1742	5.201938469756183
1743	5.201938469756183
1744	5.201938469756183
1745	5.201938469756183
1746	3.7920146520574325
1747	3.7920146520574325
1748	3.7920146520574325
1749	3.7920146520574325
1750	3.7920146520574325
1751	0.3474711590979296
1752	0.3474711590979296
1753	0.3474711590979296
1754	0.3474711590979296
1755	0.3474711590979296
1756	5.89683094644049
1757	5.89683094644049
1758	5.89683094644049
1759	5.89683094644049
1760	5.89683094644049
1761	6.542366959712158
1762	6.542366959712158
1763	6.542366959712158
1764	6.542366959712158
1765	6.590835528722606
1766	6.590835528722606
1767	6.590835528722606
1768	6.590835528722606
1769	6.590835528722606
1770	10.50208453877012
1771	10.50208453877012
1772	10.50208453877012
1773	10.50208453877012
1774	10.50208453877012
1775	5.201707670156676
1776	5.201707670156676
1777	5.201707670156676
1778	5.201707670156676
1779	5.201707670156676
1780	4.486423276211445
1781	4.486423276211445
1782	4.486423276211445
1783	4.486423276211445
1784	4.486423276211445
1785	8.461217763928037
1786	8.461217763928037
1787	8.461217763928037
1788	8.461217763928037
1789	8.461217763928037
1790	4.2723532304850735
1791	4.2723532304850735
1792	4.2723532304850735
1793	4.2723532304850735
1794	4.2723532304850735
1795	2.6733167252991334
1796	2.6733167252991334
1797	2.6733167252991334
1798	2.6733167252991334
1799	2.6733167252991334
1800	3.7027424937071975
1801	3.7027424937071975
1802	3.7027424937071975
1803	3.7027424937071975
1804	3.7027424937071975
1805	8.715266171655694
1806	8.715266171655694
1807	8.715266171655694
1808	8.715266171655694
1809	8.715266171655694
1810	0.1
1811	0.1
1812	0.1
1813	0.1
1814	0.1
1815	4.884167603147107
1816	4.884167603147107
1817	4.884167603147107
1818	4.884167603147107
1819	4.884167603147107
1820	7.986497041869656
1821	7.986497041869656
1822	7.986497041869656
1823	7.986497041869656
1824	7.986497041869656
1825	7.725599605075047
1826	7.725599605075047
1827	7.725599605075047
1828	7.725599605075047
1829	7.725599605075047
1830	6.765820924851642
1831	6.765820924851642
1832	6.765820924851642
1833	6.765820924851642
1834	6.765820924851642
1835	7.182548718971922
1836	7.182548718971922
1837	7.182548718971922
1838	7.182548718971922
1839	7.182548718971922
1840	4.678047636018602
1841	4.678047636018602
1842	4.678047636018602
1843	4.678047636018602
1844	4.678047636018602
1845	4.7008813031152386
1846	4.7008813031152386
1847	4.7008813031152386
1848	4.7008813031152386
1849	4.7008813031152386
1850	9.224940728596934
1851	9.224940728596934
1852	9.224940728596934
1853	9.224940728596934
1854	9.224940728596934
1855	6.609979393368247
1856	6.609979393368247
1857	6.609979393368247
1858	6.609979393368247
1859	6.609979393368247
1860	6.014180161167525
1861	6.014180161167525
1862	6.014180161167525
1863	6.014180161167525
1864	6.014180161167525
1865	10.474209632077642
1866	10.474209632077642
1867	10.474209632077642
1868	10.474209632077642
1869	10.474209632077642
1870	9.338250854289733
1871	9.338250854289733
1872	9.338250854289733
1873	9.338250854289733
1874	9.338250854289733
1875	4.893871947913122
1876	4.893871947913122
1877	4.893871947913122
1878	4.893871947913122
1879	4.893871947913122
1880	5.964660743238611
1881	5.964660743238611
1882	5.964660743238611
1883	5.964660743238611
1884	5.964660743238611
1885	8.285191908497215
1886	8.285191908497215
1887	8.285191908497215
1888	8.285191908497215
1889	8.285191908497215
1890	7.116076689521116
1891	7.116076689521116
1892	7.116076689521116
1893	7.116076689521116
1894	7.116076689521116
1895	5.402404719551279
1896	5.402404719551279
1897	5.402404719551279
1898	5.402404719551279
1899	5.402404719551279
1900	0.3772158910176451
1901	0.3772158910176451
1902	0.3772158910176451
1903	0.3772158910176451
1904	0.3772158910176451
1905	5.011056258385296
1906	5.011056258385296
1907	5.011056258385296
1908	5.011056258385296
1909	5.011056258385296
1910	9.60968539306032
1911	9.60968539306032
1912	9.60968539306032
1913	9.60968539306032
1914	9.60968539306032
1915	13.771433827243598
1916	13.771433827243598
1917	13.771433827243598
1918	13.771433827243598
1919	13.771433827243598
1920	10.033258006379349
1921	10.033258006379349
1922	10.033258006379349
1923	10.033258006379349
1924	10.033258006379349
1925	14.030338017199082
1926	14.030338017199082
1927	14.030338017199082
1928	14.030338017199082
1929	14.030338017199082
1930	11.962162606230923
1931	11.962162606230923
1932	11.962162606230923
1933	11.962162606230923
1934	11.962162606230923
1935	4.62793392412885
1936	4.62793392412885
1937	4.62793392412885
1938	4.62793392412885
1939	4.62793392412885
1940	7.231821545543847
1941	7.231821545543847
1942	7.231821545543847
1943	7.231821545543847
1944	7.231821545543847
1945	1.9654780216959304
1946	1.9654780216959304
1947	4.7326806370093735
1948	4.7326806370093735
1949	4.7326806370093735
1950	4.7326806370093735
1951	4.7326806370093735
1952	8.120527916327681
1953	8.120527916327681
1954	3.9099509984549594
1955	3.9099509984549594
1956	3.9099509984549594
1957	3.9099509984549594
1958	3.9099509984549594
1959	5.014155647469984
1960	5.014155647469984
1961	5.014155647469984
1962	5.014155647469984
1963	5.014155647469984
1964	2.59507790154619
1965	2.59507790154619
1966	2.59507790154619
1967	2.59507790154619
1968	2.59507790154619
1969	4.079613465476882
1970	4.079613465476882
1971	4.079613465476882
1972	4.079613465476882
1973	4.079613465476882
1974	7.697744871732797
1975	7.697744871732797
1976	7.697744871732797
1977	7.697744871732797
1978	7.697744871732797
1979	6.707110017718621
1980	6.707110017718621
1981	6.707110017718621
1982	6.707110017718621
1983	6.707110017718621
1984	4.384534206683625
1985	4.384534206683625
1986	4.384534206683625
1987	4.384534206683625
1988	4.384534206683625
1989	6.935245418321509
1990	6.935245418321509
1991	6.935245418321509
1992	6.935245418321509
1993	6.935245418321509
1994	1.4145403065775741
1995	1.4145403065775741
1996	1.4145403065775741
1997	1.4145403065775741
1998	1.4145403065775741
1999	0.3678755391227648
2000	0.3678755391227648
2001	0.3678755391227648
2002	0.3678755391227648
2003	0.3678755391227648
2004	3.839108703126813
2005	3.839108703126813
2006	3.839108703126813
2007	3.839108703126813
2008	3.839108703126813
2009	4.448618938708215
2010	4.448618938708215
2011	4.448618938708215
2012	4.448618938708215
2013	4.448618938708215
2014	4.3403999634928
2015	4.3403999634928
2016	4.3403999634928
2017	4.3403999634928
2018	4.3403999634928
2019	6.25034397251515
2020	6.25034397251515
2021	6.25034397251515
2022	6.25034397251515
2023	6.25034397251515
2024	6.583656107909735
2025	6.583656107909735
2026	6.583656107909735
2027	6.583656107909735
2028	6.583656107909735
2029	2.9394630099572203
2030	2.9394630099572203
2031	2.9394630099572203
2032	2.9394630099572203
2033	2.9394630099572203
2034	6.824572511121218
2035	6.824572511121218
2036	6.824572511121218
2037	6.824572511121218
2038	6.824572511121218
2039	6.125362582413286
2040	6.125362582413286
2041	6.125362582413286
2042	6.125362582413286
2043	6.125362582413286
2044	1.7642481374717347
2045	1.7642481374717347
2046	1.7642481374717347
2047	1.7642481374717347
2048	1.7642481374717347
2049	1.2202097733627895
2050	1.2202097733627895
2051	1.2202097733627895
2052	1.2202097733627895
2053	1.2202097733627895
2054	6.326667580969282
2055	6.326667580969282
2056	6.326667580969282
2057	6.326667580969282
2058	6.326667580969282
2059	4.132496036100212
2060	4.132496036100212
2061	4.132496036100212
2062	4.132496036100212
2063	4.132496036100212
2064	1.1809909223525685
2065	1.1809909223525685
2066	1.1809909223525685
2067	1.1809909223525685
2068	1.1809909223525685
2069	3.777616640395938
2070	3.777616640395938
2071	3.777616640395938
2072	3.777616640395938
2073	3.777616640395938
2074	2.3506179631682698
2075	2.3506179631682698
2076	2.3506179631682698
2077	2.3506179631682698
2078	2.3506179631682698
2079	2.3482973157955223
2080	2.3482973157955223
2081	2.3482973157955223
2082	2.3482973157955223
2083	2.3482973157955223
2084	0.1
2085	0.1
2086	0.1
2087	0.1
2088	0.1
2089	1.3700277619314893
2090	1.3700277619314893
2091	1.3700277619314893
2092	1.3700277619314893
2093	1.3700277619314893
2094	6.122840806155253
2095	6.122840806155253
2096	6.122840806155253
2097	11.750611991454065
2098	11.750611991454065
2099	11.750611991454065
2100	11.750611991454065
2101	11.750611991454065
2102	1.3449615213529977
2103	1.3449615213529977
2104	1.3449615213529977
2105	1.3449615213529977
2106	1.3449615213529977
2107	5.896571996994406
2108	5.896571996994406
2109	5.896571996994406
2110	5.896571996994406
2111	5.896571996994406
2112	0.8215632623099332
2113	0.8215632623099332
2114	0.8215632623099332
2115	0.8215632623099332
2116	0.8215632623099332
2117	8.797534801431524
2118	8.797534801431524
2119	8.797534801431524
2120	8.797534801431524
2121	8.797534801431524
2122	9.258542840820487
2123	9.258542840820487
2124	9.258542840820487
2125	9.258542840820487
2126	9.258542840820487
2127	6.37501212192358
2128	6.37501212192358
2129	6.37501212192358
2130	6.37501212192358
2131	6.37501212192358
2132	6.210388611496707
2133	6.210388611496707
2134	6.210388611496707
2135	6.210388611496707
2136	6.210388611496707
2137	10.109279533414222
2138	10.109279533414222
2139	10.109279533414222
2140	10.109279533414222
2141	10.109279533414222
2142	6.682634896945717
2143	6.682634896945717
2144	6.682634896945717
2145	6.682634896945717
2146	6.682634896945717
2147	3.7901752222672394
2148	3.7901752222672394
2149	3.7901752222672394
2150	3.7901752222672394
2151	3.7901752222672394
2152	7.831434964759099
2153	7.831434964759099
2154	7.831434964759099
2155	7.831434964759099
2156	7.831434964759099
2157	6.199522292044706
2158	6.199522292044706
2159	6.199522292044706
2160	6.199522292044706
2161	6.199522292044706
2162	8.908616044430481
2163	8.908616044430481
2164	8.908616044430481
2165	8.908616044430481
2166	8.908616044430481
2167	1.8549075092204141
2168	1.8549075092204141
2169	1.8549075092204141
2170	1.8549075092204141
2171	1.8549075092204141
2172	6.130888886615539
2173	6.130888886615539
2174	6.130888886615539
2175	6.130888886615539
2176	6.130888886615539
2177	8.295518994414591
2178	8.295518994414591
2179	8.295518994414591
2180	8.295518994414591
2181	8.295518994414591
2182	9.494321505261333
2183	9.494321505261333
2184	9.494321505261333
2185	9.494321505261333
2186	9.494321505261333
2187	5.722602284634096
2188	5.722602284634096
2189	5.722602284634096
2190	5.722602284634096
2191	5.722602284634096
2192	4.691482204516127
2193	4.691482204516127
2194	4.691482204516127
2195	4.691482204516127
2196	4.691482204516127
2197	5.956384775849361
2198	5.956384775849361
2199	5.956384775849361
2200	5.956384775849361
2201	5.956384775849361
2202	5.173888920083981
2203	5.173888920083981
2204	5.173888920083981
2205	5.173888920083981
2206	5.173888920083981
2207	4.211941748039379
2208	4.211941748039379
2209	4.211941748039379
2210	4.211941748039379
2211	4.211941748039379
2212	4.0238190574375565
2213	4.0238190574375565
2214	4.0238190574375565
2215	4.0238190574375565
2216	4.0238190574375565
2217	6.574854674117418
2218	6.574854674117418
2219	6.574854674117418
2220	6.574854674117418
2221	6.574854674117418
2222	5.179365906018099
2223	5.179365906018099
2224	5.179365906018099
2225	5.179365906018099
2226	5.179365906018099
2227	9.53905119675679
2228	9.53905119675679
2229	9.53905119675679
2230	9.53905119675679
2231	9.53905119675679
2232	2.7301288652017153
2233	2.7301288652017153
2234	2.7301288652017153
2235	2.7301288652017153
2236	2.7301288652017153
2237	11.32324539323477
2238	11.32324539323477
2239	11.32324539323477
2240	11.32324539323477
2241	11.32324539323477
2242	10.312421270908683
2243	10.312421270908683
2244	10.312421270908683
2245	10.312421270908683
2246	10.312421270908683
2247	10.08833536616785
2248	10.08833536616785
2249	10.08833536616785
2250	10.08833536616785
2251	10.08833536616785
2252	7.919462863462933
2253	7.919462863462933
2254	7.919462863462933
2255	7.919462863462933
2256	7.919462863462933
2257	11.712896873204361
2258	11.712896873204361
2259	11.712896873204361
2260	11.712896873204361
2261	11.712896873204361
2262	4.305216037500552
2263	4.305216037500552
2264	4.305216037500552
2265	4.305216037500552
2266	4.305216037500552
2267	7.83963210170265
2268	7.83963210170265
2269	7.83963210170265
2270	7.83963210170265
2271	7.83963210170265
2272	12.630790737892092
2273	12.630790737892092
2274	12.630790737892092
2275	12.630790737892092
2276	12.630790737892092
2277	0.1
2278	0.1
2279	0.1
2280	0.1
2281	0.1
2282	7.134853604698795
2283	7.134853604698795
2284	7.134853604698795
2285	7.134853604698795
2286	7.134853604698795
2287	4.398520862164707
2288	4.398520862164707
2289	4.398520862164707
2290	4.398520862164707
2291	4.398520862164707
2292	2.10735643845386
2293	2.10735643845386
2294	2.10735643845386
2295	2.10735643845386
2296	2.10735643845386
2297	9.418082872936825
2298	9.418082872936825
2299	9.418082872936825
2300	9.418082872936825
2301	9.418082872936825
2302	2.788163748710374
2303	2.788163748710374
2304	2.788163748710374
2305	2.788163748710374
2306	2.788163748710374
2307	7.8269551539714675
2308	7.8269551539714675
2309	7.8269551539714675
2310	7.8269551539714675
2311	7.8269551539714675
2312	2.5893176246250844
2313	2.5893176246250844
2314	2.5893176246250844
2315	2.5893176246250844
2316	2.5893176246250844
2317	11.309246009254267
2318	11.309246009254267
2319	11.309246009254267
2320	11.309246009254267
2321	11.309246009254267
2322	9.151518240262892
2323	9.151518240262892
2324	9.151518240262892
2325	9.151518240262892
2326	9.151518240262892
2327	6.001608903729164
2328	6.001608903729164
2329	6.001608903729164
2330	6.001608903729164
2331	6.001608903729164
2332	9.01935540120624
2333	9.01935540120624
2334	9.01935540120624
2335	9.01935540120624
2336	9.01935540120624
2337	7.625738850673188
2338	7.625738850673188
2339	7.625738850673188
2340	7.625738850673188
2341	7.625738850673188
2342	10.765629872809617
2343	10.765629872809617
2344	10.765629872809617
2345	10.765629872809617
2346	10.765629872809617
2347	10.332567474557264
2348	10.332567474557264
2349	10.332567474557264
2350	10.332567474557264
2351	10.332567474557264
2352	7.059654790713878
2353	7.059654790713878
2354	7.059654790713878
2355	7.059654790713878
2356	7.059654790713878
2357	7.137076490558907
2358	7.137076490558907
2359	7.137076490558907
2360	7.137076490558907
2361	7.137076490558907
2362	4.745698512127512
2363	4.745698512127512
2364	4.745698512127512
2365	4.745698512127512
2366	4.745698512127512
2367	1.2716114182456044
2368	1.2716114182456044
2369	1.2716114182456044
2370	1.2716114182456044
2371	1.2716114182456044
2372	9.044795155556972
2373	9.044795155556972
2374	9.044795155556972
2375	9.044795155556972
2376	9.044795155556972
2377	1.9017396399791728
2378	1.9017396399791728
2379	1.9017396399791728
2380	1.9017396399791728
2381	1.9017396399791728
2382	3.8677531024434626
2383	3.8677531024434626
2384	3.8677531024434626
2385	3.8677531024434626
2386	3.8677531024434626
2387	0.2615596496839476
2388	0.2615596496839476
2389	0.2615596496839476
2390	0.2615596496839476
2391	0.2615596496839476
2392	7.125918915887162
2393	7.125918915887162
2394	7.125918915887162
2395	7.125918915887162
2396	7.125918915887162
2397	2.9775780543152965
2398	2.9775780543152965
2399	2.9775780543152965
2400	2.9775780543152965
2401	2.9775780543152965
2402	10.615172619626497
2403	10.615172619626497
2404	10.615172619626497
2405	10.615172619626497
2406	10.615172619626497
2407	13.35654908994049
2408	13.35654908994049
2409	13.35654908994049
2410	13.35654908994049
2411	13.35654908994049
2412	3.852830273409226
2413	3.852830273409226
2414	3.852830273409226
2415	3.852830273409226
2416	3.852830273409226
2417	3.6417173687368503
2418	3.6417173687368503
2419	3.6417173687368503
2420	3.6417173687368503
2421	3.6417173687368503
2422	6.553493425629912
2423	6.553493425629912
2424	6.553493425629912
2425	6.553493425629912
2426	6.553493425629912
2427	7.082908886950506
2428	7.082908886950506
2429	7.082908886950506
2430	7.082908886950506
2431	7.082908886950506
2432	6.416193787123804
2433	6.416193787123804
2434	6.416193787123804
2435	6.416193787123804
2436	6.416193787123804
2437	7.276301716130089
2438	7.276301716130089
2439	7.276301716130089
2440	7.276301716130089
2441	7.276301716130089
2442	3.794193417012868
2443	3.794193417012868
2444	3.794193417012868
2445	3.794193417012868
2446	3.794193417012868
2447	6.161786699706596
2448	6.161786699706596
2449	6.161786699706596
2450	6.161786699706596
2451	6.161786699706596
2452	11.00464400195353
2453	11.00464400195353
2454	11.00464400195353
2455	11.00464400195353
2456	11.00464400195353
2457	3.7342020545790238
2458	3.7342020545790238
2459	3.7342020545790238
2460	3.7342020545790238
2461	3.7342020545790238
2462	3.111014584637107
2463	3.111014584637107
2464	3.111014584637107
2465	3.111014584637107
2466	3.111014584637107
2467	2.925085618465598
2468	2.925085618465598
2469	2.925085618465598
2470	2.925085618465598
2471	2.925085618465598
2472	6.395760482327967
2473	6.395760482327967
2474	6.395760482327967
2475	6.395760482327967
2476	6.395760482327967
2477	8.212750635752176
2478	8.212750635752176
2479	8.212750635752176
2480	8.212750635752176
2481	8.212750635752176
2482	4.928315100735084
2483	4.928315100735084
2484	4.928315100735084
2485	4.928315100735084
2486	4.928315100735084
2487	4.212523155525004
2488	4.212523155525004
2489	4.212523155525004
2490	4.212523155525004
2491	4.212523155525004
2492	4.117572683083043
2493	4.117572683083043
2494	4.117572683083043
2495	4.117572683083043
2496	4.117572683083043
2497	4.551037777298116
2498	4.551037777298116
2499	4.551037777298116
2500	4.551037777298116
2501	4.551037777298116
2502	4.49089898613157
2503	4.49089898613157
2504	4.49089898613157
2505	4.49089898613157
2506	4.49089898613157
2507	11.145408898576505
2508	11.145408898576505
2509	11.145408898576505
2510	11.145408898576505
2511	11.145408898576505
2512	8.883440390392984
2513	8.883440390392984
2514	8.883440390392984
2515	8.883440390392984
2516	8.883440390392984
2517	9.732575542140905
2518	9.732575542140905
2519	9.732575542140905
2520	9.732575542140905
2521	9.732575542140905
2522	12.416798038304485
2523	12.416798038304485
2524	12.416798038304485
2525	12.416798038304485
2526	12.416798038304485
2527	6.247465267626601
2528	6.247465267626601
2529	6.247465267626601
2530	6.247465267626601
2531	6.247465267626601
2532	3.7892233700684574
2533	3.7892233700684574
2534	3.7892233700684574
2535	3.7892233700684574
2536	3.7892233700684574
2537	2.991415728710766
2538	2.991415728710766
2539	2.991415728710766
2540	2.991415728710766
2541	2.991415728710766
2542	6.284503572793856
2543	6.284503572793856
2544	6.284503572793856
2545	6.284503572793856
2546	6.284503572793856
2547	1.4571704493755275
2548	1.4571704493755275
2549	1.4571704493755275
2550	1.4571704493755275
2551	1.4571704493755275
2552	9.89727823195265
2553	9.89727823195265
2554	9.89727823195265
2555	9.89727823195265
2556	9.89727823195265
2557	0.1
2558	0.1
2559	0.1
2560	0.1
2561	0.1
2562	4.781909570366052
2563	4.781909570366052
2564	4.781909570366052
2565	4.781909570366052
2566	4.781909570366052
2567	6.3361951915320285
2568	6.3361951915320285
2569	6.3361951915320285
2570	6.3361951915320285
2571	6.3361951915320285
2572	5.489930772068901
2573	5.489930772068901
2574	5.489930772068901
2575	5.489930772068901
2576	5.489930772068901
2577	8.01976672354522
2578	8.01976672354522
2579	8.01976672354522
2580	8.01976672354522
2581	8.01976672354522
2582	14.361668655025188
2583	14.361668655025188
2584	14.361668655025188
2585	14.361668655025188
2586	14.361668655025188
2587	2.707607158674526
2588	2.707607158674526
2589	2.707607158674526
2590	2.707607158674526
2591	2.707607158674526
2592	3.3685913124280233
2593	3.3685913124280233
2594	3.3685913124280233
2595	3.3685913124280233
2596	3.3685913124280233
2597	0.1
2598	0.1
2599	0.1
2600	0.1
2601	0.1
2602	7.404633747655383
2603	7.404633747655383
2604	7.404633747655383
2605	7.404633747655383
2606	7.404633747655383
2607	7.773032534868347
2608	7.773032534868347
2609	7.773032534868347
2610	7.773032534868347
2611	7.773032534868347
2612	1.962417425765941
2613	1.962417425765941
2614	1.962417425765941
2615	1.962417425765941
2616	1.962417425765941
2617	4.770677532542018
2618	4.770677532542018
2619	4.770677532542018
2620	4.770677532542018
2621	4.770677532542018
2622	2.2375643335028874
2623	2.2375643335028874
2624	2.2375643335028874
2625	2.2375643335028874
2626	2.2375643335028874
2627	2.189651451268428
2628	2.189651451268428
2629	2.189651451268428
2630	2.189651451268428
2631	2.189651451268428
2632	0.48999092096113106
2633	0.48999092096113106
2634	0.48999092096113106
2635	0.48999092096113106
2636	0.48999092096113106
2637	1.5449760410826943
2638	1.5449760410826943
2639	1.5449760410826943
2640	1.5449760410826943
2641	1.5449760410826943
2642	9.192899654876848
2643	9.192899654876848
2644	9.192899654876848
2645	9.192899654876848
2646	9.192899654876848
2647	1.9373045397445776
2648	1.9373045397445776
2649	1.9373045397445776
2650	1.9373045397445776
2651	1.9373045397445776
2652	10.358883225736363
2653	10.358883225736363
2654	10.358883225736363
2655	10.358883225736363
2656	10.358883225736363
2657	5.645274324773826
2658	5.645274324773826
2659	5.645274324773826
2660	5.645274324773826
2661	5.645274324773826
2662	3.5116935766810276
2663	3.5116935766810276
2664	3.5116935766810276
2665	3.5116935766810276
2666	3.5116935766810276
2667	5.036663871281554
2668	5.036663871281554
2669	5.036663871281554
2670	5.036663871281554
