0	4.980520382812325
1	6.931055321358179
2	6.931055321358179
3	4.461278858759804
4	4.461278858759804
5	4.461278858759804
6	4.461278858759804
7	4.461278858759804
8	4.461278858759804
9	4.461278858759804
10	4.461278858759804
11	4.461278858759804
12	4.461278858759804
13	4.461278858759804
14	4.461278858759804
15	10.0
16	10.0
17	9.042379467687246
18	9.042379467687246
19	9.042379467687246
20	9.042379467687246
21	9.042379467687246
22	10.0
23	10.0
24	10.0
25	10.0
26	6.120790307821552
27	6.120790307821552
28	6.120790307821552
29	5.00800649478275
30	5.00800649478275
31	5.00800649478275
32	5.00800649478275
33	5.00800649478275
34	5.00800649478275
35	5.00800649478275
36	5.00800649478275
37	8.19729147834022
38	8.19729147834022
39	8.19729147834022
40	8.960347876103674
41	10.0
42	10.0
43	10.0
44	10.0
45	10.0
46	10.0
47	10.0
48	10.0
49	10.0
50	10.0
51	10.0
52	10.0
53	10.0
54	10.0
55	10.0
56	10.0
57	10.0
58	10.0
59	10.0
60	10.0
61	10.0
62	10.0
63	7.52511571548933
64	7.52511571548933
65	7.52511571548933
66	7.52511571548933
67	7.52511571548933
68	7.52511571548933
69	7.52511571548933
70	10.0
71	10.0
72	10.0
73	10.0
74	10.0
75	10.0
76	10.0
77	10.0
78	5.7494952390230445
79	5.7494952390230445
80	5.7494952390230445
81	5.7494952390230445
82	5.7494952390230445
83	5.7494952390230445
84	5.7494952390230445
85	10.0
86	10.0
87	10.0
88	10.0
89	8.128714837613817
90	8.128714837613817
91	8.128714837613817
92	8.128714837613817
93	8.128714837613817
94	8.128714837613817
95	8.128714837613817
96	10.0
97	9.873206017376774
98	9.873206017376774
99	9.873206017376774
100	9.873206017376774
101	9.873206017376774
102	10.0
103	8.222646475866895
104	8.222646475866895
105	7.676355545103915
106	7.676355545103915
107	7.676355545103915
108	7.676355545103915
109	7.676355545103915
110	7.676355545103915
111	7.676355545103915
112	7.676355545103915
113	7.676355545103915
114	7.676355545103915
115	10.0
116	10.0
117	10.0
118	10.0
119	10.0
120	10.0
121	9.263491575687375
122	9.263491575687375
123	9.263491575687375
124	9.263491575687375
125	9.263491575687375
126	9.263491575687375
127	9.263491575687375
128	9.263491575687375
129	9.263491575687375
130	9.263491575687375
131	8.606990579490562
132	8.606990579490562
133	8.606990579490562
134	10.0
135	10.0
136	10.0
137	10.0
138	10.0
139	10.0
140	10.0
141	10.0
142	10.0
143	10.0
144	7.0502484598225035
145	7.0502484598225035
146	7.0502484598225035
147	7.0502484598225035
148	7.0502484598225035
149	7.839112754688166
150	8.678382466962528
151	8.678382466962528
152	8.103461368570734
153	8.103461368570734
154	8.103461368570734
155	8.103461368570734
156	10.0
157	10.0
158	10.0
159	10.0
160	10.0
161	10.0
162	7.532670394412903
163	7.532670394412903
164	7.532670394412903
165	7.532670394412903
166	7.532670394412903
167	6.946140084959712
168	6.946140084959712
169	6.946140084959712
170	6.946140084959712
171	6.946140084959712
172	9.227979283927866
173	9.227979283927866
174	10.0
175	10.0
176	10.0
177	10.0
178	10.0
179	10.0
180	10.0
181	10.0
182	10.0
183	9.646445086677732
184	10.0
185	10.0
186	10.0
187	10.0
188	10.0
189	10.0
190	10.0
191	6.772122902073666
192	6.772122902073666
193	6.772122902073666
194	6.772122902073666
195	6.772122902073666
196	6.772122902073666
197	6.772122902073666
198	6.772122902073666
199	6.772122902073666
200	7.449167286629476
201	7.449167286629476
202	7.449167286629476
203	7.449167286629476
204	7.449167286629476
205	7.449167286629476
206	7.449167286629476
207	8.204316214349936
208	8.204316214349936
209	8.204316214349936
210	8.204316214349936
211	8.204316214349936
212	10.0
213	10.0
214	10.0
215	10.0
216	10.0
217	10.0
218	10.0
219	10.0
220	10.0
221	10.0
222	7.317614598250444
223	7.317614598250444
224	7.317614598250444
225	7.317614598250444
226	7.317614598250444
227	7.317614598250444
228	7.317614598250444
229	7.317614598250444
230	7.317614598250444
231	8.949962615634938
232	8.949962615634938
233	8.949962615634938
234	8.949962615634938
235	6.376198176841399
236	6.376198176841399
237	10.0
238	10.0
239	10.0
240	7.817740888761026
241	7.817740888761026
242	10.0
243	10.0
244	10.0
245	7.130366745650408
246	7.130366745650408
247	7.130366745650408
248	9.02391055642785
249	9.02391055642785
250	9.02391055642785
251	9.02391055642785
252	9.02391055642785
253	10.0
254	10.0
255	10.0
256	10.0
257	10.0
258	10.0
259	9.592669673875616
260	9.592669673875616
261	8.47453953645396
262	8.47453953645396
263	8.47453953645396
264	8.47453953645396
265	8.155959593455988
266	6.988440210415892
267	6.988440210415892
268	6.988440210415892
269	6.988440210415892
270	6.988440210415892
271	6.988440210415892
272	6.988440210415892
273	6.988440210415892
274	6.988440210415892
275	6.988440210415892
276	9.463501744763047
277	10.0
278	10.0
279	10.0
280	10.0
281	10.0
282	10.0
283	10.0
284	9.779439008310963
285	10.0
286	5.912670390082834
287	5.912670390082834
288	5.912670390082834
289	5.912670390082834
290	10.0
291	10.0
292	10.0
293	10.0
294	10.0
295	10.0
296	10.0
297	10.0
298	9.04310619643765
299	9.780305423687851
300	9.780305423687851
301	9.780305423687851
302	9.780305423687851
303	9.780305423687851
304	9.780305423687851
305	10.0
306	10.0
307	10.0
308	10.0
309	10.0
310	10.0
311	8.162068549906662
312	8.162068549906662
313	8.162068549906662
314	8.162068549906662
315	8.162068549906662
316	8.162068549906662
317	8.162068549906662
318	10.0
319	10.0
320	10.0
321	10.0
322	8.642129352422673
323	8.642129352422673
324	8.642129352422673
325	8.642129352422673
326	4.803382713373218
327	4.803382713373218
328	4.803382713373218
329	4.803382713373218
330	9.366051275042519
331	9.366051275042519
332	9.366051275042519
333	9.366051275042519
334	9.366051275042519
335	9.366051275042519
336	9.366051275042519
337	9.366051275042519
338	9.366051275042519
339	9.366051275042519
340	9.366051275042519
341	9.366051275042519
342	10.0
343	10.0
344	10.0
345	10.0
346	10.0
347	10.0
348	10.0
349	10.0
350	10.0
351	10.0
352	10.0
353	10.0
354	10.0
355	10.0
356	10.0
357	9.459708683064989
358	9.459708683064989
359	9.459708683064989
360	9.459708683064989
361	9.459708683064989
362	9.459708683064989
363	9.459708683064989
364	9.459708683064989
365	9.459708683064989
366	10.0
367	6.360843989855281
368	6.360843989855281
369	10.0
370	10.0
371	9.33068111983313
372	9.33068111983313
373	9.33068111983313
374	9.33068111983313
375	9.33068111983313
376	9.33068111983313
377	9.33068111983313
378	9.33068111983313
379	9.33068111983313
380	9.33068111983313
381	9.33068111983313
382	9.33068111983313
383	9.33068111983313
384	9.33068111983313
385	9.33068111983313
386	9.33068111983313
387	9.33068111983313
388	9.33068111983313
389	9.33068111983313
390	6.693208955616626
391	6.693208955616626
392	6.693208955616626
393	5.632316486390267
394	8.20444521981669
395	8.20444521981669
396	8.20444521981669
397	8.20444521981669
398	8.20444521981669
399	5.737155717512231
400	5.737155717512231
401	10.0
402	10.0
403	8.58986981630196
404	8.58986981630196
405	8.58986981630196
406	8.58986981630196
407	8.58986981630196
408	8.58986981630196
409	8.58986981630196
410	8.58986981630196
411	8.58986981630196
412	8.58986981630196
413	7.576984245898413
414	7.576984245898413
415	7.576984245898413
416	10.0
417	10.0
418	10.0
419	10.0
420	10.0
421	10.0
422	10.0
423	10.0
424	10.0
425	10.0
426	10.0
427	10.0
428	10.0
429	10.0
430	10.0
431	10.0
432	10.0
433	10.0
434	10.0
435	10.0
436	10.0
437	10.0
438	10.0
439	10.0
440	10.0
441	10.0
442	10.0
443	10.0
444	10.0
445	10.0
446	10.0
447	10.0
448	10.0
449	10.0
450	10.0
451	10.0
452	10.0
453	9.972371769707905
454	9.972371769707905
455	9.972371769707905
456	9.972371769707905
457	9.972371769707905
458	10.0
459	10.0
460	10.0
461	10.0
462	10.0
463	9.715166051437365
464	9.715166051437365
465	9.715166051437365
466	9.715166051437365
467	9.715166051437365
468	9.715166051437365
469	9.715166051437365
470	9.715166051437365
471	9.715166051437365
472	9.715166051437365
473	9.715166051437365
474	9.715166051437365
475	8.294124094249712
476	8.294124094249712
477	8.294124094249712
478	10.0
479	10.0
480	10.0
481	10.0
482	10.0
483	10.0
484	10.0
485	10.0
486	10.0
487	10.0
488	10.0
489	10.0
490	10.0
491	10.0
492	10.0
493	10.0
494	10.0
495	10.0
496	10.0
497	10.0
498	10.0
499	10.0
500	10.0
501	10.0
502	10.0
503	10.0
504	10.0
505	10.0
506	10.0
507	10.0
508	10.0
509	10.0
510	10.0
511	10.0
512	10.0
513	10.0
514	10.0
515	10.0
516	10.0
517	10.0
518	10.0
519	9.399169226644968
520	9.399169226644968
521	9.399169226644968
522	9.399169226644968
523	9.399169226644968
524	9.399169226644968
525	9.399169226644968
526	9.399169226644968
527	9.399169226644968
528	4.649416701203834
529	4.649416701203834
530	7.468500804694758
531	7.468500804694758
532	7.468500804694758
533	7.468500804694758
534	7.468500804694758
535	10.0
536	10.0
537	10.0
538	10.0
539	10.0
540	10.0
541	10.0
542	10.0
543	10.0
544	10.0
545	10.0
546	7.782227321954175
547	7.782227321954175
548	7.782227321954175
549	7.782227321954175
550	7.782227321954175
551	7.782227321954175
552	7.782227321954175
553	7.782227321954175
554	7.782227321954175
555	7.782227321954175
556	7.782227321954175
557	7.782227321954175
558	7.782227321954175
559	7.782227321954175
560	7.782227321954175
561	7.782227321954175
562	7.782227321954175
563	7.782227321954175
564	7.782227321954175
565	7.782227321954175
566	7.782227321954175
567	7.782227321954175
568	7.782227321954175
569	7.782227321954175
570	7.782227321954175
571	9.886051486331613
572	9.886051486331613
573	10.0
574	10.0
575	10.0
576	10.0
577	10.0
578	10.0
579	10.0
580	10.0
581	10.0
582	7.057624656966548
583	7.057624656966548
584	7.057624656966548
585	7.057624656966548
586	10.0
587	10.0
588	8.108069792023226
589	8.108069792023226
590	8.108069792023226
591	8.108069792023226
592	8.108069792023226
593	10.0
594	10.0
595	10.0
596	10.0
597	10.0
598	10.0
599	10.0
600	10.0
601	10.0
602	10.0
603	10.0
604	10.0
605	10.0
606	10.0
607	10.0
608	10.0
609	10.0
610	10.0
611	10.0
612	10.0
613	10.0
614	10.0
615	8.693798748897722
616	10.0
617	10.0
618	10.0
619	10.0
620	10.0
621	10.0
622	10.0
623	10.0
624	6.765253421732014
625	6.765253421732014
626	6.765253421732014
627	6.765253421732014
628	6.765253421732014
629	6.765253421732014
630	6.765253421732014
631	8.610399544844844
632	8.610399544844844
633	4.707637247217164
634	10.0
635	4.105502400112678
636	4.105502400112678
637	4.105502400112678
638	4.105502400112678
639	4.105502400112678
640	4.105502400112678
641	9.969983123068884
642	9.969983123068884
643	9.969983123068884
644	9.969983123068884
645	9.969983123068884
646	6.570180419395866
647	6.570180419395866
648	6.570180419395866
649	6.570180419395866
650	10.0
651	10.0
652	10.0
653	10.0
654	10.0
655	10.0
656	9.122881682553267
657	9.122881682553267
658	9.122881682553267
659	7.253483568005998
660	5.310168292230662
661	6.59650497829987
662	8.215934341271467
663	8.215934341271467
664	8.215934341271467
665	8.215934341271467
666	8.215934341271467
667	8.215934341271467
668	8.215934341271467
669	8.215934341271467
670	10.0
671	10.0
672	10.0
673	10.0
674	10.0
675	10.0
676	10.0
677	10.0
678	10.0
679	10.0
680	10.0
681	10.0
682	10.0
683	10.0
684	7.80358505209568
685	7.80358505209568
686	7.80358505209568
687	7.80358505209568
688	6.970116008559513
689	10.0
690	9.976247890724013
691	9.976247890724013
692	9.976247890724013
693	9.976247890724013
694	10.0
695	10.0
696	10.0
697	10.0
698	10.0
699	9.551748653740606
700	9.551748653740606
701	10.0
702	10.0
703	10.0
704	10.0
705	10.0
706	10.0
707	10.0
708	10.0
709	10.0
710	10.0
711	10.0
712	10.0
713	10.0
714	10.0
715	10.0
716	10.0
717	10.0
718	8.719270650830723
719	8.719270650830723
720	8.719270650830723
721	8.719270650830723
722	10.0
723	10.0
724	10.0
725	10.0
726	10.0
727	10.0
728	10.0
729	10.0
730	10.0
731	9.910371081052308
732	9.910371081052308
733	9.910371081052308
734	9.910371081052308
735	9.910371081052308
736	9.910371081052308
737	9.910371081052308
738	9.910371081052308
739	9.910371081052308
740	9.910371081052308
741	8.568778132499203
742	8.568778132499203
743	8.568778132499203
744	7.266873593707361
745	8.863950599092517
746	8.863950599092517
747	8.863950599092517
748	8.863950599092517
749	8.863950599092517
750	10.0
751	10.0
752	10.0
753	5.034849924868553
754	5.034849924868553
755	10.0
756	10.0
757	10.0
758	10.0
759	10.0
760	10.0
761	10.0
762	10.0
763	10.0
764	10.0
765	10.0
766	8.578206309696764
767	8.578206309696764
768	8.578206309696764
769	8.578206309696764
770	8.578206309696764
771	8.578206309696764
772	9.299140804295464
773	9.299140804295464
774	9.299140804295464
775	9.299140804295464
776	9.299140804295464
777	9.299140804295464
778	9.299140804295464
779	9.299140804295464
780	6.212099586509238
781	6.212099586509238
782	6.212099586509238
783	6.212099586509238
784	6.076356744663208
785	6.076356744663208
786	6.076356744663208
787	6.076356744663208
788	6.734602243912999
789	6.734602243912999
790	6.734602243912999
791	6.734602243912999
792	6.734602243912999
793	6.734602243912999
794	6.734602243912999
795	6.734602243912999
796	10.0
797	10.0
798	10.0
799	10.0
800	10.0
801	10.0
802	10.0
803	9.913028263629494
804	9.913028263629494
805	9.913028263629494
806	9.913028263629494
807	9.913028263629494
808	9.913028263629494
809	9.913028263629494
810	9.913028263629494
811	9.913028263629494
812	8.971682337237656
813	8.562652599557577
814	8.562652599557577
815	8.562652599557577
816	8.562652599557577
817	8.562652599557577
818	8.562652599557577
819	8.562652599557577
820	10.0
821	7.9232045727874345
822	10.0
823	8.875247803878406
824	8.875247803878406
825	8.875247803878406
826	8.875247803878406
827	8.875247803878406
828	8.875247803878406
829	8.875247803878406
830	8.875247803878406
831	8.875247803878406
832	10.0
833	10.0
834	10.0
835	10.0
836	8.692676822233327
837	10.0
838	10.0
839	8.194714054591646
840	10.0
841	10.0
842	10.0
843	10.0
844	10.0
845	10.0
846	10.0
847	10.0
848	10.0
849	5.858205811615855
850	5.858205811615855
851	5.858205811615855
852	5.858205811615855
853	10.0
854	10.0
855	5.205818694712026
856	5.205818694712026
857	10.0
858	10.0
859	10.0
860	10.0
861	10.0
862	10.0
863	10.0
864	10.0
865	10.0
866	10.0
867	10.0
868	8.87631164740249
869	8.87631164740249
870	8.87631164740249
871	8.87631164740249
872	8.62159551904857
873	8.62159551904857
874	8.62159551904857
875	10.0
876	10.0
877	8.207962037086086
878	8.207962037086086
879	8.207962037086086
880	8.207962037086086
881	8.207962037086086
882	8.207962037086086
883	8.442284995825194
884	8.442284995825194
885	8.442284995825194
886	8.442284995825194
887	8.442284995825194
888	8.442284995825194
889	9.086886708091493
890	9.222017639059965
891	9.222017639059965
892	9.222017639059965
893	10.0
894	6.724535354443793
895	6.724535354443793
896	10.0
897	10.0
898	7.655891982412349
899	7.655891982412349
900	10.0
901	10.0
902	10.0
903	10.0
904	10.0
905	10.0
906	10.0
907	10.0
908	10.0
909	7.960202342346669
910	7.960202342346669
911	7.960202342346669
912	7.960202342346669
913	7.960202342346669
914	7.960202342346669
915	7.960202342346669
916	10.0
917	10.0
918	10.0
919	10.0
920	10.0
921	10.0
922	10.0
923	10.0
924	10.0
925	10.0
926	10.0
927	10.0
928	10.0
929	10.0
930	10.0
931	8.723183899799833
932	8.723183899799833
933	8.723183899799833
934	10.0
935	10.0
936	10.0
937	9.639240552260159
938	9.639240552260159
939	9.639240552260159
940	9.639240552260159
941	9.639240552260159
942	9.639240552260159
943	6.019823272381705
944	10.0
945	8.614520971301971
946	8.116770876103876
947	8.116770876103876
948	8.116770876103876
949	8.116770876103876
950	8.116770876103876
951	8.116770876103876
952	8.116770876103876
953	8.116770876103876
954	8.116770876103876
955	8.116770876103876
956	8.116770876103876
957	8.116770876103876
958	8.116770876103876
959	8.116770876103876
960	8.116770876103876
961	8.116770876103876
962	8.116770876103876
963	8.116770876103876
964	8.116770876103876
965	8.116770876103876
966	10.0
967	10.0
968	9.944419572769863
969	9.944419572769863
970	9.944419572769863
971	9.944419572769863
972	9.944419572769863
973	9.944419572769863
974	6.336395745987364
975	6.336395745987364
976	6.336395745987364
977	10.0
978	10.0
979	10.0
980	10.0
981	8.147781809782375
982	8.147781809782375
983	8.147781809782375
984	8.147781809782375
985	8.147781809782375
986	8.147781809782375
987	8.703979231721464
988	8.703979231721464
989	8.703979231721464
990	8.703979231721464
991	10.0
992	10.0
993	7.600229241650519
994	7.600229241650519
995	7.600229241650519
996	7.600229241650519
997	8.997411306142446
998	10.0
999	10.0
1000	10.0
1001	10.0
1002	10.0
1003	6.61859122898957
1004	6.61859122898957
1005	6.61859122898957
1006	6.61859122898957
1007	6.61859122898957
1008	6.61859122898957
1009	6.61859122898957
1010	6.61859122898957
1011	6.61859122898957
1012	6.61859122898957
1013	6.61859122898957
1014	6.61859122898957
1015	6.61859122898957
1016	6.61859122898957
1017	6.61859122898957
1018	6.61859122898957
1019	6.61859122898957
1020	6.61859122898957
1021	10.0
1022	10.0
1023	8.488932665553701
1024	8.488932665553701
1025	8.488932665553701
1026	10.0
1027	10.0
1028	10.0
1029	10.0
1030	7.209180738896881
1031	9.674190625134038
1032	9.575653074581812
1033	9.575653074581812
1034	9.575653074581812
1035	10.0
1036	10.0
1037	10.0
1038	4.9727745457460175
1039	4.9727745457460175
1040	10.0
1041	10.0
1042	10.0
1043	10.0
1044	10.0
1045	7.56003341726816
1046	9.504693814825737
1047	9.504693814825737
1048	9.504693814825737
1049	8.189250785165498
1050	8.189250785165498
1051	8.189250785165498
1052	8.189250785165498
1053	8.189250785165498
1054	8.189250785165498
1055	10.0
1056	10.0
1057	10.0
1058	10.0
1059	10.0
1060	10.0
1061	10.0
1062	9.85445841828932
1063	10.0
1064	8.878698287962864
1065	8.878698287962864
1066	8.878698287962864
1067	10.0
1068	10.0
1069	10.0
1070	10.0
1071	10.0
1072	8.171022295730884
1073	8.171022295730884
1074	8.171022295730884
1075	8.171022295730884
1076	8.171022295730884
1077	8.171022295730884
1078	8.171022295730884
1079	8.171022295730884
1080	8.171022295730884
1081	9.299039146826265
1082	9.299039146826265
1083	9.299039146826265
1084	9.299039146826265
1085	9.299039146826265
1086	9.299039146826265
1087	8.655016034208407
1088	8.655016034208407
1089	8.655016034208407
1090	8.655016034208407
1091	8.655016034208407
1092	8.655016034208407
1093	8.655016034208407
1094	8.655016034208407
1095	8.655016034208407
1096	8.655016034208407
1097	10.0
1098	10.0
1099	10.0
1100	10.0
1101	10.0
1102	10.0
1103	10.0
1104	10.0
1105	5.276101223354447
1106	5.276101223354447
1107	5.433046360871961
1108	5.433046360871961
1109	8.967848132956412
1110	8.967848132956412
1111	10.0
1112	10.0
1113	9.494355131873363
1114	9.494355131873363
1115	9.494355131873363
1116	9.78541059515235
1117	10.0
1118	10.0
1119	10.0
1120	10.0
1121	6.813195894419595
1122	8.453108593212953
1123	8.453108593212953
1124	8.453108593212953
1125	8.453108593212953
1126	10.0
1127	10.0
1128	10.0
1129	10.0
1130	10.0
1131	10.0
1132	10.0
1133	10.0
1134	10.0
1135	10.0
1136	10.0
1137	10.0
1138	10.0
1139	10.0
1140	10.0
1141	9.871923744138348
1142	9.871923744138348
1143	9.871923744138348
1144	9.871923744138348
1145	3.92265082291053
1146	3.92265082291053
1147	3.92265082291053
1148	3.92265082291053
1149	3.92265082291053
1150	3.92265082291053
1151	3.92265082291053
1152	7.945144530976761
1153	9.841746005091686
1154	9.841746005091686
1155	9.841746005091686
1156	9.841746005091686
1157	9.841746005091686
1158	9.841746005091686
1159	9.841746005091686
1160	9.841746005091686
1161	9.841746005091686
1162	9.841746005091686
1163	9.841746005091686
1164	9.841746005091686
1165	9.841746005091686
1166	9.841746005091686
1167	6.650525676349297
1168	6.650525676349297
1169	9.31692060535212
1170	9.31692060535212
1171	9.31692060535212
1172	6.450389147531903
1173	6.450389147531903
1174	6.450389147531903
1175	6.450389147531903
1176	6.450389147531903
1177	6.450389147531903
1178	6.450389147531903
1179	6.450389147531903
1180	6.450389147531903
1181	6.450389147531903
1182	6.450389147531903
1183	6.450389147531903
1184	6.450389147531903
1185	6.450389147531903
1186	6.450389147531903
1187	3.435148026742379
1188	3.435148026742379
1189	3.435148026742379
1190	3.435148026742379
1191	3.435148026742379
1192	3.435148026742379
1193	7.943376900501894
1194	7.943376900501894
1195	7.943376900501894
1196	7.943376900501894
1197	7.943376900501894
1198	7.943376900501894
1199	7.943376900501894
1200	8.451854003843286
1201	8.451854003843286
1202	8.451854003843286
1203	8.451854003843286
1204	8.451854003843286
1205	8.451854003843286
1206	8.451854003843286
1207	8.451854003843286
1208	8.451854003843286
1209	8.451854003843286
1210	8.451854003843286
1211	10.0
1212	10.0
1213	7.194107639402294
1214	7.194107639402294
1215	7.194107639402294
1216	7.194107639402294
1217	7.194107639402294
1218	7.194107639402294
1219	3.0302728080825654
1220	6.970481692760857
1221	6.970481692760857
1222	6.970481692760857
1223	6.970481692760857
1224	6.970481692760857
1225	6.970481692760857
1226	6.970481692760857
1227	6.970481692760857
1228	6.970481692760857
1229	6.970481692760857
1230	6.970481692760857
1231	6.970481692760857
1232	6.970481692760857
1233	6.970481692760857
1234	6.970481692760857
1235	6.970481692760857
1236	7.3965655642537635
1237	7.3965655642537635
1238	10.0
1239	10.0
1240	10.0
1241	9.06930960392764
1242	9.06930960392764
1243	9.06930960392764
1244	9.06930960392764
1245	9.06930960392764
1246	9.06930960392764
1247	9.06930960392764
1248	9.06930960392764
1249	9.06930960392764
1250	9.06930960392764
1251	9.06930960392764
1252	10.0
1253	7.373031219889687
1254	7.373031219889687
1255	7.373031219889687
1256	7.373031219889687
1257	10.0
1258	10.0
1259	10.0
1260	8.808788856906052
1261	8.808788856906052
1262	8.808788856906052
1263	8.808788856906052
1264	8.808788856906052
1265	8.808788856906052
1266	2.979289072873902
1267	10.0
1268	10.0
1269	10.0
1270	10.0
1271	10.0
1272	7.222005448467082
1273	7.222005448467082
1274	7.222005448467082
1275	4.631552657629773
1276	4.631552657629773
1277	4.631552657629773
1278	4.631552657629773
1279	4.631552657629773
1280	4.631552657629773
1281	4.631552657629773
1282	4.631552657629773
1283	4.631552657629773
1284	8.601139328548257
1285	8.601139328548257
1286	6.729156811189586
1287	6.729156811189586
1288	6.729156811189586
1289	6.729156811189586
1290	9.997843554098857
1291	6.8704596303166205
1292	6.8704596303166205
1293	6.8704596303166205
1294	6.8704596303166205
1295	6.8704596303166205
1296	6.8704596303166205
1297	6.8704596303166205
1298	6.8704596303166205
1299	6.8704596303166205
1300	6.8704596303166205
1301	9.893625704077348
1302	9.893625704077348
1303	9.893625704077348
1304	9.893625704077348
1305	9.893625704077348
1306	9.893625704077348
1307	9.893625704077348
1308	9.893625704077348
1309	9.893625704077348
1310	9.893625704077348
1311	9.893625704077348
1312	10.0
1313	10.0
1314	10.0
1315	10.0
1316	10.0
1317	10.0
1318	10.0
1319	10.0
1320	10.0
1321	10.0
1322	10.0
1323	10.0
1324	6.167351972657741
1325	10.0
1326	10.0
1327	10.0
1328	10.0
1329	10.0
1330	10.0
1331	10.0
1332	10.0
