0	3.2580885181037287
1	4.540942164813005
2	10.0
3	6.081781455337847
4	6.081781455337847
5	5.938999347268107
6	5.938999347268107
7	5.938999347268107
8	9.80574959081546
9	9.80574959081546
10	6.093180963277923
11	6.093180963277923
12	7.596478362271046
13	7.596478362271046
14	7.708836345842284
15	7.708836345842284
16	7.164451490232796
17	10.0
18	10.0
19	10.0
20	8.98700419183955
21	5.970546908207757
22	5.970546908207757
23	5.970546908207757
24	5.970546908207757
25	5.970546908207757
26	5.970546908207757
27	5.970546908207757
28	5.970546908207757
29	5.970546908207757
30	5.970546908207757
31	5.970546908207757
32	5.970546908207757
33	6.517815430043319
34	5.445974840918815
35	7.588872869154146
36	6.496845166017047
37	6.496845166017047
38	6.496845166017047
39	6.496845166017047
40	6.496845166017047
41	6.496845166017047
42	10.0
43	5.308646495899512
44	7.728951323000697
45	7.728951323000697
46	7.728951323000697
47	8.99576541409613
48	6.856098726981555
49	5.077069305302758
50	6.197864440439952
51	3.7682248111671655
52	3.09449896991561
53	3.09449896991561
54	3.09449896991561
55	3.09449896991561
56	6.667392753859955
57	6.667392753859955
58	6.667392753859955
59	6.667392753859955
60	6.569537488285644
61	6.641295881176606
62	6.641295881176606
63	6.641295881176606
64	5.210026975616442
65	5.210026975616442
66	5.210026975616442
67	5.210026975616442
68	5.210026975616442
69	5.210026975616442
70	5.210026975616442
71	5.633291706162629
72	5.633291706162629
73	5.633291706162629
74	9.811396201469844
75	9.811396201469844
76	9.811396201469844
77	6.922403949879964
78	5.758281702319702
79	5.716942073994066
80	5.716942073994066
81	7.9881771726888395
82	3.5621143072621733
83	3.5621143072621733
84	3.5621143072621733
85	3.865081522837021
86	3.865081522837021
87	3.865081522837021
88	6.226796157556847
89	6.226796157556847
90	6.226796157556847
91	1.7870391017149885
92	1.7870391017149885
93	1.7870391017149885
94	6.51663319590201
95	7.315931459710606
96	7.315931459710606
97	7.315931459710606
98	7.315931459710606
99	7.315931459710606
100	7.22977324458301
101	6.5455590109455555
102	6.5455590109455555
103	10.0
104	10.0
105	5.73336508942544
106	5.73336508942544
107	5.73336508942544
108	5.73336508942544
109	5.485166384556784
110	5.485166384556784
111	5.485166384556784
112	5.485166384556784
113	5.485166384556784
114	5.485166384556784
115	2.9492840883809324
116	2.9492840883809324
117	3.1748281734890402
118	2.6454748371313794
119	2.6454748371313794
120	6.1540377223871445
121	5.9546877345585445
122	5.19666610300038
123	5.19666610300038
124	4.550792893220014
125	6.005156838256267
126	6.005156838256267
127	2.908312135958656
128	2.908312135958656
129	2.8487611499045973
130	5.168266181291216
131	5.168266181291216
132	5.168266181291216
133	3.0143470285459726
134	3.0143470285459726
135	3.0143470285459726
136	5.420072814023444
137	5.420072814023444
138	5.420072814023444
139	5.420072814023444
140	5.420072814023444
141	9.13713872906795
142	2.9426034197597564
143	2.9426034197597564
144	3.9803797338323226
145	8.886169081520274
146	10.0
147	10.0
148	5.439738063636009
149	5.752602697355595
150	8.505704532732988
151	9.746905785015592
152	9.746905785015592
153	10.0
154	9.380459459208184
155	10.0
156	6.997118977148184
157	5.535923965602621
158	10.0
159	10.0
160	6.633190950957819
161	7.096136682958411
162	7.096136682958411
163	5.762593787093474
164	7.325537786295128
165	4.549138443641579
166	4.549138443641579
167	4.549138443641579
168	4.549138443641579
169	4.549138443641579
170	4.549138443641579
171	4.549138443641579
172	4.549138443641579
173	4.549138443641579
174	10.0
175	10.0
176	7.942880717397518
177	4.192841793361364
178	4.192841793361364
179	4.192841793361364
180	4.192841793361364
181	4.192841793361364
182	4.192841793361364
183	4.568413916922479
184	4.644161499336571
185	4.644161499336571
186	8.095314992826697
187	8.095314992826697
188	6.739462517432463
189	6.666479140279079
190	6.725984738634637
191	8.597714412360395
192	9.46567762505586
193	10.0
194	6.871424234874672
195	6.871424234874672
196	3.435948242189621
197	10.0
198	10.0
199	10.0
200	2.6592035084620234
201	2.6592035084620234
202	2.6592035084620234
203	4.1442619031434775
204	4.1442619031434775
205	5.832320901728165
206	5.832320901728165
207	2.6992845375514163
208	6.426343565707054
209	6.426343565707054
210	6.426343565707054
211	6.426343565707054
212	9.896105495604672
213	9.896105495604672
214	9.896105495604672
215	4.465147636933281
216	4.465147636933281
217	6.323415678646701
218	6.834273624665174
219	6.834273624665174
220	6.893447503371448
221	6.893447503371448
222	10.0
223	7.969873198268402
224	7.969873198268402
225	2.663804790116586
226	2.663804790116586
227	7.3496681456401305
228	7.3496681456401305
229	7.3496681456401305
230	7.3496681456401305
231	5.195930834950316
232	5.195930834950316
233	8.443312534885148
234	8.443312534885148
235	8.443312534885148
236	6.833276508189979
237	6.833276508189979
238	6.833276508189979
239	6.833276508189979
240	3.2700150945703665
241	3.2700150945703665
242	3.2700150945703665
243	7.553114079239158
244	8.450646506986937
245	5.069577417173097
246	2.1834657940314113
247	6.6512189891638185
248	6.6512189891638185
249	6.6512189891638185
250	7.773310201734159
251	7.773310201734159
252	7.159702037958094
253	3.4911516897556636
254	3.4911516897556636
255	3.4911516897556636
256	3.4911516897556636
257	3.4911516897556636
258	3.4911516897556636
259	6.355371768247528
260	9.219799141155807
261	4.5108333859511145
262	7.745885209881044
263	7.745885209881044
264	7.745885209881044
265	5.80740018168905
266	8.160626476716814
267	8.160626476716814
268	7.877347620659709
269	7.877347620659709
270	7.877347620659709
271	7.877347620659709
272	7.877347620659709
273	7.877347620659709
274	10.0
275	10.0
276	9.558438964710282
277	9.558438964710282
278	9.558438964710282
279	10.0
280	10.0
281	10.0
282	5.747901570541418
283	6.687867879113572
284	6.687867879113572
285	6.687867879113572
286	9.771609704597358
287	9.457093887133414
288	5.640125501757266
289	5.640125501757266
290	8.111827494770779
291	7.622543556649318
292	7.622543556649318
293	7.622543556649318
294	5.758016952169969
295	5.758016952169969
296	5.758016952169969
297	5.758016952169969
298	5.758016952169969
299	5.758016952169969
300	8.15721566141008
301	7.242070131073058
302	3.443675802562847
303	3.443675802562847
304	3.443675802562847
305	10.0
306	10.0
307	10.0
308	10.0
309	6.440113469534768
310	2.4614690494758142
311	6.3424828689053285
312	7.8058812698326765
313	7.8058812698326765
314	6.7603234027460655
315	9.996969486740083
316	10.0
317	10.0
318	10.0
319	10.0
320	10.0
321	10.0
322	5.812181960087498
323	5.812181960087498
324	4.565754102476214
325	7.921702609536426
326	7.921702609536426
327	7.921702609536426
328	5.111685154558208
329	7.917938528227932
330	7.917938528227932
331	7.917938528227932
332	7.917938528227932
333	6.712341141944538
334	4.24064945772641
335	6.537233756676172
336	5.883120088441003
337	5.883120088441003
338	8.406899212109169
339	8.406899212109169
340	8.406899212109169
341	10.0
342	10.0
343	10.0
344	10.0
345	3.0265333386457907
346	3.0265333386457907
347	4.349641057618913
348	5.36977059146151
349	6.048306764996868
350	4.180417651156567
351	7.509890980166929
352	7.509890980166929
353	2.9359437526526992
354	3.792288084556936
355	3.792288084556936
356	7.405291219852758
357	3.9834326977835985
358	6.507653340836853
359	2.7163522317478974
360	3.4251245497227782
361	7.648656490819572
362	7.648656490819572
363	8.941509875362186
364	7.9715563280239
365	9.831544054220519
366	9.831544054220519
367	3.621946398782587
368	3.621946398782587
369	5.312737879575033
370	10.0
371	10.0
372	10.0
373	8.973760234022713
374	8.973760234022713
375	8.973760234022713
376	10.0
377	10.0
378	10.0
379	9.664094789475197
380	9.664094789475197
381	7.466656531562262
382	7.059705748823183
383	7.059705748823183
384	7.059705748823183
385	7.059705748823183
386	10.0
387	10.0
388	10.0
389	10.0
390	10.0
391	0.40881200633519654
392	0.40881200633519654
393	0.40881200633519654
394	0.40881200633519654
395	10.0
396	10.0
397	10.0
398	10.0
399	10.0
400	10.0
401	3.018521362667023
402	6.784747771834817
403	6.784747771834817
404	4.008685051576732
405	4.008685051576732
406	4.008685051576732
407	4.008685051576732
408	4.008685051576732
409	4.008685051576732
410	4.008685051576732
411	4.015576005380437
412	4.986648266959646
413	4.862479269899996
414	3.547284222472907
415	5.754902026436994
416	5.754902026436994
417	2.5238011510244993
418	6.115020760910722
419	5.185075663123748
420	6.828937356522943
421	6.828937356522943
422	6.828937356522943
423	6.828937356522943
424	6.828937356522943
425	6.828937356522943
426	6.828937356522943
427	7.83009196417816
428	8.446665939588508
429	8.446665939588508
430	6.719221616689646
431	6.719221616689646
432	6.719221616689646
433	6.719221616689646
434	5.0845496976339115
435	5.0845496976339115
436	5.0845496976339115
437	4.3623356211452355
438	3.8164565856157613
439	5.79588059281369
440	5.79588059281369
441	7.539066310566843
442	7.181083879287
443	2.395278606912705
444	9.77954096930118
445	3.66667014721042
446	3.66667014721042
447	10.0
448	10.0
449	9.71349404761753
450	3.426092686083236
451	8.839737810492322
452	8.839737810492322
453	8.839737810492322
454	8.839737810492322
455	8.839737810492322
456	5.10288206316867
457	5.10288206316867
458	2.2346922544818475
459	2.2346922544818475
460	10.0
461	7.628724991661818
462	7.628724991661818
463	7.628724991661818
464	10.0
465	8.159198107723643
466	6.926134341828564
467	7.958412676473217
468	8.64955052545206
469	8.64955052545206
470	8.392451170943465
471	6.415520117961744
472	3.574178510304213
473	3.574178510304213
474	3.574178510304213
475	4.107542815227808
476	4.107542815227808
477	4.107542815227808
478	4.107542815227808
479	4.107542815227808
480	4.107542815227808
481	6.184776152410893
482	6.184776152410893
483	4.059541856940567
484	8.811888037621525
485	9.016401519759679
486	9.016401519759679
487	9.016401519759679
488	4.678767519364451
489	4.602637015236265
490	4.602637015236265
491	7.15048824361764
492	5.483539681100531
493	5.483539681100531
494	5.483539681100531
495	6.560238294427539
496	6.560238294427539
497	8.839268320355139
498	8.839268320355139
499	8.839268320355139
500	8.839268320355139
501	8.839268320355139
502	8.839268320355139
503	8.839268320355139
504	8.839268320355139
505	8.839268320355139
506	8.839268320355139
507	7.982986605591085
508	10.0
509	6.49149582187572
510	10.0
511	9.15810247662503
512	10.0
513	3.2149399541407417
514	3.2149399541407417
515	3.2149399541407417
516	3.2149399541407417
517	5.50627007367312
518	10.0
519	10.0
520	10.0
521	10.0
522	10.0
523	10.0
524	10.0
525	8.382126043067984
526	5.5608618629612145
527	10.0
528	10.0
529	10.0
530	10.0
531	10.0
532	10.0
533	10.0
534	4.13545199860158
535	5.463921615565434
536	9.740795129661679
537	2.8301219775644366
538	10.0
539	10.0
540	10.0
541	10.0
542	10.0
543	10.0
544	10.0
545	6.093800401919826
546	6.093800401919826
547	10.0
548	10.0
549	6.932109449339312
550	6.932109449339312
551	6.932109449339312
552	10.0
553	7.549308918928388
554	7.549308918928388
555	9.381269253796908
556	9.381269253796908
557	9.381269253796908
558	9.381269253796908
559	9.381269253796908
560	9.381269253796908
561	9.381269253796908
562	5.456029231773016
563	4.857390043236851
564	4.857390043236851
565	4.857390043236851
566	4.857390043236851
567	4.857390043236851
568	4.857390043236851
569	4.857390043236851
570	4.93154934060761
571	10.0
572	10.0
573	10.0
574	10.0
575	10.0
576	9.560552839664346
577	9.560552839664346
578	6.346849453990122
579	5.037244986880116
580	5.037244986880116
581	5.037244986880116
582	5.037244986880116
583	5.037244986880116
584	6.393218851022353
585	4.992331930327049
586	4.992331930327049
587	4.921945157938002
588	5.1955320633313065
589	7.94777971058048
590	7.493140030900333
591	7.493140030900333
592	7.493140030900333
593	7.493140030900333
594	4.280431738434978
595	4.280431738434978
596	4.280431738434978
597	4.280431738434978
598	4.280431738434978
599	4.280431738434978
600	7.61833766995262
601	7.61833766995262
602	7.61833766995262
603	5.148462639230491
604	8.813213361169094
605	8.146109951922176
606	8.146109951922176
607	8.146109951922176
608	8.146109951922176
609	6.008951325795578
610	6.008951325795578
611	3.280077031121205
612	6.576690644730709
613	3.5218159298188993
614	9.206380675396597
615	8.532375996270451
616	8.532375996270451
617	9.778337638882412
618	9.778337638882412
619	10.0
620	10.0
621	10.0
622	10.0
623	5.504208396828032
624	5.504208396828032
625	10.0
626	10.0
627	8.435779549160161
628	7.973383991638635
629	5.135363754691979
630	6.3692469173378425
631	6.3692469173378425
632	6.3692469173378425
633	9.086534740868293
634	5.095284239229798
635	5.095284239229798
636	0.17528653732879107
637	9.89143630554789
638	4.890892019805413
639	8.988816849960669
640	6.403102947847101
641	6.403102947847101
642	4.774669404544172
643	4.774669404544172
644	4.774669404544172
645	4.774669404544172
646	4.774669404544172
647	4.774669404544172
648	10.0
649	6.382868478332024
650	6.382868478332024
651	8.849260077687108
652	8.849260077687108
653	6.899109183667634
654	6.899109183667634
655	7.675338010316619
656	7.675338010316619
657	6.26834728909543
658	5.978083597203418
659	2.9403648717913677
660	4.108896800959703
661	3.488532231950658
662	3.488532231950658
663	3.488532231950658
664	3.488532231950658
665	3.488532231950658
666	3.488532231950658
667	3.488532231950658
668	3.488532231950658
669	5.152482750506444
670	6.963902721600415
671	4.016142932742229
672	4.016142932742229
673	4.213365505967723
674	4.213365505967723
675	4.213365505967723
676	4.965600473657084
677	3.127372420876868
678	5.329362017187312
679	5.820866830735568
680	5.802871938531755
681	5.802871938531755
682	5.802871938531755
683	5.802871938531755
684	5.461278366910658
685	7.00783081134818
686	7.00783081134818
687	7.00783081134818
688	4.1334927621202535
689	5.258511359133521
690	5.258511359133521
691	5.258511359133521
692	9.03575247268144
693	7.115926592109004
694	7.115926592109004
695	10.0
696	10.0
697	9.86835514841268
698	9.86835514841268
699	10.0
700	7.197650933940741
701	7.197650933940741
702	1.6196452470565355
703	8.213341949261729
704	4.015360265474881
705	4.421002155734689
706	7.920387246933505
707	7.920387246933505
708	7.920387246933505
709	2.2978732076396993
710	2.0705668798289723
711	2.0705668798289723
712	2.0705668798289723
713	6.113889353990272
714	6.113889353990272
715	6.113889353990272
716	6.113889353990272
717	6.918088164280686
718	8.22700043600099
719	8.22700043600099
720	8.22700043600099
721	8.22700043600099
722	2.735362776106012
723	5.908425436947765
724	5.908425436947765
725	6.068583187628821
726	6.068583187628821
727	6.598844952853842
728	6.598844952853842
729	6.598844952853842
730	6.598844952853842
731	6.462003324718178
732	6.462003324718178
733	6.458616630589159
734	6.458616630589159
735	6.95804551515149
736	6.95804551515149
737	6.304020082172598
738	4.096467917533975
739	6.485091109932942
740	6.485091109932942
741	6.485091109932942
742	6.7523497129616645
743	6.7523497129616645
744	6.7523497129616645
745	6.7523497129616645
746	6.331133934604591
747	6.331133934604591
748	6.331133934604591
749	5.617838301424559
750	5.617838301424559
751	6.893161211688772
752	10.0
753	10.0
754	5.465294870993157
755	5.465294870993157
756	5.465294870993157
757	4.62064698983816
758	6.138646971732023
759	5.667678853076221
760	5.667678853076221
761	5.667678853076221
762	5.667678853076221
763	10.0
764	10.0
765	9.590024764665102
766	10.0
767	10.0
768	10.0
769	10.0
770	10.0
771	5.374556048174586
772	4.432337973537436
773	4.593761430601303
774	4.525336808560539
775	4.525336808560539
776	3.2801274952123993
777	3.2801274952123993
778	3.2801274952123993
779	4.271215344412857
780	5.309650932526832
781	5.309650932526832
782	5.6480033255484
783	5.6480033255484
784	5.6480033255484
785	5.6480033255484
786	5.6480033255484
787	4.187036597764266
788	6.552537800229849
789	6.033394782798396
790	0.10459062925137097
791	0.10459062925137097
792	7.992014864774476
793	7.992014864774476
794	6.163707436920263
795	6.163707436920263
796	6.163707436920263
797	6.163707436920263
798	6.2181420557973865
799	4.183852583013477
800	4.183852583013477
801	4.183852583013477
802	4.566171384976714
803	4.566171384976714
804	4.002629120562712
805	6.293670017791201
806	5.015903384921243
807	9.023628786551964
808	6.71828288601275
809	6.71828288601275
810	9.20076630418436
811	6.782719796406061
812	10.0
813	10.0
814	10.0
815	10.0
816	7.046322394697616
817	5.1744505986213944
818	5.1744505986213944
819	5.1744505986213944
820	5.1744505986213944
821	5.1744505986213944
822	5.1744505986213944
823	5.867470151822493
824	3.575069136650843
825	4.84438648130544
826	6.103001772356808
827	6.103001772356808
828	6.103001772356808
829	4.922121380265685
830	4.922121380265685
831	4.922121380265685
832	4.922121380265685
833	5.546814313082609
834	3.743888674176554
835	6.40105007151862
836	4.3146246808295
837	4.3146246808295
838	5.116023422766207
839	1.6855473211718568
840	6.027571985070244
841	3.0064429863448185
842	0.505487636413176
843	2.469349401729885
844	9.070777031696252
845	6.072441564944299
846	6.072441564944299
847	6.072441564944299
848	7.8559127341144155
849	4.551507119022312
850	7.578620239434065
851	6.17382178974446
852	6.17382178974446
853	6.17382178974446
854	6.17382178974446
855	6.763511900836588
856	6.849840203912867
857	6.849840203912867
858	5.44818997977419
859	1.3611482472661267
860	3.53651302271078
861	3.53651302271078
862	3.53651302271078
863	3.53651302271078
864	3.53651302271078
865	3.53651302271078
866	3.53651302271078
867	3.53651302271078
868	3.53651302271078
869	10.0
870	10.0
871	10.0
872	8.366023978626014
873	8.366023978626014
874	8.366023978626014
875	4.070951609718787
876	6.183089517811922
877	6.467597418780575
878	5.74848759190075
879	5.74848759190075
880	7.32704718843422
881	7.32704718843422
882	3.7121838835289305
883	7.38337396358901
884	6.147342600802521
885	6.299293764430157
886	6.299293764430157
887	2.1046801753188795
888	4.019165030646745
889	5.6514742919683165
890	5.6514742919683165
891	5.6514742919683165
892	5.6514742919683165
893	8.193133176421654
894	6.745995829646404
895	3.7495261604758845
896	3.7495261604758845
897	3.7495261604758845
898	3.7495261604758845
899	4.689490691928574
900	4.689490691928574
901	4.689490691928574
902	4.689490691928574
903	4.760945890401726
904	4.760945890401726
905	4.760945890401726
906	3.381283780478625
907	5.865798709258396
908	5.865798709258396
909	5.865798709258396
910	5.865798709258396
911	10.0
912	10.0
913	4.608936018055246
914	3.281556422696334
915	3.281556422696334
916	3.7540374228995663
917	4.758482522472905
918	8.262143456610879
919	8.304757773477215
920	8.464448886516822
921	8.464448886516822
922	8.464448886516822
923	8.464448886516822
924	8.492277244085885
925	8.492277244085885
926	8.492277244085885
927	7.103079605483691
928	7.103079605483691
929	6.491811600976609
930	6.491811600976609
931	6.491811600976609
932	4.4678537793374264
933	7.608744749560797
934	7.608744749560797
935	7.608744749560797
936	7.608744749560797
937	10.0
938	2.20713532974907
939	2.20713532974907
940	2.20713532974907
941	6.558351832099616
942	3.5222092010011616
943	3.5222092010011616
944	3.5222092010011616
945	3.5222092010011616
946	7.355380087684999
947	6.187174142680836
948	5.000496805037499
949	7.031149703942772
950	4.874481561518902
951	5.741097877050301
952	5.741097877050301
953	5.741097877050301
954	5.449279632054397
955	5.449279632054397
956	6.516859822420063
957	6.537053076350644
958	6.537053076350644
959	6.537053076350644
960	10.0
961	10.0
962	9.353357449041354
963	6.727287347576067
964	6.727287347576067
965	6.727287347576067
966	6.727287347576067
967	9.143083954485032
968	2.391158437899841
969	5.243069909729795
970	5.243069909729795
971	5.243069909729795
972	5.243069909729795
973	5.243069909729795
974	5.243069909729795
975	5.850844979770902
976	5.850844979770902
977	2.5370601547126155
978	5.195720369674011
979	10.0
980	10.0
981	10.0
982	10.0
983	8.691094881567354
984	8.83423524624099
985	10.0
986	10.0
987	8.892875806735955
988	8.892875806735955
989	8.82545345402481
990	10.0
991	7.324721555305361
992	7.324721555305361
993	7.324721555305361
994	7.324721555305361
995	8.068034017009918
996	6.0555868351028455
997	10.0
998	9.369092217253927
999	9.369092217253927
1000	10.0
1001	6.686864648198147
1002	9.222734123829968
1003	9.222734123829968
1004	9.222734123829968
1005	7.840279213074689
1006	7.840279213074689
1007	7.840279213074689
1008	6.07813329602648
1009	6.532626308490816
1010	4.760977839969984
1011	4.760977839969984
1012	4.760977839969984
1013	4.760977839969984
1014	4.760977839969984
1015	4.760977839969984
1016	4.760977839969984
1017	4.760977839969984
1018	4.760977839969984
1019	7.1413942710202
1020	6.633400412925181
1021	8.3300139196085
1022	8.3300139196085
1023	2.794898819764831
1024	5.001831711410153
1025	5.339064548939408
1026	9.130395380408281
1027	8.031078259507368
1028	3.1973935713394614
1029	3.1973935713394614
1030	5.379678514102662
1031	5.379678514102662
1032	7.3094267244990725
1033	2.819934265144223
1034	5.3399711153931655
1035	5.3399711153931655
1036	5.3399711153931655
1037	2.9834226963423944
1038	2.9834226963423944
1039	6.1541025527986815
1040	4.3409391663294485
1041	3.7693444533655374
1042	3.7693444533655374
1043	3.7693444533655374
1044	10.0
1045	5.4455720140023285
1046	5.4455720140023285
1047	3.201981832762374
1048	3.201981832762374
1049	4.949087735966296
1050	5.587307637139656
1051	5.587307637139656
1052	6.682755002361382
1053	5.320712388202293
1054	5.320712388202293
1055	5.740398087747761
1056	7.490583752458778
1057	7.490583752458778
1058	7.490583752458778
1059	7.490583752458778
1060	7.86319953736142
1061	7.151727942792839
1062	6.182302025469967
1063	6.182302025469967
1064	7.918493620335826
1065	4.118511678890018
1066	4.118511678890018
1067	4.118511678890018
1068	4.118511678890018
1069	4.118511678890018
1070	5.037596299469265
1071	5.037596299469265
1072	5.037596299469265
1073	5.037596299469265
1074	4.443817429827204
1075	7.747317693013771
1076	4.766663796322646
1077	4.766663796322646
1078	7.49862781817354
1079	7.49862781817354
1080	7.49862781817354
1081	7.49862781817354
1082	7.49862781817354
1083	2.892188168916171
1084	4.640585426414141
1085	4.640585426414141
1086	6.893873239767331
1087	6.893873239767331
1088	6.893873239767331
1089	6.893873239767331
1090	7.667056261447868
1091	4.463199004952035
1092	4.463199004952035
1093	3.9628626248251066
1094	5.885161998510373
1095	5.885161998510373
1096	8.557282631744883
1097	8.557282631744883
1098	8.557282631744883
1099	8.557282631744883
1100	6.43394345511067
1101	2.6178055545895575
1102	3.764123252694366
1103	4.817949194401848
1104	4.817949194401848
1105	4.817949194401848
1106	5.7855571256452185
1107	8.31601147525769
1108	8.31601147525769
1109	8.31601147525769
1110	9.82956432821505
1111	7.605492710830882
1112	4.613325329112197
1113	10.0
1114	10.0
1115	10.0
1116	6.907583018256453
1117	8.120032796889808
1118	8.120032796889808
1119	8.120032796889808
1120	7.422261689769126
1121	7.422261689769126
1122	5.677145101313374
1123	5.677145101313374
1124	5.677145101313374
1125	5.677145101313374
1126	7.738448615242672
1127	7.738448615242672
1128	7.738448615242672
1129	10.0
1130	10.0
1131	9.168591847409456
1132	9.168591847409456
1133	9.168591847409456
1134	9.168591847409456
1135	9.168591847409456
1136	9.168591847409456
1137	9.168591847409456
1138	8.96606066323929
1139	9.582482288726892
1140	10.0
1141	10.0
1142	10.0
1143	8.50874737174346
1144	8.50874737174346
1145	8.78949054275346
1146	8.78949054275346
1147	10.0
1148	10.0
1149	10.0
1150	10.0
1151	7.607359705545733
1152	7.607359705545733
1153	5.189846753096418
1154	6.055059870661971
1155	6.055059870661971
1156	6.055059870661971
1157	9.467408723736549
1158	9.467408723736549
1159	5.317493162525167
1160	5.317493162525167
1161	5.317493162525167
1162	7.948942263391721
1163	3.8726710648575953
1164	3.8726710648575953
1165	3.8726710648575953
1166	8.250002528408718
1167	8.250002528408718
1168	10.0
1169	10.0
1170	10.0
1171	10.0
1172	10.0
1173	2.1441109174489847
1174	2.1441109174489847
1175	2.1441109174489847
1176	5.686820702627766
1177	5.686820702627766
1178	5.686820702627766
1179	5.686820702627766
1180	5.686820702627766
1181	2.0496752451452416
1182	10.0
1183	10.0
1184	10.0
1185	10.0
1186	10.0
1187	10.0
1188	9.597975903984532
1189	3.164859041992025
1190	3.164859041992025
1191	3.164859041992025
1192	3.164859041992025
1193	3.164859041992025
1194	3.164859041992025
1195	3.164859041992025
1196	3.164859041992025
1197	10.0
1198	10.0
1199	10.0
1200	10.0
1201	10.0
1202	7.780265206797328
1203	7.780265206797328
1204	7.780265206797328
1205	7.780265206797328
1206	7.422960020494224
1207	7.422960020494224
1208	4.881469988855306
1209	8.304816516891382
1210	8.304816516891382
1211	5.288564090476641
1212	10.0
1213	10.0
1214	10.0
1215	10.0
1216	5.010078536197112
1217	6.690515008533618
1218	4.26283465676549
1219	6.331342196858211
1220	7.091346804783978
1221	7.091346804783978
1222	7.770167670243252
1223	3.599863175800206
1224	7.7506392629555485
1225	9.417426587043064
1226	9.417426587043064
1227	9.417426587043064
1228	9.417426587043064
1229	9.417426587043064
1230	8.809738769939933
1231	5.036046242713992
1232	6.035694104990585
1233	6.035694104990585
1234	6.035694104990585
1235	4.561439548786035
1236	4.561439548786035
1237	4.561439548786035
1238	4.561439548786035
1239	4.561439548786035
1240	4.561439548786035
1241	5.7090511858823705
1242	5.7090511858823705
1243	5.7090511858823705
1244	5.7090511858823705
1245	5.7090511858823705
1246	5.7090511858823705
1247	7.248468853506379
1248	7.248468853506379
1249	8.224887647257063
1250	8.224887647257063
1251	5.23833538486251
1252	5.23833538486251
1253	4.687357078010358
1254	6.609341139262322
1255	6.609341139262322
1256	6.4472577316021695
1257	6.4472577316021695
1258	6.4472577316021695
1259	6.337330296871741
1260	6.337330296871741
1261	6.337330296871741
1262	4.48371814688193
1263	4.48371814688193
1264	3.1706333427918025
1265	3.1706333427918025
1266	4.280572568806559
1267	4.280572568806559
1268	2.0970420289522558
1269	2.0970420289522558
1270	2.0970420289522558
1271	2.0970420289522558
1272	2.0970420289522558
1273	2.0970420289522558
1274	4.979426072013668
1275	4.979426072013668
1276	4.979426072013668
1277	4.979426072013668
1278	4.979426072013668
1279	4.979426072013668
1280	4.979426072013668
1281	4.979426072013668
1282	4.979426072013668
1283	4.5483541734323305
1284	3.810672974566268
1285	4.569337337527533
1286	4.569337337527533
1287	4.569337337527533
1288	4.569337337527533
1289	10.0
1290	10.0
1291	3.940945789298011
1292	7.740719370017691
1293	7.740719370017691
1294	7.740719370017691
1295	7.740719370017691
1296	4.176800753230179
1297	4.176800753230179
1298	5.705447611220995
1299	9.568476004108685
1300	9.92141608420164
1301	9.92141608420164
1302	8.384188703384357
1303	8.384188703384357
1304	8.384188703384357
1305	8.384188703384357
1306	8.384188703384357
1307	8.384188703384357
1308	5.760738629893593
1309	5.760738629893593
1310	5.760738629893593
1311	3.4610337291175712
1312	3.4610337291175712
1313	3.4610337291175712
1314	3.4610337291175712
1315	5.610979303205758
1316	6.752271201303711
1317	8.654194662827331
1318	6.549965001829524
1319	7.323677701192613
1320	4.356149827653837
1321	4.356149827653837
1322	4.356149827653837
1323	7.726054280822586
1324	7.726054280822586
1325	7.726054280822586
1326	7.726054280822586
1327	7.726054280822586
1328	4.427126272661883
1329	4.427126272661883
1330	3.0262513705504066
1331	3.0262513705504066
1332	3.0262513705504066
1333	3.0262513705504066
1334	6.217556731234776
1335	6.217556731234776
1336	5.86107581272578
1337	5.86107581272578
1338	6.0263117856373905
1339	6.0263117856373905
1340	4.992890254997499
1341	2.917830114055213
1342	9.662880491555178
1343	9.662880491555178
1344	9.662880491555178
1345	9.662880491555178
1346	9.662880491555178
1347	9.662880491555178
1348	5.433338550253582
1349	4.66324390464667
1350	4.66324390464667
1351	4.66324390464667
1352	4.66324390464667
1353	4.37244226110507
1354	2.0456254649648447
1355	3.9934592066648005
1356	3.9934592066648005
1357	5.630640423109589
1358	6.370839091171812
1359	6.370839091171812
1360	5.790950653946776
1361	5.872631367488443
1362	7.5377294559919585
1363	8.289390153585828
1364	8.289390153585828
1365	6.41372100657115
1366	6.41372100657115
1367	3.092686135656657
1368	3.092686135656657
1369	6.439355525880404
1370	7.020902943264206
1371	7.020902943264206
1372	7.020902943264206
1373	8.660959020118094
1374	8.660959020118094
1375	8.660959020118094
1376	8.178865260378174
1377	8.178865260378174
1378	8.178865260378174
1379	9.775963630713182
1380	6.479564630871623
1381	6.479564630871623
1382	6.48813461784225
1383	2.0967790039971375
1384	2.621176523141701
1385	2.621176523141701
1386	2.621176523141701
1387	2.621176523141701
1388	5.549189692427303
1389	4.759032087730508
1390	5.157877657061735
1391	7.9701711336604815
1392	7.9701711336604815
1393	6.364403248201509
1394	7.597038968301449
1395	7.539798042758816
1396	4.958810673965915
1397	4.958810673965915
1398	4.958810673965915
1399	6.443410458172054
1400	6.443410458172054
1401	6.443410458172054
1402	4.026415087374539
1403	7.662362607145953
1404	5.066772428828999
1405	5.066772428828999
1406	5.066772428828999
1407	5.066772428828999
1408	5.066772428828999
1409	10.0
1410	10.0
1411	10.0
1412	10.0
1413	10.0
1414	10.0
1415	6.985605283200158
1416	0.1
1417	0.1
1418	0.1
1419	5.716641874156469
1420	5.716641874156469
1421	5.716641874156469
1422	10.0
1423	10.0
1424	10.0
1425	8.989614831862779
1426	10.0
1427	10.0
1428	10.0
1429	10.0
1430	10.0
1431	10.0
1432	10.0
1433	10.0
1434	10.0
1435	10.0
1436	9.634835768324441
1437	9.634835768324441
1438	9.634835768324441
1439	7.6402652812651635
1440	7.6402652812651635
1441	7.225653703768125
1442	7.225653703768125
1443	7.225653703768125
1444	8.204599366060867
1445	8.204599366060867
1446	10.0
1447	10.0
1448	7.2333580566744144
1449	10.0
1450	10.0
1451	8.106372637345714
1452	10.0
1453	10.0
1454	9.191807428398262
1455	9.191807428398262
1456	7.74616553011211
1457	6.993170844130746
1458	7.8299179185327565
1459	7.8299179185327565
1460	7.8299179185327565
1461	7.8299179185327565
1462	7.8299179185327565
1463	3.646300189991954
1464	3.646300189991954
1465	3.646300189991954
1466	8.829908832701582
1467	5.591035670005345
1468	5.591035670005345
1469	5.591035670005345
1470	5.591035670005345
1471	5.591035670005345
1472	6.750276302664635
1473	6.750276302664635
1474	6.750276302664635
1475	6.750276302664635
1476	6.750276302664635
1477	2.4311425202528403
1478	0.9823321324972474
1479	0.9823321324972474
1480	6.613159826633358
1481	3.8977709939878693
1482	3.8955274147788574
1483	3.8955274147788574
1484	3.8955274147788574
1485	4.050192823867935
1486	4.050192823867935
1487	4.095628822599527
1488	5.673214272524335
1489	5.673214272524335
1490	10.0
1491	5.3719709338362325
1492	6.539884746781448
1493	10.0
1494	8.71757631375182
1495	8.71757631375182
1496	10.0
1497	3.104548025532324
1498	3.104548025532324
1499	3.104548025532324
1500	3.104548025532324
1501	3.104548025532324
1502	3.104548025532324
1503	3.104548025532324
1504	8.073518193730738
1505	10.0
1506	10.0
1507	10.0
1508	10.0
1509	10.0
1510	10.0
1511	10.0
1512	10.0
1513	10.0
1514	7.150116435732709
1515	4.657863278364591
1516	4.657863278364591
1517	5.763438731222488
1518	5.763438731222488
1519	6.112775850070678
1520	6.109045173709101
1521	6.109045173709101
1522	6.109045173709101
1523	6.109045173709101
1524	6.961720302038796
1525	6.70554512165135
1526	6.593991617815088
1527	4.587019416055912
1528	4.587019416055912
1529	7.081735032295556
1530	7.081735032295556
1531	7.081735032295556
1532	7.081735032295556
1533	5.1757554902686715
1534	5.1757554902686715
1535	9.832296312884608
1536	5.158890733401641
1537	6.6194733765004745
1538	7.567940940128695
1539	7.389545987560054
1540	6.118064995168112
1541	10.0
1542	10.0
1543	10.0
1544	9.306469156262427
1545	10.0
1546	10.0
1547	10.0
1548	7.00779300303955
1549	7.00779300303955
1550	7.00779300303955
1551	7.00779300303955
1552	10.0
1553	8.771642603533037
1554	10.0
1555	10.0
1556	10.0
1557	5.111507777523008
1558	10.0
1559	7.116404066426595
1560	8.344719829209412
1561	10.0
1562	7.716162810037597
1563	7.716162810037597
1564	10.0
1565	8.316701709238064
1566	8.316701709238064
1567	10.0
1568	10.0
1569	9.503769387265331
1570	9.503769387265331
1571	9.503769387265331
1572	9.503769387265331
1573	9.503769387265331
1574	9.503769387265331
1575	8.33144724187063
1576	8.33144724187063
1577	6.081338134291279
1578	6.926535126332251
1579	9.766746716438
1580	10.0
1581	10.0
1582	10.0
1583	10.0
1584	10.0
1585	10.0
1586	10.0
1587	6.217849484701967
1588	6.217849484701967
1589	10.0
1590	10.0
1591	9.737720507822715
1592	6.581563471766406
1593	10.0
1594	10.0
1595	10.0
1596	10.0
1597	3.8705041694694584
1598	8.172142331509551
1599	8.172142331509551
1600	8.172142331509551
1601	8.636604404096866
1602	10.0
1603	3.3484989387821855
1604	3.3484989387821855
1605	8.865840845865407
1606	1.0075643338853757
1607	1.0075643338853757
1608	8.646578335496303
1609	8.646578335496303
1610	10.0
1611	6.257114906216111
1612	4.684308522788598
1613	10.0
1614	8.244899044091698
1615	8.244899044091698
1616	8.244899044091698
1617	5.769138332286576
1618	5.769138332286576
1619	5.769138332286576
1620	5.769138332286576
1621	5.1229053173413295
1622	5.498095889434071
1623	5.498095889434071
1624	5.498095889434071
1625	7.918294851733234
1626	7.918294851733234
1627	10.0
1628	10.0
1629	10.0
1630	10.0
1631	10.0
1632	8.569188391724238
1633	8.569188391724238
1634	8.569188391724238
1635	8.569188391724238
1636	8.569188391724238
1637	5.015792781782045
1638	5.015792781782045
1639	5.015792781782045
1640	6.486780400644789
1641	3.991274929040505
1642	3.991274929040505
1643	4.576868121722248
1644	5.621187331791534
1645	5.621187331791534
1646	8.056303209974683
1647	8.056303209974683
1648	6.6346529677851045
1649	6.6346529677851045
1650	6.869551698298964
1651	6.869551698298964
1652	6.869551698298964
1653	6.997917571267735
1654	6.533277387024501
1655	6.533277387024501
1656	6.343967005015653
1657	6.343967005015653
1658	6.343967005015653
1659	6.343967005015653
1660	6.343967005015653
1661	6.343967005015653
1662	6.368492245499496
1663	6.368492245499496
1664	5.90077237519186
1665	5.90077237519186
1666	5.90077237519186
1667	5.90077237519186
1668	5.90077237519186
1669	8.01578448864452
1670	8.01578448864452
1671	6.323654113015158
1672	6.323654113015158
1673	10.0
1674	10.0
1675	7.115703886242045
1676	3.027178041322383
1677	9.759777459065312
1678	9.13431750343804
1679	10.0
1680	10.0
1681	10.0
1682	10.0
1683	10.0
1684	10.0
1685	10.0
1686	10.0
1687	10.0
1688	10.0
1689	8.913618583307278
1690	10.0
1691	4.3375295960940825
1692	1.953072149480981
1693	4.655225702000145
1694	5.70327326276975
1695	5.70327326276975
1696	5.70327326276975
1697	5.70327326276975
1698	6.086913684345764
1699	7.621359090106464
1700	7.621359090106464
1701	7.621359090106464
1702	7.621359090106464
1703	7.621359090106464
1704	7.621359090106464
1705	7.621359090106464
1706	7.621359090106464
1707	3.9157595576644315
1708	2.510653390022898
1709	2.510653390022898
1710	2.510653390022898
1711	10.0
1712	10.0
1713	8.027747555292601
1714	8.027747555292601
1715	10.0
1716	10.0
1717	10.0
1718	2.917384671491847
1719	6.421266893846942
1720	5.630485313466883
1721	5.630485313466883
1722	5.630485313466883
1723	5.630485313466883
1724	5.630485313466883
1725	6.304891824657464
1726	6.304891824657464
1727	6.304891824657464
1728	6.304891824657464
1729	9.021636376583007
1730	9.021636376583007
1731	6.382963583821266
1732	5.225652214639294
1733	10.0
1734	10.0
1735	10.0
1736	5.971469377773347
1737	7.137457321732899
1738	7.409763681665041
1739	8.254110041712728
1740	8.254110041712728
1741	8.254110041712728
1742	10.0
1743	10.0
1744	10.0
1745	6.287238089997524
1746	6.287238089997524
1747	6.287238089997524
1748	6.639031889125099
1749	6.639031889125099
1750	9.392288743782196
1751	7.324068478909176
1752	7.324068478909176
1753	7.324068478909176
1754	7.324068478909176
1755	6.371598038218142
1756	8.672768610841633
1757	8.672768610841633
1758	10.0
1759	10.0
1760	10.0
1761	10.0
1762	9.138548186291766
1763	5.766085038999163
1764	5.766085038999163
1765	10.0
1766	7.838350436045629
1767	10.0
1768	10.0
1769	6.614469010021775
1770	9.09944620592351
1771	9.09944620592351
1772	9.611008168238463
1773	10.0
1774	5.627454029148278
1775	5.627454029148278
1776	5.627454029148278
1777	5.627454029148278
1778	10.0
1779	9.200850099064318
1780	9.200850099064318
1781	9.644687903292695
1782	4.544201588607377
1783	10.0
1784	3.19578500561465
1785	4.502295453960976
1786	4.502295453960976
1787	7.519845333390244
1788	3.515119356035406
1789	4.35354082909523
1790	4.35354082909523
1791	4.35354082909523
1792	5.3513863207148065
1793	5.3513863207148065
1794	5.3513863207148065
1795	5.3513863207148065
1796	5.3513863207148065
1797	5.3513863207148065
1798	5.3513863207148065
1799	2.2671518578692065
1800	4.515456533416521
1801	4.515456533416521
1802	4.515456533416521
1803	6.770633261714978
1804	6.770633261714978
1805	5.672216464410404
1806	5.672216464410404
1807	5.672216464410404
1808	5.672216464410404
1809	5.672216464410404
1810	5.782848461167673
1811	7.592351399204978
1812	6.740982780450774
1813	5.056230359905316
1814	9.87682925784854
1815	9.87682925784854
1816	9.87682925784854
1817	9.87682925784854
1818	9.87682925784854
1819	9.87682925784854
1820	8.5248626924673
1821	8.5248626924673
1822	8.5248626924673
1823	6.012152747028728
1824	7.629210260075588
1825	6.475676349093818
1826	6.475676349093818
1827	6.475676349093818
1828	6.475676349093818
1829	8.57160671818713
1830	10.0
1831	8.830313047109584
1832	8.830313047109584
1833	8.830313047109584
1834	10.0
1835	10.0
1836	10.0
1837	10.0
1838	7.738829446917582
1839	7.738829446917582
1840	8.818159793346608
1841	10.0
1842	2.468046140951789
1843	2.468046140951789
1844	2.468046140951789
1845	2.468046140951789
1846	10.0
1847	10.0
1848	10.0
1849	4.8964818854716
1850	10.0
1851	2.3338430718181282
1852	2.3338430718181282
1853	10.0
1854	10.0
1855	9.650096767644573
1856	6.749909962343217
1857	6.749909962343217
1858	6.749909962343217
1859	9.739059631448452
1860	9.739059631448452
1861	9.739059631448452
1862	8.64441691791615
1863	1.8971594534464264
1864	1.8971594534464264
1865	1.8971594534464264
1866	1.8971594534464264
1867	7.9309458620599065
1868	10.0
1869	10.0
1870	9.379030683307178
1871	9.379030683307178
1872	7.8017787898058995
1873	7.8017787898058995
1874	7.8017787898058995
1875	7.8017787898058995
1876	4.612216911711563
1877	4.612216911711563
1878	6.930642982575772
1879	9.801041707478173
1880	9.801041707478173
1881	9.801041707478173
1882	2.8644122066447832
1883	4.891197323149064
1884	4.891197323149064
1885	4.891197323149064
1886	3.1685523921038747
1887	3.1685523921038747
1888	3.332404908635845
1889	6.106078340669439
1890	6.106078340669439
1891	5.4171338681228995
1892	4.87747474060894
1893	4.87747474060894
1894	4.87747474060894
1895	4.87747474060894
1896	4.145568761289258
1897	4.145568761289258
1898	4.145568761289258
1899	4.145568761289258
1900	4.145568761289258
1901	4.145568761289258
1902	2.9214102717915518
1903	8.198747924695528
1904	8.198747924695528
1905	8.198747924695528
1906	3.6339876656802788
1907	3.6339876656802788
1908	3.6339876656802788
1909	3.6339876656802788
1910	3.6339876656802788
1911	6.951214013215069
1912	2.5296657622711782
1913	4.033525990123727
1914	2.863728614331231
1915	2.863728614331231
1916	2.863728614331231
1917	4.1138840447791365
1918	4.1138840447791365
1919	4.1138840447791365
1920	6.403944547974474
1921	6.403944547974474
1922	6.403944547974474
1923	5.803156893293663
1924	5.9518245296633445
1925	8.577207993753111
1926	1.292083892359623
1927	1.292083892359623
1928	4.049058018728075
1929	2.4224955302142157
1930	5.688650637408941
1931	5.688650637408941
1932	6.398601032811908
1933	6.398601032811908
1934	6.398601032811908
1935	6.398601032811908
1936	4.423874206563181
1937	4.423874206563181
1938	5.277372092422528
1939	6.223089301879697
1940	6.223089301879697
1941	1.8790554060712035
1942	1.8790554060712035
1943	5.082814952795177
1944	5.082814952795177
1945	5.082814952795177
1946	5.082814952795177
1947	5.082814952795177
1948	5.082814952795177
1949	6.773022687085233
1950	6.773022687085233
1951	6.773022687085233
1952	6.773022687085233
1953	6.773022687085233
1954	7.90132348559915
1955	7.90132348559915
1956	7.90132348559915
1957	8.303320206645502
1958	8.303320206645502
1959	8.303320206645502
1960	8.303320206645502
1961	8.303320206645502
1962	6.544161714144432
1963	6.544161714144432
1964	5.537663542942301
1965	5.537663542942301
1966	5.537663542942301
1967	3.507178100226015
1968	6.62295614790753
1969	6.62295614790753
1970	5.208702503996897
1971	5.208702503996897
1972	5.208702503996897
1973	4.194122476792522
1974	4.194122476792522
1975	4.194122476792522
1976	3.890495031160201
1977	4.2409589707206266
1978	2.3991227868919487
1979	2.3991227868919487
1980	2.3991227868919487
1981	2.0274972276325576
1982	3.742114359025468
1983	4.621641188787244
1984	4.621641188787244
1985	4.621641188787244
1986	2.3672296771238184
1987	3.9058062296828515
1988	3.9058062296828515
1989	3.9058062296828515
1990	3.9058062296828515
1991	3.9058062296828515
1992	6.404143241737367
1993	8.709585951990455
1994	10.0
1995	1.4910632545591787
1996	10.0
1997	10.0
1998	10.0
1999	8.794741738567287
2000	8.794741738567287
2001	6.667885326721297
2002	6.667885326721297
2003	6.667885326721297
2004	6.667885326721297
2005	7.815738957637944
2006	7.815738957637944
2007	7.815738957637944
2008	7.815738957637944
2009	7.815738957637944
2010	6.313953582365257
2011	6.313953582365257
2012	8.941085494816132
2013	4.175604691156819
2014	4.175604691156819
2015	5.0745021005492985
2016	4.142329313071436
2017	4.142329313071436
2018	4.142329313071436
2019	4.412215512599229
2020	8.206147670363281
2021	8.206147670363281
2022	6.412440852679251
2023	1.9913229356763904
2024	1.9913229356763904
2025	4.639833362593266
2026	4.639833362593266
2027	8.593185853456443
2028	3.3416019014254035
2029	3.3416019014254035
2030	3.3416019014254035
2031	3.3416019014254035
2032	4.235478902849971
2033	2.834527203868781
2034	4.416245012403907
2035	4.416245012403907
2036	2.7260618949820454
2037	1.5042866772179364
2038	1.5042866772179364
2039	4.706120625191669
2040	3.8627267379659163
2041	4.138833513342751
2042	4.138833513342751
2043	4.138833513342751
2044	3.945929208688282
2045	3.945929208688282
2046	6.355690605928201
2047	6.355690605928201
2048	6.355690605928201
2049	6.355690605928201
2050	6.355690605928201
2051	6.355690605928201
2052	6.355690605928201
2053	4.158942968108853
2054	4.158942968108853
2055	5.82784539793981
2056	4.900649454849465
2057	5.3361768685126005
2058	5.73235325052919
2059	5.73235325052919
2060	5.73235325052919
2061	4.6079168887681154
2062	4.6079168887681154
2063	4.6079168887681154
2064	4.6079168887681154
2065	3.4439711349428026
2066	7.574520615523972
2067	7.574520615523972
2068	6.330511648779623
2069	6.330511648779623
2070	7.14535658015738
2071	7.8681107223788755
2072	7.8681107223788755
2073	3.9930561237006392
2074	4.492769395767366
2075	4.662720853357476
2076	4.662720853357476
2077	5.693872451718654
2078	6.971820335291534
2079	6.971820335291534
2080	6.971820335291534
2081	4.182398580625991
2082	6.924979171796357
2083	6.924979171796357
2084	7.806066618675546
2085	7.806066618675546
2086	4.614674950069976
2087	6.684569976168024
2088	6.684569976168024
2089	6.684569976168024
2090	2.6236108826061377
2091	2.6236108826061377
2092	2.96337556672424
2093	3.149267477196045
2094	3.2004514717539347
2095	3.2004514717539347
2096	3.2004514717539347
2097	3.2004514717539347
2098	3.2004514717539347
2099	3.2004514717539347
2100	5.787210144601161
2101	3.0837861894919305
2102	3.0837861894919305
2103	4.944890077852401
2104	4.944890077852401
2105	4.944890077852401
2106	4.990361196392694
2107	4.990361196392694
2108	7.258970974576243
2109	7.258970974576243
2110	5.548239743683173
2111	5.548239743683173
2112	6.411726654891702
2113	6.411726654891702
2114	6.411726654891702
2115	3.838141804087508
2116	3.211051720236224
2117	3.211051720236224
2118	3.211051720236224
2119	5.60023579818609
2120	2.8534769982950117
2121	2.8534769982950117
2122	1.5709115378017033
2123	1.5709115378017033
2124	5.749823436368977
2125	5.749823436368977
2126	5.749823436368977
2127	5.749823436368977
2128	5.749823436368977
2129	4.177685206926376
2130	4.774074258509836
2131	7.050648796217709
2132	7.050648796217709
2133	4.817958524691563
2134	6.515624406953448
2135	6.246300062065635
2136	6.246300062065635
2137	6.45873645570709
2138	6.45873645570709
2139	6.45873645570709
2140	3.873940006459814
2141	10.0
2142	8.962724883198144
2143	5.738406731077678
2144	5.738406731077678
2145	5.738406731077678
2146	10.0
2147	10.0
2148	10.0
2149	10.0
2150	3.940292837824759
2151	4.334136239985272
2152	4.334136239985272
2153	9.314259136000778
2154	8.240877110563929
2155	8.240877110563929
2156	8.240877110563929
2157	8.240877110563929
2158	10.0
2159	3.3241990583168857
2160	3.3241990583168857
2161	3.3241990583168857
2162	6.3442014057066825
2163	5.124391732400741
2164	5.124391732400741
2165	5.124391732400741
2166	5.124391732400741
2167	4.248088457362901
2168	4.248088457362901
2169	4.248088457362901
2170	4.248088457362901
2171	4.248088457362901
2172	5.7172129124720446
2173	5.7172129124720446
2174	4.571859526536095
2175	4.571859526536095
2176	4.571859526536095
2177	4.571859526536095
2178	4.571859526536095
2179	4.571859526536095
2180	4.571859526536095
2181	5.865621854291391
2182	5.865621854291391
2183	5.865621854291391
2184	5.314858985979317
2185	8.354284319989496
2186	6.629431542457528
2187	6.629431542457528
2188	6.629431542457528
2189	7.4925123112211445
2190	6.7542176160706475
2191	6.7542176160706475
2192	6.7542176160706475
2193	7.395337851969507
2194	10.0
2195	4.631574585137051
2196	7.0436268611488115
2197	7.0436268611488115
2198	4.275270896498162
2199	4.275270896498162
2200	4.275270896498162
2201	7.011027213339714
2202	6.954332217292622
2203	7.503971726652079
2204	6.386767538683877
2205	4.434193594724021
2206	5.20865636947523
2207	8.10999707194793
2208	8.10999707194793
2209	8.10999707194793
2210	8.10999707194793
2211	8.10999707194793
2212	8.10999707194793
2213	8.10999707194793
2214	8.10999707194793
2215	8.10999707194793
2216	6.073441003699756
2217	6.073441003699756
2218	6.073441003699756
2219	6.35633751049074
2220	6.35633751049074
2221	6.35633751049074
2222	4.599369061559635
2223	10.0
2224	10.0
2225	10.0
2226	10.0
2227	10.0
2228	9.27396297696655
2229	9.27396297696655
2230	9.182625078704238
2231	9.947643293357155
2232	9.947643293357155
2233	4.56312828225267
2234	4.56312828225267
2235	4.56312828225267
2236	7.185953335516062
2237	7.185953335516062
2238	8.611640125494331
2239	8.611640125494331
2240	8.611640125494331
2241	8.611640125494331
2242	5.468969204849714
2243	5.468969204849714
2244	8.21082187050903
2245	5.495291650861691
2246	5.495291650861691
2247	5.975116651841418
2248	5.975116651841418
2249	5.975116651841418
2250	6.72535113107909
2251	6.72535113107909
2252	6.72535113107909
2253	4.842147461209327
2254	4.842147461209327
2255	10.0
2256	10.0
2257	7.920662306977326
2258	9.608712463015868
2259	9.608712463015868
2260	4.9618325754119805
2261	5.038757191443013
2262	5.038757191443013
2263	5.038757191443013
2264	8.392794010759399
2265	8.392794010759399
2266	10.0
2267	6.085040970900805
2268	6.085040970900805
2269	6.085040970900805
2270	6.085040970900805
2271	6.085040970900805
2272	10.0
2273	9.768832010701846
2274	10.0
2275	8.671553733816523
2276	8.671553733816523
2277	8.671553733816523
2278	8.671553733816523
2279	6.270027904420547
2280	6.270027904420547
2281	7.044623918073531
2282	7.044623918073531
2283	7.044623918073531
2284	10.0
2285	6.986833559622657
2286	6.724971460593313
2287	6.724971460593313
2288	9.213428475141386
2289	5.4976627114497685
2290	10.0
2291	10.0
2292	5.590590767657756
2293	7.9045731462909075
2294	7.9045731462909075
2295	4.962084094326025
2296	4.962084094326025
2297	4.727611010121304
2298	7.751066680736722
2299	7.751066680736722
2300	3.8930003123881574
2301	3.8930003123881574
2302	3.8930003123881574
2303	4.568855909513393
2304	4.568855909513393
2305	4.568855909513393
2306	4.568855909513393
2307	4.568855909513393
2308	5.7211928926256705
2309	3.456835654228149
2310	1.2597011062591896
2311	7.163864721755545
