0	3.329840282313537
1	3.329840282313537
2	3.329840282313537
3	3.329840282313537
4	3.329840282313537
5	3.329840282313537
6	3.911166354667273
7	3.911166354667273
8	3.911166354667273
9	3.911166354667273
10	3.911166354667273
11	3.911166354667273
12	3.184384630286275
13	3.184384630286275
14	3.184384630286275
15	3.184384630286275
16	3.184384630286275
17	3.184384630286275
18	4.934813727234453
19	4.934813727234453
20	4.934813727234453
21	4.934813727234453
22	6.051900830684723
23	6.051900830684723
24	6.051900830684723
25	6.051900830684723
26	6.051900830684723
27	6.051900830684723
28	3.8127732671712398
29	3.8127732671712398
30	3.8127732671712398
31	3.8127732671712398
32	3.8127732671712398
33	3.8127732671712398
34	5.037550594983457
35	5.037550594983457
36	5.037550594983457
37	5.037550594983457
38	5.037550594983457
39	5.037550594983457
40	5.4371805669798805
41	5.4371805669798805
42	5.4371805669798805
43	5.4371805669798805
44	5.4371805669798805
45	5.4371805669798805
46	9.041971538853137
47	9.041971538853137
48	9.041971538853137
49	9.041971538853137
50	9.041971538853137
51	9.041971538853137
52	2.4020006233979148
53	2.4020006233979148
54	2.4020006233979148
55	2.4020006233979148
56	2.4020006233979148
57	2.4020006233979148
58	2.3109875997448994
59	2.3109875997448994
60	1.9559514018431163
61	1.9559514018431163
62	1.9559514018431163
63	1.9559514018431163
64	1.9559514018431163
65	1.9559514018431163
66	6.6629900673118385
67	6.6629900673118385
68	6.6629900673118385
69	6.6629900673118385
70	1.8370937553381317
71	1.8370937553381317
72	1.8370937553381317
73	1.8370937553381317
74	1.8370937553381317
75	1.8370937553381317
76	0.42596821539766694
77	0.42596821539766694
78	0.42596821539766694
79	0.42596821539766694
80	0.42596821539766694
81	0.42596821539766694
82	0.1
83	0.1
84	0.1
85	0.1
86	0.1
87	0.1
88	0.28658071511372407
89	0.28658071511372407
90	0.28658071511372407
91	0.28658071511372407
92	0.28658071511372407
93	0.28658071511372407
94	0.1
95	0.1
96	0.1
97	0.1
98	0.1
99	0.1
100	0.810821567257213
101	0.810821567257213
102	0.810821567257213
103	2.8425198008789097
104	2.8425198008789097
105	2.8425198008789097
106	2.8425198008789097
107	2.8425198008789097
108	2.8425198008789097
109	1.0814521787698332
110	1.0814521787698332
111	1.0814521787698332
112	1.0814521787698332
113	1.0814521787698332
114	1.0814521787698332
115	0.1
116	0.1
117	0.1
118	0.1
119	0.1
120	0.1
121	1.8525639743908506
122	1.8525639743908506
123	1.8525639743908506
124	1.8525639743908506
125	1.8525639743908506
126	1.8525639743908506
127	0.5574699378682703
128	0.5574699378682703
129	0.5574699378682703
130	0.5574699378682703
131	0.5574699378682703
132	0.5574699378682703
133	0.8120436700394258
134	0.8120436700394258
135	0.8120436700394258
136	0.8120436700394258
137	0.8120436700394258
138	0.8120436700394258
139	0.1
140	0.1
141	0.1
142	0.1
143	0.1
144	0.1
145	1.1775194640375146
146	1.1775194640375146
147	1.1775194640375146
148	0.1
149	0.1
150	0.1
151	0.1
152	0.1
153	0.1
154	0.37138571393965525
155	0.37138571393965525
156	0.37138571393965525
157	0.37138571393965525
158	0.37138571393965525
159	0.37138571393965525
160	0.9354285816184345
161	0.9354285816184345
162	0.9354285816184345
163	0.9354285816184345
164	0.9354285816184345
165	0.9354285816184345
166	0.21605002122272254
167	0.21605002122272254
168	0.21605002122272254
169	0.21605002122272254
170	0.21605002122272254
171	0.21605002122272254
172	0.502378792142709
173	0.502378792142709
174	0.502378792142709
175	0.502378792142709
176	0.502378792142709
177	0.502378792142709
178	0.5810545926170373
179	0.5810545926170373
180	0.5810545926170373
181	0.5810545926170373
182	0.5810545926170373
183	0.5810545926170373
184	0.6072292720494694
185	0.6072292720494694
186	2.8814419265440296
187	2.8814419265440296
188	2.8814419265440296
189	2.8814419265440296
190	2.8814419265440296
191	2.8814419265440296
192	2.804387893922033
193	2.804387893922033
194	2.804387893922033
195	2.804387893922033
196	2.804387893922033
197	2.804387893922033
198	2.100490410566734
199	2.100490410566734
200	2.100490410566734
201	2.100490410566734
202	2.100490410566734
203	2.100490410566734
204	2.823168070347779
205	2.823168070347779
206	2.823168070347779
207	2.823168070347779
208	2.823168070347779
209	2.823168070347779
210	2.0715408006548146
211	2.0715408006548146
212	2.0715408006548146
213	2.0715408006548146
214	2.0715408006548146
215	2.0715408006548146
216	3.5882151027602722
217	3.5882151027602722
218	3.5882151027602722
219	3.5882151027602722
220	3.5882151027602722
221	3.5882151027602722
222	3.1265454233477916
223	3.1265454233477916
224	3.1265454233477916
225	3.1265454233477916
226	3.1265454233477916
227	3.1265454233477916
228	3.3328604478425685
229	3.3328604478425685
230	3.3328604478425685
231	3.3328604478425685
232	3.3328604478425685
233	3.3328604478425685
234	0.5300954487951917
235	0.5300954487951917
236	0.5300954487951917
237	0.5300954487951917
238	0.5300954487951917
239	0.5300954487951917
240	1.821500494804543
241	1.821500494804543
242	1.821500494804543
243	1.821500494804543
244	1.821500494804543
245	1.821500494804543
246	0.1
247	0.1
248	0.1
249	0.1
250	0.1
251	0.1
252	3.3877023882727064
253	3.3877023882727064
254	3.3877023882727064
255	3.3877023882727064
256	3.3877023882727064
257	3.3877023882727064
258	0.1
259	0.1
260	0.1
261	0.1
262	0.1
263	0.1
264	0.470115347257432
265	0.470115347257432
266	0.470115347257432
267	0.470115347257432
268	0.470115347257432
269	0.470115347257432
270	3.2213951070038314
271	3.2213951070038314
272	3.2213951070038314
273	3.2213951070038314
274	3.2213951070038314
275	3.2213951070038314
276	1.4535789311171872
277	1.4535789311171872
278	1.4535789311171872
279	1.4535789311171872
280	1.4535789311171872
281	1.4535789311171872
282	1.7067445413885836
283	1.7067445413885836
284	1.7067445413885836
285	1.7067445413885836
286	1.7067445413885836
287	1.7067445413885836
288	1.8622473169373195
289	1.8622473169373195
290	1.8622473169373195
291	1.8622473169373195
292	1.8622473169373195
293	1.8622473169373195
294	2.482072201162764
295	2.482072201162764
296	2.482072201162764
297	2.482072201162764
298	2.482072201162764
299	2.482072201162764
300	0.9912597029542531
301	0.9912597029542531
302	0.9912597029542531
303	0.9912597029542531
304	0.9912597029542531
305	2.849719312770726
306	2.849719312770726
307	2.849719312770726
308	2.849719312770726
309	2.849719312770726
310	2.849719312770726
311	5.272358980019401
312	5.272358980019401
313	5.272358980019401
314	5.272358980019401
315	5.272358980019401
316	5.272358980019401
317	3.8751364729308566
318	3.8751364729308566
319	3.8751364729308566
320	3.8751364729308566
321	3.8751364729308566
322	3.8751364729308566
323	6.983427092766753
324	5.389950341969244
325	5.389950341969244
326	5.389950341969244
327	0.6493824831656934
328	0.6493824831656934
329	0.6493824831656934
330	0.6493824831656934
331	0.6493824831656934
332	0.6493824831656934
333	0.1
334	0.1
335	0.1
336	0.1
337	0.1
338	0.1
339	3.766945765554049
340	3.766945765554049
341	3.766945765554049
342	3.766945765554049
343	3.766945765554049
344	3.766945765554049
345	11.192380320523707
346	11.192380320523707
347	11.192380320523707
348	11.192380320523707
349	11.192380320523707
350	11.192380320523707
351	7.043777432750536
352	7.043777432750536
353	7.043777432750536
354	7.043777432750536
355	7.043777432750536
356	7.043777432750536
357	5.1645572684542635
358	5.1645572684542635
359	5.1645572684542635
360	5.1645572684542635
361	5.1645572684542635
362	5.1645572684542635
363	10.186055033636366
364	10.186055033636366
365	10.186055033636366
366	10.186055033636366
367	10.186055033636366
368	10.186055033636366
369	2.52855060317148
370	2.52855060317148
371	2.52855060317148
372	2.52855060317148
373	2.52855060317148
374	2.52855060317148
375	6.670540524255102
376	6.670540524255102
377	6.670540524255102
378	6.670540524255102
379	6.670540524255102
380	6.670540524255102
381	5.977843573532006
382	5.977843573532006
383	5.977843573532006
384	5.977843573532006
385	5.977843573532006
386	5.977843573532006
387	2.411855147962455
388	2.411855147962455
389	2.411855147962455
390	2.411855147962455
391	2.411855147962455
392	2.411855147962455
393	8.336718527198009
394	8.336718527198009
395	8.336718527198009
396	8.336718527198009
397	8.336718527198009
398	8.336718527198009
399	5.340669778676784
400	5.340669778676784
401	5.340669778676784
402	5.340669778676784
403	5.340669778676784
404	5.340669778676784
405	1.068397531310032
406	1.068397531310032
407	1.068397531310032
408	1.068397531310032
409	1.068397531310032
410	1.068397531310032
411	0.1
412	0.1
413	0.1
414	0.1
415	0.1
416	0.1
417	0.8957660387611566
418	0.8957660387611566
419	0.8957660387611566
420	4.853155177278687
421	4.853155177278687
422	4.853155177278687
423	4.853155177278687
424	4.853155177278687
425	4.853155177278687
426	5.4992018433294465
427	5.4992018433294465
428	5.4992018433294465
429	5.4992018433294465
430	5.4992018433294465
431	5.4992018433294465
432	2.3951367519494857
433	2.3951367519494857
434	2.3951367519494857
435	2.3951367519494857
436	2.3951367519494857
437	2.3951367519494857
438	0.1
439	0.1
440	0.1
441	0.1
442	0.1
443	0.1
444	6.693889366601862
445	6.693889366601862
446	6.693889366601862
447	6.693889366601862
448	6.693889366601862
449	6.693889366601862
450	5.111949639615507
451	5.111949639615507
452	5.111949639615507
453	5.111949639615507
454	5.111949639615507
455	5.111949639615507
456	0.7363395861697279
457	0.7363395861697279
458	0.7363395861697279
459	0.7363395861697279
460	0.7363395861697279
461	0.7363395861697279
462	4.224473542320245
463	4.224473542320245
464	4.224473542320245
465	4.224473542320245
466	4.224473542320245
467	4.224473542320245
468	1.7732369640853438
469	1.7732369640853438
470	1.7732369640853438
471	1.7732369640853438
472	3.683142646515648
473	3.683142646515648
474	3.683142646515648
475	3.683142646515648
476	3.683142646515648
477	3.683142646515648
478	5.937657340297603
479	5.937657340297603
480	5.937657340297603
481	5.937657340297603
482	5.937657340297603
483	5.937657340297603
484	3.7931867822901433
485	2.1311409765355473
486	2.1311409765355473
487	2.1311409765355473
488	2.1311409765355473
489	2.1311409765355473
490	2.1311409765355473
491	1.1205078228792837
492	1.1205078228792837
493	1.1205078228792837
494	1.1205078228792837
495	1.1205078228792837
496	0.1
497	0.1
498	0.1
499	0.1
500	0.1
501	0.1
502	0.49294258294456306
503	0.49294258294456306
504	0.49294258294456306
505	0.49294258294456306
506	0.49294258294456306
507	0.49294258294456306
508	2.323650039139886
509	2.323650039139886
510	2.323650039139886
511	2.323650039139886
512	2.323650039139886
513	2.323650039139886
514	0.97680312755576
515	0.97680312755576
516	0.97680312755576
517	0.97680312755576
518	0.97680312755576
519	0.97680312755576
520	0.1472638528776531
521	0.1472638528776531
522	0.1472638528776531
523	0.1472638528776531
524	0.1472638528776531
525	0.1472638528776531
526	1.1816521579340415
527	1.1816521579340415
528	1.1816521579340415
529	1.1816521579340415
530	1.1816521579340415
531	1.1816521579340415
532	2.058910586390545
533	2.058910586390545
534	2.058910586390545
535	2.058910586390545
536	2.058910586390545
537	2.058910586390545
538	2.7758732018468475
539	2.7758732018468475
540	2.7758732018468475
541	2.7758732018468475
542	2.7758732018468475
543	2.7758732018468475
544	2.9277858142942725
545	2.9277858142942725
546	2.9277858142942725
547	2.9277858142942725
548	2.9277858142942725
549	2.9277858142942725
550	1.552961763201527
551	1.552961763201527
552	1.552961763201527
553	1.552961763201527
554	1.552961763201527
555	1.552961763201527
556	1.0786057398512265
557	1.0786057398512265
558	1.0786057398512265
559	1.0786057398512265
560	1.0786057398512265
561	1.0786057398512265
562	3.4620767488563824
563	3.4620767488563824
564	3.4620767488563824
565	3.4620767488563824
566	3.4620767488563824
567	3.4620767488563824
568	0.1
569	0.1
570	0.1
571	0.1
572	0.1
573	0.1
574	2.171161868251911
575	2.171161868251911
576	2.171161868251911
577	2.171161868251911
578	2.171161868251911
579	2.171161868251911
580	1.1904620863525
581	1.1904620863525
582	1.1904620863525
583	1.1904620863525
584	1.1904620863525
585	1.1904620863525
586	2.0448082783010917
587	2.0448082783010917
588	2.0448082783010917
589	2.0448082783010917
590	2.0448082783010917
591	2.0448082783010917
592	2.4087879445693647
593	2.4087879445693647
594	2.4087879445693647
595	2.4087879445693647
596	2.4087879445693647
597	2.4087879445693647
598	3.0459088318243293
599	3.0459088318243293
600	3.0459088318243293
601	3.0459088318243293
602	3.0459088318243293
603	3.0459088318243293
604	0.1
605	0.1
606	0.1
607	0.1
608	0.1
609	0.1
610	0.1
611	0.1
612	0.1
613	0.1
614	0.1
615	0.1
616	1.7294353143294332
617	1.7294353143294332
618	1.7294353143294332
619	1.7294353143294332
620	1.7294353143294332
621	1.7294353143294332
622	2.537929684107861
623	2.537929684107861
624	2.537929684107861
625	2.537929684107861
626	0.1
627	0.1
628	0.1
629	0.1
630	0.1
631	0.1
632	0.1096429501588296
633	0.1096429501588296
634	0.1096429501588296
635	0.1096429501588296
636	0.1096429501588296
637	0.1096429501588296
638	0.304218223996213
639	0.304218223996213
640	0.304218223996213
641	0.304218223996213
642	0.304218223996213
643	0.304218223996213
644	0.29399930020382226
645	0.29399930020382226
646	0.29399930020382226
647	0.29399930020382226
648	0.29399930020382226
649	0.29399930020382226
650	0.3985275851800869
651	0.3985275851800869
652	0.3985275851800869
653	0.3985275851800869
654	0.3985275851800869
655	0.3985275851800869
656	0.7587284427590206
657	0.7587284427590206
658	0.7587284427590206
659	0.7587284427590206
660	0.7587284427590206
661	0.7587284427590206
662	0.8981510766670384
663	0.8981510766670384
664	0.8981510766670384
665	0.8981510766670384
666	0.8981510766670384
667	0.8981510766670384
668	0.5463799351698511
669	0.5463799351698511
670	0.5463799351698511
671	0.5463799351698511
672	0.5463799351698511
673	0.5463799351698511
674	0.48688504021000106
675	0.48688504021000106
676	0.48688504021000106
677	0.48688504021000106
678	0.48688504021000106
679	0.48688504021000106
680	0.1
681	0.1
682	0.1
683	0.1
684	0.1
685	0.1
686	0.5670618149947105
687	0.5670618149947105
688	0.5670618149947105
689	0.5670618149947105
690	0.5670618149947105
691	0.5670618149947105
692	0.39260783992555087
693	0.39260783992555087
694	0.39260783992555087
695	0.39260783992555087
696	0.39260783992555087
697	0.39260783992555087
698	0.4446135292246171
699	0.4446135292246171
700	0.4446135292246171
701	0.4446135292246171
702	0.4446135292246171
703	0.4446135292246171
704	0.4075300542539412
705	0.4075300542539412
706	0.4075300542539412
707	0.4075300542539412
708	0.4075300542539412
709	0.4075300542539412
710	0.3766481105801556
711	0.3766481105801556
712	0.3766481105801556
713	0.3766481105801556
714	0.3766481105801556
715	0.3766481105801556
716	0.45748801238700554
717	0.45748801238700554
718	0.45748801238700554
719	0.45748801238700554
720	0.45748801238700554
721	0.45748801238700554
722	0.1
723	0.1
724	0.1
725	0.1
726	0.1
727	0.1
728	0.8116232122442464
729	0.8116232122442464
730	0.8116232122442464
731	0.8116232122442464
732	2.1713830183939606
733	2.1713830183939606
734	2.1713830183939606
735	2.1713830183939606
736	2.1713830183939606
737	2.1713830183939606
738	1.5780768640651766
739	1.5780768640651766
740	1.5780768640651766
741	1.5780768640651766
742	1.5780768640651766
743	1.5780768640651766
744	1.0960946201783965
745	1.0960946201783965
746	1.0960946201783965
747	1.0960946201783965
748	1.0960946201783965
749	1.0960946201783965
750	0.681476634898758
751	0.681476634898758
752	0.681476634898758
753	0.681476634898758
754	0.681476634898758
755	0.681476634898758
756	0.9940463888485831
757	0.9940463888485831
758	0.9940463888485831
759	0.9940463888485831
760	0.9940463888485831
761	0.9940463888485831
762	1.7443139359303719
763	1.7443139359303719
764	1.7443139359303719
765	1.7443139359303719
766	1.7443139359303719
767	1.7443139359303719
768	3.420984133161429
769	3.420984133161429
770	3.420984133161429
771	3.420984133161429
772	3.420984133161429
773	3.420984133161429
774	0.6946102959542767
775	0.6946102959542767
776	0.6946102959542767
777	0.6946102959542767
778	0.6946102959542767
779	0.6946102959542767
780	3.7784769724524065
781	3.7784769724524065
782	3.7784769724524065
783	3.7784769724524065
784	3.7784769724524065
785	3.7784769724524065
786	0.1
787	0.1
788	0.1
789	0.1
790	0.1
791	0.1
792	0.8886265573375568
793	0.8886265573375568
794	0.8886265573375568
795	0.8886265573375568
796	0.8886265573375568
797	0.8886265573375568
798	0.1
799	0.1
800	0.1
801	0.1
802	0.1
803	0.1
804	2.1172361855621684
805	2.1172361855621684
806	2.1172361855621684
807	2.1172361855621684
808	2.1172361855621684
809	2.1172361855621684
810	0.9865030595448965
811	0.9865030595448965
812	0.9865030595448965
813	0.9865030595448965
814	0.9865030595448965
815	0.9865030595448965
816	0.16654899835709713
817	0.16654899835709713
818	0.16654899835709713
819	0.16654899835709713
820	0.16654899835709713
821	0.16654899835709713
822	1.2976540062481947
823	1.2976540062481947
824	1.2976540062481947
825	1.2976540062481947
826	1.2976540062481947
827	1.2976540062481947
828	4.064236205351262
829	4.064236205351262
830	4.064236205351262
831	4.064236205351262
832	4.064236205351262
833	4.064236205351262
834	4.78709658445679
835	4.78709658445679
836	4.78709658445679
837	4.78709658445679
838	4.78709658445679
839	4.78709658445679
840	0.10137922823123113
841	0.10137922823123113
842	0.10137922823123113
843	0.10137922823123113
844	0.10137922823123113
845	0.10137922823123113
846	1.8094198547236946
847	1.8094198547236946
848	1.8094198547236946
849	1.8094198547236946
850	1.8094198547236946
851	1.8094198547236946
852	1.1415582121042278
853	1.1415582121042278
854	1.1415582121042278
855	1.1415582121042278
856	1.1415582121042278
857	1.1415582121042278
858	0.8580005860846741
859	0.8580005860846741
860	0.8580005860846741
861	0.8580005860846741
862	0.8580005860846741
863	0.8580005860846741
864	1.0961639379504406
865	1.0961639379504406
866	1.0961639379504406
867	1.0961639379504406
868	1.0961639379504406
869	1.0961639379504406
870	2.5670322870475744
871	2.5670322870475744
872	2.5670322870475744
873	2.5670322870475744
874	2.5670322870475744
875	2.5670322870475744
876	1.5503343580084732
877	1.5503343580084732
878	1.5503343580084732
879	1.5503343580084732
880	1.5503343580084732
881	1.5503343580084732
882	1.1369822449161098
883	1.1369822449161098
884	1.1369822449161098
885	1.1369822449161098
886	1.1369822449161098
887	1.1369822449161098
888	0.27055903955403715
889	0.27055903955403715
890	0.27055903955403715
891	0.1
892	0.1
893	0.1
894	0.39141399532288035
895	0.39141399532288035
896	0.39141399532288035
897	0.39141399532288035
898	0.39141399532288035
899	0.39141399532288035
900	0.9853988193165274
901	0.9853988193165274
902	0.9853988193165274
903	0.9853988193165274
904	0.9853988193165274
905	0.9853988193165274
906	5.058851843137646
907	5.058851843137646
908	5.058851843137646
909	5.058851843137646
910	5.058851843137646
911	5.058851843137646
912	4.928388047532374
913	4.928388047532374
914	4.928388047532374
915	4.928388047532374
916	4.928388047532374
917	4.928388047532374
918	5.502030159646711
919	5.502030159646711
920	5.502030159646711
921	5.502030159646711
922	5.502030159646711
923	5.502030159646711
924	1.1496919753269204
925	1.1496919753269204
926	1.1496919753269204
927	1.1496919753269204
928	1.1496919753269204
929	1.1496919753269204
930	6.541484872649895
931	6.541484872649895
932	6.541484872649895
933	6.541484872649895
934	6.541484872649895
935	6.541484872649895
936	1.0382422904664863
937	1.0382422904664863
938	1.0382422904664863
939	1.0382422904664863
940	1.0382422904664863
941	1.0382422904664863
942	3.3646449633665254
943	3.3646449633665254
944	3.3646449633665254
945	3.3646449633665254
946	3.3646449633665254
947	3.3646449633665254
948	0.1
949	0.1
950	0.1
951	0.1
952	0.1
953	0.1
954	4.955385281481766
955	4.955385281481766
956	4.955385281481766
957	4.955385281481766
958	4.955385281481766
959	4.955385281481766
960	6.076020937587659
961	6.076020937587659
962	6.076020937587659
963	6.076020937587659
964	6.076020937587659
965	6.076020937587659
966	2.9742057509634927
967	2.9742057509634927
968	2.9742057509634927
969	2.9742057509634927
970	2.9742057509634927
971	2.9742057509634927
972	3.4151544853882174
973	3.4151544853882174
974	3.4151544853882174
975	3.4151544853882174
976	3.4151544853882174
977	3.4151544853882174
978	4.499782144381217
979	4.499782144381217
980	4.499782144381217
981	4.499782144381217
982	4.499782144381217
983	4.499782144381217
984	2.1250614316577456
985	2.1250614316577456
986	2.1250614316577456
987	2.1250614316577456
988	2.1250614316577456
989	2.1250614316577456
990	3.475314592963307
991	3.475314592963307
992	3.475314592963307
993	3.475314592963307
994	3.475314592963307
995	3.475314592963307
996	7.57460157882946
997	7.57460157882946
998	7.57460157882946
999	7.57460157882946
1000	7.57460157882946
1001	7.57460157882946
1002	4.731192847843994
1003	4.731192847843994
1004	4.731192847843994
1005	4.731192847843994
1006	2.383453747630282
1007	2.383453747630282
1008	2.383453747630282
1009	2.383453747630282
1010	2.383453747630282
1011	2.383453747630282
1012	0.5349401112814577
1013	0.5349401112814577
1014	0.5349401112814577
1015	0.5349401112814577
1016	0.5349401112814577
1017	0.5349401112814577
1018	2.5593651856410733
1019	2.5593651856410733
1020	2.5593651856410733
1021	2.5593651856410733
1022	2.5593651856410733
1023	2.5593651856410733
1024	0.8152692656943374
1025	0.8152692656943374
1026	0.8152692656943374
1027	0.8152692656943374
1028	0.8152692656943374
1029	0.8152692656943374
1030	1.3506650186665783
1031	1.3506650186665783
1032	1.3506650186665783
1033	1.3506650186665783
1034	1.3506650186665783
1035	1.3506650186665783
1036	0.5735008820293991
1037	0.5735008820293991
1038	0.5735008820293991
1039	0.5735008820293991
1040	0.5735008820293991
1041	0.5735008820293991
1042	0.7123048934597355
1043	0.7123048934597355
1044	0.7123048934597355
1045	0.7123048934597355
1046	0.7123048934597355
1047	0.7123048934597355
1048	0.23275521431224466
1049	0.23275521431224466
1050	0.23275521431224466
1051	0.23275521431224466
1052	0.23275521431224466
1053	0.23275521431224466
1054	1.7266915764511326
1055	1.7266915764511326
1056	1.7266915764511326
1057	1.7266915764511326
1058	1.7266915764511326
1059	1.7266915764511326
1060	1.9134754470389035
1061	1.9134754470389035
1062	1.9134754470389035
1063	1.9134754470389035
1064	1.9134754470389035
1065	1.9134754470389035
1066	1.3028989380923461
1067	1.3028989380923461
1068	3.704227414556165
1069	3.704227414556165
1070	3.704227414556165
1071	3.704227414556165
1072	3.704227414556165
1073	3.704227414556165
1074	2.039596021795596
1075	2.039596021795596
1076	2.039596021795596
1077	2.039596021795596
1078	2.039596021795596
1079	2.039596021795596
1080	0.28622647372552024
1081	0.28622647372552024
1082	0.28622647372552024
1083	0.28622647372552024
1084	0.28622647372552024
1085	0.28622647372552024
1086	2.8885030201203534
1087	2.8885030201203534
1088	2.8885030201203534
1089	2.8885030201203534
1090	2.8885030201203534
1091	2.8885030201203534
1092	4.619166296842013
1093	4.619166296842013
1094	4.619166296842013
1095	4.619166296842013
1096	4.619166296842013
1097	4.619166296842013
1098	0.1
1099	0.1
1100	0.1
1101	0.1
1102	0.1
1103	0.1
1104	1.9628897567025412
1105	0.7770450085596511
1106	0.7770450085596511
1107	0.7770450085596511
1108	0.7770450085596511
1109	0.7770450085596511
1110	0.7770450085596511
1111	0.5491028306978611
1112	0.5491028306978611
1113	0.5491028306978611
1114	0.5491028306978611
1115	0.5491028306978611
1116	0.5491028306978611
1117	2.4023098997835746
1118	2.4023098997835746
1119	2.4023098997835746
1120	2.4023098997835746
1121	2.4023098997835746
1122	2.4023098997835746
1123	0.5220087847906782
1124	0.5220087847906782
1125	0.5220087847906782
1126	0.5220087847906782
1127	0.5220087847906782
1128	0.5220087847906782
1129	0.22210104709083067
1130	0.22210104709083067
1131	0.22210104709083067
1132	0.22210104709083067
1133	0.22210104709083067
1134	0.22210104709083067
1135	1.4375682441746853
1136	1.4375682441746853
1137	1.4375682441746853
1138	1.4375682441746853
1139	1.4375682441746853
1140	1.4375682441746853
1141	0.5804121416959644
1142	0.5804121416959644
1143	0.5804121416959644
1144	0.5804121416959644
1145	0.5804121416959644
1146	0.5804121416959644
1147	2.311677738730477
1148	2.311677738730477
1149	2.311677738730477
1150	2.311677738730477
1151	2.311677738730477
1152	2.311677738730477
1153	2.03482394395716
1154	2.03482394395716
1155	2.03482394395716
1156	2.03482394395716
1157	2.03482394395716
1158	2.03482394395716
1159	2.107615821561596
1160	2.107615821561596
1161	2.107615821561596
1162	2.107615821561596
1163	2.107615821561596
1164	2.107615821561596
1165	0.1
1166	0.1
1167	0.1
1168	0.1
1169	0.1
1170	0.1
1171	1.8189198236625155
1172	1.8189198236625155
1173	1.8189198236625155
1174	1.8189198236625155
1175	0.8097452896238435
1176	0.8097452896238435
1177	0.8097452896238435
1178	0.8097452896238435
1179	0.8097452896238435
1180	0.8097452896238435
1181	0.32965154454671897
1182	0.32965154454671897
1183	0.32965154454671897
1184	0.32965154454671897
1185	0.32965154454671897
1186	0.32965154454671897
1187	1.7713078377938245
1188	1.7713078377938245
1189	1.7713078377938245
1190	1.7713078377938245
1191	1.7713078377938245
1192	1.7713078377938245
1193	0.8428701883228785
1194	0.8428701883228785
1195	0.8428701883228785
1196	6.289113640449461
1197	6.289113640449461
1198	6.289113640449461
1199	6.289113640449461
1200	6.289113640449461
1201	6.289113640449461
1202	6.27773040674968
1203	6.27773040674968
1204	6.27773040674968
1205	6.27773040674968
1206	6.27773040674968
1207	6.27773040674968
1208	0.1
1209	0.1
1210	0.1
1211	0.1
1212	0.1
1213	0.1
1214	2.5685498359570174
1215	2.5685498359570174
1216	2.5685498359570174
1217	2.5685498359570174
1218	2.5685498359570174
1219	2.5685498359570174
1220	3.970294509214796
1221	3.970294509214796
1222	3.970294509214796
1223	3.970294509214796
1224	3.970294509214796
1225	3.970294509214796
1226	9.222584632344082
1227	9.222584632344082
1228	9.222584632344082
1229	9.222584632344082
1230	9.222584632344082
1231	9.222584632344082
1232	2.6038111349051354
1233	2.6038111349051354
1234	2.6038111349051354
1235	2.6038111349051354
1236	2.6038111349051354
1237	2.6038111349051354
1238	0.8348552585516287
1239	0.8348552585516287
1240	0.8348552585516287
1241	0.8348552585516287
1242	0.8348552585516287
1243	0.8348552585516287
1244	3.4280222705039045
1245	3.4280222705039045
1246	3.4280222705039045
1247	3.4280222705039045
1248	3.4280222705039045
1249	3.4280222705039045
1250	4.7759962068314685
1251	4.7759962068314685
1252	4.7759962068314685
1253	4.7759962068314685
1254	4.7759962068314685
1255	4.7759962068314685
1256	4.533473892228333
1257	4.533473892228333
1258	4.533473892228333
1259	4.533473892228333
1260	4.533473892228333
1261	4.533473892228333
1262	3.4128954974618138
1263	3.4128954974618138
1264	3.4128954974618138
1265	3.4128954974618138
1266	3.4128954974618138
1267	3.4128954974618138
1268	2.87602309037488
1269	2.87602309037488
1270	2.87602309037488
1271	2.87602309037488
1272	2.87602309037488
1273	2.87602309037488
1274	6.281487300837022
1275	6.281487300837022
1276	6.281487300837022
1277	6.281487300837022
1278	6.281487300837022
1279	6.281487300837022
1280	7.235592192772083
1281	7.235592192772083
1282	7.235592192772083
1283	7.235592192772083
1284	7.235592192772083
1285	7.235592192772083
1286	0.1
1287	0.1
1288	0.1
1289	0.1
1290	0.1
1291	0.1
1292	4.186088608415963
1293	4.186088608415963
1294	4.186088608415963
1295	4.186088608415963
1296	4.186088608415963
1297	4.186088608415963
1298	0.9934259326803261
1299	0.9934259326803261
1300	0.9934259326803261
1301	0.9934259326803261
1302	0.9934259326803261
1303	0.9934259326803261
1304	1.6814784889823813
1305	1.6814784889823813
1306	1.6814784889823813
1307	1.6814784889823813
1308	1.6814784889823813
1309	1.6814784889823813
1310	5.960154418537336
1311	5.960154418537336
1312	5.960154418537336
1313	5.960154418537336
1314	5.960154418537336
1315	5.960154418537336
1316	6.168969246971157
1317	6.168969246971157
1318	6.168969246971157
1319	6.168969246971157
1320	6.168969246971157
1321	6.168969246971157
1322	5.087797956025439
1323	5.087797956025439
1324	5.087797956025439
1325	5.087797956025439
1326	5.087797956025439
1327	5.087797956025439
1328	2.678572198200498
1329	2.678572198200498
1330	2.678572198200498
1331	2.678572198200498
1332	2.678572198200498
1333	2.678572198200498
1334	1.3053221296794097
1335	1.3053221296794097
1336	1.3053221296794097
1337	1.3053221296794097
1338	1.3053221296794097
1339	1.3053221296794097
1340	5.799358226621206
1341	9.282863945516954
1342	9.282863945516954
1343	9.282863945516954
1344	9.282863945516954
1345	9.282863945516954
1346	9.282863945516954
1347	4.570775093602988
1348	4.570775093602988
1349	4.570775093602988
1350	4.570775093602988
1351	4.570775093602988
1352	4.570775093602988
1353	9.001424079495084
1354	9.001424079495084
1355	9.001424079495084
1356	9.001424079495084
1357	9.001424079495084
1358	9.001424079495084
1359	8.360912369624488
1360	8.360912369624488
1361	8.360912369624488
1362	8.360912369624488
1363	8.360912369624488
1364	8.360912369624488
1365	3.326961165698661
1366	3.326961165698661
1367	3.326961165698661
1368	3.326961165698661
1369	3.326961165698661
1370	3.326961165698661
1371	2.362645048132551
1372	2.362645048132551
1373	2.362645048132551
1374	2.362645048132551
1375	2.362645048132551
1376	2.362645048132551
1377	1.446887814206904
1378	1.446887814206904
1379	1.446887814206904
1380	1.446887814206904
1381	1.446887814206904
1382	1.446887814206904
1383	3.1928007987955764
1384	3.1928007987955764
1385	3.1928007987955764
1386	3.1928007987955764
1387	3.1928007987955764
1388	3.1928007987955764
1389	6.5237514240068855
1390	6.5237514240068855
1391	6.5237514240068855
1392	6.5237514240068855
1393	6.5237514240068855
1394	6.5237514240068855
1395	5.271638188753975
1396	5.271638188753975
1397	5.271638188753975
1398	5.271638188753975
1399	0.5432641689082904
1400	0.5432641689082904
1401	0.5432641689082904
1402	0.5432641689082904
1403	0.5432641689082904
1404	0.5432641689082904
1405	2.941366841762492
1406	2.941366841762492
1407	2.941366841762492
1408	2.941366841762492
1409	2.941366841762492
1410	2.941366841762492
1411	1.243973973428421
1412	1.243973973428421
1413	1.243973973428421
1414	1.243973973428421
1415	1.243973973428421
1416	1.243973973428421
1417	1.9083303759988328
1418	1.9083303759988328
1419	1.9083303759988328
1420	1.9083303759988328
1421	1.9083303759988328
1422	1.9083303759988328
1423	3.5568703913276285
1424	3.5568703913276285
1425	3.5568703913276285
1426	3.5568703913276285
1427	3.5568703913276285
1428	3.5568703913276285
1429	1.4030914834942652
1430	1.4030914834942652
1431	1.4030914834942652
1432	1.4030914834942652
1433	1.4030914834942652
1434	1.4030914834942652
1435	0.1
1436	0.1
1437	0.1
1438	0.1
1439	0.1
1440	0.1
1441	2.2872241330556817
1442	2.2872241330556817
1443	2.2872241330556817
1444	2.2872241330556817
1445	2.2872241330556817
1446	2.2872241330556817
1447	0.5307426821118835
1448	0.5307426821118835
1449	0.5307426821118835
1450	0.5307426821118835
1451	0.5307426821118835
1452	0.5307426821118835
1453	3.898908339642534
1454	3.898908339642534
1455	3.898908339642534
1456	3.898908339642534
1457	3.898908339642534
1458	3.898908339642534
1459	4.116032894482997
1460	4.116032894482997
1461	4.116032894482997
1462	4.116032894482997
1463	4.116032894482997
1464	4.116032894482997
1465	0.1
1466	0.1
1467	0.1
1468	0.1
1469	0.1
1470	0.1
1471	2.3269858846100053
1472	2.3269858846100053
1473	2.3269858846100053
1474	2.3269858846100053
1475	2.3269858846100053
1476	2.3269858846100053
1477	3.142042615606827
1478	3.142042615606827
1479	3.142042615606827
1480	3.142042615606827
1481	3.142042615606827
1482	3.142042615606827
1483	3.216956943896026
1484	3.216956943896026
1485	3.216956943896026
1486	0.8483886316548082
1487	0.8483886316548082
1488	0.8483886316548082
1489	0.8483886316548082
1490	0.8483886316548082
1491	0.8483886316548082
1492	1.1069221939537086
1493	1.1069221939537086
1494	1.1069221939537086
1495	1.1069221939537086
1496	1.1069221939537086
1497	1.1069221939537086
1498	1.0254316791648008
1499	1.0254316791648008
1500	1.0254316791648008
1501	1.0254316791648008
1502	1.0254316791648008
1503	1.0254316791648008
1504	1.2124285295273893
1505	1.2124285295273893
1506	0.703346388351225
1507	0.703346388351225
1508	0.703346388351225
1509	0.703346388351225
1510	0.703346388351225
1511	0.703346388351225
1512	2.850992176422067
1513	2.850992176422067
1514	2.850992176422067
1515	2.850992176422067
1516	2.850992176422067
1517	2.850992176422067
1518	1.9421267219126754
1519	1.9421267219126754
1520	1.9421267219126754
1521	1.9421267219126754
1522	1.9421267219126754
1523	1.9421267219126754
1524	0.1
1525	0.1
1526	0.1
1527	0.1
1528	0.1
1529	0.1
1530	2.8469449624798813
1531	2.8469449624798813
1532	2.8469449624798813
1533	2.8469449624798813
1534	2.8469449624798813
1535	2.8469449624798813
1536	1.8499423366228547
1537	1.8499423366228547
1538	1.8499423366228547
1539	1.8499423366228547
1540	1.8499423366228547
1541	1.8499423366228547
1542	1.337150819750597
1543	1.337150819750597
1544	1.337150819750597
1545	1.337150819750597
1546	1.337150819750597
1547	1.337150819750597
1548	1.919140027817424
1549	1.919140027817424
1550	1.919140027817424
1551	1.919140027817424
1552	1.919140027817424
1553	1.919140027817424
1554	2.0498997711106037
1555	2.0498997711106037
1556	2.0498997711106037
1557	2.0498997711106037
1558	2.0498997711106037
1559	2.0498997711106037
1560	0.8600373139544892
1561	0.8600373139544892
1562	0.8600373139544892
1563	0.8600373139544892
1564	0.8600373139544892
1565	0.8600373139544892
1566	1.0498782745085862
1567	1.0498782745085862
1568	1.0498782745085862
1569	1.0498782745085862
1570	1.0498782745085862
1571	1.0498782745085862
1572	3.203350909111937
1573	3.203350909111937
1574	3.203350909111937
1575	3.203350909111937
1576	3.203350909111937
1577	3.203350909111937
1578	0.4648528835242628
1579	0.4648528835242628
1580	0.4648528835242628
1581	0.4648528835242628
1582	0.4648528835242628
1583	0.4648528835242628
1584	0.37560051234015823
1585	0.37560051234015823
1586	0.37560051234015823
1587	0.37560051234015823
1588	0.37560051234015823
1589	0.37560051234015823
1590	2.4189345177312664
1591	2.4189345177312664
1592	2.4189345177312664
1593	2.4189345177312664
1594	2.4189345177312664
1595	2.4189345177312664
1596	2.9392361493939565
1597	2.9392361493939565
1598	2.9392361493939565
1599	2.9392361493939565
1600	2.9392361493939565
1601	2.9392361493939565
1602	0.1
1603	0.1
1604	0.1
1605	0.1
1606	0.1
1607	0.1
1608	1.928935065365438
1609	1.928935065365438
1610	1.928935065365438
1611	1.928935065365438
1612	1.928935065365438
1613	1.928935065365438
1614	1.0224479883255075
1615	1.0224479883255075
1616	1.0224479883255075
1617	1.0224479883255075
1618	1.0224479883255075
1619	1.0224479883255075
1620	1.8426723454818008
1621	1.8426723454818008
1622	1.8426723454818008
1623	1.8426723454818008
1624	1.8426723454818008
1625	1.8426723454818008
1626	3.2234462264540884
1627	3.2234462264540884
1628	3.2234462264540884
1629	3.2234462264540884
1630	3.2234462264540884
1631	3.2234462264540884
1632	0.1
1633	0.1
1634	0.1
1635	0.1
1636	0.1
1637	0.1
1638	0.6792829368461377
1639	0.6792829368461377
1640	0.6792829368461377
1641	0.6792829368461377
1642	0.6792829368461377
1643	0.6792829368461377
1644	2.2339105607399574
1645	2.2339105607399574
1646	2.2339105607399574
1647	2.2339105607399574
1648	2.2339105607399574
1649	2.2339105607399574
1650	3.9462052717206166
1651	3.9462052717206166
1652	3.9462052717206166
1653	3.9462052717206166
1654	3.9462052717206166
1655	3.9462052717206166
1656	0.7954938056371699
1657	0.7954938056371699
1658	0.7954938056371699
1659	0.7954938056371699
1660	0.7954938056371699
1661	0.7954938056371699
1662	6.194734635922675
1663	6.194734635922675
1664	6.194734635922675
1665	6.194734635922675
1666	6.194734635922675
1667	6.194734635922675
1668	0.9033929717873836
1669	0.9033929717873836
1670	0.9033929717873836
1671	0.9033929717873836
1672	0.9033929717873836
1673	0.9033929717873836
1674	1.9527142445454433
1675	1.9527142445454433
1676	1.9527142445454433
1677	1.9527142445454433
1678	1.9527142445454433
1679	1.9527142445454433
1680	2.4602377239155837
1681	2.4602377239155837
1682	2.4602377239155837
1683	2.4602377239155837
1684	2.4602377239155837
1685	2.4602377239155837
1686	3.809445998221873
1687	3.809445998221873
1688	3.809445998221873
1689	3.809445998221873
1690	9.702128930026428
1691	9.702128930026428
1692	9.702128930026428
1693	9.702128930026428
1694	9.702128930026428
1695	9.702128930026428
1696	6.97871150709676
1697	6.97871150709676
1698	6.97871150709676
1699	6.97871150709676
1700	6.97871150709676
1701	6.97871150709676
1702	2.261021186763429
1703	2.261021186763429
1704	2.261021186763429
1705	2.261021186763429
1706	2.261021186763429
1707	2.261021186763429
1708	3.213517048289735
1709	3.213517048289735
1710	3.213517048289735
1711	3.213517048289735
1712	3.213517048289735
1713	3.213517048289735
1714	0.1
1715	0.1
1716	0.1
1717	0.1
1718	0.1
1719	0.1
1720	3.3647127971431408
1721	3.3647127971431408
1722	3.3647127971431408
1723	3.3647127971431408
1724	3.3647127971431408
1725	3.3647127971431408
1726	4.760172507745488
1727	4.760172507745488
1728	4.760172507745488
1729	4.760172507745488
1730	4.760172507745488
1731	4.760172507745488
1732	5.841825131786214
1733	5.841825131786214
1734	5.841825131786214
1735	5.841825131786214
1736	5.841825131786214
1737	5.841825131786214
1738	7.792477145665043
1739	7.792477145665043
1740	7.792477145665043
1741	7.792477145665043
1742	7.792477145665043
1743	7.792477145665043
1744	3.537834542762007
1745	3.537834542762007
1746	3.537834542762007
1747	3.537834542762007
1748	3.537834542762007
1749	3.537834542762007
1750	3.486774262815778
1751	3.486774262815778
1752	3.486774262815778
1753	3.486774262815778
1754	3.486774262815778
1755	3.486774262815778
1756	2.399749347030686
1757	2.399749347030686
1758	2.399749347030686
1759	2.399749347030686
1760	2.399749347030686
1761	2.399749347030686
1762	6.067631382006651
1763	6.067631382006651
1764	6.067631382006651
1765	6.067631382006651
1766	9.58564782121943
1767	9.58564782121943
1768	9.58564782121943
1769	9.58564782121943
1770	9.58564782121943
1771	9.58564782121943
1772	9.162692426971464
1773	9.162692426971464
1774	9.162692426971464
1775	9.162692426971464
1776	9.162692426971464
1777	9.162692426971464
1778	5.761509469730649
1779	5.761509469730649
1780	5.761509469730649
1781	5.761509469730649
1782	5.761509469730649
1783	5.761509469730649
1784	6.670457894683805
1785	6.670457894683805
1786	6.670457894683805
1787	6.670457894683805
1788	6.670457894683805
1789	6.670457894683805
1790	8.491949613669277
1791	8.491949613669277
1792	8.491949613669277
1793	8.491949613669277
1794	8.491949613669277
1795	8.491949613669277
1796	3.5219225660870235
1797	3.5219225660870235
1798	3.5219225660870235
1799	3.5219225660870235
1800	3.5219225660870235
1801	3.5219225660870235
1802	5.638987319265785
1803	5.638987319265785
1804	5.638987319265785
1805	5.638987319265785
1806	5.638987319265785
1807	6.226398687395466
1808	6.226398687395466
1809	6.226398687395466
1810	6.226398687395466
1811	6.226398687395466
1812	6.226398687395466
1813	0.1
1814	0.1
1815	0.1
1816	0.1
1817	0.1
1818	0.1
1819	9.79567865105944
1820	9.79567865105944
1821	9.79567865105944
1822	9.79567865105944
1823	5.847818710202702
1824	5.847818710202702
1825	5.847818710202702
1826	5.847818710202702
1827	5.847818710202702
1828	5.847818710202702
1829	0.8654930340353868
1830	0.8654930340353868
1831	0.8654930340353868
1832	0.8654930340353868
1833	0.8654930340353868
1834	0.8654930340353868
1835	6.196256741643532
1836	6.196256741643532
1837	6.196256741643532
1838	6.196256741643532
1839	6.196256741643532
1840	6.196256741643532
1841	0.1
1842	0.1
1843	0.1
1844	0.1
1845	0.1
1846	0.1
1847	4.986832260315698
1848	4.986832260315698
1849	4.986832260315698
1850	4.986832260315698
1851	4.986832260315698
1852	4.986832260315698
1853	2.683358077877051
1854	2.683358077877051
1855	2.683358077877051
1856	2.683358077877051
1857	2.683358077877051
1858	2.683358077877051
1859	3.4070298977382087
1860	3.4070298977382087
1861	3.4070298977382087
1862	3.4070298977382087
1863	3.4070298977382087
1864	3.4070298977382087
1865	5.951471069309779
1866	5.951471069309779
1867	5.951471069309779
1868	5.951471069309779
1869	5.951471069309779
1870	5.951471069309779
1871	3.7081014328648814
1872	3.7081014328648814
1873	3.7081014328648814
1874	3.7081014328648814
1875	3.7081014328648814
1876	3.7081014328648814
1877	8.26123099826662
1878	8.26123099826662
1879	8.26123099826662
1880	8.26123099826662
1881	8.26123099826662
1882	8.26123099826662
1883	4.105658090121141
1884	4.105658090121141
1885	4.105658090121141
1886	4.105658090121141
1887	4.105658090121141
1888	4.105658090121141
1889	0.1
1890	0.1
1891	0.1
1892	0.1
1893	0.1
1894	0.1
1895	4.354358740834152
1896	4.354358740834152
1897	4.354358740834152
1898	4.354358740834152
1899	4.354358740834152
1900	4.354358740834152
1901	4.991416908345734
1902	4.991416908345734
1903	4.991416908345734
1904	4.991416908345734
1905	4.991416908345734
1906	4.991416908345734
1907	0.1
1908	0.1
1909	0.1
1910	0.1
1911	0.1
1912	0.1
1913	12.06075740581407
1914	12.06075740581407
1915	12.06075740581407
1916	10.74879248134862
1917	10.74879248134862
1918	10.74879248134862
1919	10.74879248134862
1920	10.74879248134862
1921	10.74879248134862
1922	2.3903056779741307
1923	2.3903056779741307
1924	2.3903056779741307
1925	2.3903056779741307
1926	2.3903056779741307
1927	2.3903056779741307
1928	1.1563447731806438
1929	1.1563447731806438
1930	1.1563447731806438
1931	1.1563447731806438
1932	1.1563447731806438
1933	1.1563447731806438
1934	3.914052228565745
1935	3.914052228565745
1936	3.914052228565745
1937	3.914052228565745
1938	3.914052228565745
1939	3.914052228565745
1940	6.244417836405959
1941	6.244417836405959
1942	6.244417836405959
1943	6.244417836405959
1944	6.244417836405959
1945	6.244417836405959
1946	3.2921727298809618
1947	3.2921727298809618
1948	3.2921727298809618
1949	3.2921727298809618
1950	3.2921727298809618
1951	3.2921727298809618
1952	0.1
1953	0.1
1954	0.1
1955	0.1
1956	0.1
1957	0.1
1958	2.2763373783405263
1959	2.2763373783405263
1960	2.2763373783405263
1961	2.2763373783405263
1962	2.2763373783405263
1963	2.2763373783405263
1964	13.264892576187677
1965	13.264892576187677
1966	13.264892576187677
1967	13.264892576187677
1968	13.264892576187677
1969	13.264892576187677
1970	1.7691810633990648
1971	1.7691810633990648
1972	1.7691810633990648
1973	1.7691810633990648
1974	1.7691810633990648
1975	1.7691810633990648
1976	3.0478285010050032
1977	3.57717873717984
1978	3.57717873717984
1979	3.57717873717984
1980	3.57717873717984
1981	3.57717873717984
1982	3.57717873717984
1983	6.153383362908725
1984	6.153383362908725
1985	6.153383362908725
1986	6.153383362908725
1987	6.153383362908725
1988	6.153383362908725
1989	3.7398961733504974
1990	3.7398961733504974
1991	3.7398961733504974
1992	3.7398961733504974
1993	3.7398961733504974
1994	3.7398961733504974
1995	2.786260359819364
1996	2.786260359819364
1997	2.786260359819364
1998	2.786260359819364
1999	2.786260359819364
2000	2.786260359819364
2001	1.8323169957749266
2002	6.891514917216972
2003	6.891514917216972
2004	6.891514917216972
2005	6.891514917216972
2006	6.891514917216972
2007	6.891514917216972
2008	1.5171840942072778
2009	1.5171840942072778
2010	1.5171840942072778
2011	1.5171840942072778
2012	1.5171840942072778
2013	1.5171840942072778
2014	6.641154643815648
2015	6.641154643815648
2016	6.641154643815648
2017	6.641154643815648
2018	6.641154643815648
2019	6.641154643815648
2020	3.2435228624422976
2021	3.2435228624422976
2022	3.2435228624422976
2023	3.2435228624422976
2024	3.2435228624422976
2025	3.2435228624422976
2026	4.681815571370225
2027	4.681815571370225
2028	4.681815571370225
2029	4.681815571370225
2030	4.681815571370225
2031	4.681815571370225
2032	3.6067656703820816
2033	3.6067656703820816
2034	3.6067656703820816
2035	3.6067656703820816
2036	3.6067656703820816
2037	3.6067656703820816
2038	6.343778818719745
2039	6.343778818719745
2040	6.343778818719745
2041	6.343778818719745
2042	6.343778818719745
2043	6.343778818719745
2044	2.527125860855582
2045	2.527125860855582
2046	2.527125860855582
2047	2.527125860855582
2048	2.527125860855582
2049	2.527125860855582
2050	4.355075373777094
2051	4.355075373777094
2052	10.010711108020505
2053	10.010711108020505
2054	10.010711108020505
2055	10.010711108020505
2056	10.010711108020505
2057	10.010711108020505
2058	7.488253290380722
2059	7.488253290380722
2060	7.488253290380722
2061	7.488253290380722
2062	7.488253290380722
2063	7.488253290380722
2064	7.520107594261805
2065	7.520107594261805
2066	7.520107594261805
2067	7.520107594261805
2068	7.520107594261805
2069	7.520107594261805
2070	0.1
2071	0.1
2072	0.1
2073	0.1
2074	0.1
2075	0.1
2076	5.484869752754307
2077	5.484869752754307
2078	5.484869752754307
2079	5.484869752754307
2080	5.484869752754307
2081	5.484869752754307
2082	9.380793412297788
2083	6.558996055504912
2084	6.558996055504912
2085	6.558996055504912
2086	6.558996055504912
2087	6.558996055504912
2088	6.558996055504912
2089	1.5146548236305195
2090	1.5146548236305195
2091	1.5146548236305195
2092	1.5146548236305195
2093	1.5146548236305195
2094	1.5146548236305195
2095	7.347578070129719
2096	7.347578070129719
2097	7.347578070129719
2098	7.347578070129719
2099	7.347578070129719
2100	7.347578070129719
2101	0.1
2102	0.1
2103	0.1
2104	0.1
2105	0.1
2106	0.1
2107	6.603784404213718
2108	6.603784404213718
2109	6.603784404213718
2110	6.603784404213718
2111	6.603784404213718
2112	6.603784404213718
2113	0.1
2114	0.1
2115	0.1
2116	0.1
2117	0.1
2118	0.1
2119	5.9152384813354
2120	5.9152384813354
2121	5.9152384813354
2122	5.9152384813354
2123	1.696189621305334
2124	1.696189621305334
2125	1.696189621305334
2126	1.696189621305334
2127	1.696189621305334
2128	1.696189621305334
2129	2.971290112247285
2130	2.971290112247285
2131	2.971290112247285
2132	2.971290112247285
2133	2.971290112247285
2134	2.971290112247285
2135	3.9957245215477135
2136	3.9957245215477135
2137	3.9957245215477135
2138	3.9957245215477135
2139	3.9957245215477135
2140	3.9957245215477135
2141	2.119199176260012
2142	2.119199176260012
2143	2.119199176260012
2144	2.119199176260012
2145	2.119199176260012
2146	2.119199176260012
2147	3.8529741582844577
2148	3.8529741582844577
2149	3.8529741582844577
2150	3.8529741582844577
2151	3.8529741582844577
2152	3.8529741582844577
2153	0.9827230107195648
2154	0.9827230107195648
2155	0.9827230107195648
2156	0.9827230107195648
2157	0.9827230107195648
2158	0.9827230107195648
2159	5.463910361389036
2160	5.463910361389036
2161	5.463910361389036
2162	5.463910361389036
2163	5.463910361389036
2164	5.463910361389036
2165	2.0827259864491188
2166	2.0827259864491188
2167	2.0827259864491188
2168	2.0827259864491188
2169	2.0827259864491188
2170	2.0827259864491188
2171	2.7952185090347044
2172	2.7952185090347044
2173	2.7952185090347044
2174	2.7952185090347044
2175	2.7952185090347044
2176	2.7952185090347044
2177	2.8479426838132205
2178	2.8479426838132205
2179	2.8479426838132205
2180	2.8479426838132205
2181	3.7240846822477516
2182	3.7240846822477516
2183	3.7240846822477516
2184	3.7240846822477516
2185	3.7240846822477516
2186	3.7240846822477516
2187	3.687225567480095
2188	3.687225567480095
2189	3.687225567480095
2190	3.687225567480095
2191	3.687225567480095
2192	3.687225567480095
2193	3.0090170984156472
2194	3.0090170984156472
2195	3.0090170984156472
2196	3.0090170984156472
2197	3.0090170984156472
2198	3.0090170984156472
2199	6.5797810188053925
2200	6.5797810188053925
2201	6.5797810188053925
2202	6.5797810188053925
2203	6.5797810188053925
2204	6.5797810188053925
2205	5.873746017934282
2206	5.873746017934282
2207	5.873746017934282
2208	5.873746017934282
2209	5.873746017934282
2210	5.873746017934282
2211	9.241856692449332
2212	9.241856692449332
2213	9.241856692449332
2214	9.241856692449332
2215	9.241856692449332
2216	9.241856692449332
2217	2.9017386118218775
2218	2.9017386118218775
2219	2.9017386118218775
2220	2.9017386118218775
2221	2.9017386118218775
2222	2.9017386118218775
2223	3.240474838404908
2224	3.240474838404908
2225	3.240474838404908
2226	3.240474838404908
2227	3.240474838404908
2228	3.240474838404908
2229	3.1185984543320973
2230	3.1185984543320973
2231	3.1185984543320973
2232	3.1185984543320973
2233	3.1185984543320973
2234	3.1185984543320973
2235	6.339789405455166
2236	6.339789405455166
2237	7.586199615577245
2238	7.586199615577245
2239	7.586199615577245
2240	7.586199615577245
2241	7.586199615577245
2242	7.586199615577245
2243	1.7965624757188614
2244	2.1490365665081113
2245	2.1490365665081113
2246	2.1490365665081113
2247	2.1490365665081113
2248	2.1490365665081113
2249	2.1490365665081113
2250	3.301029244847374
2251	3.301029244847374
2252	3.301029244847374
2253	3.301029244847374
2254	3.301029244847374
2255	3.301029244847374
2256	1.7183503518054937
2257	1.7183503518054937
2258	1.7183503518054937
2259	1.7183503518054937
2260	1.7183503518054937
2261	1.7183503518054937
2262	9.43079749164716
2263	9.43079749164716
2264	9.43079749164716
2265	9.43079749164716
2266	9.43079749164716
2267	9.43079749164716
2268	6.878176280881462
2269	6.878176280881462
2270	6.878176280881462
2271	6.878176280881462
2272	6.878176280881462
2273	6.878176280881462
2274	4.208378012883674
2275	4.208378012883674
2276	4.208378012883674
2277	4.208378012883674
2278	4.208378012883674
2279	4.208378012883674
2280	2.403315816243449
2281	2.403315816243449
2282	2.403315816243449
2283	2.403315816243449
2284	2.403315816243449
2285	2.403315816243449
2286	8.853315698770876
2287	8.853315698770876
2288	8.853315698770876
2289	8.853315698770876
2290	8.853315698770876
2291	8.853315698770876
2292	5.414645595894792
2293	5.414645595894792
2294	5.414645595894792
2295	5.414645595894792
2296	5.414645595894792
2297	5.414645595894792
2298	8.791799531929806
2299	8.791799531929806
2300	8.791799531929806
2301	8.791799531929806
2302	8.791799531929806
2303	8.791799531929806
2304	6.080703469344886
2305	6.080703469344886
2306	6.080703469344886
2307	6.080703469344886
2308	6.080703469344886
2309	6.080703469344886
2310	5.758718973244288
2311	5.758718973244288
2312	5.758718973244288
2313	5.758718973244288
2314	5.758718973244288
2315	5.758718973244288
2316	3.0037016539972683
2317	4.465402908180028
2318	4.465402908180028
2319	4.465402908180028
2320	4.465402908180028
2321	4.465402908180028
2322	4.465402908180028
2323	6.944711669606896
2324	6.944711669606896
2325	6.944711669606896
2326	6.944711669606896
2327	6.944711669606896
2328	6.944711669606896
2329	1.8290076568506666
2330	1.8290076568506666
2331	1.8290076568506666
2332	1.8290076568506666
2333	1.8290076568506666
2334	1.8290076568506666
2335	8.886825108525692
2336	8.886825108525692
2337	8.886825108525692
2338	8.886825108525692
2339	8.886825108525692
2340	8.886825108525692
2341	5.3254922345135745
2342	5.3254922345135745
2343	8.452268800536746
2344	8.452268800536746
2345	8.452268800536746
2346	8.452268800536746
2347	8.452268800536746
2348	8.452268800536746
2349	1.9043784394248635
2350	1.9043784394248635
2351	1.9043784394248635
2352	1.9043784394248635
2353	1.9043784394248635
2354	1.9043784394248635
2355	1.8608000299526861
2356	1.8608000299526861
2357	1.8608000299526861
2358	1.8608000299526861
2359	1.8608000299526861
2360	1.8608000299526861
2361	3.3028377941686324
2362	3.3028377941686324
2363	3.3028377941686324
2364	3.3028377941686324
2365	3.3028377941686324
2366	3.3028377941686324
2367	1.241891579621718
2368	1.241891579621718
2369	1.241891579621718
2370	1.241891579621718
2371	1.241891579621718
2372	1.241891579621718
2373	0.7990948516440857
2374	0.7990948516440857
2375	0.7990948516440857
2376	0.7990948516440857
2377	0.7990948516440857
2378	0.7990948516440857
2379	0.9801356535839072
2380	0.9801356535839072
2381	0.9801356535839072
2382	0.9801356535839072
2383	0.9801356535839072
2384	0.9801356535839072
2385	2.7593681960200116
2386	2.7593681960200116
2387	2.7593681960200116
2388	2.7593681960200116
2389	2.7593681960200116
