0	1.8764529253885585
1	1.8764529253885585
2	1.8764529253885585
3	1.8764529253885585
4	1.101783340252507
5	1.101783340252507
6	1.101783340252507
7	1.101783340252507
8	1.1298525197458404
9	1.1298525197458404
10	1.1298525197458404
11	1.1298525197458404
12	1.1461816614297198
13	1.1461816614297198
14	1.1461816614297198
15	1.1461816614297198
16	0.9809240996844137
17	0.9809240996844137
18	0.9809240996844137
19	0.9809240996844137
20	2.810733472323433
21	2.810733472323433
22	2.810733472323433
23	2.810733472323433
24	1.3397632484443627
25	1.3397632484443627
26	1.3397632484443627
27	1.3397632484443627
28	0.5981848344090096
29	0.5981848344090096
30	0.5981848344090096
31	0.5981848344090096
32	1.7509126237122747
33	1.7509126237122747
34	1.7509126237122747
35	1.7509126237122747
36	0.842886054228414
37	0.842886054228414
38	0.842886054228414
39	0.842886054228414
40	1.3937339299847318
41	1.3937339299847318
42	0.6376506351349162
43	0.6376506351349162
44	0.6376506351349162
45	0.6376506351349162
46	1.7179251051624735
47	1.7179251051624735
48	1.7179251051624735
49	2.2351059766342445
50	2.2351059766342445
51	2.2351059766342445
52	2.2351059766342445
53	2.1153447900781024
54	2.1153447900781024
55	2.1153447900781024
56	2.1153447900781024
57	2.234041623986238
58	2.234041623986238
59	2.234041623986238
60	1.0926465486438581
61	1.0926465486438581
62	1.0926465486438581
63	1.0926465486438581
64	2.3560117025821214
65	2.3560117025821214
66	2.3560117025821214
67	1.9775504631701328
68	1.9775504631701328
69	1.9775504631701328
70	1.9775504631701328
71	1.073040679124617
72	1.073040679124617
73	1.073040679124617
74	1.073040679124617
75	1.8950534007606978
76	1.8950534007606978
77	1.8950534007606978
78	1.8950534007606978
79	2.7724259758647767
80	2.7724259758647767
81	2.7724259758647767
82	2.7724259758647767
83	1.0656070515337541
84	1.0656070515337541
85	1.0656070515337541
86	1.0656070515337541
87	1.9199950470471026
88	1.9199950470471026
89	1.9199950470471026
90	1.9199950470471026
91	1.0472256900961807
92	1.0472256900961807
93	1.0472256900961807
94	1.0472256900961807
95	1.8169595332615955
96	1.8169595332615955
97	1.8169595332615955
98	1.8169595332615955
99	1.0766027639300655
100	1.0766027639300655
101	1.0766027639300655
102	1.0766027639300655
103	1.8747108293021686
104	1.8747108293021686
105	0.8328952060295975
106	0.8328952060295975
107	0.8328952060295975
108	0.8328952060295975
109	0.475050242972201
110	0.475050242972201
111	0.475050242972201
112	0.475050242972201
113	1.799176196556626
114	1.799176196556626
115	1.799176196556626
116	1.799176196556626
117	3.090840441747104
118	3.090840441747104
119	3.090840441747104
120	3.090840441747104
121	1.4935599284871532
122	1.4935599284871532
123	1.4935599284871532
124	1.4935599284871532
125	2.2484593227542815
126	2.2484593227542815
127	2.2484593227542815
128	2.2484593227542815
129	2.97982286926542
130	2.97982286926542
131	2.97982286926542
132	2.97982286926542
133	1.400208945207408
134	1.400208945207408
135	1.400208945207408
136	1.400208945207408
137	1.8562292681410157
138	1.8562292681410157
139	1.8562292681410157
140	1.8562292681410157
141	0.3063507630539932
142	0.3063507630539932
143	0.3063507630539932
144	0.3063507630539932
145	1.9959576855411427
146	1.9959576855411427
147	1.9959576855411427
148	1.9959576855411427
149	1.5773266728031987
150	1.5773266728031987
151	1.5773266728031987
152	1.5773266728031987
153	3.330586167522342
154	3.330586167522342
155	3.330586167522342
156	3.330586167522342
157	1.846768670128094
158	1.846768670128094
159	1.846768670128094
160	1.846768670128094
161	2.223465837440299
162	2.223465837440299
163	2.223465837440299
164	2.223465837440299
165	1.6933474269009963
166	1.6933474269009963
167	1.6933474269009963
168	1.6933474269009963
169	2.1336997753688887
170	2.1336997753688887
171	2.1336997753688887
172	2.1336997753688887
173	3.400516247772345
174	3.400516247772345
175	3.400516247772345
176	3.400516247772345
177	2.968500220404554
178	2.968500220404554
179	2.968500220404554
180	2.968500220404554
181	1.9475840485553653
182	1.9475840485553653
183	1.9475840485553653
184	1.9475840485553653
185	2.0888099781049516
186	2.0888099781049516
187	2.0888099781049516
188	2.0888099781049516
189	2.1805706893497723
190	1.7228185697845066
191	1.7228185697845066
192	1.7228185697845066
193	1.7228185697845066
194	3.593752323836241
195	4.225236968271874
196	4.225236968271874
197	4.225236968271874
198	4.225236968271874
199	1.178482678283602
200	1.178482678283602
201	2.1137432119706445
202	2.1137432119706445
203	2.1137432119706445
204	1.419888543287525
205	0.7375649120529074
206	0.7375649120529074
207	0.7375649120529074
208	0.7375649120529074
209	0.6351405312414329
210	0.6351405312414329
211	0.6351405312414329
212	0.6351405312414329
213	0.6608645785688967
214	0.6608645785688967
215	0.6608645785688967
216	0.6608645785688967
217	0.8460966549745406
218	0.8460966549745406
219	0.8460966549745406
220	0.8460966549745406
221	1.2520430384925505
222	1.2520430384925505
223	1.2520430384925505
224	1.2520430384925505
225	1.1887017071340922
226	1.1887017071340922
227	1.1887017071340922
228	1.1887017071340922
229	0.35733921622371856
230	0.35733921622371856
231	0.35733921622371856
232	0.35733921622371856
233	0.6299944821594987
234	1.144931749396221
235	1.144931749396221
236	1.144931749396221
237	1.144931749396221
238	1.7277748846805066
239	1.7277748846805066
240	1.7277748846805066
241	1.7277748846805066
242	0.7895115165362733
243	0.7895115165362733
244	0.7895115165362733
245	0.7895115165362733
246	1.2026959272376876
247	1.2026959272376876
248	1.2026959272376876
249	1.2026959272376876
250	2.1953282381842865
251	0.9306245231260167
252	0.9306245231260167
253	0.9306245231260167
254	2.9242806980279945
255	2.9242806980279945
256	2.9242806980279945
257	2.9242806980279945
258	1.5432166426193497
259	1.5432166426193497
260	1.5432166426193497
261	1.5432166426193497
262	1.0285234941948191
263	1.0285234941948191
264	1.0285234941948191
265	1.0285234941948191
266	1.2804978277940953
267	1.2804978277940953
268	1.2804978277940953
269	1.2804978277940953
270	2.3756761885887743
271	2.3756761885887743
272	2.3756761885887743
273	2.3756761885887743
274	0.5673510956818769
275	0.5673510956818769
276	0.5673510956818769
277	0.5673510956818769
278	0.38356693099853345
279	0.38356693099853345
280	0.38356693099853345
281	0.38356693099853345
282	1.4646278536553485
283	1.4646278536553485
284	1.4646278536553485
285	1.4646278536553485
286	0.8201770365153667
287	0.8201770365153667
288	0.8201770365153667
289	0.8201770365153667
290	0.7496022116307239
291	0.7496022116307239
292	0.1
293	0.1
294	1.8731225765073778
295	1.8731225765073778
296	1.8731225765073778
297	1.8731225765073778
298	3.113185425089609
299	3.113185425089609
300	3.113185425089609
301	3.113185425089609
302	0.6237919777814546
303	0.6237919777814546
304	0.6237919777814546
305	1.3390845606920716
306	1.7056829488222485
307	1.7056829488222485
308	1.7056829488222485
309	1.7056829488222485
310	1.2150099431042936
311	1.2150099431042936
312	1.2150099431042936
313	1.081993666631484
314	1.081993666631484
315	1.081993666631484
316	1.081993666631484
317	0.5625438955710994
318	0.5625438955710994
319	0.5625438955710994
320	0.5625438955710994
321	1.7537344849407954
322	1.7537344849407954
323	1.7537344849407954
324	1.7537344849407954
325	1.3171074407941243
326	1.3171074407941243
327	1.3171074407941243
328	1.3171074407941243
329	2.5270044725463072
330	2.5270044725463072
331	2.5270044725463072
332	2.5270044725463072
333	1.4681500203471152
334	1.4681500203471152
335	1.4681500203471152
336	1.4681500203471152
337	1.2249130370189127
338	1.2249130370189127
339	1.2249130370189127
340	1.2249130370189127
341	0.5253614697304535
342	0.5253614697304535
343	0.5253614697304535
344	0.5253614697304535
345	1.5914726663852659
346	1.5914726663852659
347	1.5914726663852659
348	1.5914726663852659
349	0.7786535448959868
350	0.7786535448959868
351	0.7786535448959868
352	0.7786535448959868
353	1.4668146608379713
354	1.4668146608379713
355	1.4668146608379713
356	1.4668146608379713
357	1.4804371714184066
358	1.4804371714184066
359	1.4804371714184066
360	1.4804371714184066
361	0.7322505154231506
362	0.7322505154231506
363	0.7322505154231506
364	0.7322505154231506
365	0.604004856167972
366	0.604004856167972
367	0.604004856167972
368	0.604004856167972
369	0.8925816433765235
370	0.8925816433765235
371	0.8925816433765235
372	0.8925816433765235
373	1.2933818342607446
374	1.2933818342607446
375	1.2933818342607446
376	1.2933818342607446
377	1.2473909857801668
378	1.2473909857801668
379	1.2473909857801668
380	1.2473909857801668
381	0.9733727264351255
382	0.9733727264351255
383	0.9733727264351255
384	0.9733727264351255
385	1.487325747227041
386	1.487325747227041
387	1.487325747227041
388	1.487325747227041
389	1.536192371121424
390	1.536192371121424
391	1.536192371121424
392	2.4914042637568325
393	2.4914042637568325
394	2.4914042637568325
395	2.4914042637568325
396	0.98735282976533
397	0.98735282976533
398	0.98735282976533
399	0.98735282976533
400	0.6079382300413649
401	0.6469117423618449
402	0.6469117423618449
403	0.6469117423618449
404	0.6469117423618449
405	2.2798039478273306
406	2.2798039478273306
407	2.2798039478273306
408	2.2798039478273306
409	0.8929407117997534
410	0.8929407117997534
411	0.8929407117997534
412	0.8929407117997534
413	0.9621495440575372
414	3.2463712175859887
415	3.2463712175859887
416	3.2463712175859887
417	3.2463712175859887
418	1.0928344167882909
419	1.0928344167882909
420	1.0928344167882909
421	1.0928344167882909
422	1.2464830044101056
423	1.2464830044101056
424	1.2464830044101056
425	1.2464830044101056
426	0.7592025458318518
427	0.7592025458318518
428	0.7592025458318518
429	0.7592025458318518
430	2.333612208815481
431	2.333612208815481
432	2.333612208815481
433	2.333612208815481
434	1.7770777153685406
435	1.7770777153685406
436	1.7770777153685406
437	1.7770777153685406
438	1.3888801857977184
439	1.3888801857977184
440	1.3888801857977184
441	1.3888801857977184
442	1.772079487733163
443	1.772079487733163
444	1.772079487733163
445	1.772079487733163
446	1.7370479297956354
447	1.7370479297956354
448	1.7370479297956354
449	1.7370479297956354
450	2.1362049036408854
451	2.1362049036408854
452	2.1362049036408854
453	2.1362049036408854
454	0.2870865771545812
455	0.7069981510146855
456	0.7069981510146855
457	0.7069981510146855
458	0.7069981510146855
459	0.7621051506528889
460	0.7621051506528889
461	0.7621051506528889
462	0.7621051506528889
463	1.3563823834947626
464	1.3563823834947626
465	1.3563823834947626
466	1.3563823834947626
467	1.6915112447143161
468	1.6915112447143161
469	1.6915112447143161
470	1.6915112447143161
471	1.431321793956336
472	1.431321793956336
473	1.431321793956336
474	1.4655453342658449
475	1.4655453342658449
476	1.4655453342658449
477	1.4655453342658449
478	1.96731052492758
479	1.96731052492758
480	1.96731052492758
481	1.96731052492758
482	1.2818438754264678
483	1.2818438754264678
484	1.2818438754264678
485	1.2818438754264678
486	1.2599104218294765
487	1.2599104218294765
488	1.2599104218294765
489	1.2599104218294765
490	0.9496291187952837
491	0.9496291187952837
492	0.9496291187952837
493	0.9496291187952837
494	0.8017086219207705
495	0.8017086219207705
496	0.8017086219207705
497	0.8017086219207705
498	0.9181499063810055
499	0.9181499063810055
500	0.9181499063810055
501	0.9181499063810055
502	1.1683116346136717
503	1.1683116346136717
504	1.1683116346136717
505	1.1683116346136717
506	0.6886816295814342
507	0.6886816295814342
508	0.6886816295814342
509	0.6886816295814342
510	1.3050016963563071
511	1.3050016963563071
512	1.3050016963563071
513	1.3050016963563071
514	1.0684663169376696
515	1.0684663169376696
516	1.0684663169376696
517	1.0684663169376696
518	0.6687033876123969
519	0.6687033876123969
520	0.6687033876123969
521	0.6687033876123969
522	1.9026509206837214
523	1.9026509206837214
524	1.9026509206837214
525	1.4760173360529842
526	1.4760173360529842
527	1.4760173360529842
528	1.4760173360529842
529	0.8628576002886306
530	0.8628576002886306
531	0.8628576002886306
532	0.8628576002886306
533	1.868579028779266
534	1.868579028779266
535	1.868579028779266
536	1.868579028779266
537	1.1368139272575841
538	1.1368139272575841
539	1.1368139272575841
540	1.1368139272575841
541	1.1764891482205926
542	1.1764891482205926
543	1.1764891482205926
544	1.1764891482205926
545	1.9042289303624185
546	1.9042289303624185
547	1.9042289303624185
548	1.9042289303624185
549	0.4306699026189458
550	0.4306699026189458
551	0.4306699026189458
552	0.4306699026189458
553	0.7561005750454217
554	0.7561005750454217
555	0.7561005750454217
556	0.7561005750454217
557	2.2558220567411302
558	2.2558220567411302
559	2.2558220567411302
560	2.2558220567411302
561	1.0662927676386713
562	1.0662927676386713
563	1.0662927676386713
564	1.0662927676386713
565	0.5427726779740015
566	0.5427726779740015
567	0.5427726779740015
568	0.5427726779740015
569	1.757494479429794
570	1.757494479429794
571	1.757494479429794
572	1.757494479429794
573	1.6229106999205238
574	1.6229106999205238
575	1.6229106999205238
576	1.6229106999205238
577	1.1668626271326747
578	1.1668626271326747
579	1.1668626271326747
580	1.8705510976498818
581	1.8705510976498818
582	1.8705510976498818
583	1.8705510976498818
584	2.073132206025783
585	2.073132206025783
586	2.073132206025783
587	2.073132206025783
588	0.8379685450546848
589	1.9463497620086248
590	1.9463497620086248
591	1.9463497620086248
592	1.3459656777680271
593	1.3459656777680271
594	1.3459656777680271
595	1.3459656777680271
596	1.5242071121721852
597	1.5242071121721852
598	1.5242071121721852
599	1.5242071121721852
600	2.963594155039387
601	2.963594155039387
602	2.963594155039387
603	2.963594155039387
604	3.986377575018505
605	3.986377575018505
606	3.986377575018505
607	3.986377575018505
608	1.8698422138153412
609	1.8698422138153412
610	1.8698422138153412
611	1.8698422138153412
612	1.241532116945074
613	1.241532116945074
614	1.241532116945074
615	1.241532116945074
616	1.9694360642155218
617	1.9694360642155218
618	2.9155470200810667
619	2.9155470200810667
620	0.8130354396836124
621	0.8130354396836124
622	0.8130354396836124
623	0.8130354396836124
624	1.9381353718541845
625	1.9381353718541845
626	1.9381353718541845
627	1.9381353718541845
628	2.9126745856942513
629	2.9126745856942513
630	1.9105577043555828
631	1.9105577043555828
632	1.9105577043555828
633	1.9105577043555828
634	2.206993427849248
635	2.206993427849248
636	2.206993427849248
637	2.206993427849248
638	1.3977489975488167
639	1.3977489975488167
640	1.3977489975488167
641	1.3977489975488167
642	0.1
643	0.1
644	1.561898549453857
645	1.561898549453857
646	1.561898549453857
647	1.561898549453857
648	3.6950281947159676
649	3.6950281947159676
650	3.6950281947159676
651	3.6950281947159676
652	1.8091597981684358
653	1.8091597981684358
654	1.8091597981684358
655	1.8091597981684358
656	1.186041194597911
657	1.186041194597911
658	1.186041194597911
659	1.186041194597911
660	1.5006850713058884
661	1.5006850713058884
662	0.9262758394832624
663	0.9262758394832624
664	0.9262758394832624
665	0.9262758394832624
666	1.1403857506690085
667	1.1403857506690085
668	1.1403857506690085
669	1.1403857506690085
670	0.7298974169973838
671	0.7298974169973838
672	0.7298974169973838
673	0.7298974169973838
674	1.5767944874857929
675	1.3190596511178252
676	1.3190596511178252
677	1.3190596511178252
678	1.3190596511178252
679	1.3035929902030294
680	1.3035929902030294
681	1.3035929902030294
682	3.7624037634230287
683	3.7624037634230287
684	3.7624037634230287
685	3.7624037634230287
686	1.569565281400218
687	1.569565281400218
688	1.569565281400218
689	1.569565281400218
690	0.3813142730295094
691	0.3813142730295094
692	0.3813142730295094
693	0.3813142730295094
694	1.977423500122891
695	1.977423500122891
696	1.977423500122891
697	1.977423500122891
698	2.269295016208517
699	2.269295016208517
700	2.269295016208517
701	2.269295016208517
702	2.4929028409120813
703	2.4929028409120813
704	2.4929028409120813
705	2.4929028409120813
706	1.0060714718204808
707	1.0060714718204808
708	1.0060714718204808
709	1.0060714718204808
710	2.098497210112586
711	2.098497210112586
712	2.098497210112586
713	2.098497210112586
714	0.9572175485167946
715	0.9572175485167946
716	2.1512242524760907
717	2.1512242524760907
718	2.181516516845268
719	2.181516516845268
720	2.181516516845268
721	2.181516516845268
722	3.568609870958165
723	3.568609870958165
724	3.568609870958165
725	3.568609870958165
726	1.0012399593980108
727	1.0012399593980108
728	1.0012399593980108
729	1.0012399593980108
730	1.6173145856052995
731	1.6173145856052995
732	1.6173145856052995
733	1.6173145856052995
734	0.7776019573052722
735	0.7776019573052722
736	0.7776019573052722
737	0.7776019573052722
738	2.190614048887928
739	2.190614048887928
740	2.190614048887928
741	2.190614048887928
742	1.131555091064736
743	1.131555091064736
744	1.131555091064736
745	1.131555091064736
746	2.8114601350839643
747	2.8114601350839643
748	2.8114601350839643
749	2.8114601350839643
750	1.4250989178888482
751	1.4250989178888482
752	1.4250989178888482
753	1.4250989178888482
754	0.9010464289980811
755	0.9010464289980811
756	0.9010464289980811
757	0.9010464289980811
758	0.3831668839203508
759	0.3831668839203508
760	0.3831668839203508
761	0.3831668839203508
762	1.9647263217422803
763	1.9647263217422803
764	1.9647263217422803
765	1.9647263217422803
766	2.847161151451184
767	2.847161151451184
768	2.847161151451184
769	2.847161151451184
770	2.576045951832445
771	2.576045951832445
772	2.576045951832445
773	2.576045951832445
774	1.601244018246681
775	1.601244018246681
776	1.601244018246681
777	1.601244018246681
778	2.175416843317008
779	2.175416843317008
780	2.175416843317008
781	2.175416843317008
782	1.6012927581143357
783	1.6012927581143357
784	1.6012927581143357
785	1.6012927581143357
786	1.8629934607489154
787	1.8629934607489154
788	1.8629934607489154
789	1.8629934607489154
790	2.2218563789207684
791	2.2218563789207684
792	2.2218563789207684
793	2.2218563789207684
794	0.7314881382910345
795	0.7314881382910345
796	0.7314881382910345
797	0.7314881382910345
798	1.5515833445700005
799	1.5515833445700005
800	1.5515833445700005
801	1.5515833445700005
802	3.4999365121806205
803	3.4999365121806205
804	3.4999365121806205
805	3.4999365121806205
806	2.5436089879203783
807	2.5436089879203783
808	2.5436089879203783
809	2.5436089879203783
810	0.6913985135216394
811	0.6913985135216394
812	0.6913985135216394
813	0.6913985135216394
814	2.2488650570895428
815	2.2488650570895428
816	2.2488650570895428
817	2.2488650570895428
818	2.973967271968286
819	2.973967271968286
820	2.973967271968286
821	2.973967271968286
822	2.416343737388669
823	2.416343737388669
824	2.416343737388669
825	2.416343737388669
826	2.117489302988044
827	2.117489302988044
828	2.117489302988044
829	2.117489302988044
830	1.0987457836199783
831	1.0987457836199783
832	1.0987457836199783
833	1.0987457836199783
834	3.730726861081784
835	3.730726861081784
836	3.730726861081784
837	3.730726861081784
838	2.633251140338556
839	2.633251140338556
840	2.633251140338556
841	2.633251140338556
842	2.112820341051493
843	2.112820341051493
844	2.112820341051493
845	2.112820341051493
846	1.670085298229397
847	1.670085298229397
848	1.670085298229397
849	1.670085298229397
850	2.975578753251507
851	2.975578753251507
852	2.975578753251507
853	2.975578753251507
854	1.0516067310102497
855	1.0516067310102497
856	1.9734788121824782
857	1.9734788121824782
858	1.9734788121824782
859	1.9734788121824782
860	0.6488249502138683
861	0.6488249502138683
862	0.6488249502138683
863	0.6488249502138683
864	2.7376324826608993
865	2.7376324826608993
866	2.7376324826608993
867	2.7376324826608993
868	2.33116420763326
869	2.33116420763326
870	1.6645375076942353
871	1.6645375076942353
872	1.6645375076942353
873	1.3355551409968411
874	1.3355551409968411
875	1.3355551409968411
876	1.3355551409968411
877	2.779744737217811
878	2.779744737217811
879	2.779744737217811
880	2.779744737217811
881	0.7923876947129653
882	0.7923876947129653
883	0.7923876947129653
884	0.7923876947129653
885	1.0753364951523974
886	1.0753364951523974
887	1.0753364951523974
888	1.7482736048109673
889	1.7482736048109673
890	1.7482736048109673
891	1.7482736048109673
892	1.3583496959321908
893	1.3583496959321908
894	1.3583496959321908
895	1.3583496959321908
896	3.1472914645744616
897	3.1472914645744616
898	3.1472914645744616
899	3.1472914645744616
900	0.28182172693054985
901	0.28182172693054985
902	0.28182172693054985
903	0.28182172693054985
904	2.0281655451477865
905	2.0281655451477865
906	2.0281655451477865
907	2.0281655451477865
908	1.8707415595109445
909	1.8707415595109445
910	1.8707415595109445
911	1.8707415595109445
912	0.6857393080323174
913	0.6857393080323174
914	0.6857393080323174
915	0.6857393080323174
916	1.1938414034206577
917	1.1938414034206577
918	1.1938414034206577
919	1.1938414034206577
920	1.9890328438150247
921	1.9890328438150247
922	1.9890328438150247
923	1.9890328438150247
924	0.1
925	0.1
926	0.1
927	0.1
928	0.13937871597470886
929	0.13937871597470886
930	0.13937871597470886
931	0.13937871597470886
932	1.4205765316233343
933	1.4205765316233343
934	1.4205765316233343
935	1.4205765316233343
936	2.42342611734693
937	2.42342611734693
938	2.42342611734693
939	2.42342611734693
940	1.6322706351810283
941	1.6322706351810283
942	1.6322706351810283
943	1.6322706351810283
944	2.011780011295952
945	2.011780011295952
946	2.011780011295952
947	2.011780011295952
948	2.9186117288405047
949	2.9186117288405047
950	2.9186117288405047
951	1.8578431806511333
952	1.8578431806511333
953	1.8578431806511333
954	1.8578431806511333
955	0.18422636773071943
956	0.18422636773071943
957	0.18422636773071943
958	0.18422636773071943
959	1.1964118735706935
960	1.1964118735706935
961	1.1964118735706935
962	1.1964118735706935
963	0.5761191816892698
964	0.5761191816892698
965	0.5761191816892698
966	0.5761191816892698
967	2.20219633392588
968	2.20219633392588
969	2.20219633392588
970	2.20219633392588
971	1.958849924950703
972	1.958849924950703
973	1.958849924950703
974	1.958849924950703
975	0.9760163083155571
976	0.9760163083155571
977	0.9760163083155571
978	0.9760163083155571
979	1.5785000037799892
980	1.5785000037799892
981	1.8494542450188576
982	1.8494542450188576
983	1.8494542450188576
984	1.8494542450188576
985	2.4153051516332877
986	2.4153051516332877
987	2.4153051516332877
988	2.4153051516332877
989	2.180864209522791
990	2.180864209522791
991	2.180864209522791
992	2.180864209522791
993	0.4982946519645264
994	0.4982946519645264
995	0.4982946519645264
996	0.4982946519645264
997	0.8556008940856856
998	0.8556008940856856
999	0.8556008940856856
1000	0.8556008940856856
1001	0.5117836472949042
1002	0.34600857032914756
1003	0.34600857032914756
1004	0.34600857032914756
1005	0.34600857032914756
1006	0.9570143332464552
1007	0.9570143332464552
1008	0.9570143332464552
1009	0.9570143332464552
1010	0.9273064544081163
1011	0.9273064544081163
1012	0.9273064544081163
1013	0.9273064544081163
1014	1.138600619406029
1015	1.138600619406029
1016	1.138600619406029
1017	1.138600619406029
1018	1.1694012737686885
1019	1.1694012737686885
1020	1.1694012737686885
1021	1.1694012737686885
1022	1.1539774170978407
1023	1.1539774170978407
1024	1.1539774170978407
1025	1.1539774170978407
1026	0.8179937862881104
1027	2.2493320033621313
1028	2.2493320033621313
1029	2.2493320033621313
1030	2.2493320033621313
1031	1.1456283620717465
1032	1.1456283620717465
1033	2.1933600586833095
1034	2.1933600586833095
1035	2.1933600586833095
1036	2.1933600586833095
1037	1.5457806451245026
1038	1.5457806451245026
1039	1.5457806451245026
1040	1.5457806451245026
1041	1.3941228513287616
1042	1.3941228513287616
1043	1.3941228513287616
1044	1.3941228513287616
1045	1.5955619522298752
1046	1.5955619522298752
1047	1.5955619522298752
1048	1.5955619522298752
1049	0.41930396831361216
1050	0.41930396831361216
1051	0.41930396831361216
1052	0.41930396831361216
1053	2.7775695089958505
1054	2.7775695089958505
1055	2.7775695089958505
1056	2.7775695089958505
1057	1.698502362959171
1058	1.698502362959171
1059	1.698502362959171
1060	1.698502362959171
1061	0.1
1062	0.1
1063	0.1
1064	0.1
1065	2.886762983693864
1066	2.886762983693864
1067	2.886762983693864
1068	2.886762983693864
1069	2.8173534514162872
1070	2.8173534514162872
1071	2.8173534514162872
1072	2.8173534514162872
1073	1.301536905517961
1074	1.301536905517961
1075	1.301536905517961
1076	1.301536905517961
1077	2.4629466470588826
1078	2.4629466470588826
1079	2.4629466470588826
1080	2.4629466470588826
1081	1.8478084403832176
1082	1.8478084403832176
1083	1.8478084403832176
1084	1.8478084403832176
1085	2.985622073899916
1086	2.985622073899916
1087	1.9226939043930895
1088	1.9226939043930895
1089	1.9226939043930895
1090	1.9226939043930895
1091	1.8084324524086282
1092	1.8084324524086282
1093	1.8084324524086282
1094	1.8084324524086282
1095	1.5828091389877357
1096	1.5828091389877357
1097	1.5828091389877357
1098	1.5828091389877357
1099	1.3785917411882975
1100	1.3785917411882975
1101	1.3785917411882975
1102	1.3785917411882975
1103	2.3063505871826013
1104	2.3063505871826013
1105	2.3063505871826013
1106	2.3063505871826013
1107	1.6517638152184697
1108	1.6517638152184697
1109	1.6517638152184697
1110	1.6517638152184697
1111	0.6555860380341768
1112	0.6555860380341768
1113	0.7900386734457305
1114	0.7900386734457305
1115	0.7900386734457305
1116	0.7900386734457305
1117	3.0867073265326925
1118	3.0867073265326925
1119	3.0867073265326925
1120	3.0867073265326925
1121	1.8445485813904825
1122	1.8445485813904825
1123	1.8445485813904825
1124	1.8445485813904825
1125	2.0347179198840317
1126	2.0347179198840317
1127	2.0347179198840317
1128	2.0347179198840317
1129	1.7507497558064282
1130	1.7507497558064282
1131	1.7507497558064282
1132	1.7507497558064282
1133	1.5735305065172704
1134	1.5735305065172704
1135	1.5735305065172704
1136	1.5735305065172704
1137	1.8400486195427446
1138	1.8400486195427446
1139	1.8400486195427446
1140	1.8400486195427446
1141	1.406958056287137
1142	1.406958056287137
1143	1.406958056287137
1144	1.406958056287137
1145	0.7533236898004918
1146	0.7533236898004918
1147	0.7533236898004918
1148	0.7533236898004918
1149	1.1413084603880947
1150	1.1413084603880947
1151	1.1413084603880947
1152	1.1413084603880947
1153	1.1091996705890004
1154	1.1091996705890004
1155	1.1091996705890004
1156	1.1091996705890004
1157	2.5250576724325455
1158	2.5250576724325455
1159	2.5250576724325455
1160	1.2322555315602082
1161	1.2322555315602082
1162	1.2322555315602082
1163	1.2322555315602082
1164	1.2964323375429634
1165	1.2964323375429634
1166	1.2964323375429634
1167	1.2964323375429634
1168	0.34176897954972274
1169	0.34176897954972274
1170	0.34176897954972274
1171	0.34176897954972274
1172	1.6126084494266604
1173	1.6126084494266604
1174	1.6126084494266604
1175	1.6126084494266604
1176	1.9158993946116227
1177	1.9158993946116227
1178	1.9158993946116227
1179	1.9158993946116227
1180	1.7054440147980077
1181	1.7054440147980077
1182	1.7054440147980077
1183	1.7054440147980077
1184	1.915834946610602
1185	1.915834946610602
1186	1.915834946610602
1187	1.915834946610602
1188	1.1691847223368157
1189	1.1691847223368157
1190	1.1691847223368157
1191	2.181966423088151
1192	2.181966423088151
1193	2.181966423088151
1194	2.181966423088151
1195	1.5964898462729362
1196	1.5964898462729362
1197	1.5964898462729362
1198	1.5964898462729362
1199	1.4351784473991787
1200	1.4351784473991787
1201	1.4351784473991787
1202	0.8669231221736895
1203	0.8669231221736895
1204	0.8669231221736895
1205	0.8669231221736895
1206	2.633898595124341
1207	2.633898595124341
1208	2.633898595124341
1209	2.633898595124341
1210	1.9699401005821675
1211	1.9699401005821675
1212	1.9699401005821675
1213	1.9699401005821675
1214	1.7512752063879542
1215	1.7512752063879542
1216	1.7512752063879542
1217	1.7512752063879542
1218	1.9056618764825415
1219	1.9056618764825415
1220	1.9056618764825415
1221	1.9056618764825415
1222	2.1953549407651183
1223	2.1953549407651183
1224	2.1953549407651183
1225	2.1953549407651183
1226	2.216323360632136
1227	2.216323360632136
1228	2.216323360632136
1229	2.216323360632136
1230	1.5312593306555184
1231	1.5312593306555184
1232	1.5312593306555184
1233	1.5312593306555184
1234	1.1009542255457156
1235	1.1009542255457156
1236	1.1009542255457156
1237	1.1009542255457156
1238	1.4683375176673434
1239	1.5900148636808427
1240	1.5900148636808427
1241	1.5900148636808427
1242	1.5900148636808427
1243	0.4031378615042467
1244	0.4031378615042467
1245	0.4031378615042467
1246	0.4031378615042467
1247	1.6268349280503929
1248	1.6268349280503929
1249	1.6268349280503929
1250	1.6268349280503929
1251	1.5414102441085595
1252	1.5414102441085595
1253	1.848043634610772
1254	1.848043634610772
1255	1.848043634610772
1256	1.848043634610772
1257	1.766806140956895
1258	1.3345054164923502
1259	1.3345054164923502
1260	1.3345054164923502
1261	1.3345054164923502
1262	0.9501715022568109
1263	0.9501715022568109
1264	0.9501715022568109
1265	0.9501715022568109
1266	0.6655581570658408
1267	0.6655581570658408
1268	0.6655581570658408
1269	0.6655581570658408
1270	1.2141125422960417
1271	1.2141125422960417
1272	1.2141125422960417
1273	1.2141125422960417
1274	2.13751090255607
1275	2.13751090255607
1276	2.13751090255607
1277	2.13751090255607
1278	1.1166148765966084
1279	1.1166148765966084
1280	1.1166148765966084
1281	1.1166148765966084
1282	0.7263825865732074
1283	0.7263825865732074
1284	0.7263825865732074
1285	0.7263825865732074
1286	1.8259675936296516
1287	1.8259675936296516
1288	1.8259675936296516
1289	1.8259675936296516
1290	1.6270831731757158
1291	1.6270831731757158
1292	1.6270831731757158
1293	1.6270831731757158
1294	1.524136744384075
1295	1.524136744384075
1296	1.524136744384075
1297	1.524136744384075
1298	0.527922260098104
1299	0.527922260098104
1300	0.527922260098104
1301	0.527922260098104
1302	1.4712239026169631
1303	1.4712239026169631
1304	1.8313810896793488
1305	1.8313810896793488
1306	1.8313810896793488
1307	1.8313810896793488
1308	0.6218366057303266
1309	0.6218366057303266
1310	0.6218366057303266
1311	2.7537328840462325
1312	2.7537328840462325
1313	2.7537328840462325
1314	2.7537328840462325
1315	3.775113623655992
1316	3.775113623655992
1317	3.775113623655992
1318	3.775113623655992
1319	1.7400598676816235
1320	1.7400598676816235
1321	1.7400598676816235
1322	1.7400598676816235
1323	2.26582112691976
1324	2.26582112691976
1325	2.26582112691976
1326	2.26582112691976
1327	0.351153194846888
1328	0.351153194846888
1329	0.351153194846888
1330	0.351153194846888
1331	1.0222001675377574
1332	1.0222001675377574
1333	1.0222001675377574
1334	1.0222001675377574
1335	4.734628312991029
1336	1.5987695993404594
1337	1.5987695993404594
1338	1.5987695993404594
1339	1.5987695993404594
1340	1.8394886232357335
1341	1.8394886232357335
1342	1.8394886232357335
1343	1.8394886232357335
1344	2.5628394494286915
1345	2.5628394494286915
1346	2.5628394494286915
1347	2.5628394494286915
1348	0.6438109656697732
1349	1.9222031566699507
1350	1.9222031566699507
1351	1.9222031566699507
1352	3.7230353630486928
1353	3.7230353630486928
1354	3.7230353630486928
1355	3.7230353630486928
1356	1.1521155142147628
1357	1.1521155142147628
1358	1.1521155142147628
1359	1.1521155142147628
1360	2.0295899616994015
1361	2.0295899616994015
1362	2.0295899616994015
1363	2.0295899616994015
1364	2.8492520223996936
1365	2.8492520223996936
1366	2.8492520223996936
1367	2.8492520223996936
1368	2.9482594283145263
1369	2.9482594283145263
1370	1.9132179598258496
1371	1.9132179598258496
1372	0.5815456868266695
1373	0.5815456868266695
1374	0.5815456868266695
1375	0.5815456868266695
1376	0.9877261893089756
1377	0.9877261893089756
1378	0.9877261893089756
1379	0.9877261893089756
1380	1.074319487719572
1381	1.074319487719572
1382	1.074319487719572
1383	1.074319487719572
1384	2.5503417282375227
1385	2.5503417282375227
1386	2.5503417282375227
1387	2.5503417282375227
1388	0.1
1389	0.1
1390	0.1
1391	0.1
1392	1.487905697313851
1393	1.487905697313851
1394	1.487905697313851
1395	1.487905697313851
1396	0.35373669997230817
1397	0.35373669997230817
1398	0.35373669997230817
1399	0.35373669997230817
1400	1.286606573546176
1401	1.286606573546176
1402	1.286606573546176
1403	1.286606573546176
1404	2.2999277753466796
1405	2.2999277753466796
1406	2.2999277753466796
1407	2.2999277753466796
1408	1.060055632719445
1409	1.060055632719445
1410	1.060055632719445
1411	1.060055632719445
1412	1.730932544097309
1413	1.730932544097309
1414	1.730932544097309
1415	1.730932544097309
1416	0.6601730786416662
1417	0.6601730786416662
1418	0.6601730786416662
1419	0.6601730786416662
1420	2.1242713547200687
1421	2.1242713547200687
1422	2.1242713547200687
1423	2.1242713547200687
1424	2.0795719305168796
1425	2.0795719305168796
1426	2.0795719305168796
1427	2.0795719305168796
1428	0.5364711053275477
1429	0.5364711053275477
1430	0.5364711053275477
1431	0.5364711053275477
1432	1.2678362551319302
1433	1.2678362551319302
1434	1.2678362551319302
1435	1.2678362551319302
1436	2.840618991167534
1437	2.840618991167534
1438	0.10412938828578211
1439	0.10412938828578211
1440	0.10412938828578211
1441	0.10412938828578211
1442	1.4524318201308053
1443	1.4524318201308053
1444	1.4524318201308053
1445	1.4524318201308053
1446	0.9814193297563736
1447	0.9814193297563736
1448	0.9814193297563736
1449	0.9814193297563736
1450	0.8878233378514072
1451	0.8878233378514072
1452	0.8878233378514072
1453	0.8878233378514072
1454	1.8870080492026367
1455	1.8870080492026367
1456	1.8870080492026367
1457	1.8870080492026367
1458	1.3889359647596915
1459	1.3889359647596915
1460	1.3889359647596915
1461	1.3889359647596915
1462	0.4625080571228878
1463	0.4625080571228878
1464	0.4625080571228878
1465	0.4625080571228878
1466	1.463664915474385
1467	1.463664915474385
1468	1.463664915474385
1469	1.463664915474385
1470	0.49362569735653106
1471	0.49362569735653106
1472	0.49362569735653106
1473	0.49362569735653106
1474	1.2190412697083473
1475	1.2190412697083473
1476	1.2190412697083473
1477	1.2190412697083473
1478	1.7228755196699312
1479	1.7228755196699312
1480	1.7228755196699312
1481	1.7228755196699312
1482	1.540741483161472
1483	1.540741483161472
1484	1.540741483161472
1485	1.540741483161472
1486	1.9536165777185022
1487	1.9536165777185022
1488	1.475576043506123
1489	1.475576043506123
1490	1.475576043506123
1491	1.475576043506123
1492	2.382471983073282
1493	2.382471983073282
1494	2.382471983073282
1495	2.382471983073282
1496	1.9110216855636364
1497	1.9110216855636364
1498	1.9110216855636364
1499	1.9110216855636364
1500	1.8445871881724982
1501	1.8445871881724982
1502	1.8445871881724982
1503	1.8445871881724982
