0	29.323125343751702
1	29.323125343751702
2	29.323125343751702
3	29.323125343751702
4	29.323125343751702
5	29.323125343751702
6	18.51519670311508
7	18.51519670311508
8	18.51519670311508
9	18.51519670311508
10	18.51519670311508
11	18.51519670311508
12	61.073036062792895
13	61.073036062792895
14	61.073036062792895
15	61.073036062792895
16	61.073036062792895
17	61.073036062792895
18	23.434478314251308
19	23.434478314251308
20	23.434478314251308
21	23.434478314251308
22	23.434478314251308
23	23.434478314251308
24	31.891741135584834
25	31.891741135584834
26	31.891741135584834
27	31.891741135584834
28	31.891741135584834
29	31.891741135584834
30	37.27919722687472
31	37.27919722687472
32	37.27919722687472
33	37.27919722687472
34	37.27919722687472
35	37.27919722687472
36	27.231268030905756
37	27.231268030905756
38	27.231268030905756
39	27.231268030905756
40	27.231268030905756
41	27.231268030905756
42	13.968461157385022
43	13.968461157385022
44	13.968461157385022
45	13.968461157385022
46	13.968461157385022
47	13.968461157385022
48	36.340309363745185
49	36.340309363745185
50	36.340309363745185
51	36.340309363745185
52	36.340309363745185
53	36.340309363745185
54	3.9674820475889483
55	3.9674820475889483
56	3.9674820475889483
57	3.9674820475889483
58	3.9674820475889483
59	3.9674820475889483
60	23.53952711913738
61	23.53952711913738
62	23.53952711913738
63	23.53952711913738
64	23.53952711913738
65	23.53952711913738
66	51.73549680638899
67	51.73549680638899
68	51.73549680638899
69	18.10323224605272
70	18.10323224605272
71	18.10323224605272
72	18.10323224605272
73	18.10323224605272
74	18.10323224605272
75	37.66731558502721
76	37.66731558502721
77	37.66731558502721
78	37.66731558502721
79	37.66731558502721
80	37.66731558502721
81	20.210679150763614
82	24.652170169687096
83	24.652170169687096
84	24.652170169687096
85	24.652170169687096
86	24.652170169687096
87	24.652170169687096
88	30.39449888484342
89	30.39449888484342
90	30.39449888484342
91	30.39449888484342
92	30.39449888484342
93	30.39449888484342
94	39.004688112504454
95	39.004688112504454
96	39.004688112504454
97	39.004688112504454
98	39.004688112504454
99	39.004688112504454
100	34.51512116577863
101	34.51512116577863
102	34.51512116577863
103	34.51512116577863
104	34.51512116577863
105	34.51512116577863
106	0.8220549088709852
107	0.8220549088709852
108	0.8220549088709852
109	0.8220549088709852
110	0.8220549088709852
111	0.8220549088709852
112	27.719008702539135
113	27.719008702539135
114	27.719008702539135
115	27.719008702539135
116	27.719008702539135
117	27.719008702539135
118	41.06566148370459
119	41.06566148370459
120	41.06566148370459
121	41.06566148370459
122	41.06566148370459
123	41.06566148370459
124	56.79627841390962
125	56.79627841390962
126	56.79627841390962
127	56.79627841390962
128	56.79627841390962
129	56.79627841390962
130	16.971898061427616
131	16.971898061427616
132	16.971898061427616
133	16.971898061427616
134	16.971898061427616
135	16.971898061427616
136	38.671798311310454
137	38.671798311310454
138	38.671798311310454
139	38.671798311310454
140	38.671798311310454
141	38.671798311310454
142	24.723829183888927
143	24.723829183888927
144	24.723829183888927
145	34.95814612474887
146	34.95814612474887
147	53.482195327318
148	53.482195327318
149	53.482195327318
150	53.482195327318
151	53.482195327318
152	53.482195327318
153	26.706721148748574
154	26.706721148748574
155	26.706721148748574
156	9.14443550054968
157	9.14443550054968
158	9.14443550054968
159	9.14443550054968
160	9.14443550054968
161	9.14443550054968
162	8.844234693000288
163	8.844234693000288
164	8.844234693000288
165	8.844234693000288
166	8.844234693000288
167	8.844234693000288
168	25.733260740234478
169	25.733260740234478
170	25.733260740234478
171	25.733260740234478
172	25.733260740234478
173	25.733260740234478
174	0.1
175	0.1
176	0.1
177	0.1
178	0.1
179	0.1
180	19.172065754068782
181	19.172065754068782
182	19.172065754068782
183	19.172065754068782
184	19.172065754068782
185	19.172065754068782
186	19.698344941179702
187	19.698344941179702
188	19.698344941179702
189	19.698344941179702
190	19.698344941179702
191	19.698344941179702
192	0.1
193	0.1
194	0.1
195	46.67859897357596
196	46.67859897357596
197	46.67859897357596
198	46.67859897357596
199	46.67859897357596
200	46.67859897357596
201	15.260262462342938
202	15.260262462342938
203	15.260262462342938
204	15.260262462342938
205	15.260262462342938
206	15.260262462342938
207	39.917491015882305
208	39.917491015882305
209	39.917491015882305
210	39.917491015882305
211	39.917491015882305
212	39.917491015882305
213	21.132752736442523
214	21.132752736442523
215	21.132752736442523
216	21.132752736442523
217	21.132752736442523
218	21.132752736442523
219	33.5358893509275
220	33.5358893509275
221	33.5358893509275
222	33.5358893509275
223	33.5358893509275
224	33.5358893509275
225	13.0645832102362
226	13.0645832102362
227	13.0645832102362
228	13.0645832102362
229	13.0645832102362
230	13.0645832102362
231	23.50057417190269
232	23.50057417190269
233	23.50057417190269
234	23.50057417190269
235	23.50057417190269
236	23.50057417190269
237	0.1
238	0.1
239	0.1
240	0.1
241	0.1
242	0.1
243	50.87054704026677
244	50.87054704026677
245	50.87054704026677
246	50.87054704026677
247	50.87054704026677
248	50.87054704026677
249	48.63248525887681
250	48.63248525887681
251	48.63248525887681
252	48.63248525887681
253	48.63248525887681
254	48.63248525887681
255	23.264126633436096
256	23.264126633436096
257	23.264126633436096
258	23.264126633436096
259	23.264126633436096
260	23.264126633436096
261	49.998496025941606
262	49.998496025941606
263	49.998496025941606
264	49.998496025941606
265	49.998496025941606
266	49.998496025941606
267	28.26558512646835
268	28.26558512646835
269	28.26558512646835
270	28.26558512646835
271	28.26558512646835
272	28.26558512646835
273	10.756114111396755
274	10.756114111396755
275	10.756114111396755
276	10.756114111396755
277	10.756114111396755
278	10.756114111396755
279	30.97632362677222
280	30.97632362677222
281	30.97632362677222
282	30.97632362677222
283	30.97632362677222
284	30.97632362677222
285	19.44112939710491
286	19.44112939710491
287	19.44112939710491
288	19.44112939710491
289	19.44112939710491
290	19.44112939710491
291	27.86700871981568
292	27.86700871981568
293	27.86700871981568
294	27.86700871981568
295	27.86700871981568
296	27.86700871981568
297	57.05063300719388
298	57.05063300719388
299	57.05063300719388
300	57.05063300719388
301	57.05063300719388
302	57.05063300719388
303	51.98473249882436
304	51.98473249882436
305	51.98473249882436
306	51.98473249882436
307	51.98473249882436
308	51.98473249882436
309	32.984312697035556
310	32.984312697035556
311	32.984312697035556
312	32.984312697035556
313	32.984312697035556
314	43.01894437368179
315	43.01894437368179
316	43.01894437368179
317	43.01894437368179
318	43.01894437368179
319	43.01894437368179
320	28.613294841859652
321	28.613294841859652
322	28.613294841859652
323	28.613294841859652
324	28.613294841859652
325	28.613294841859652
326	32.96400212348894
327	32.96400212348894
328	32.96400212348894
329	32.96400212348894
330	32.96400212348894
331	32.96400212348894
332	40.65738416860077
333	40.65738416860077
334	40.65738416860077
335	51.12197053804265
336	51.12197053804265
337	51.12197053804265
338	51.12197053804265
339	51.12197053804265
340	51.12197053804265
341	59.231015235181715
342	59.231015235181715
343	59.231015235181715
344	59.231015235181715
345	59.231015235181715
346	59.231015235181715
347	16.801794877304996
348	16.801794877304996
349	16.801794877304996
350	16.801794877304996
351	16.801794877304996
352	16.801794877304996
353	61.9141326332729
354	61.9141326332729
355	61.9141326332729
356	61.9141326332729
357	61.9141326332729
358	61.9141326332729
359	26.525524584071245
360	26.525524584071245
361	26.525524584071245
362	26.525524584071245
363	26.525524584071245
364	26.525524584071245
365	13.513594872119546
366	13.513594872119546
367	13.513594872119546
368	13.513594872119546
369	13.513594872119546
370	13.513594872119546
371	22.406065383450745
372	22.406065383450745
373	22.406065383450745
374	22.406065383450745
375	22.406065383450745
376	22.406065383450745
377	21.721939126599537
378	21.721939126599537
379	21.721939126599537
380	21.721939126599537
381	21.721939126599537
382	21.721939126599537
383	62.95784288522377
384	62.95784288522377
385	62.95784288522377
386	62.95784288522377
387	62.95784288522377
388	62.95784288522377
389	20.228550826875484
390	20.228550826875484
391	20.228550826875484
392	20.228550826875484
393	20.228550826875484
394	20.228550826875484
395	16.569803178691963
396	16.569803178691963
397	16.569803178691963
398	16.569803178691963
399	16.569803178691963
400	16.569803178691963
401	18.042283270288685
402	18.042283270288685
403	18.042283270288685
404	18.042283270288685
405	18.042283270288685
406	18.042283270288685
407	39.345277265645564
408	39.345277265645564
409	39.345277265645564
410	39.345277265645564
411	39.345277265645564
412	39.345277265645564
413	28.99569200230216
414	28.99569200230216
415	28.99569200230216
416	28.99569200230216
417	28.99569200230216
418	28.99569200230216
419	27.844611828448528
420	27.844611828448528
421	27.844611828448528
422	27.844611828448528
423	27.844611828448528
424	27.844611828448528
425	42.06099553126327
426	42.06099553126327
427	42.06099553126327
428	42.06099553126327
429	15.396971771562562
430	15.396971771562562
431	15.396971771562562
432	15.396971771562562
433	15.396971771562562
434	15.396971771562562
435	8.114181155734776
436	8.114181155734776
437	8.114181155734776
438	8.114181155734776
439	8.114181155734776
440	8.114181155734776
441	32.59701100028993
442	32.59701100028993
443	32.59701100028993
444	32.59701100028993
445	32.59701100028993
446	32.59701100028993
447	51.0159989692675
448	51.0159989692675
449	51.0159989692675
450	51.0159989692675
451	51.0159989692675
452	51.0159989692675
453	21.854773241567184
454	21.854773241567184
455	21.854773241567184
456	21.854773241567184
457	21.854773241567184
458	21.854773241567184
459	16.602037960969568
460	16.602037960969568
461	16.602037960969568
462	16.602037960969568
463	16.602037960969568
464	16.602037960969568
465	30.185539758008375
466	30.185539758008375
467	30.185539758008375
468	30.185539758008375
469	30.185539758008375
470	30.185539758008375
471	18.376791912763878
472	18.376791912763878
473	18.376791912763878
474	18.376791912763878
475	18.376791912763878
476	18.376791912763878
477	43.68125057093723
478	43.68125057093723
479	43.68125057093723
480	43.68125057093723
481	43.68125057093723
482	43.68125057093723
483	36.76453419993452
484	36.76453419993452
485	36.76453419993452
486	45.346948533382744
487	45.346948533382744
488	45.346948533382744
489	45.346948533382744
490	45.346948533382744
491	45.346948533382744
492	44.063533573258354
493	44.063533573258354
494	44.063533573258354
495	44.063533573258354
496	44.063533573258354
497	44.063533573258354
498	50.34283256465284
499	50.34283256465284
500	50.34283256465284
501	50.34283256465284
502	50.34283256465284
503	50.34283256465284
504	27.691739365713946
505	27.691739365713946
506	27.691739365713946
507	27.691739365713946
508	27.691739365713946
509	27.691739365713946
510	12.57554910640291
511	12.57554910640291
512	12.57554910640291
513	12.57554910640291
514	12.57554910640291
515	12.57554910640291
516	0.1
517	0.1
518	0.1
519	0.1
520	0.1
521	0.1
522	29.634369938072826
523	29.634369938072826
524	29.634369938072826
525	29.634369938072826
526	29.634369938072826
527	29.634369938072826
528	45.777682328445664
529	45.777682328445664
530	45.777682328445664
531	45.777682328445664
532	45.777682328445664
533	45.777682328445664
534	43.80483337600679
535	43.80483337600679
536	43.80483337600679
537	43.80483337600679
538	43.80483337600679
539	43.80483337600679
540	2.277818975685669
541	2.277818975685669
542	2.277818975685669
543	2.277818975685669
544	2.277818975685669
545	2.277818975685669
546	60.62629852933586
547	60.62629852933586
548	60.62629852933586
549	60.62629852933586
550	60.62629852933586
551	60.62629852933586
552	24.084546288934558
553	24.084546288934558
554	24.084546288934558
555	24.084546288934558
556	24.084546288934558
557	24.084546288934558
558	14.249403598040196
559	14.249403598040196
560	14.249403598040196
561	14.249403598040196
562	14.249403598040196
563	14.249403598040196
564	2.79206768505626
565	2.79206768505626
566	2.79206768505626
567	2.79206768505626
568	40.220784192836845
569	40.220784192836845
570	40.220784192836845
571	40.220784192836845
572	40.220784192836845
573	40.220784192836845
574	41.8090335543241
575	41.8090335543241
576	41.8090335543241
577	41.8090335543241
578	41.8090335543241
579	41.8090335543241
580	43.16400273298993
581	43.16400273298993
582	43.16400273298993
583	43.16400273298993
584	43.16400273298993
585	43.16400273298993
586	28.71813737363891
587	28.71813737363891
588	28.71813737363891
589	28.71813737363891
590	28.71813737363891
591	28.71813737363891
592	21.364450958834624
593	21.364450958834624
594	21.364450958834624
595	21.364450958834624
596	21.364450958834624
597	21.364450958834624
598	5.494454197401776
599	5.494454197401776
600	5.494454197401776
601	5.494454197401776
602	5.494454197401776
603	5.494454197401776
604	0.1
605	0.1
606	0.1
607	0.1
608	0.1
609	0.1
610	56.27562330318766
611	56.27562330318766
612	56.27562330318766
613	56.27562330318766
614	56.27562330318766
615	56.27562330318766
616	20.668048547332248
617	20.668048547332248
618	20.668048547332248
619	20.668048547332248
620	20.668048547332248
621	20.668048547332248
622	55.47337592939333
623	55.47337592939333
624	55.47337592939333
625	55.47337592939333
626	55.47337592939333
627	55.47337592939333
628	45.18347284155604
629	45.18347284155604
630	45.18347284155604
631	45.18347284155604
632	45.18347284155604
633	45.18347284155604
634	8.739936950622862
635	8.739936950622862
636	8.739936950622862
637	8.739936950622862
638	8.739936950622862
639	8.739936950622862
640	4.178437816090312
641	4.178437816090312
642	4.178437816090312
643	4.178437816090312
644	4.178437816090312
645	4.178437816090312
646	36.13486353008369
647	36.13486353008369
648	36.13486353008369
649	36.13486353008369
650	36.13486353008369
651	36.13486353008369
652	57.73500995369791
653	57.73500995369791
654	57.73500995369791
655	57.73500995369791
656	57.73500995369791
657	57.73500995369791
658	42.20993728214651
659	42.20993728214651
660	42.20993728214651
661	42.20993728214651
662	42.20993728214651
663	42.20993728214651
664	44.97239595641588
665	44.97239595641588
666	44.97239595641588
667	44.97239595641588
668	44.97239595641588
669	44.97239595641588
670	47.923313668085136
671	47.923313668085136
672	47.923313668085136
673	47.923313668085136
674	47.923313668085136
675	47.923313668085136
676	17.96181201313515
677	17.96181201313515
678	17.96181201313515
679	17.96181201313515
680	17.96181201313515
681	17.96181201313515
682	12.072785129501675
683	12.072785129501675
684	12.072785129501675
685	12.072785129501675
686	12.072785129501675
687	12.072785129501675
688	52.865659074123386
689	52.865659074123386
690	52.865659074123386
691	52.865659074123386
692	52.865659074123386
693	52.865659074123386
694	54.229704104049446
695	54.229704104049446
696	54.229704104049446
697	54.229704104049446
698	54.229704104049446
699	54.229704104049446
700	0.1
701	0.1
702	0.1
703	0.1
704	0.1
705	0.1
706	41.269365633423234
707	41.269365633423234
708	41.269365633423234
709	41.269365633423234
710	41.269365633423234
711	41.269365633423234
712	37.330363480691936
713	37.330363480691936
714	37.330363480691936
715	37.330363480691936
716	37.330363480691936
717	37.330363480691936
718	40.84601300620885
719	40.84601300620885
720	40.84601300620885
721	40.84601300620885
722	40.84601300620885
723	40.84601300620885
724	18.61302053388298
725	18.61302053388298
726	18.61302053388298
727	18.61302053388298
728	18.61302053388298
729	18.61302053388298
730	20.45474060384369
731	20.45474060384369
732	20.45474060384369
733	20.45474060384369
734	20.45474060384369
735	20.45474060384369
736	49.588264184889205
737	49.588264184889205
738	49.588264184889205
739	49.588264184889205
740	49.588264184889205
741	49.588264184889205
742	34.13875296114435
743	34.13875296114435
744	34.13875296114435
745	34.13875296114435
746	34.13875296114435
747	34.13875296114435
748	45.3907134705032
749	45.3907134705032
750	45.3907134705032
751	45.3907134705032
752	45.3907134705032
753	45.3907134705032
754	34.2437852170807
755	34.2437852170807
756	34.2437852170807
757	34.2437852170807
758	34.2437852170807
759	34.2437852170807
760	35.171155553823326
761	35.171155553823326
762	35.171155553823326
763	35.171155553823326
764	35.171155553823326
765	35.171155553823326
766	19.54200004337053
767	19.54200004337053
768	19.54200004337053
769	19.54200004337053
770	19.54200004337053
771	19.54200004337053
772	63.112562845703835
773	63.112562845703835
774	63.112562845703835
775	63.112562845703835
776	63.112562845703835
777	63.112562845703835
778	22.828346520907637
779	22.828346520907637
780	22.828346520907637
781	22.828346520907637
782	22.828346520907637
783	22.828346520907637
784	14.284421231058882
785	14.284421231058882
786	14.284421231058882
787	14.284421231058882
788	14.284421231058882
789	14.284421231058882
790	26.09443479213602
791	26.09443479213602
792	26.09443479213602
793	26.09443479213602
794	26.09443479213602
795	26.09443479213602
796	19.366017304637584
797	19.366017304637584
798	19.366017304637584
799	19.366017304637584
800	19.366017304637584
801	19.366017304637584
802	18.32291353053526
803	18.32291353053526
804	18.32291353053526
805	18.32291353053526
806	18.32291353053526
807	18.32291353053526
808	42.31265057828469
809	42.31265057828469
810	42.31265057828469
811	42.31265057828469
812	42.31265057828469
813	42.31265057828469
814	42.19409751082837
815	42.19409751082837
816	42.19409751082837
817	42.19409751082837
818	42.19409751082837
819	42.19409751082837
820	64.9589242652818
821	64.9589242652818
822	64.9589242652818
823	64.9589242652818
824	64.9589242652818
825	64.9589242652818
826	7.1232736221416495
827	7.1232736221416495
828	7.1232736221416495
829	7.1232736221416495
830	7.1232736221416495
831	7.1232736221416495
832	68.39203325048858
833	68.39203325048858
834	68.39203325048858
835	68.39203325048858
836	68.39203325048858
837	68.39203325048858
838	21.25419857951602
839	21.25419857951602
840	21.25419857951602
841	21.25419857951602
842	21.25419857951602
843	21.25419857951602
844	22.64955104394308
845	22.64955104394308
846	22.64955104394308
847	22.64955104394308
848	22.64955104394308
849	22.64955104394308
850	25.556433713639798
851	25.556433713639798
852	25.556433713639798
853	25.556433713639798
854	25.556433713639798
855	25.556433713639798
856	46.57312684076307
857	46.57312684076307
858	46.57312684076307
859	46.57312684076307
860	46.57312684076307
861	46.57312684076307
862	37.51374882825611
863	37.51374882825611
864	37.51374882825611
865	37.51374882825611
866	37.51374882825611
867	46.50229531391582
868	46.50229531391582
869	46.50229531391582
870	46.50229531391582
871	46.50229531391582
872	46.50229531391582
873	56.27841454459305
874	56.27841454459305
875	56.27841454459305
876	56.27841454459305
877	56.27841454459305
878	56.27841454459305
879	18.62510237177542
880	18.62510237177542
881	18.62510237177542
882	18.62510237177542
883	18.62510237177542
884	18.62510237177542
885	28.08450210229794
886	28.08450210229794
887	28.08450210229794
888	28.08450210229794
889	28.08450210229794
890	28.08450210229794
891	26.243462641592245
892	26.243462641592245
893	26.243462641592245
894	26.243462641592245
895	26.243462641592245
896	26.243462641592245
897	0.1
898	0.1
899	0.1
900	0.1
901	0.1
902	0.1
903	35.64150210218663
904	35.64150210218663
905	35.64150210218663
906	35.64150210218663
907	35.64150210218663
908	35.64150210218663
909	8.805681886595828
910	8.805681886595828
911	8.805681886595828
912	8.805681886595828
913	8.805681886595828
914	8.805681886595828
915	12.264235055024553
916	12.264235055024553
917	12.264235055024553
918	12.264235055024553
919	12.264235055024553
920	12.264235055024553
921	22.591821542326272
922	22.591821542326272
923	22.591821542326272
924	22.591821542326272
925	22.591821542326272
926	22.591821542326272
927	49.796155030399426
928	49.796155030399426
929	49.796155030399426
930	49.796155030399426
931	49.796155030399426
932	49.796155030399426
933	34.079920520443906
934	34.079920520443906
935	34.079920520443906
936	34.079920520443906
937	34.079920520443906
938	34.079920520443906
939	14.482794013300666
940	14.482794013300666
941	14.482794013300666
942	14.482794013300666
943	14.482794013300666
944	14.482794013300666
945	25.800976501543783
946	25.800976501543783
947	25.800976501543783
948	25.800976501543783
949	25.800976501543783
950	25.800976501543783
951	81.2821947906484
952	81.2821947906484
953	81.2821947906484
954	81.2821947906484
955	81.2821947906484
956	81.2821947906484
957	12.561824552968076
958	12.561824552968076
959	12.561824552968076
960	12.561824552968076
961	12.561824552968076
962	12.561824552968076
963	26.95795804514392
964	26.95795804514392
965	26.95795804514392
966	26.95795804514392
967	26.95795804514392
968	26.95795804514392
969	33.78443609529195
970	33.78443609529195
971	53.050730579174804
972	12.702314460637623
973	12.702314460637623
974	12.702314460637623
975	12.702314460637623
976	12.702314460637623
977	12.702314460637623
978	35.782959905926546
979	35.782959905926546
980	35.782959905926546
981	35.782959905926546
982	35.782959905926546
983	35.782959905926546
984	50.09698627957211
985	50.09698627957211
986	50.09698627957211
987	50.09698627957211
988	50.09698627957211
989	50.09698627957211
990	6.587652121788295
991	6.587652121788295
992	6.587652121788295
993	6.587652121788295
994	6.587652121788295
995	6.587652121788295
996	7.621274814000042
997	7.621274814000042
998	7.621274814000042
999	7.621274814000042
1000	7.621274814000042
1001	7.621274814000042
1002	0.1
1003	0.1
1004	0.1
1005	0.1
1006	0.1
1007	0.1
1008	45.2774740457277
1009	45.2774740457277
1010	45.2774740457277
1011	45.2774740457277
1012	45.2774740457277
1013	45.2774740457277
1014	39.599124488473066
1015	39.599124488473066
1016	39.599124488473066
1017	39.599124488473066
1018	39.599124488473066
1019	39.599124488473066
1020	13.396200211612925
1021	13.396200211612925
1022	13.396200211612925
1023	13.396200211612925
1024	13.396200211612925
1025	13.396200211612925
1026	16.049302710145106
1027	16.049302710145106
1028	16.049302710145106
1029	16.049302710145106
1030	16.049302710145106
1031	16.049302710145106
1032	28.680300248454895
1033	28.680300248454895
1034	28.680300248454895
1035	28.680300248454895
1036	28.680300248454895
1037	28.680300248454895
1038	58.01643797197944
1039	58.01643797197944
1040	58.01643797197944
1041	58.01643797197944
1042	58.01643797197944
1043	58.01643797197944
1044	0.1
1045	0.1
1046	0.1
1047	0.1
1048	0.1
1049	0.1
1050	10.768436601375011
1051	10.768436601375011
1052	10.768436601375011
1053	10.768436601375011
1054	10.768436601375011
1055	10.768436601375011
1056	15.153565184804544
1057	15.153565184804544
1058	15.153565184804544
1059	15.153565184804544
1060	15.153565184804544
1061	15.153565184804544
1062	26.14557543770133
1063	26.14557543770133
1064	26.14557543770133
1065	26.14557543770133
1066	26.14557543770133
1067	26.14557543770133
1068	14.77100472168831
1069	14.77100472168831
1070	14.77100472168831
1071	14.77100472168831
1072	14.77100472168831
1073	14.77100472168831
1074	29.669430306086568
1075	29.669430306086568
1076	29.669430306086568
1077	29.669430306086568
1078	29.669430306086568
1079	29.669430306086568
1080	28.810262164535935
1081	28.810262164535935
1082	28.810262164535935
1083	28.810262164535935
1084	28.810262164535935
1085	28.810262164535935
1086	32.13988181613052
1087	32.13988181613052
1088	32.13988181613052
1089	32.13988181613052
1090	32.13988181613052
1091	32.13988181613052
1092	26.8920818223467
1093	26.8920818223467
1094	26.8920818223467
1095	26.8920818223467
1096	26.8920818223467
1097	26.8920818223467
1098	12.130517161716025
1099	12.130517161716025
1100	12.130517161716025
1101	12.130517161716025
1102	12.130517161716025
1103	12.130517161716025
1104	24.479448819608514
1105	24.479448819608514
1106	24.479448819608514
1107	24.479448819608514
1108	24.479448819608514
1109	24.479448819608514
1110	33.099340039133864
1111	33.099340039133864
1112	33.099340039133864
1113	33.099340039133864
1114	33.099340039133864
1115	33.099340039133864
1116	0.1
1117	0.1
1118	0.1
1119	0.1
1120	0.1
1121	0.1
1122	29.234566431313187
1123	29.234566431313187
1124	29.234566431313187
1125	29.234566431313187
1126	29.234566431313187
1127	29.234566431313187
1128	17.172453811414258
1129	17.172453811414258
1130	17.172453811414258
1131	17.172453811414258
1132	17.172453811414258
1133	17.172453811414258
1134	45.863895129803225
1135	45.863895129803225
1136	45.863895129803225
1137	45.863895129803225
1138	45.863895129803225
1139	45.863895129803225
1140	53.15819179968763
1141	53.15819179968763
1142	53.15819179968763
1143	53.15819179968763
1144	53.15819179968763
1145	53.15819179968763
1146	42.27424760185752
1147	42.27424760185752
1148	42.27424760185752
1149	42.27424760185752
1150	42.27424760185752
1151	42.27424760185752
1152	43.09655688004069
1153	21.023566537054194
1154	21.023566537054194
1155	21.023566537054194
1156	21.023566537054194
1157	21.023566537054194
1158	21.023566537054194
1159	16.628411459848706
1160	16.628411459848706
1161	16.628411459848706
1162	16.628411459848706
1163	16.628411459848706
1164	16.628411459848706
1165	49.70152003444045
1166	49.70152003444045
1167	49.70152003444045
1168	49.70152003444045
1169	49.70152003444045
1170	49.70152003444045
1171	3.904379847737676
1172	3.904379847737676
1173	3.904379847737676
1174	3.904379847737676
1175	3.904379847737676
1176	3.904379847737676
1177	0.1
1178	0.1
1179	0.1
1180	0.1
1181	0.1
1182	0.1
1183	46.077506976631895
1184	46.077506976631895
1185	46.077506976631895
1186	46.077506976631895
1187	46.077506976631895
1188	46.077506976631895
1189	29.404413678684783
1190	29.404413678684783
1191	29.404413678684783
1192	29.404413678684783
1193	29.404413678684783
1194	29.404413678684783
1195	23.894448516777377
1196	23.894448516777377
1197	23.894448516777377
1198	23.894448516777377
1199	23.894448516777377
1200	23.894448516777377
1201	38.04976674394507
1202	38.04976674394507
1203	38.04976674394507
1204	8.767184579806958
1205	8.767184579806958
1206	8.767184579806958
1207	8.767184579806958
1208	8.767184579806958
1209	8.767184579806958
1210	0.5344348930645708
1211	0.5344348930645708
1212	0.5344348930645708
1213	0.5344348930645708
1214	0.5344348930645708
1215	0.5344348930645708
1216	0.1
1217	0.1
1218	0.1
1219	0.1
1220	0.1
1221	0.1
1222	24.43477530635335
1223	24.43477530635335
1224	24.43477530635335
1225	24.43477530635335
1226	24.43477530635335
1227	24.43477530635335
1228	0.1
1229	0.1
1230	0.1
1231	0.1
1232	0.1
1233	0.1
1234	0.1
1235	0.1
1236	0.1
1237	0.1
1238	0.1
1239	0.1
1240	53.819776067468766
1241	53.819776067468766
1242	53.819776067468766
1243	53.819776067468766
1244	53.819776067468766
1245	53.819776067468766
1246	39.57510029857084
1247	39.57510029857084
1248	39.57510029857084
1249	39.57510029857084
1250	39.57510029857084
1251	39.57510029857084
1252	33.47583089334554
1253	33.47583089334554
1254	33.47583089334554
1255	33.47583089334554
1256	33.47583089334554
1257	33.47583089334554
1258	18.806574234250398
1259	18.806574234250398
1260	18.806574234250398
1261	18.806574234250398
1262	18.806574234250398
1263	18.806574234250398
1264	28.6270304709184
1265	28.6270304709184
1266	28.6270304709184
1267	28.6270304709184
1268	28.6270304709184
1269	28.6270304709184
1270	19.725641645775376
1271	19.725641645775376
1272	19.725641645775376
1273	19.725641645775376
1274	19.725641645775376
1275	19.725641645775376
1276	32.33190621534794
1277	32.33190621534794
1278	32.33190621534794
1279	32.33190621534794
1280	32.33190621534794
1281	32.33190621534794
1282	10.566906173986844
1283	10.566906173986844
1284	10.566906173986844
1285	10.566906173986844
1286	10.566906173986844
1287	10.566906173986844
1288	12.9568043706814
1289	12.9568043706814
1290	12.9568043706814
1291	12.9568043706814
1292	12.9568043706814
1293	12.9568043706814
1294	39.305017846403665
1295	39.305017846403665
1296	39.305017846403665
1297	39.305017846403665
1298	39.305017846403665
1299	39.305017846403665
1300	46.29041363679575
1301	46.29041363679575
1302	46.29041363679575
1303	46.29041363679575
1304	46.29041363679575
1305	46.29041363679575
1306	26.592036538610458
1307	26.592036538610458
1308	26.592036538610458
1309	26.592036538610458
1310	26.592036538610458
1311	26.592036538610458
1312	50.10945439813153
1313	50.10945439813153
1314	50.10945439813153
1315	50.10945439813153
1316	50.10945439813153
1317	50.10945439813153
1318	53.206258957174825
1319	53.206258957174825
1320	53.206258957174825
1321	53.206258957174825
1322	53.206258957174825
1323	53.206258957174825
1324	11.137827259720154
1325	11.137827259720154
1326	11.137827259720154
1327	11.137827259720154
1328	11.137827259720154
1329	11.137827259720154
1330	28.42224631640946
1331	28.42224631640946
1332	28.42224631640946
1333	8.090893140260413
1334	8.090893140260413
1335	0.7937645375894498
1336	0.7937645375894498
1337	0.7937645375894498
1338	0.7937645375894498
1339	0.7937645375894498
1340	0.7937645375894498
1341	82.49506883088198
1342	82.49506883088198
1343	82.49506883088198
1344	82.49506883088198
1345	82.49506883088198
1346	82.49506883088198
1347	31.22479021321946
1348	31.22479021321946
1349	31.22479021321946
1350	31.22479021321946
1351	31.22479021321946
1352	31.22479021321946
1353	18.8945261553959
1354	18.8945261553959
1355	18.8945261553959
1356	18.8945261553959
1357	18.8945261553959
1358	18.8945261553959
1359	23.83466299296715
1360	23.83466299296715
1361	23.83466299296715
1362	43.88053424594335
1363	43.88053424594335
1364	43.88053424594335
1365	43.88053424594335
1366	43.88053424594335
1367	8.51501501223079
1368	8.51501501223079
1369	8.51501501223079
1370	8.51501501223079
1371	8.51501501223079
1372	8.51501501223079
1373	11.317659119320563
1374	11.317659119320563
1375	11.317659119320563
1376	11.317659119320563
1377	11.317659119320563
1378	11.317659119320563
1379	20.813657869875712
1380	20.813657869875712
1381	20.813657869875712
1382	20.813657869875712
1383	20.813657869875712
1384	20.813657869875712
1385	5.423367274213316
1386	5.423367274213316
1387	5.423367274213316
1388	5.423367274213316
1389	5.423367274213316
1390	5.423367274213316
1391	32.41669365678476
1392	32.41669365678476
1393	32.41669365678476
1394	32.41669365678476
1395	32.41669365678476
1396	32.41669365678476
1397	0.1
1398	0.1
1399	0.1
1400	0.1
1401	0.1
1402	0.1
1403	13.035888748693164
1404	13.035888748693164
1405	13.035888748693164
1406	30.51814572633678
1407	30.51814572633678
1408	30.51814572633678
1409	30.51814572633678
1410	30.51814572633678
1411	30.51814572633678
1412	48.856604199518216
1413	48.856604199518216
1414	48.856604199518216
1415	48.856604199518216
1416	48.856604199518216
1417	48.856604199518216
1418	33.51672319013839
1419	33.51672319013839
1420	33.51672319013839
1421	33.51672319013839
1422	33.51672319013839
1423	33.51672319013839
1424	13.059565723811811
1425	13.059565723811811
1426	13.059565723811811
1427	13.059565723811811
1428	13.059565723811811
1429	13.059565723811811
1430	56.70957131279893
1431	56.70957131279893
1432	56.70957131279893
1433	56.70957131279893
1434	56.70957131279893
1435	56.70957131279893
1436	58.91980457988884
1437	58.91980457988884
1438	58.91980457988884
1439	58.91980457988884
1440	58.91980457988884
1441	58.91980457988884
1442	82.66557727935164
1443	82.66557727935164
1444	82.66557727935164
1445	82.66557727935164
1446	82.66557727935164
1447	82.66557727935164
1448	11.495179249887443
1449	11.495179249887443
1450	11.495179249887443
1451	11.495179249887443
1452	11.495179249887443
1453	11.495179249887443
1454	42.40290813581617
1455	42.40290813581617
1456	42.40290813581617
1457	42.40290813581617
1458	42.40290813581617
1459	42.40290813581617
1460	75.79979444554108
1461	75.79979444554108
1462	75.79979444554108
1463	75.79979444554108
1464	75.79979444554108
1465	75.79979444554108
1466	44.09531796170263
1467	44.09531796170263
1468	44.09531796170263
1469	44.09531796170263
1470	44.09531796170263
1471	44.09531796170263
1472	67.41217784634087
1473	67.41217784634087
1474	67.41217784634087
1475	67.41217784634087
1476	67.41217784634087
1477	67.41217784634087
1478	17.13535906051884
1479	17.13535906051884
1480	17.13535906051884
1481	40.436880506637635
1482	40.436880506637635
1483	40.436880506637635
1484	40.436880506637635
1485	40.436880506637635
1486	40.436880506637635
1487	42.24158299319111
1488	42.24158299319111
1489	42.24158299319111
1490	42.24158299319111
1491	42.24158299319111
1492	42.24158299319111
1493	17.239443989701037
1494	17.239443989701037
1495	17.239443989701037
1496	17.239443989701037
1497	17.239443989701037
1498	17.239443989701037
1499	43.20503121386051
1500	43.20503121386051
1501	43.20503121386051
1502	43.20503121386051
1503	43.20503121386051
1504	43.20503121386051
1505	35.75852018056204
1506	35.75852018056204
1507	35.75852018056204
1508	35.75852018056204
1509	35.75852018056204
1510	35.75852018056204
1511	18.803438948606036
1512	18.803438948606036
1513	18.803438948606036
1514	18.803438948606036
1515	18.803438948606036
1516	18.803438948606036
1517	28.34187169885984
1518	28.34187169885984
1519	28.34187169885984
1520	28.34187169885984
1521	28.34187169885984
1522	28.34187169885984
1523	36.860335319976514
1524	36.860335319976514
1525	36.860335319976514
1526	36.860335319976514
1527	36.860335319976514
1528	36.860335319976514
1529	31.442621026206325
1530	31.442621026206325
1531	31.442621026206325
1532	31.442621026206325
1533	31.442621026206325
1534	31.442621026206325
1535	35.970287252961796
1536	35.970287252961796
1537	35.970287252961796
1538	35.970287252961796
1539	35.970287252961796
1540	35.970287252961796
1541	0.1
1542	0.1
1543	0.1
1544	0.1
1545	0.1
1546	5.60277047381755
1547	5.60277047381755
1548	5.60277047381755
1549	5.60277047381755
1550	5.60277047381755
1551	5.60277047381755
1552	67.34425976026833
1553	67.34425976026833
1554	67.34425976026833
1555	67.34425976026833
1556	43.82255843349584
1557	43.82255843349584
1558	43.82255843349584
1559	43.82255843349584
1560	43.82255843349584
1561	43.82255843349584
1562	38.20680510744579
1563	38.20680510744579
1564	38.20680510744579
1565	38.20680510744579
1566	38.20680510744579
1567	38.20680510744579
1568	24.632314085875514
1569	24.632314085875514
1570	24.632314085875514
1571	24.632314085875514
1572	24.632314085875514
1573	24.632314085875514
1574	9.305066006584944
1575	9.305066006584944
1576	9.305066006584944
1577	9.305066006584944
1578	9.305066006584944
1579	9.305066006584944
1580	12.771919170289227
1581	12.771919170289227
1582	12.771919170289227
1583	12.771919170289227
1584	12.771919170289227
1585	12.771919170289227
1586	10.785738557359071
1587	10.785738557359071
1588	10.785738557359071
1589	10.785738557359071
1590	10.785738557359071
1591	10.785738557359071
1592	0.1
1593	0.1
1594	0.1
1595	0.1
1596	0.1
1597	0.1
1598	13.683789104921196
1599	13.683789104921196
1600	13.683789104921196
1601	13.683789104921196
1602	13.683789104921196
1603	13.683789104921196
1604	27.402491008929765
1605	27.402491008929765
1606	27.402491008929765
1607	27.402491008929765
1608	27.402491008929765
1609	27.402491008929765
1610	36.02613645167177
1611	36.02613645167177
1612	36.02613645167177
1613	36.02613645167177
1614	36.02613645167177
1615	36.02613645167177
1616	30.952785054211397
1617	30.952785054211397
1618	30.952785054211397
1619	30.952785054211397
1620	30.952785054211397
1621	30.952785054211397
1622	42.06046544367722
1623	42.06046544367722
1624	42.06046544367722
1625	42.06046544367722
1626	42.06046544367722
1627	42.06046544367722
1628	23.378967365291253
1629	23.378967365291253
1630	23.378967365291253
1631	23.378967365291253
1632	23.378967365291253
1633	23.378967365291253
1634	73.3879139241561
1635	73.3879139241561
1636	73.3879139241561
1637	73.3879139241561
1638	73.3879139241561
1639	73.3879139241561
1640	21.484459972645503
1641	21.484459972645503
1642	21.484459972645503
1643	21.484459972645503
1644	21.484459972645503
1645	21.484459972645503
1646	47.02887978232748
1647	47.02887978232748
1648	47.02887978232748
1649	47.02887978232748
1650	47.02887978232748
1651	47.02887978232748
1652	27.83746298156856
1653	27.83746298156856
1654	27.83746298156856
1655	27.83746298156856
1656	10.100213476650548
1657	10.100213476650548
1658	10.100213476650548
1659	10.100213476650548
1660	10.100213476650548
1661	10.100213476650548
1662	0.1
1663	0.1
1664	0.1
1665	0.1
1666	0.1
1667	0.1
1668	44.49781861195414
1669	44.49781861195414
1670	44.49781861195414
1671	44.49781861195414
1672	44.49781861195414
1673	44.49781861195414
1674	16.618898965155083
1675	16.618898965155083
1676	16.618898965155083
1677	16.618898965155083
1678	16.618898965155083
1679	16.618898965155083
1680	43.75023519514692
1681	43.75023519514692
1682	43.75023519514692
1683	43.75023519514692
1684	43.75023519514692
1685	43.75023519514692
1686	67.17690013238774
1687	67.17690013238774
1688	67.17690013238774
1689	67.17690013238774
1690	67.17690013238774
1691	67.17690013238774
1692	14.673612264946136
1693	14.673612264946136
1694	14.673612264946136
1695	14.673612264946136
1696	14.673612264946136
1697	14.673612264946136
1698	48.259032364002756
1699	48.259032364002756
1700	48.259032364002756
1701	48.259032364002756
1702	48.259032364002756
1703	48.259032364002756
1704	63.73071795817138
1705	63.73071795817138
1706	63.73071795817138
1707	63.73071795817138
1708	63.73071795817138
1709	63.73071795817138
1710	26.32093218111347
1711	26.32093218111347
1712	26.32093218111347
1713	26.32093218111347
1714	26.32093218111347
1715	26.32093218111347
1716	20.41887772150797
1717	20.41887772150797
1718	20.41887772150797
1719	20.41887772150797
1720	20.41887772150797
1721	20.41887772150797
1722	0.9337189850892003
1723	0.9337189850892003
1724	0.9337189850892003
1725	0.9337189850892003
1726	0.9337189850892003
1727	0.9337189850892003
1728	38.82942687247203
1729	38.82942687247203
1730	49.444342519893496
1731	49.444342519893496
1732	49.444342519893496
