0	25.539303660885157
1	25.539303660885157
2	25.539303660885157
3	33.97979835612452
4	33.97979835612452
5	16.903516815791548
6	16.903516815791548
7	16.903516815791548
8	12.500288692781933
9	12.500288692781933
10	12.500288692781933
11	28.521732211522004
12	28.521732211522004
13	28.521732211522004
14	16.471098323345196
15	16.471098323345196
16	16.471098323345196
17	22.298137065055137
18	22.298137065055137
19	22.298137065055137
20	20.180133605425514
21	20.180133605425514
22	20.180133605425514
23	12.906470517816164
24	12.906470517816164
25	12.906470517816164
26	17.067133966532058
27	17.067133966532058
28	17.067133966532058
29	16.071860336734126
30	16.071860336734126
31	16.071860336734126
32	15.028014734861296
33	15.028014734861296
34	15.028014734861296
35	12.868102057461945
36	12.868102057461945
37	12.868102057461945
38	12.265457523773634
39	12.265457523773634
40	12.265457523773634
41	32.05247274035705
42	32.05247274035705
43	32.05247274035705
44	19.338994626625528
45	19.338994626625528
46	19.338994626625528
47	23.16545502083774
48	23.16545502083774
49	23.16545502083774
50	26.03310345847337
51	26.03310345847337
52	26.03310345847337
53	31.169156298754874
54	31.169156298754874
55	31.169156298754874
56	24.635967740002958
57	24.635967740002958
58	24.635967740002958
59	16.725457690257073
60	16.725457690257073
61	16.725457690257073
62	11.276095010559764
63	11.276095010559764
64	11.276095010559764
65	21.775302186746224
66	21.775302186746224
67	21.775302186746224
68	22.962241342102676
69	22.962241342102676
70	22.962241342102676
71	20.64541204983133
72	20.64541204983133
73	20.64541204983133
74	16.976343905580713
75	16.976343905580713
76	16.976343905580713
77	18.386533446282826
78	18.386533446282826
79	18.386533446282826
80	26.14064521930623
81	26.14064521930623
82	26.14064521930623
83	19.504478337846656
84	19.504478337846656
85	19.504478337846656
86	15.821974891676774
87	15.821974891676774
88	15.821974891676774
89	18.836999438738136
90	18.836999438738136
91	18.836999438738136
92	32.65334033277643
93	32.65334033277643
94	32.65334033277643
95	10.893484116289367
96	10.893484116289367
97	10.893484116289367
98	27.752623414174963
99	27.752623414174963
100	27.752623414174963
101	17.098445576488572
102	17.098445576488572
103	17.098445576488572
104	13.669747031856634
105	13.669747031856634
106	13.669747031856634
107	24.11611002580158
108	24.11611002580158
109	24.11611002580158
110	24.999188578207608
111	24.999188578207608
112	24.999188578207608
113	12.530170599383572
114	12.530170599383572
115	12.530170599383572
116	15.725585221189975
117	15.725585221189975
118	15.725585221189975
119	16.607940281410944
120	16.607940281410944
121	16.607940281410944
122	15.394613622235763
123	15.394613622235763
124	15.394613622235763
125	26.6944589934906
126	26.6944589934906
127	26.6944589934906
128	27.451652144036334
129	27.451652144036334
130	27.451652144036334
131	24.501647059443783
132	24.501647059443783
133	24.501647059443783
134	16.481533886438964
135	16.481533886438964
136	16.481533886438964
137	27.59118109535335
138	27.59118109535335
139	27.59118109535335
140	29.710795673089144
141	29.710795673089144
142	29.710795673089144
143	20.93293408013813
144	20.93293408013813
145	20.93293408013813
146	19.74857857354581
147	19.74857857354581
148	19.74857857354581
149	14.438570948423441
150	14.438570948423441
151	14.438570948423441
152	16.356887492618227
153	16.356887492618227
154	16.356887492618227
155	25.182482255279158
156	25.182482255279158
157	25.182482255279158
158	27.59170497339991
159	27.59170497339991
160	27.59170497339991
161	15.74550770516661
162	15.74550770516661
163	15.74550770516661
164	14.017763301109877
165	14.017763301109877
166	14.017763301109877
167	18.130539492441514
168	18.130539492441514
169	18.130539492441514
170	20.943290825973637
171	20.943290825973637
172	20.943290825973637
173	14.286527659509494
174	14.286527659509494
175	14.286527659509494
176	18.00263017912085
177	18.00263017912085
178	18.00263017912085
179	5.127348645133646
180	5.127348645133646
181	5.127348645133646
182	17.828800317798343
183	17.828800317798343
184	17.828800317798343
185	15.6300814425861
186	15.6300814425861
187	15.6300814425861
188	20.044939598959317
189	20.044939598959317
190	20.044939598959317
191	9.781864965516712
192	9.781864965516712
193	9.781864965516712
194	20.591509657607578
195	20.591509657607578
196	20.591509657607578
197	17.617938740268915
198	17.617938740268915
199	17.617938740268915
200	24.141129047652704
201	24.141129047652704
202	24.141129047652704
203	18.068105475642266
204	18.068105475642266
205	18.068105475642266
206	19.817332616753987
207	19.817332616753987
208	19.817332616753987
209	18.718595954176244
210	18.718595954176244
211	18.718595954176244
212	19.68550021757338
213	19.68550021757338
214	19.68550021757338
215	18.76179994981107
216	18.76179994981107
217	18.76179994981107
218	21.47077558503164
219	21.47077558503164
220	21.47077558503164
221	28.2998322114217
222	28.2998322114217
223	28.2998322114217
224	11.396576971623258
225	11.396576971623258
226	11.396576971623258
227	21.256784366537175
228	21.256784366537175
229	21.256784366537175
230	16.57929278892363
231	16.57929278892363
232	16.57929278892363
233	24.198395821446102
234	24.198395821446102
235	24.198395821446102
236	21.070382222389366
237	21.070382222389366
238	21.070382222389366
239	33.51001221807846
240	33.51001221807846
241	33.51001221807846
242	20.072854312200686
243	20.072854312200686
244	20.072854312200686
245	22.670792489047457
246	22.670792489047457
247	22.670792489047457
248	13.97399526630451
249	13.97399526630451
250	13.97399526630451
251	19.87652976459538
252	19.87652976459538
253	19.87652976459538
254	27.953579476929814
255	27.953579476929814
256	27.953579476929814
257	14.392516720800703
258	14.392516720800703
259	14.392516720800703
260	19.783314266819175
261	19.783314266819175
262	19.783314266819175
263	30.56765737953468
264	30.56765737953468
265	30.56765737953468
266	20.900819553094905
267	20.900819553094905
268	20.900819553094905
269	4.404124495740938
270	4.404124495740938
271	4.404124495740938
272	19.66410516365215
273	19.66410516365215
274	19.66410516365215
275	13.422007071683563
276	13.422007071683563
277	13.422007071683563
278	15.978381485912205
279	15.978381485912205
280	15.978381485912205
281	17.741416236469213
282	17.741416236469213
283	17.741416236469213
284	19.67882565618517
285	19.67882565618517
286	19.67882565618517
287	20.972521318520197
288	20.972521318520197
289	20.972521318520197
290	19.789521310552097
291	19.789521310552097
292	19.789521310552097
293	23.078961469516116
294	23.078961469516116
295	23.078961469516116
296	17.80424262503802
297	17.80424262503802
298	17.80424262503802
299	22.451888403481515
300	22.451888403481515
301	22.451888403481515
302	23.282454414630145
303	23.282454414630145
304	23.282454414630145
305	22.6139405701876
306	22.6139405701876
307	22.6139405701876
308	26.286415302024466
309	26.286415302024466
310	26.286415302024466
311	13.5222558920653
312	13.5222558920653
313	13.5222558920653
314	18.200477503864143
315	18.200477503864143
316	18.200477503864143
317	17.098533089734133
318	17.098533089734133
319	17.098533089734133
320	18.477119955062268
321	18.477119955062268
322	18.477119955062268
323	19.430528977966876
324	19.430528977966876
325	19.430528977966876
326	14.88377076864472
327	14.88377076864472
328	14.88377076864472
329	13.078593775359767
330	13.078593775359767
331	13.078593775359767
332	27.17824311745825
333	27.17824311745825
334	27.17824311745825
335	15.44682314044148
336	15.44682314044148
337	15.44682314044148
338	18.368647122975702
339	18.368647122975702
340	18.368647122975702
341	21.147151214408957
342	21.147151214408957
343	21.147151214408957
344	16.140416391796993
345	16.140416391796993
346	16.140416391796993
347	21.154384285576203
348	21.154384285576203
349	21.154384285576203
350	22.198465799406538
351	22.198465799406538
352	22.198465799406538
353	22.004254863537096
354	22.004254863537096
355	22.004254863537096
356	15.76221977287453
357	15.76221977287453
358	15.76221977287453
359	24.526629018664487
360	24.526629018664487
361	24.526629018664487
362	23.23982929203161
363	23.23982929203161
364	23.23982929203161
365	17.18109183108701
366	17.18109183108701
367	17.18109183108701
368	23.972948968392267
369	23.972948968392267
370	23.972948968392267
371	15.9836963664807
372	15.9836963664807
373	15.9836963664807
374	20.139858254749075
375	20.139858254749075
376	20.139858254749075
377	6.8153364176194735
378	6.8153364176194735
379	6.8153364176194735
380	20.15241325087461
381	20.15241325087461
382	20.15241325087461
383	27.09696683254429
384	27.09696683254429
385	27.09696683254429
386	29.68207230422871
387	29.68207230422871
388	29.68207230422871
389	25.096415269850823
390	25.096415269850823
391	25.096415269850823
392	18.663080076560135
393	18.663080076560135
394	18.663080076560135
395	24.34744908457966
396	24.34744908457966
397	24.34744908457966
398	26.123462568428504
399	26.123462568428504
400	26.123462568428504
401	26.094244085675438
402	26.094244085675438
403	26.094244085675438
404	27.21694804767443
405	27.21694804767443
406	27.21694804767443
407	14.911484194594996
408	14.911484194594996
409	14.911484194594996
410	25.399011697549742
411	25.399011697549742
412	25.399011697549742
413	19.79133541205313
414	19.79133541205313
415	19.79133541205313
416	20.370615517324854
417	20.370615517324854
418	20.370615517324854
419	20.547274709461753
420	20.547274709461753
421	20.547274709461753
422	11.720132088398591
423	11.720132088398591
424	11.720132088398591
425	19.529244675700216
426	19.529244675700216
427	19.529244675700216
428	15.399827773733396
429	15.399827773733396
430	15.399827773733396
431	6.115976605503651
432	6.115976605503651
433	6.115976605503651
434	18.362360405359084
435	18.362360405359084
436	18.362360405359084
437	22.111783147571632
438	22.111783147571632
439	22.111783147571632
440	17.68873500946964
441	17.68873500946964
442	17.68873500946964
443	20.06171396583061
444	20.06171396583061
445	20.06171396583061
446	11.58320377679938
447	11.58320377679938
448	11.58320377679938
449	19.929079296317877
450	19.929079296317877
451	19.929079296317877
452	14.650507366616587
453	14.650507366616587
454	14.650507366616587
455	22.698868136755877
456	22.698868136755877
457	22.698868136755877
458	20.39750584115317
459	20.39750584115317
460	20.39750584115317
461	17.274647310337365
462	17.274647310337365
463	17.274647310337365
464	30.336928147019137
465	30.336928147019137
466	30.336928147019137
467	20.086848150915117
468	20.086848150915117
469	20.086848150915117
470	16.293556066025534
471	16.293556066025534
472	16.293556066025534
473	23.608806072441617
474	23.608806072441617
475	23.608806072441617
476	16.332041198112936
477	16.332041198112936
478	16.332041198112936
479	20.37572539509354
480	20.37572539509354
481	20.37572539509354
482	10.316905734733579
483	10.316905734733579
484	10.316905734733579
485	26.152465217719747
486	18.465990026682736
487	18.465990026682736
488	18.465990026682736
489	16.61909256169918
490	16.61909256169918
491	16.61909256169918
492	19.78704550367102
493	19.78704550367102
494	19.78704550367102
495	14.65618210924527
496	14.65618210924527
497	14.65618210924527
498	18.321574655541433
499	18.321574655541433
500	18.321574655541433
501	23.29097791105742
502	23.29097791105742
503	23.29097791105742
504	17.119531368050584
505	17.119531368050584
506	17.119531368050584
507	14.437678100476617
508	14.437678100476617
509	14.437678100476617
510	17.227647936449728
511	17.227647936449728
512	17.227647936449728
513	22.249153707960414
514	22.249153707960414
515	22.249153707960414
516	17.187796730247157
517	17.187796730247157
518	17.187796730247157
519	9.456670799709666
520	9.456670799709666
521	9.456670799709666
522	22.161170892411498
523	22.161170892411498
524	22.161170892411498
525	17.442713850076398
526	17.442713850076398
527	17.442713850076398
528	16.65000907515914
529	16.65000907515914
530	16.65000907515914
531	21.86666705962398
532	21.86666705962398
533	21.86666705962398
534	21.781778986397587
535	21.781778986397587
536	21.781778986397587
537	18.7381587358715
538	18.7381587358715
539	18.7381587358715
540	21.726078032067008
541	21.726078032067008
542	21.726078032067008
543	12.746097522537875
544	12.746097522537875
545	12.746097522537875
546	22.833461989920394
547	22.833461989920394
548	22.833461989920394
549	19.69065035219964
550	19.69065035219964
551	19.69065035219964
552	13.704309291112924
553	13.704309291112924
554	13.704309291112924
555	14.774568230524995
556	14.774568230524995
557	14.774568230524995
558	15.615767856848477
559	15.615767856848477
560	15.615767856848477
561	19.03209118005334
562	19.03209118005334
563	19.03209118005334
564	14.514510876806703
565	14.514510876806703
566	14.514510876806703
567	14.526537858449423
568	14.526537858449423
569	14.526537858449423
570	14.770037413016265
571	14.770037413016265
572	14.770037413016265
573	18.398374930295095
574	18.398374930295095
575	18.398374930295095
576	14.85389336215531
577	14.85389336215531
578	14.85389336215531
579	15.423295787141647
580	15.423295787141647
581	15.423295787141647
582	12.837481376655944
583	12.837481376655944
584	12.837481376655944
585	10.685908084715802
586	10.685908084715802
587	10.685908084715802
588	16.358261873929486
589	16.358261873929486
590	16.358261873929486
591	24.56172788233313
592	24.56172788233313
593	24.56172788233313
594	13.932414586361528
595	13.932414586361528
596	13.932414586361528
597	12.036687244210661
598	12.036687244210661
599	12.036687244210661
600	20.666474776087316
601	20.666474776087316
602	20.666474776087316
603	17.637771793579788
604	17.637771793579788
605	17.637771793579788
606	9.839413973217326
607	9.839413973217326
608	9.839413973217326
609	11.977119216224526
610	11.977119216224526
611	11.977119216224526
612	11.040225703305602
613	11.040225703305602
614	11.040225703305602
615	19.25445768274796
616	19.25445768274796
617	19.25445768274796
618	16.461668507232886
619	16.461668507232886
620	16.461668507232886
621	19.079376840883004
622	19.079376840883004
623	19.079376840883004
624	17.975113770004643
625	17.975113770004643
626	17.975113770004643
627	31.558621758364477
628	31.558621758364477
629	31.558621758364477
630	16.727934311474264
631	16.727934311474264
632	16.727934311474264
633	14.82089975870785
634	14.82089975870785
635	14.82089975870785
636	23.042461062738482
637	23.042461062738482
638	23.042461062738482
639	12.94883854568921
640	12.94883854568921
641	12.94883854568921
642	7.529401097538436
643	7.529401097538436
644	7.529401097538436
645	11.473881082929097
646	11.473881082929097
647	11.473881082929097
648	23.55703405357655
649	23.55703405357655
650	23.55703405357655
651	17.457566918390103
652	17.457566918390103
653	17.457566918390103
654	18.11371581545449
655	18.11371581545449
656	18.11371581545449
657	12.350996207009786
658	12.350996207009786
659	12.350996207009786
660	21.383328783927826
661	21.383328783927826
662	21.383328783927826
663	22.81656495590704
664	22.81656495590704
665	22.81656495590704
666	18.358190996466956
667	18.358190996466956
668	18.358190996466956
669	8.302554896195621
670	8.302554896195621
671	8.302554896195621
672	10.317170132069286
673	10.317170132069286
674	10.317170132069286
675	12.38822025799654
676	12.38822025799654
677	12.38822025799654
678	12.054467787992708
679	12.054467787992708
680	12.054467787992708
681	22.846484210373614
682	22.846484210373614
683	22.846484210373614
684	17.33832461716763
685	17.33832461716763
686	17.33832461716763
687	15.641205664870864
688	15.641205664870864
689	15.641205664870864
690	21.542934452546145
691	21.542934452546145
692	21.542934452546145
693	16.46812387955247
694	16.46812387955247
695	16.46812387955247
696	15.104398868842997
697	15.104398868842997
698	15.104398868842997
699	16.092544955500784
700	16.092544955500784
701	16.092544955500784
702	17.132098763731523
703	17.132098763731523
704	17.132098763731523
705	17.266601014977528
706	17.266601014977528
707	17.266601014977528
708	13.534579219574132
709	13.534579219574132
710	13.534579219574132
711	16.128020016862138
712	16.128020016862138
713	16.128020016862138
714	26.276599846659984
715	26.276599846659984
716	26.276599846659984
717	18.904712882874076
718	18.904712882874076
719	18.904712882874076
720	18.88649765123056
721	18.88649765123056
722	18.88649765123056
723	17.10002559356203
724	17.10002559356203
725	17.10002559356203
726	13.61720142823791
727	13.61720142823791
728	13.61720142823791
729	16.337202220114513
730	16.337202220114513
731	16.337202220114513
732	26.399025847181044
733	26.399025847181044
734	26.399025847181044
735	13.747036425265055
736	13.747036425265055
737	13.747036425265055
738	19.831163436222347
739	19.831163436222347
740	19.831163436222347
741	17.4600425854641
742	17.4600425854641
743	17.4600425854641
744	16.337794212316428
745	16.337794212316428
746	16.337794212316428
747	11.210734742218506
748	11.210734742218506
749	11.210734742218506
750	14.721801976959785
751	14.721801976959785
752	14.721801976959785
753	15.214331666451919
754	15.214331666451919
755	15.214331666451919
756	13.610048247669098
757	13.610048247669098
758	13.610048247669098
759	17.709155352646366
760	17.709155352646366
761	17.709155352646366
762	16.5980319027448
763	16.5980319027448
764	16.5980319027448
765	17.94569783003712
766	17.94569783003712
767	17.94569783003712
768	15.948313498410078
769	15.948313498410078
770	15.948313498410078
771	18.718287292669523
772	18.718287292669523
773	18.718287292669523
774	17.870380660991238
775	17.870380660991238
776	17.870380660991238
777	23.62763969732487
778	23.62763969732487
779	23.62763969732487
780	16.753200071068317
781	16.753200071068317
782	16.753200071068317
783	9.728168129901878
784	9.728168129901878
785	9.728168129901878
786	17.273711725645573
787	17.273711725645573
788	17.273711725645573
789	16.116820392194658
790	16.116820392194658
791	16.116820392194658
792	20.264915583969678
793	20.264915583969678
794	20.264915583969678
795	19.07552522597834
796	19.07552522597834
797	19.07552522597834
798	18.61753204584313
799	18.61753204584313
800	18.61753204584313
801	14.899611532439092
802	14.899611532439092
803	14.899611532439092
804	14.809959127740493
805	14.809959127740493
806	14.809959127740493
807	24.50898160955903
808	24.50898160955903
809	24.50898160955903
810	18.428691013711642
811	18.428691013711642
812	18.428691013711642
813	8.541172489175365
814	8.541172489175365
815	8.541172489175365
816	17.529067388946117
817	17.529067388946117
818	17.529067388946117
819	14.487252550170792
820	14.487252550170792
821	14.487252550170792
822	11.683314541985522
823	11.683314541985522
824	11.683314541985522
825	4.521618742268528
826	4.521618742268528
827	4.521618742268528
828	21.857164320461116
829	21.857164320461116
830	21.857164320461116
831	22.016417101788704
832	22.016417101788704
833	22.016417101788704
834	19.005414547832462
835	19.005414547832462
836	19.005414547832462
837	9.105549361036967
838	9.105549361036967
839	9.105549361036967
840	16.11400055061189
841	16.11400055061189
842	16.11400055061189
843	11.827351812089672
844	11.827351812089672
845	11.827351812089672
846	17.314236547258933
847	17.314236547258933
848	17.314236547258933
849	26.635647475585465
850	26.635647475585465
851	26.635647475585465
852	18.348694838988187
853	18.348694838988187
854	18.348694838988187
855	7.274191511391551
856	7.274191511391551
857	7.274191511391551
858	14.496327734330837
859	14.496327734330837
860	14.496327734330837
861	19.408592606981625
862	19.408592606981625
863	19.408592606981625
864	13.421820331645282
865	13.421820331645282
866	13.421820331645282
867	21.352705093207078
868	21.352705093207078
869	21.352705093207078
870	17.66190135161488
871	17.66190135161488
872	17.66190135161488
873	13.621271995406135
874	13.621271995406135
875	13.621271995406135
876	4.7223739972027285
877	4.7223739972027285
878	4.7223739972027285
879	21.05835340056314
880	21.05835340056314
881	21.05835340056314
882	18.72116171130051
883	18.72116171130051
884	18.72116171130051
885	22.8683046507899
886	22.8683046507899
887	22.8683046507899
888	24.036897569160296
889	24.036897569160296
890	24.036897569160296
891	14.546920483003678
892	14.546920483003678
893	14.546920483003678
894	16.881020723131204
895	16.881020723131204
896	16.881020723131204
897	21.17086667125823
898	21.17086667125823
899	21.17086667125823
900	19.151250128230885
901	19.151250128230885
902	19.151250128230885
903	18.71551959316161
904	18.71551959316161
905	18.71551959316161
906	13.614640504678086
907	13.614640504678086
908	13.614640504678086
909	19.693883688483314
910	19.693883688483314
911	19.693883688483314
912	20.877002871774565
913	20.877002871774565
914	20.877002871774565
915	14.902784607690792
916	14.902784607690792
917	26.69725319140025
918	26.69725319140025
919	26.69725319140025
920	25.053010150160464
921	25.053010150160464
922	25.053010150160464
923	34.53310153201937
924	34.53310153201937
925	34.53310153201937
926	42.727178743238056
927	42.727178743238056
928	42.727178743238056
929	34.14725366997031
930	34.14725366997031
931	34.14725366997031
932	20.24368750673881
933	20.24368750673881
934	20.24368750673881
935	35.27083669836655
936	35.27083669836655
937	35.27083669836655
938	25.36786228008125
939	25.36786228008125
940	25.36786228008125
941	15.928329315596384
942	15.928329315596384
943	15.928329315596384
944	36.376624334437864
945	36.376624334437864
946	36.376624334437864
947	31.490958647690046
948	31.490958647690046
949	31.490958647690046
950	35.90359560996069
951	35.90359560996069
952	35.90359560996069
953	44.15190887432748
954	44.15190887432748
955	44.15190887432748
956	37.94909323949267
957	37.94909323949267
958	37.94909323949267
959	25.70397499337741
960	25.70397499337741
961	25.70397499337741
962	33.244481362030015
963	33.244481362030015
964	33.244481362030015
965	30.888030161873818
966	30.888030161873818
967	30.888030161873818
968	33.37878784379859
969	33.37878784379859
970	33.37878784379859
971	32.09813039512783
972	32.09813039512783
973	32.09813039512783
974	41.096593263276176
975	41.096593263276176
976	41.096593263276176
977	28.154509784097492
978	28.154509784097492
979	28.154509784097492
980	23.70872100452254
981	23.70872100452254
982	23.70872100452254
983	26.043161393657236
984	26.043161393657236
985	26.043161393657236
986	32.616939833658115
987	32.616939833658115
988	32.616939833658115
989	39.684542640445805
990	39.684542640445805
991	39.684542640445805
992	30.34961006737413
993	30.34961006737413
994	30.34961006737413
995	32.76534407755152
996	32.76534407755152
997	32.76534407755152
998	24.475804784156285
999	24.475804784156285
1000	24.475804784156285
1001	34.75682883894094
1002	34.75682883894094
1003	34.75682883894094
1004	29.55703239588251
1005	29.55703239588251
1006	29.55703239588251
1007	27.638703474901128
1008	27.638703474901128
1009	27.638703474901128
1010	34.62285901320432
1011	34.62285901320432
1012	34.62285901320432
1013	30.12168211216185
1014	30.12168211216185
1015	30.12168211216185
1016	25.94763869600558
1017	25.94763869600558
1018	25.94763869600558
1019	35.45245671244635
1020	35.45245671244635
1021	35.45245671244635
1022	33.4510442278161
1023	33.4510442278161
1024	33.4510442278161
1025	30.020071280762323
1026	30.020071280762323
1027	30.020071280762323
1028	35.11800248892301
1029	35.11800248892301
1030	35.11800248892301
1031	47.80434183795081
1032	47.80434183795081
1033	47.80434183795081
1034	40.29703601874882
1035	40.29703601874882
1036	40.29703601874882
1037	41.92310607254665
1038	41.92310607254665
1039	41.92310607254665
1040	31.82366324186939
1041	31.82366324186939
1042	31.82366324186939
1043	37.40477638719593
1044	37.40477638719593
1045	37.40477638719593
1046	30.25568374652553
1047	30.25568374652553
1048	30.25568374652553
1049	36.582188217885054
1050	36.582188217885054
1051	36.582188217885054
1052	38.3574472272494
1053	38.3574472272494
1054	38.3574472272494
1055	25.483786047947273
1056	25.483786047947273
1057	25.483786047947273
1058	32.750322499039
1059	32.750322499039
1060	32.750322499039
1061	19.85992254146519
1062	19.85992254146519
1063	19.85992254146519
1064	27.140881447106345
1065	27.140881447106345
1066	27.140881447106345
1067	34.30838386605904
1068	34.30838386605904
1069	34.30838386605904
1070	13.343953465066242
1071	13.343953465066242
1072	13.343953465066242
1073	33.42459431955013
1074	33.42459431955013
1075	33.42459431955013
1076	19.892927821962914
1077	19.892927821962914
1078	19.892927821962914
1079	27.319933737590137
1080	27.319933737590137
1081	27.319933737590137
1082	26.64776763480405
1083	26.64776763480405
1084	26.64776763480405
1085	26.362101570241315
1086	26.362101570241315
1087	26.362101570241315
1088	38.22515332478465
1089	38.22515332478465
1090	38.22515332478465
1091	25.747935455087624
1092	25.747935455087624
1093	25.747935455087624
1094	28.95896208847543
1095	25.535634925624613
1096	25.535634925624613
1097	25.535634925624613
1098	35.81501757294478
1099	35.81501757294478
1100	35.81501757294478
1101	24.255767523386936
1102	24.255767523386936
1103	24.255767523386936
1104	23.791276606222794
1105	23.791276606222794
1106	23.791276606222794
1107	50.62513141184796
1108	50.62513141184796
1109	50.62513141184796
1110	34.997281276676475
1111	34.997281276676475
1112	34.997281276676475
1113	27.861976277660354
1114	27.861976277660354
1115	27.861976277660354
1116	29.697535699614946
1117	29.697535699614946
1118	29.697535699614946
1119	47.14388313758424
1120	47.14388313758424
1121	47.14388313758424
1122	27.496942984039954
1123	27.496942984039954
1124	27.496942984039954
1125	31.82686389033811
1126	31.82686389033811
1127	31.82686389033811
1128	14.414260614032639
1129	14.414260614032639
1130	14.414260614032639
1131	39.129777664682734
1132	39.129777664682734
1133	39.129777664682734
1134	35.52853767681744
1135	35.52853767681744
1136	35.52853767681744
1137	31.603727230537906
1138	31.603727230537906
1139	31.603727230537906
1140	30.915636410467542
1141	30.915636410467542
1142	30.915636410467542
1143	45.798809058721346
1144	45.798809058721346
1145	45.798809058721346
1146	25.726499038451255
1147	25.726499038451255
1148	25.726499038451255
1149	38.11818939976068
1150	38.11818939976068
1151	38.11818939976068
1152	29.310551864447472
1153	29.310551864447472
1154	29.310551864447472
1155	29.970914083306486
1156	29.970914083306486
1157	29.970914083306486
1158	28.036835671379755
1159	28.036835671379755
1160	28.036835671379755
1161	17.962625863315033
1162	17.962625863315033
1163	17.962625863315033
1164	43.65996577820425
1165	43.65996577820425
1166	43.65996577820425
1167	40.96958592679468
1168	40.96958592679468
1169	40.96958592679468
1170	27.591780070527243
1171	27.591780070527243
1172	27.591780070527243
1173	39.706569555387674
1174	39.706569555387674
1175	39.706569555387674
1176	40.054667663553325
1177	40.054667663553325
1178	40.054667663553325
1179	29.274258830600075
1180	29.274258830600075
1181	29.274258830600075
1182	4.803806908490529
1183	4.803806908490529
1184	4.803806908490529
1185	29.566750129455578
1186	29.566750129455578
1187	29.566750129455578
1188	25.102658891496382
1189	25.102658891496382
1190	25.102658891496382
1191	34.731460394232535
1192	34.731460394232535
1193	34.731460394232535
1194	36.52376851726379
1195	36.52376851726379
1196	36.52376851726379
1197	28.99722877223976
1198	28.99722877223976
1199	28.99722877223976
1200	30.973844771877438
1201	30.973844771877438
1202	30.973844771877438
1203	34.54055573875641
1204	34.54055573875641
1205	34.54055573875641
1206	19.550386251072574
1207	19.550386251072574
1208	19.550386251072574
1209	35.94707089496006
1210	35.94707089496006
1211	35.94707089496006
1212	34.83059983743589
1213	34.83059983743589
1214	34.83059983743589
1215	25.112695367249597
1216	25.112695367249597
1217	25.112695367249597
1218	30.820554775067208
1219	30.820554775067208
1220	30.820554775067208
1221	22.551191163385866
1222	22.551191163385866
1223	22.551191163385866
1224	29.38907491218335
1225	29.38907491218335
1226	29.38907491218335
1227	37.390727739429806
1228	37.390727739429806
1229	37.390727739429806
1230	31.753032194819724
1231	31.753032194819724
1232	31.753032194819724
1233	17.739752566639503
1234	17.739752566639503
1235	17.739752566639503
1236	26.68503122453699
1237	26.68503122453699
1238	26.68503122453699
1239	24.672166002915276
1240	24.672166002915276
1241	24.672166002915276
1242	18.801558873164634
1243	18.801558873164634
1244	18.801558873164634
1245	37.62124178132226
1246	37.62124178132226
1247	37.62124178132226
1248	26.89499137064401
1249	26.89499137064401
1250	26.89499137064401
1251	19.958929539370352
1252	19.958929539370352
1253	19.958929539370352
1254	19.128332101822014
1255	19.128332101822014
1256	19.128332101822014
1257	31.474059104230427
1258	31.474059104230427
1259	31.474059104230427
1260	33.98425602004337
1261	33.98425602004337
1262	33.98425602004337
1263	25.915577479507775
1264	25.915577479507775
1265	25.915577479507775
1266	34.0240848982063
1267	34.0240848982063
1268	34.0240848982063
1269	16.25670164807542
1270	16.25670164807542
1271	16.25670164807542
1272	29.12206234430119
1273	29.12206234430119
1274	29.12206234430119
1275	20.815946574932358
1276	20.815946574932358
1277	20.815946574932358
1278	23.650856069288096
1279	23.650856069288096
1280	23.650856069288096
1281	32.274567261100856
1282	32.274567261100856
1283	32.274567261100856
1284	23.321196038704958
1285	23.321196038704958
1286	23.321196038704958
1287	22.33133530596586
1288	22.33133530596586
1289	22.33133530596586
1290	27.682794974678593
1291	27.682794974678593
1292	27.682794974678593
1293	24.28962869565889
1294	24.28962869565889
1295	24.28962869565889
1296	18.706847494605363
1297	18.706847494605363
1298	18.706847494605363
1299	30.868084638077733
1300	30.868084638077733
1301	30.868084638077733
1302	37.6494963482458
1303	37.6494963482458
1304	37.6494963482458
1305	29.50412610062215
1306	29.50412610062215
1307	29.50412610062215
1308	32.18507320502665
1309	32.18507320502665
1310	32.18507320502665
1311	15.336920793741632
1312	15.336920793741632
1313	15.336920793741632
1314	35.242860329263266
1315	35.242860329263266
1316	35.242860329263266
1317	29.24030577982936
1318	29.24030577982936
1319	29.24030577982936
1320	18.98735811518207
1321	18.98735811518207
1322	18.98735811518207
1323	12.344945083630746
1324	12.344945083630746
1325	12.344945083630746
1326	26.57213580394235
1327	26.57213580394235
1328	26.57213580394235
1329	23.948107791523586
1330	23.948107791523586
1331	23.948107791523586
1332	23.84970740968813
1333	23.84970740968813
1334	23.84970740968813
1335	31.38075869110475
1336	31.38075869110475
1337	31.38075869110475
1338	20.146387107031373
1339	20.146387107031373
1340	20.146387107031373
1341	21.55743649571533
1342	21.55743649571533
1343	21.55743649571533
1344	25.87887504400648
1345	25.87887504400648
1346	25.87887504400648
1347	36.69041848649495
1348	36.69041848649495
1349	36.69041848649495
1350	44.99205114512164
1351	44.99205114512164
1352	44.99205114512164
1353	36.61785175093375
1354	36.61785175093375
1355	36.61785175093375
1356	27.02193715235966
1357	27.02193715235966
1358	27.02193715235966
1359	18.979336828686534
1360	18.979336828686534
1361	18.979336828686534
1362	18.3281566335856
1363	18.3281566335856
1364	18.3281566335856
1365	25.666223963343366
1366	25.666223963343366
1367	25.666223963343366
1368	34.615464636046454
1369	34.615464636046454
1370	34.615464636046454
1371	31.345872492938398
1372	31.345872492938398
1373	31.345872492938398
1374	25.22707686854642
1375	25.22707686854642
1376	25.22707686854642
1377	29.208505618417334
1378	29.208505618417334
1379	29.208505618417334
1380	24.958671802697353
1381	24.958671802697353
1382	24.958671802697353
1383	27.03560335824309
1384	27.03560335824309
1385	27.03560335824309
1386	32.50928716893373
1387	32.50928716893373
1388	32.50928716893373
1389	29.170012349193172
1390	29.170012349193172
1391	29.170012349193172
1392	33.32069156143068
1393	33.32069156143068
1394	33.32069156143068
1395	17.424988155433596
1396	17.424988155433596
1397	17.424988155433596
1398	11.454097027933177
1399	11.454097027933177
1400	11.454097027933177
1401	28.584775552970953
1402	28.584775552970953
1403	28.584775552970953
1404	39.70081193756131
1405	39.70081193756131
1406	39.70081193756131
1407	29.493937630605355
1408	29.493937630605355
1409	29.493937630605355
1410	19.970867469153873
1411	19.970867469153873
1412	19.970867469153873
1413	23.67718263863144
1414	23.67718263863144
1415	23.67718263863144
1416	37.731191255370625
1417	37.731191255370625
1418	37.731191255370625
1419	25.990218460884694
1420	25.990218460884694
1421	25.990218460884694
1422	28.84490940076668
1423	28.84490940076668
1424	28.84490940076668
1425	35.583649311944356
1426	35.583649311944356
1427	35.583649311944356
1428	25.856526557720205
1429	25.856526557720205
1430	25.856526557720205
1431	22.851561289128803
1432	22.851561289128803
1433	22.851561289128803
1434	18.4249741552613
1435	18.4249741552613
1436	18.4249741552613
1437	24.976531781346186
1438	24.976531781346186
1439	24.976531781346186
1440	17.520965170328296
1441	17.520965170328296
1442	17.520965170328296
1443	21.877275806397382
1444	21.877275806397382
1445	21.877275806397382
1446	18.5212006529654
1447	18.5212006529654
1448	18.5212006529654
1449	23.260412810982746
1450	23.260412810982746
1451	23.260412810982746
1452	22.973787740146847
1453	22.973787740146847
1454	22.973787740146847
1455	37.28254857703747
1456	37.28254857703747
1457	37.28254857703747
1458	31.720618743302648
1459	31.720618743302648
1460	31.720618743302648
1461	39.36377052099263
1462	39.36377052099263
1463	39.36377052099263
1464	23.835041965890124
1465	23.835041965890124
1466	23.835041965890124
1467	43.21600094849691
1468	43.21600094849691
1469	43.21600094849691
1470	41.166632060691015
1471	41.166632060691015
1472	41.166632060691015
1473	28.98181871563485
1474	28.98181871563485
1475	28.98181871563485
1476	28.63281914297326
1477	28.63281914297326
1478	28.63281914297326
1479	10.237413692581644
1480	10.237413692581644
1481	10.237413692581644
1482	31.630453377295353
1483	31.630453377295353
1484	31.630453377295353
1485	28.976663354621827
1486	28.976663354621827
1487	28.976663354621827
1488	21.802825373797972
1489	21.802825373797972
1490	21.802825373797972
1491	25.251094568253123
1492	25.251094568253123
1493	25.251094568253123
1494	23.208095924657894
1495	23.208095924657894
1496	23.208095924657894
1497	38.55186582025853
1498	38.55186582025853
1499	38.55186582025853
1500	33.8934966206334
1501	33.8934966206334
1502	33.8934966206334
1503	31.081116915605016
1504	31.081116915605016
1505	31.081116915605016
1506	42.17454887780928
1507	42.17454887780928
1508	42.17454887780928
1509	19.11926812605111
1510	19.11926812605111
1511	19.11926812605111
1512	24.22475775581577
1513	24.22475775581577
1514	24.22475775581577
1515	36.74371744943875
1516	36.74371744943875
1517	36.74371744943875
1518	26.79271712616155
1519	26.79271712616155
1520	26.79271712616155
1521	27.602853175085258
1522	27.602853175085258
1523	27.602853175085258
1524	56.47884636308001
1525	56.47884636308001
1526	56.47884636308001
1527	35.9158907980518
1528	35.9158907980518
1529	35.9158907980518
1530	26.015405076487713
1531	26.015405076487713
1532	26.015405076487713
1533	25.80595073490547
1534	25.80595073490547
1535	25.80595073490547
1536	32.862865991945654
1537	32.862865991945654
1538	32.862865991945654
1539	22.52048143263856
1540	22.52048143263856
1541	22.52048143263856
1542	26.688493056301944
1543	26.688493056301944
1544	26.688493056301944
1545	19.53836878244812
1546	19.53836878244812
1547	19.53836878244812
1548	24.82033985950477
1549	24.82033985950477
1550	24.82033985950477
1551	9.927199380442538
1552	9.927199380442538
1553	9.927199380442538
1554	33.85197909487923
1555	33.85197909487923
1556	33.85197909487923
1557	30.227465017306553
1558	30.227465017306553
1559	30.227465017306553
1560	32.86574173299046
1561	32.86574173299046
1562	32.86574173299046
1563	39.026447133517664
1564	39.026447133517664
1565	39.026447133517664
1566	21.721035176582703
1567	21.721035176582703
1568	21.721035176582703
1569	24.976019315418913
1570	24.976019315418913
1571	24.976019315418913
1572	26.80730572414118
1573	26.80730572414118
1574	26.80730572414118
1575	28.171427527950232
1576	28.171427527950232
1577	28.171427527950232
1578	39.113729144487934
1579	39.113729144487934
1580	39.113729144487934
1581	14.92520380217763
1582	14.92520380217763
1583	14.92520380217763
1584	26.91711264663691
1585	26.91711264663691
1586	26.91711264663691
1587	29.392519442469787
1588	29.392519442469787
1589	29.392519442469787
1590	29.095636253374135
1591	29.095636253374135
1592	29.095636253374135
1593	25.939541584678043
1594	25.939541584678043
1595	25.939541584678043
1596	24.30911842701684
1597	24.30911842701684
1598	24.30911842701684
1599	23.39372411626413
1600	23.39372411626413
1601	23.39372411626413
1602	20.21164126325506
1603	20.21164126325506
1604	20.21164126325506
1605	17.978380808153776
1606	17.978380808153776
1607	17.978380808153776
1608	19.413768372870013
1609	19.413768372870013
1610	19.413768372870013
1611	31.234576892371436
1612	31.234576892371436
1613	31.234576892371436
1614	28.79566231905026
1615	28.79566231905026
1616	28.79566231905026
1617	24.139770057733053
1618	24.139770057733053
1619	24.139770057733053
1620	31.390683444666386
1621	31.390683444666386
1622	31.390683444666386
1623	42.472268206848696
1624	42.472268206848696
1625	42.472268206848696
1626	23.86738856006668
1627	23.86738856006668
1628	23.86738856006668
1629	19.813602299062815
1630	19.813602299062815
1631	19.813602299062815
1632	32.73483847148
1633	32.73483847148
1634	32.73483847148
1635	33.7572478932003
1636	33.7572478932003
1637	33.7572478932003
1638	33.16426983943369
1639	33.16426983943369
1640	33.16426983943369
1641	32.70048782022678
1642	32.70048782022678
1643	32.70048782022678
1644	30.345521308579503
1645	30.345521308579503
1646	30.345521308579503
1647	21.497941624819596
1648	21.497941624819596
1649	21.497941624819596
1650	8.116823104385869
1651	8.116823104385869
1652	8.116823104385869
1653	32.102398742535165
1654	32.102398742535165
1655	32.102398742535165
1656	25.761901258623393
1657	25.761901258623393
1658	25.761901258623393
1659	24.799735755678388
1660	24.799735755678388
1661	24.799735755678388
1662	26.22317771003698
1663	26.22317771003698
1664	26.22317771003698
1665	26.385606546633507
1666	26.385606546633507
1667	26.385606546633507
1668	39.326117182171096
1669	39.326117182171096
1670	39.326117182171096
1671	36.46623771822883
1672	36.46623771822883
1673	36.46623771822883
1674	25.98713359781245
1675	25.98713359781245
1676	25.98713359781245
1677	21.786432491781007
1678	21.786432491781007
1679	21.786432491781007
1680	16.81788985745445
1681	16.81788985745445
1682	16.81788985745445
1683	29.493740787501483
1684	29.493740787501483
1685	29.493740787501483
1686	33.88226022608607
1687	33.88226022608607
1688	33.88226022608607
1689	22.969263184935517
1690	22.969263184935517
1691	22.969263184935517
1692	17.741602692403212
1693	17.741602692403212
1694	17.741602692403212
1695	34.30522729428852
1696	34.30522729428852
1697	34.30522729428852
1698	27.00283271946101
1699	27.00283271946101
1700	27.00283271946101
1701	30.046556013302865
1702	30.046556013302865
1703	30.046556013302865
1704	31.565698538264026
1705	31.565698538264026
1706	31.565698538264026
1707	23.037336032931172
1708	23.037336032931172
1709	23.037336032931172
1710	9.83408776488898
1711	9.83408776488898
1712	9.83408776488898
1713	15.614508769330971
1714	15.614508769330971
1715	15.614508769330971
1716	36.81458931859944
1717	36.81458931859944
1718	36.81458931859944
1719	27.042492585998357
1720	27.042492585998357
1721	27.042492585998357
1722	28.834564315681114
1723	28.834564315681114
1724	28.834564315681114
1725	38.420399649188965
1726	38.420399649188965
1727	38.420399649188965
1728	23.835497782021555
1729	23.835497782021555
1730	23.835497782021555
1731	25.438809982453325
1732	25.438809982453325
1733	25.438809982453325
1734	25.11092031023639
1735	25.11092031023639
1736	25.11092031023639
1737	22.26351302676455
1738	22.26351302676455
1739	22.26351302676455
1740	46.27236638286415
1741	46.27236638286415
1742	46.27236638286415
1743	24.157331311150486
1744	24.157331311150486
1745	24.157331311150486
1746	26.857584944742666
1747	26.857584944742666
1748	26.857584944742666
1749	28.773097627140494
1750	28.773097627140494
1751	28.773097627140494
1752	22.81944889744877
1753	22.81944889744877
1754	22.81944889744877
1755	24.294504569773196
1756	24.294504569773196
1757	24.294504569773196
1758	22.538651997054917
1759	22.538651997054917
1760	22.538651997054917
1761	27.988552665150408
1762	27.988552665150408
1763	27.988552665150408
1764	25.674559468019773
1765	25.674559468019773
1766	25.674559468019773
1767	34.383527513283425
1768	34.383527513283425
1769	34.383527513283425
1770	37.60859685218434
1771	37.60859685218434
1772	37.60859685218434
1773	33.440877678149036
1774	33.440877678149036
1775	33.440877678149036
1776	31.159927662987105
1777	31.159927662987105
1778	31.159927662987105
1779	30.365717942970328
1780	30.365717942970328
1781	30.365717942970328
1782	35.315651750065214
1783	35.315651750065214
1784	35.315651750065214
1785	28.842083805133996
1786	28.842083805133996
1787	28.842083805133996
1788	22.12349725386455
1789	22.12349725386455
1790	22.12349725386455
1791	25.146312170699993
1792	25.146312170699993
1793	25.146312170699993
1794	25.10791646475691
1795	25.10791646475691
1796	25.10791646475691
1797	19.58146048281726
1798	19.58146048281726
1799	19.58146048281726
1800	6.003295625587576
1801	6.003295625587576
1802	6.003295625587576
1803	28.19441381535651
1804	28.19441381535651
1805	28.19441381535651
1806	27.20130110999243
1807	27.20130110999243
1808	27.20130110999243
1809	26.86995784232618
1810	26.86995784232618
1811	26.86995784232618
1812	30.29799485613866
1813	30.29799485613866
1814	30.29799485613866
1815	29.759327926633535
1816	29.759327926633535
1817	29.759327926633535
1818	19.766773556295075
1819	19.766773556295075
1820	19.766773556295075
1821	17.516135736950844
1822	17.516135736950844
1823	17.516135736950844
1824	16.623720911740822
1825	16.623720911740822
1826	16.623720911740822
1827	32.71766250560351
1828	32.71766250560351
1829	32.71766250560351
1830	21.866029898621882
1831	21.866029898621882
1832	21.866029898621882
1833	23.463218465859512
1834	23.463218465859512
1835	23.463218465859512
1836	40.437930466373174
1837	40.437930466373174
1838	40.437930466373174
1839	18.463347297015844
1840	18.463347297015844
1841	18.463347297015844
1842	19.996125119341315
1843	19.996125119341315
1844	19.996125119341315
1845	19.62099932817432
1846	19.62099932817432
1847	19.62099932817432
1848	32.51963601367643
1849	32.51963601367643
1850	32.51963601367643
1851	32.310293096471824
1852	32.310293096471824
1853	32.310293096471824
1854	11.592402149850349
1855	11.592402149850349
1856	11.592402149850349
1857	28.262334618381637
1858	28.262334618381637
1859	28.262334618381637
1860	30.265156182487566
1861	30.265156182487566
1862	30.265156182487566
1863	25.369571333094953
1864	25.369571333094953
1865	25.369571333094953
1866	27.38963341652234
1867	27.38963341652234
1868	27.38963341652234
1869	18.823939036230026
1870	18.823939036230026
1871	18.823939036230026
1872	32.54678775992961
1873	32.54678775992961
1874	32.54678775992961
1875	26.411689948829597
1876	26.411689948829597
1877	26.411689948829597
1878	14.962025828254117
1879	14.962025828254117
1880	14.962025828254117
1881	39.51227850282835
1882	39.51227850282835
1883	39.51227850282835
1884	25.587641098677793
1885	25.587641098677793
1886	25.587641098677793
1887	31.286532654123786
1888	31.286532654123786
1889	31.286532654123786
1890	28.39400562366748
1891	28.39400562366748
1892	28.39400562366748
1893	20.83612277814588
1894	20.83612277814588
1895	20.83612277814588
1896	28.91336281444672
1897	28.91336281444672
1898	28.91336281444672
1899	32.70101895985711
1900	32.70101895985711
1901	32.70101895985711
1902	20.479272272012683
1903	20.479272272012683
1904	20.479272272012683
1905	19.711056313665264
1906	19.711056313665264
1907	19.711056313665264
1908	24.936676450037368
1909	24.936676450037368
1910	24.936676450037368
1911	30.17021509558566
1912	30.17021509558566
1913	30.17021509558566
1914	11.228114071829404
1915	11.228114071829404
1916	11.228114071829404
1917	13.453376103189752
1918	13.453376103189752
1919	13.453376103189752
1920	22.987817316452094
1921	22.987817316452094
1922	22.987817316452094
1923	35.625543342580904
1924	35.625543342580904
1925	35.625543342580904
1926	30.934194573216807
1927	30.934194573216807
1928	30.934194573216807
1929	35.645268192160124
1930	35.645268192160124
1931	35.645268192160124
1932	45.363108670556684
1933	45.363108670556684
1934	45.363108670556684
1935	28.075982145601156
1936	28.075982145601156
1937	28.075982145601156
1938	19.71217735111903
1939	19.71217735111903
1940	19.71217735111903
1941	23.083908092719696
1942	23.083908092719696
1943	23.083908092719696
1944	31.79417607115416
1945	31.79417607115416
1946	31.79417607115416
1947	30.412107434906847
1948	30.412107434906847
1949	30.412107434906847
1950	21.254794586288497
1951	21.254794586288497
1952	21.254794586288497
1953	28.0767523537527
1954	28.0767523537527
1955	28.0767523537527
1956	24.245199120335187
1957	24.245199120335187
1958	24.245199120335187
1959	43.66072141357215
1960	43.66072141357215
1961	43.66072141357215
1962	20.708285608770627
1963	20.708285608770627
1964	20.708285608770627
1965	19.038655590644662
1966	19.038655590644662
1967	19.038655590644662
1968	31.250298109217397
1969	31.250298109217397
1970	31.250298109217397
1971	34.0735387281371
1972	34.0735387281371
1973	34.0735387281371
1974	31.670021258571587
1975	31.670021258571587
1976	31.670021258571587
1977	16.90974160828791
1978	16.90974160828791
1979	16.90974160828791
1980	33.49598146500709
1981	33.49598146500709
1982	33.49598146500709
1983	12.986603742908509
1984	12.986603742908509
1985	12.986603742908509
1986	28.487366969458282
1987	28.487366969458282
1988	28.487366969458282
1989	23.77411373153336
1990	23.77411373153336
1991	23.77411373153336
1992	24.88869661049811
1993	24.88869661049811
1994	24.88869661049811
1995	16.02096654383212
1996	16.02096654383212
1997	16.02096654383212
1998	25.87284075153927
1999	25.87284075153927
2000	25.87284075153927
2001	26.76741350680973
2002	26.76741350680973
2003	26.76741350680973
2004	23.922270320445453
2005	23.922270320445453
2006	23.922270320445453
2007	29.559941683258902
2008	29.559941683258902
2009	29.559941683258902
2010	35.84668019971684
2011	35.84668019971684
2012	35.84668019971684
2013	23.535859837404445
2014	23.535859837404445
2015	23.535859837404445
2016	15.796104599298094
2017	15.796104599298094
2018	15.796104599298094
2019	34.26968902609819
2020	34.26968902609819
2021	34.26968902609819
2022	22.168400763967448
2023	22.168400763967448
2024	22.168400763967448
2025	21.22004811399586
2026	21.22004811399586
2027	21.22004811399586
2028	32.5540488518076
2029	32.5540488518076
2030	32.5540488518076
2031	27.108169389148983
2032	27.108169389148983
2033	27.108169389148983
2034	16.620351304374196
2035	16.620351304374196
2036	16.620351304374196
2037	36.62609950601494
2038	36.62609950601494
2039	36.62609950601494
2040	20.05047027324843
2041	20.05047027324843
2042	20.05047027324843
2043	22.406089866895005
2044	22.406089866895005
2045	22.406089866895005
2046	29.094061773843148
2047	29.094061773843148
2048	29.094061773843148
2049	26.201314976887577
2050	26.201314976887577
2051	26.201314976887577
2052	25.664711594799037
2053	25.664711594799037
2054	25.664711594799037
2055	22.269831048241183
2056	22.269831048241183
2057	22.269831048241183
2058	28.904115754038045
2059	28.904115754038045
2060	28.904115754038045
2061	31.185299236311586
2062	31.185299236311586
2063	31.185299236311586
2064	9.140676673071617
2065	9.140676673071617
2066	9.140676673071617
2067	19.023570150638854
2068	19.023570150638854
2069	19.023570150638854
2070	31.011835891699356
2071	31.011835891699356
2072	31.011835891699356
2073	45.63760815029376
2074	45.63760815029376
2075	45.63760815029376
2076	32.79871242349539
2077	32.79871242349539
2078	30.517501243302824
2079	30.517501243302824
2080	30.517501243302824
2081	16.825584606220072
2082	16.825584606220072
2083	16.825584606220072
2084	22.01246753250703
2085	22.01246753250703
2086	22.01246753250703
2087	28.052895371831184
2088	28.052895371831184
2089	28.052895371831184
2090	27.704746275211765
2091	27.704746275211765
2092	27.704746275211765
2093	30.118249299701592
2094	30.118249299701592
