0	68.5
1	68.5
2	68.5
3	68.5
4	41.71617849800221
5	41.71617849800221
6	31.39281190462636
7	31.39281190462636
8	51.61956191034785
9	51.61956191034785
10	39.86693217628955
11	39.86693217628955
12	47.3339630322512
13	47.3339630322512
14	57.964689034448355
15	57.964689034448355
16	60.301064996957244
17	60.301064996957244
18	26.306806504441305
19	26.306806504441305
20	68.5
21	68.5
22	47.4101321578025
23	47.4101321578025
24	64.01622695214294
25	64.01622695214294
26	18.514224261791263
27	18.514224261791263
28	68.5
29	68.5
30	68.5
31	68.5
32	43.83750509182193
33	43.83750509182193
34	47.46152196161106
35	47.46152196161106
36	50.53594510774525
37	50.53594510774525
38	48.640994160704246
39	48.640994160704246
40	19.612846022377052
41	19.612846022377052
42	22.17132840383252
43	22.17132840383252
44	55.19329004060412
45	55.19329004060412
46	68.5
47	68.5
48	52.17079713508044
49	52.17079713508044
50	47.84578943583009
51	47.84578943583009
52	37.49544126637652
53	37.49544126637652
54	11.996931002625182
55	11.996931002625182
56	68.5
57	68.5
58	63.29807445041978
59	58.6411347548266
60	58.6411347548266
61	50.34557921671339
62	50.34557921671339
63	68.5
64	68.5
65	59.70265489254862
66	59.70265489254862
67	66.03739191376096
68	66.03739191376096
69	65.55159031311332
70	65.55159031311332
71	68.5
72	68.5
73	22.2850683169972
74	22.2850683169972
75	48.011581492550235
76	48.011581492550235
77	48.990888703394106
78	48.990888703394106
79	37.06237496617797
80	37.06237496617797
81	45.68645993113175
82	45.68645993113175
83	27.09399103408336
84	27.09399103408336
85	68.5
86	68.5
87	45.599334805907546
88	45.599334805907546
89	68.5
90	68.5
91	55.07708556563063
92	55.07708556563063
93	50.11308644971625
94	50.11308644971625
95	37.672213137571624
96	37.672213137571624
97	46.3515548712618
98	46.3515548712618
99	52.13805317291585
100	52.13805317291585
101	66.76686420081909
102	66.76686420081909
103	68.5
104	68.5
105	46.29404407037985
106	46.29404407037985
107	68.5
108	68.5
109	57.12706074710895
110	57.12706074710895
111	0.1
112	0.1
113	28.14380698021673
114	28.14380698021673
115	40.354559046061944
116	40.354559046061944
117	49.24933566267115
118	49.24933566267115
119	40.67493129867929
120	40.67493129867929
121	68.5
122	68.5
123	60.3571132452236
124	60.3571132452236
125	68.5
126	68.5
127	45.85379309045981
128	45.85379309045981
129	17.415607333085184
130	17.415607333085184
131	43.934955064049525
132	43.934955064049525
133	68.5
134	68.5
135	68.5
136	68.5
137	39.96663799306776
138	39.96663799306776
139	17.16622848330148
140	17.16622848330148
141	60.06868967375054
142	60.06868967375054
143	39.67360301314545
144	39.67360301314545
145	68.5
146	68.5
147	68.5
148	68.5
149	68.5
150	68.5
151	68.5
152	68.5
153	53.924051028481955
154	53.924051028481955
155	38.180888002343025
156	38.180888002343025
157	68.5
158	68.5
159	64.47388992868767
160	64.47388992868767
161	44.270286659708894
162	44.270286659708894
163	31.569955085775923
164	31.569955085775923
165	55.25772485880348
166	55.25772485880348
167	68.5
168	68.5
169	68.5
170	68.5
171	56.206707950460356
172	56.206707950460356
173	22.178297503979618
174	22.178297503979618
175	68.5
176	68.5
177	68.5
178	68.5
179	37.53974810015315
180	37.53974810015315
181	68.5
182	68.5
183	41.319513353810976
184	41.319513353810976
185	68.5
186	68.5
187	38.33435113686613
188	38.33435113686613
189	32.76370523466424
190	32.76370523466424
191	45.176690116286466
192	45.176690116286466
193	51.48581832629537
194	51.48581832629537
195	65.6678039741379
196	65.6678039741379
197	58.49711998571283
198	58.49711998571283
199	67.64723889210985
200	67.64723889210985
201	68.5
202	68.5
203	68.5
204	68.5
205	65.65590007259233
206	65.65590007259233
207	16.315357677516687
208	16.315357677516687
209	35.597710796507116
210	35.597710796507116
211	33.48844604080652
212	33.48844604080652
213	31.66480527055532
214	31.66480527055532
215	43.92341344765401
216	43.92341344765401
217	68.5
218	68.5
219	60.51067756203822
220	60.51067756203822
221	68.5
222	68.5
223	22.7141869327965
224	22.7141869327965
225	48.61359323336039
226	48.61359323336039
227	59.18862607417307
228	59.18862607417307
229	43.620823172303
230	43.620823172303
231	37.46612517075118
232	37.46612517075118
233	32.55135092181469
234	32.55135092181469
235	30.443676889017212
236	30.443676889017212
237	59.79952380846794
238	59.79952380846794
239	49.31192148977145
240	49.31192148977145
241	21.915475078171873
242	21.915475078171873
243	62.007026568604445
244	62.007026568604445
245	23.866151707796803
246	23.866151707796803
247	62.00418845787319
248	62.00418845787319
249	33.4111363256916
250	33.4111363256916
251	41.765619240253315
252	41.765619240253315
253	13.931126230962725
254	13.931126230962725
255	55.31230597320066
256	55.31230597320066
257	66.89853868036745
258	66.89853868036745
259	68.5
260	68.5
261	68.5
262	68.5
263	26.426493187196105
264	26.426493187196105
265	68.5
266	68.5
267	61.920244628988115
268	61.920244628988115
269	31.657573276844467
270	31.657573276844467
271	66.08676183772945
272	66.08676183772945
273	35.46624353087254
274	35.46624353087254
275	55.21221203428943
276	55.21221203428943
277	23.10243332704539
278	23.10243332704539
279	68.5
280	68.5
281	36.93608487446548
282	36.93608487446548
283	43.4999024952536
284	43.4999024952536
285	36.0579723915959
286	36.0579723915959
287	52.39795712618757
288	52.39795712618757
289	63.98782983163234
290	63.98782983163234
291	38.453420747088124
292	38.453420747088124
293	68.5
294	68.5
295	68.5
296	68.5
297	51.85287647960029
298	51.85287647960029
299	44.40843975181218
300	44.40843975181218
301	35.53107069012803
302	35.53107069012803
303	59.74422644591375
304	59.74422644591375
305	68.5
306	68.5
307	22.22925009182772
308	22.22925009182772
309	62.96959570030735
310	62.96959570030735
311	43.22188705235368
312	43.22188705235368
313	45.06641481304512
314	45.06641481304512
315	63.12726025366328
316	63.12726025366328
317	40.94520326408389
318	40.94520326408389
319	0.1
320	0.1
321	36.27157367037624
322	36.27157367037624
323	61.745393756904235
324	61.745393756904235
325	62.89452446531401
326	62.89452446531401
327	50.74698119648627
328	50.74698119648627
329	11.841127531594502
330	11.841127531594502
331	61.99294886413364
332	61.99294886413364
333	68.5
334	68.5
335	47.2081339574878
336	47.2081339574878
337	47.08290434833617
338	47.08290434833617
339	56.49364000685555
340	56.49364000685555
341	33.356359246516334
342	33.356359246516334
343	36.47455113347584
344	36.47455113347584
345	60.43983796475567
346	60.43983796475567
347	54.16400323297506
348	54.16400323297506
349	31.68664981241007
350	31.68664981241007
351	43.117428992181466
352	43.117428992181466
353	23.043539716591567
354	23.043539716591567
355	68.5
356	68.5
357	30.95308998955451
358	30.95308998955451
359	13.283356604696351
360	13.283356604696351
361	40.745179523332375
362	40.745179523332375
363	65.12788046970363
364	65.12788046970363
365	37.15800731907334
366	37.15800731907334
367	49.585034004764076
368	49.585034004764076
369	42.62227167609203
370	42.62227167609203
371	27.5832827372667
372	27.5832827372667
373	21.578932005247573
374	21.578932005247573
375	35.02809762244949
376	35.02809762244949
377	44.725332075954064
378	44.725332075954064
379	55.75824274701081
380	55.75824274701081
381	32.23885480265993
382	32.23885480265993
383	48.15273266109766
384	48.15273266109766
385	36.4008121976559
386	36.4008121976559
387	27.30128919415356
388	27.30128919415356
389	46.24151824924551
390	46.24151824924551
391	17.742359688692115
392	17.742359688692115
393	44.01895333634763
394	44.01895333634763
395	16.49431996224898
396	16.49431996224898
397	50.192742801827436
398	50.192742801827436
399	33.26008990202663
400	33.26008990202663
401	62.457297393283234
402	62.457297393283234
403	26.86806186988262
404	26.86806186988262
405	34.90881825768732
406	34.90881825768732
407	68.5
408	68.5
409	49.36769075731239
410	49.36769075731239
411	3.233932654943196
412	3.233932654943196
413	58.128897990436464
414	58.128897990436464
415	41.167191251775456
416	41.167191251775456
417	23.883646044210984
418	23.883646044210984
419	68.5
420	68.5
421	58.18905645612842
422	58.18905645612842
423	58.25432259198568
424	58.25432259198568
425	45.55772268927583
426	45.55772268927583
427	32.87610095230693
428	32.87610095230693
429	30.354591651746176
430	30.354591651746176
431	68.5
432	68.5
433	25.300716301242375
434	25.300716301242375
435	13.74815255294748
436	13.74815255294748
437	41.370244232690766
438	41.370244232690766
439	45.4103783468197
440	45.4103783468197
441	68.5
442	68.5
443	63.92741318340367
444	63.92741318340367
445	37.977279831958036
446	37.977279831958036
447	53.6148099631738
448	53.6148099631738
449	37.190112166853055
450	37.190112166853055
451	56.76179817852935
452	56.76179817852935
453	30.476604487557545
454	30.476604487557545
455	68.01019796883952
456	68.01019796883952
457	35.622148151505726
458	35.622148151505726
459	54.68328749670405
460	54.68328749670405
461	24.80338177692943
462	24.80338177692943
463	68.5
464	68.5
465	68.5
466	68.5
467	47.60691188168495
468	47.60691188168495
469	59.948349924030836
470	59.948349924030836
471	34.797264072762644
472	34.797264072762644
473	47.191941851515686
474	47.191941851515686
475	68.5
476	68.5
477	63.21281418817023
478	63.21281418817023
479	66.78595056592707
480	66.78595056592707
481	29.645692125901352
482	29.645692125901352
483	15.299799620417836
484	15.299799620417836
485	38.61767372048234
486	38.61767372048234
487	64.05887432680957
488	64.05887432680957
489	46.847598133365665
490	46.847598133365665
491	53.24566141953081
492	53.24566141953081
493	38.25966574021349
494	38.25966574021349
495	45.147087705018585
496	45.147087705018585
497	65.48717463537552
498	65.48717463537552
499	36.44856246179129
500	36.44856246179129
501	57.07363552297619
502	57.07363552297619
503	36.97261461177492
504	36.97261461177492
505	16.129319009651987
506	16.129319009651987
507	24.911678729739233
508	24.911678729739233
509	53.14492685407488
510	53.14492685407488
511	37.084306678850496
512	37.084306678850496
513	68.5
514	68.5
515	34.97823450408366
516	34.97823450408366
517	56.35796674737439
518	56.35796674737439
519	68.5
520	68.5
521	33.27071556150568
522	33.27071556150568
523	12.445581585061497
524	12.445581585061497
525	21.538350776899822
526	21.538350776899822
527	36.81040559663043
528	36.81040559663043
529	56.74124888539939
530	56.74124888539939
531	68.5
532	68.5
533	49.52351158144587
534	49.52351158144587
535	56.943913506619154
536	56.943913506619154
537	12.040057618520756
538	12.040057618520756
539	63.93465839271643
540	63.93465839271643
541	68.5
542	68.5
543	54.69509603569168
544	51.62882721305721
545	51.62882721305721
546	68.5
547	68.5
548	12.267944053672565
549	12.267944053672565
550	52.28782537882872
551	52.28782537882872
552	36.40096676310607
553	36.40096676310607
554	3.0503336887934793
555	3.0503336887934793
556	68.5
557	68.5
558	52.153887080389204
559	52.153887080389204
560	34.29171885105376
561	34.29171885105376
562	40.91114388349505
563	40.91114388349505
564	68.5
565	68.5
566	30.60916651741645
567	30.60916651741645
568	22.642719781057444
569	22.642719781057444
570	50.22665055150887
571	50.22665055150887
572	68.5
573	68.5
574	5.061826755582771
575	5.061826755582771
576	55.546971095421966
577	55.546971095421966
578	29.821819676385704
579	29.821819676385704
580	56.59510399255264
581	56.59510399255264
582	68.5
583	68.5
584	52.600314412749036
585	52.600314412749036
586	58.862557426530266
587	58.862557426530266
588	29.363001093851313
589	29.363001093851313
590	64.9832784120801
591	64.9832784120801
592	32.85100200099532
593	32.85100200099532
594	49.16644122274846
595	49.16644122274846
596	68.31958735813616
597	68.31958735813616
598	68.5
599	68.5
600	41.17937856338236
601	41.17937856338236
602	34.8579179618181
603	34.8579179618181
604	43.470562984759255
605	43.470562984759255
606	68.5
607	68.5
608	68.5
609	68.5
610	44.26891997521594
611	44.26891997521594
612	14.694160097451253
613	14.694160097451253
614	68.5
615	68.5
616	61.748107553185235
617	61.748107553185235
618	51.64565881001598
619	51.64565881001598
620	68.5
621	68.5
622	40.275867342945205
623	40.275867342945205
624	15.581627444648923
625	15.581627444648923
626	68.5
627	68.5
628	46.42161925123531
629	46.42161925123531
630	44.41215984124992
631	44.41215984124992
632	68.5
633	68.5
634	68.5
635	68.5
636	11.760240275313521
637	11.760240275313521
638	40.12685593736128
639	40.12685593736128
640	66.3795062908519
641	66.3795062908519
642	68.5
643	68.5
644	68.5
645	68.5
646	60.34370459705727
647	60.34370459705727
648	25.019782307256147
649	25.019782307256147
650	68.5
651	68.5
652	42.66428457722872
653	42.66428457722872
654	57.812367913087336
655	57.812367913087336
656	56.99777743927085
657	56.99777743927085
658	36.25428431646615
659	36.25428431646615
660	68.5
661	68.5
662	47.25802816538716
663	47.25802816538716
664	36.74030868927329
665	36.74030868927329
666	54.04110845207689
667	54.04110845207689
668	63.68247053011385
669	63.68247053011385
670	54.49444753666029
671	54.49444753666029
672	46.4068117666324
673	46.4068117666324
674	55.37254738457559
675	55.37254738457559
676	34.886510157387455
677	34.886510157387455
678	36.19497139986329
679	36.19497139986329
680	68.5
681	68.5
682	55.05755445565015
683	55.05755445565015
684	62.34654039490898
685	62.34654039490898
686	68.5
687	68.5
688	0.1
689	0.1
690	68.5
691	68.5
692	57.29207230679499
693	57.29207230679499
694	68.1956837392911
695	68.1956837392911
696	61.1233056131042
697	61.1233056131042
698	68.5
699	68.5
700	48.14411674536093
701	48.14411674536093
702	55.34053579283636
703	55.34053579283636
704	68.5
705	68.5
706	16.337437419378816
707	16.337437419378816
708	68.5
709	68.5
710	56.769381530739025
711	56.769381530739025
712	26.823704149104863
713	26.823704149104863
714	59.659343770402764
715	59.659343770402764
716	68.5
717	68.5
718	31.39883986693125
719	31.39883986693125
720	52.1708006947116
721	52.1708006947116
722	68.5
723	68.5
724	34.37768133459261
725	34.37768133459261
726	68.5
727	68.5
728	16.574612607714748
729	16.574612607714748
730	35.78635923335814
731	35.78635923335814
732	61.98229163666877
733	61.98229163666877
734	41.55482868013287
735	41.55482868013287
736	59.59660957764598
737	59.59660957764598
738	56.50863914776562
739	56.50863914776562
740	68.5
741	68.5
742	44.068997487056194
743	44.068997487056194
744	68.5
745	68.5
746	68.5
747	68.5
748	68.5
749	68.5
750	68.5
751	68.5
752	68.25784040898351
753	68.25784040898351
754	51.27718605436665
755	51.27718605436665
756	68.5
757	68.5
758	14.865275774843994
759	14.865275774843994
760	68.5
761	68.5
762	8.173657621819629
763	8.173657621819629
764	65.14715369162059
765	65.14715369162059
766	60.74967210445977
767	60.74967210445977
768	68.5
769	68.5
770	67.61523891392729
771	67.61523891392729
772	32.585165069162215
773	32.585165069162215
774	68.5
775	68.5
776	29.385291628427225
777	29.385291628427225
778	68.5
779	42.3013317107937
780	42.3013317107937
781	68.5
782	68.5
783	36.796833135530505
784	36.796833135530505
785	68.5
786	68.5
787	68.45677940548843
788	68.45677940548843
789	61.658818056809906
790	61.658818056809906
791	68.5
792	68.5
793	68.5
794	68.5
795	39.13674474547362
796	39.13674474547362
797	47.40724201168742
798	47.40724201168742
799	68.5
800	68.5
801	64.37993681525701
802	64.37993681525701
803	55.31847744889383
804	55.31847744889383
805	67.05128386475062
806	67.05128386475062
807	64.30326150235504
808	64.30326150235504
809	68.5
810	68.5
811	68.5
812	68.5
813	68.5
814	68.5
815	34.019399335456896
816	34.019399335456896
817	68.5
818	68.5
819	45.22231722547324
820	45.22231722547324
821	68.5
822	68.5
823	68.5
824	68.5
825	57.11119853235967
826	57.11119853235967
827	68.5
828	68.5
829	54.49893958068105
830	54.49893958068105
831	66.39486815602781
832	66.39486815602781
833	68.5
834	68.5
835	68.5
836	68.5
837	60.7929056487489
838	60.7929056487489
839	68.5
840	68.5
841	22.51363883751271
842	22.51363883751271
843	50.25321517110389
844	50.25321517110389
845	68.5
846	68.5
847	55.27557361875509
848	55.27557361875509
849	68.5
850	68.5
851	68.5
852	68.5
853	68.5
854	68.5
855	50.61539500784465
856	50.61539500784465
857	51.25392390019579
858	51.25392390019579
859	29.37796800402974
860	29.37796800402974
861	40.91442071187254
862	40.91442071187254
863	59.79156446607975
864	59.79156446607975
865	27.599165010776943
866	27.599165010776943
867	68.5
868	68.5
869	68.5
870	68.5
871	59.990558410705006
872	59.990558410705006
873	64.00078452038227
874	64.00078452038227
875	53.247249943721535
876	53.247249943721535
877	40.240395614937654
878	40.240395614937654
879	59.71702701943683
880	59.71702701943683
881	64.24833210896689
882	64.24833210896689
883	68.5
884	68.5
885	68.5
886	68.5
887	68.5
888	68.5
889	59.16642010226426
890	59.16642010226426
891	68.5
892	68.5
893	68.5
894	68.5
895	57.32527800506898
896	57.32527800506898
897	68.5
898	68.5
899	68.5
900	68.5
901	68.5
902	68.5
903	68.5
904	68.5
905	68.5
906	68.5
907	68.5
908	68.5
909	68.5
910	68.5
911	51.29055330354565
912	51.29055330354565
913	68.5
914	68.5
915	56.711087442203265
916	56.711087442203265
917	68.5
918	68.5
919	68.5
920	68.5
921	65.76058903899973
922	65.76058903899973
923	68.5
924	68.5
925	65.7894283248057
926	65.7894283248057
927	68.5
928	68.5
929	65.0734505986329
930	65.0734505986329
931	47.785517780174715
932	47.785517780174715
933	62.08004771855231
934	62.08004771855231
935	60.31645016128951
936	60.31645016128951
937	48.96541952773599
938	48.96541952773599
939	68.5
940	68.5
941	68.5
942	68.5
943	68.5
944	68.5
945	68.5
946	68.5
947	67.85210467292016
948	67.85210467292016
949	68.5
950	68.5
951	68.5
952	68.5
953	65.4649335882359
954	65.4649335882359
955	22.926347223517794
956	22.926347223517794
957	33.729934098336784
958	33.729934098336784
959	53.36560582656614
960	53.36560582656614
961	58.95130608788858
962	58.95130608788858
963	68.5
964	68.5
965	68.5
966	68.5
967	68.5
968	68.5
969	47.0464357986548
970	47.0464357986548
971	68.5
972	68.5
973	64.32307311113605
974	64.32307311113605
975	52.28873526622187
976	52.28873526622187
977	68.5
978	68.5
979	68.5
980	68.5
981	48.06699659660426
982	48.06699659660426
983	68.5
984	68.5
985	48.94019797127457
986	48.94019797127457
987	24.377176676450873
988	24.377176676450873
989	68.5
990	68.5
991	27.45973141539111
992	27.45973141539111
993	56.11529833362704
994	56.11529833362704
995	32.23010188129056
996	32.23010188129056
997	68.5
998	68.5
999	68.5
1000	68.5
1001	68.5
1002	68.5
1003	20.45445113493743
1004	20.45445113493743
1005	50.713534770110705
1006	50.713534770110705
1007	22.39944026805034
1008	22.39944026805034
1009	68.5
1010	68.5
1011	65.60070920308397
1012	65.60070920308397
1013	68.5
1014	68.5
1015	68.5
1016	68.5
1017	68.5
1018	68.5
1019	43.609426850186026
1020	43.609426850186026
1021	68.5
1022	68.5
1023	38.157255650299845
1024	38.157255650299845
1025	42.91861635940199
1026	42.91861635940199
1027	36.06266468891238
1028	36.06266468891238
1029	68.5
1030	68.5
1031	68.5
1032	68.5
1033	68.5
1034	68.5
1035	49.33077347404081
1036	49.33077347404081
1037	68.5
1038	68.5
1039	57.774793300188385
1040	57.774793300188385
1041	68.5
1042	68.5
1043	68.5
1044	68.5
1045	0.1
1046	0.1
1047	68.5
1048	68.5
1049	68.5
1050	68.5
1051	62.63207919905243
1052	62.63207919905243
1053	62.13077161887601
1054	62.13077161887601
1055	68.5
1056	68.5
1057	38.19405916713541
1058	38.19405916713541
1059	37.08066256353638
1060	37.08066256353638
1061	68.5
1062	68.5
1063	68.5
1064	68.5
1065	32.44305542352043
1066	32.44305542352043
1067	36.015019707813636
1068	36.015019707813636
1069	35.62864856949438
1070	35.62864856949438
1071	68.5
1072	68.5
1073	68.5
1074	68.5
1075	68.5
1076	68.5
1077	68.5
1078	68.5
1079	54.66928179706503
1080	54.66928179706503
1081	68.5
1082	68.5
1083	58.57242005696451
1084	58.57242005696451
1085	68.5
1086	68.5
1087	68.5
1088	68.5
1089	41.238826018477766
1090	41.238826018477766
1091	50.40302769911665
1092	50.40302769911665
1093	39.462782024498296
1094	39.462782024498296
1095	68.5
1096	68.5
1097	47.04512475644766
1098	47.04512475644766
1099	68.5
1100	68.5
1101	68.5
1102	68.5
1103	31.34715953015524
1104	31.34715953015524
1105	51.21350279798574
1106	51.21350279798574
1107	51.43922853862307
1108	51.43922853862307
1109	37.90210776259177
1110	37.90210776259177
1111	60.953253785260145
1112	60.953253785260145
1113	40.137881866412954
1114	40.137881866412954
1115	68.5
1116	68.5
1117	40.12572167252509
1118	40.12572167252509
1119	68.5
1120	68.5
1121	68.5
1122	68.5
1123	68.5
1124	68.5
1125	68.5
1126	68.5
1127	68.5
1128	68.5
1129	5.793701294591237
1130	5.793701294591237
1131	68.5
1132	68.5
1133	68.5
1134	68.5
1135	68.5
1136	68.5
1137	33.652359231034715
1138	33.652359231034715
1139	68.5
1140	68.5
1141	53.40116042998648
1142	53.40116042998648
1143	30.795285979839697
1144	30.795285979839697
1145	68.5
1146	68.5
1147	68.5
1148	68.5
1149	68.5
1150	68.5
1151	68.5
1152	68.5
1153	68.5
1154	68.5
1155	68.5
1156	68.5
1157	41.85669239784227
1158	41.85669239784227
1159	68.5
1160	68.5
1161	68.5
1162	68.5
1163	68.5
1164	68.5
1165	50.894701664028986
1166	50.894701664028986
1167	55.583839217842545
1168	55.583839217842545
1169	64.61614624450951
1170	64.61614624450951
1171	46.334575568646336
1172	46.334575568646336
1173	59.88634122420889
1174	59.88634122420889
1175	68.19989675129767
1176	68.19989675129767
1177	55.54805351753678
1178	55.54805351753678
1179	68.5
1180	68.5
1181	62.718814818995035
1182	62.718814818995035
1183	68.5
1184	68.5
1185	41.39121688868312
1186	41.39121688868312
1187	68.5
1188	68.5
1189	54.044856050205674
1190	54.044856050205674
1191	63.03719674239258
1192	63.03719674239258
1193	68.5
1194	68.5
1195	68.5
1196	68.5
1197	68.5
1198	68.5
1199	10.727236743519391
1200	10.727236743519391
1201	68.5
1202	68.5
1203	61.96549053623883
1204	61.96549053623883
1205	55.891776550903536
1206	55.891776550903536
1207	68.5
1208	68.5
1209	64.88019979817189
1210	64.88019979817189
1211	61.13250548032759
1212	61.13250548032759
1213	55.854251794620055
1214	55.854251794620055
1215	68.5
1216	68.5
1217	68.5
1218	68.5
1219	56.57770374871826
1220	56.57770374871826
1221	68.5
1222	68.5
1223	3.1748475582395344
1224	3.1748475582395344
1225	68.5
1226	68.5
1227	68.5
1228	68.5
1229	48.69469021236911
1230	48.69469021236911
1231	68.5
1232	68.5
1233	68.5
1234	68.5
1235	55.250755009568984
1236	55.250755009568984
1237	53.256532472957744
1238	53.256532472957744
1239	68.5
1240	68.5
1241	68.5
1242	68.5
1243	65.51468550315597
1244	65.51468550315597
1245	68.5
1246	68.5
1247	38.709367794163555
1248	38.709367794163555
1249	28.140528502973382
1250	28.140528502973382
1251	23.89762422948879
1252	23.89762422948879
1253	7.774225908637092
1254	7.774225908637092
1255	68.5
1256	68.5
1257	68.5
1258	68.5
1259	68.5
1260	68.5
1261	30.800236718833183
1262	30.800236718833183
1263	44.616133952382725
1264	44.616133952382725
1265	68.5
1266	68.5
1267	68.5
1268	68.5
1269	68.5
1270	68.5
1271	58.546131984429174
1272	58.546131984429174
1273	45.21158120425489
1274	45.21158120425489
1275	40.58960869108117
1276	40.58960869108117
1277	64.88853012701807
1278	64.88853012701807
1279	68.5
1280	68.5
1281	32.3557174984559
1282	32.3557174984559
1283	68.5
1284	68.5
1285	68.40460043933363
1286	68.40460043933363
1287	46.53124970154869
1288	46.53124970154869
1289	68.5
1290	68.5
1291	68.5
1292	68.5
1293	68.5
1294	68.5
1295	68.5
1296	68.5
1297	68.17434479093053
1298	68.17434479093053
1299	59.76944644449984
1300	59.76944644449984
1301	56.64417977983273
1302	56.64417977983273
1303	68.5
1304	68.5
1305	45.047899349572376
1306	45.047899349572376
1307	47.8035218047291
1308	47.8035218047291
1309	68.5
1310	68.5
1311	46.93393243922094
1312	46.93393243922094
1313	67.12733855205379
1314	67.12733855205379
1315	11.79801763286568
1316	11.79801763286568
1317	40.7173704810006
1318	40.7173704810006
1319	0.1
1320	0.1
1321	68.5
1322	68.5
1323	55.75024408278085
1324	55.75024408278085
1325	68.5
1326	68.5
1327	68.5
1328	68.5
1329	68.5
1330	68.5
1331	49.288950370732444
1332	49.288950370732444
1333	46.74766710582289
1334	46.74766710582289
1335	68.5
1336	68.5
1337	68.5
1338	68.5
1339	51.9182002379071
1340	51.9182002379071
1341	68.5
1342	68.5
1343	18.80867082345707
1344	18.80867082345707
1345	68.5
1346	46.61814918498288
1347	46.61814918498288
1348	0.9951209151953293
1349	0.9951209151953293
1350	43.48824685447646
1351	41.66856421802461
1352	41.66856421802461
1353	68.5
1354	68.5
1355	68.5
1356	68.5
1357	61.60950003776728
1358	61.60950003776728
1359	15.226130553764484
1360	15.226130553764484
1361	68.5
1362	68.5
1363	68.5
1364	68.5
1365	68.5
1366	68.5
1367	68.5
1368	68.5
1369	42.84732559638854
1370	42.84732559638854
1371	57.70027775007501
1372	57.70027775007501
1373	64.03916711074291
1374	64.03916711074291
1375	44.08478881938284
1376	44.08478881938284
1377	68.5
1378	68.5
1379	51.66829241673881
1380	51.66829241673881
1381	68.5
1382	68.5
1383	68.5
1384	68.5
1385	39.670364198817595
1386	39.670364198817595
1387	68.5
1388	68.5
1389	27.865356407440267
1390	27.865356407440267
1391	52.95785353870072
1392	52.95785353870072
1393	53.69440351142186
1394	53.69440351142186
1395	31.647188390790706
1396	31.647188390790706
1397	54.26269901318572
1398	54.26269901318572
1399	58.74342456437555
1400	58.74342456437555
1401	68.5
1402	68.5
1403	45.589363670027296
1404	45.589363670027296
1405	68.5
1406	68.5
1407	37.484339420193926
1408	37.484339420193926
1409	68.5
1410	68.5
1411	61.85962904145329
1412	61.85962904145329
1413	68.5
1414	68.5
1415	68.5
1416	68.5
1417	68.5
1418	68.5
1419	49.003627132581364
1420	49.003627132581364
1421	39.67049721409775
1422	39.67049721409775
1423	21.873577939502304
1424	21.873577939502304
1425	68.5
1426	68.5
1427	43.21287017201662
1428	43.21287017201662
1429	22.06061808930155
1430	22.06061808930155
1431	68.5
1432	68.5
1433	42.426900914994256
1434	42.426900914994256
1435	48.510450672167785
1436	48.510450672167785
1437	28.03458941733735
1438	28.03458941733735
1439	53.96245866251196
1440	53.96245866251196
1441	68.5
1442	68.5
1443	68.5
1444	68.5
1445	58.82518263481619
1446	58.82518263481619
1447	67.0259250360231
1448	67.0259250360231
1449	34.7659864177321
1450	34.7659864177321
1451	56.876627010972385
1452	56.876627010972385
1453	68.5
1454	68.5
1455	54.44757331388743
1456	54.44757331388743
1457	68.5
1458	68.5
1459	68.5
1460	68.5
1461	68.5
1462	68.5
1463	17.374462148359967
1464	17.374462148359967
1465	68.5
1466	68.5
1467	67.85198927354774
1468	67.85198927354774
1469	68.5
1470	68.5
1471	68.5
1472	68.5
1473	56.68893295596362
1474	56.68893295596362
1475	35.15323594664851
1476	35.15323594664851
1477	68.5
1478	68.5
1479	68.5
1480	68.5
1481	68.5
1482	68.5
1483	62.896769858823674
1484	62.896769858823674
1485	56.1486771874748
1486	56.1486771874748
1487	68.5
1488	68.5
1489	39.23456116775798
1490	39.23456116775798
1491	68.5
1492	68.5
1493	68.5
1494	68.5
1495	61.27196116122318
1496	61.27196116122318
1497	45.788638684416036
1498	45.788638684416036
1499	68.49346735743738
1500	68.49346735743738
1501	66.88907617520637
1502	66.88907617520637
1503	51.917304811305144
1504	51.917304811305144
1505	28.4549503616702
1506	28.4549503616702
1507	68.5
1508	68.5
1509	68.5
1510	68.5
1511	68.5
1512	68.5
1513	45.95087319998193
1514	45.95087319998193
1515	61.65624549414468
1516	61.65624549414468
1517	45.2859958217728
1518	45.2859958217728
1519	68.5
1520	68.5
1521	54.82314082378079
1522	54.82314082378079
1523	61.00061354930508
1524	61.00061354930508
1525	57.575663416850915
1526	57.575663416850915
1527	60.95410015274041
1528	60.95410015274041
1529	45.898839080645004
1530	45.898839080645004
1531	43.35010020877455
1532	43.35010020877455
1533	34.28058219179271
1534	34.28058219179271
1535	68.5
1536	68.5
1537	68.5
1538	68.5
1539	54.69366343861006
1540	54.69366343861006
1541	48.62829515827398
1542	48.62829515827398
1543	62.031606964213964
1544	62.031606964213964
1545	68.5
1546	68.5
1547	67.35955303118102
1548	67.35955303118102
1549	68.5
1550	68.5
1551	27.36163778675926
1552	27.36163778675926
1553	68.5
1554	68.5
1555	50.21766322176277
1556	50.21766322176277
1557	68.5
1558	68.5
1559	53.9537206395077
1560	53.9537206395077
1561	68.5
1562	68.5
1563	68.30934553479239
1564	68.30934553479239
1565	68.5
1566	68.5
1567	68.5
1568	68.5
1569	63.137357182477245
1570	63.137357182477245
1571	56.535343868660355
1572	56.535343868660355
1573	45.21745841237595
1574	45.21745841237595
1575	50.45392896561083
1576	50.45392896561083
1577	68.5
1578	68.5
1579	57.080837561523666
1580	57.080837561523666
1581	19.755401500949773
1582	19.755401500949773
1583	68.5
1584	68.5
1585	68.5
1586	68.5
1587	68.5
1588	68.5
1589	26.95049752917714
1590	26.95049752917714
1591	21.518757296153723
1592	21.518757296153723
1593	68.5
1594	68.5
1595	68.5
1596	68.5
1597	10.21055566499821
1598	10.21055566499821
1599	21.711657017484285
1600	21.711657017484285
1601	37.988138044490256
1602	37.988138044490256
1603	68.5
1604	68.5
1605	48.55202923725502
1606	48.55202923725502
1607	68.5
1608	68.5
1609	66.1936537544805
1610	66.1936537544805
1611	53.94271346068
1612	53.94271346068
1613	52.58310523069736
1614	52.58310523069736
1615	59.859006918276876
1616	59.859006918276876
1617	68.5
1618	68.5
1619	68.5
1620	68.5
1621	39.89017873192012
1622	39.89017873192012
1623	44.65612700303612
1624	44.65612700303612
1625	20.89651995602346
1626	20.89651995602346
1627	43.03321936091214
1628	43.03321936091214
1629	33.775788885353734
1630	33.775788885353734
1631	28.615295904205468
1632	28.615295904205468
1633	68.5
1634	68.5
1635	68.5
1636	68.5
1637	63.245717637271156
1638	63.245717637271156
1639	68.5
1640	68.5
1641	68.5
1642	68.5
1643	50.719391701886174
1644	50.719391701886174
1645	58.01094054446062
1646	58.01094054446062
1647	68.5
1648	68.5
1649	63.191680281843645
1650	63.191680281843645
1651	33.705519592414895
1652	33.705519592414895
1653	68.5
1654	68.5
1655	68.5
1656	68.5
1657	40.54479339577256
1658	7.3307289335972285
1659	7.3307289335972285
1660	68.5
1661	68.5
1662	65.15700720704874
1663	65.15700720704874
1664	68.5
1665	68.5
1666	43.226112698165736
1667	43.226112698165736
1668	68.5
1669	68.5
1670	68.5
1671	68.5
1672	63.51106081089772
1673	63.51106081089772
1674	39.24604774310474
1675	39.24604774310474
1676	67.66956219098388
1677	67.66956219098388
1678	64.19691685904584
1679	64.19691685904584
1680	68.5
1681	68.5
1682	68.5
1683	68.5
1684	68.5
1685	68.5
1686	60.21571104480857
1687	60.21571104480857
1688	62.58820725461641
1689	62.58820725461641
1690	68.5
1691	68.5
1692	46.6267106259114
1693	46.6267106259114
1694	68.5
1695	68.5
1696	36.49310484116146
1697	36.49310484116146
1698	24.504067634961565
1699	24.504067634961565
1700	23.058345183389015
1701	23.058345183389015
1702	11.8421340403967
1703	11.8421340403967
1704	62.209413403265394
1705	62.209413403265394
1706	56.8312070137374
1707	56.8312070137374
1708	53.08786454253873
1709	53.08786454253873
1710	68.5
1711	68.5
1712	26.767090863053298
1713	26.767090863053298
1714	62.97396114809123
1715	62.97396114809123
1716	68.5
1717	68.5
1718	31.093603504685134
1719	31.093603504685134
1720	68.5
1721	68.5
1722	68.5
1723	68.5
1724	57.85326081556165
1725	57.85326081556165
1726	22.801768506963434
1727	22.801768506963434
1728	61.99302707616016
1729	61.99302707616016
1730	59.55195160757224
1731	59.55195160757224
1732	41.88544002110645
1733	41.88544002110645
1734	68.5
1735	68.5
1736	52.6507888052983
1737	52.6507888052983
1738	68.5
1739	68.5
1740	57.217261629559395
1741	57.217261629559395
1742	50.16697763506925
1743	50.16697763506925
1744	62.53992656508873
1745	62.53992656508873
1746	68.5
1747	68.5
1748	55.199828243106
1749	55.199828243106
1750	65.70799066527664
1751	65.70799066527664
1752	60.249355915562745
1753	68.5
1754	68.5
1755	53.65361097742691
1756	68.5
1757	68.5
1758	29.753778162659888
1759	29.753778162659888
1760	57.5878196215268
1761	57.5878196215268
1762	68.34613084398873
1763	68.34613084398873
1764	67.24768662196657
1765	67.24768662196657
1766	41.30433843186378
1767	41.30433843186378
1768	66.26075751956185
1769	66.26075751956185
1770	68.5
1771	68.5
1772	68.5
1773	68.5
1774	26.97387770074542
1775	26.97387770074542
1776	63.451075746831314
1777	63.451075746831314
1778	68.5
1779	68.5
1780	68.5
1781	68.5
1782	68.5
1783	68.5
1784	31.149351701859082
1785	31.149351701859082
1786	15.014130810161518
1787	15.014130810161518
1788	45.59043248192945
1789	45.59043248192945
1790	40.33334163905146
1791	40.33334163905146
1792	30.522541197722106
1793	30.522541197722106
1794	27.50555508988929
1795	27.50555508988929
1796	50.222140642610846
1797	50.222140642610846
1798	31.517991962784386
1799	31.517991962784386
1800	68.5
1801	68.5
1802	15.389087005236888
1803	15.389087005236888
1804	42.57915810323543
1805	42.57915810323543
1806	34.97608917832075
1807	34.97608917832075
1808	47.41365197296365
1809	47.41365197296365
1810	62.931284355027735
1811	62.931284355027735
1812	50.36512569324658
1813	50.36512569324658
1814	67.83898370452106
1815	67.83898370452106
1816	36.934376360786345
1817	36.934376360786345
1818	68.5
1819	68.5
1820	68.5
1821	68.5
1822	52.42178895192755
1823	52.42178895192755
1824	68.5
1825	68.5
1826	21.988760418068352
1827	21.988760418068352
1828	68.5
1829	68.5
1830	32.875649518361755
1831	32.875649518361755
1832	68.5
1833	68.5
1834	16.91209088472165
1835	16.91209088472165
1836	38.1234457101248
1837	38.1234457101248
1838	57.888789507617766
1839	57.888789507617766
1840	62.85688503212234
1841	62.85688503212234
1842	39.65815492338518
1843	39.65815492338518
1844	57.045787283388286
1845	68.5
1846	68.5
1847	68.5
1848	68.5
1849	58.57844671970383
1850	58.57844671970383
1851	53.177574642741256
1852	53.177574642741256
1853	68.5
1854	68.5
1855	52.4279199712341
1856	52.4279199712341
1857	43.430383044720756
1858	43.430383044720756
1859	68.5
1860	68.5
1861	63.68147584058058
1862	63.68147584058058
1863	36.64749540077066
1864	36.64749540077066
1865	38.14545478842504
1866	38.14545478842504
1867	68.5
1868	68.5
1869	0.1
1870	0.1
1871	59.63284882164444
1872	59.63284882164444
1873	57.76081059667548
1874	57.76081059667548
1875	68.5
1876	68.5
1877	43.19193305960101
1878	43.19193305960101
1879	40.263864422910984
1880	40.263864422910984
1881	49.470205482530645
1882	49.470205482530645
1883	60.450018313563305
1884	60.450018313563305
1885	47.46314328059691
1886	47.46314328059691
1887	68.5
1888	68.5
1889	68.5
1890	68.5
1891	8.093531058367638
1892	8.093531058367638
1893	38.099271758060276
1894	38.099271758060276
1895	25.544910759576382
1896	25.544910759576382
1897	67.82321411031924
1898	67.82321411031924
1899	68.5
1900	68.5
1901	68.5
1902	68.5
1903	68.5
1904	68.5
1905	68.5
1906	68.5
1907	35.70274556970899
1908	35.70274556970899
1909	38.833219525517364
1910	38.833219525517364
1911	68.5
1912	68.5
1913	37.38304367577632
1914	37.38304367577632
1915	32.875975498706936
1916	32.875975498706936
1917	68.5
1918	68.5
1919	68.5
1920	68.5
1921	68.5
1922	68.5
1923	68.5
1924	68.5
1925	68.5
1926	68.5
1927	56.93957508450127
1928	56.93957508450127
1929	39.38899387929858
1930	39.38899387929858
1931	42.603205072495854
1932	42.603205072495854
1933	68.5
1934	68.5
1935	68.5
1936	68.5
1937	35.41732913390456
1938	35.41732913390456
1939	68.5
1940	68.5
1941	68.5
1942	68.5
1943	68.5
1944	68.5
1945	48.585656611930744
1946	48.585656611930744
1947	68.5
1948	68.5
1949	68.5
1950	68.5
1951	68.5
1952	68.5
1953	61.758392821536894
1954	61.758392821536894
1955	57.61427909421556
1956	57.61427909421556
1957	68.5
1958	68.5
1959	59.317622821129284
1960	59.317622821129284
1961	44.93323805316567
1962	44.93323805316567
1963	67.04427698926514
1964	67.04427698926514
1965	68.5
1966	68.5
1967	68.5
1968	68.5
1969	66.09633497825521
1970	66.09633497825521
1971	63.34552038228447
1972	63.34552038228447
1973	68.5
1974	68.5
1975	56.2853072790368
1976	56.2853072790368
1977	68.5
1978	68.5
1979	50.358685826121196
1980	50.358685826121196
1981	28.937230366346583
1982	28.937230366346583
1983	53.3295423964268
1984	53.3295423964268
1985	68.5
1986	68.5
1987	68.5
1988	68.5
1989	54.903920445537246
1990	54.903920445537246
1991	61.36507179628194
1992	61.36507179628194
1993	43.901493519013684
1994	43.901493519013684
1995	24.431154818952386
1996	24.431154818952386
1997	68.5
1998	68.5
1999	45.03109496058221
2000	45.03109496058221
2001	68.5
2002	68.5
2003	33.7781469893632
2004	33.7781469893632
2005	36.61925009285671
2006	36.61925009285671
2007	24.063403868393223
2008	24.063403868393223
2009	23.117543801165453
2010	23.117543801165453
2011	68.5
2012	68.5
2013	28.81029848650128
2014	28.81029848650128
2015	68.5
2016	68.5
2017	67.62737327865962
2018	67.62737327865962
2019	68.5
2020	68.5
2021	52.45436021920571
2022	52.45436021920571
2023	59.38761676689291
2024	59.38761676689291
2025	44.96996769732243
2026	44.96996769732243
2027	68.5
2028	68.5
2029	42.139804046622416
2030	42.139804046622416
2031	68.5
2032	68.5
2033	65.6402385428191
2034	65.6402385428191
2035	68.5
2036	68.5
2037	48.20798861869408
2038	48.20798861869408
2039	58.68427170381923
2040	58.68427170381923
2041	68.5
2042	68.5
2043	67.65333329154106
2044	67.65333329154106
2045	43.44814941590984
2046	43.44814941590984
2047	56.32165623336188
2048	56.32165623336188
2049	35.913431358856386
2050	35.913431358856386
2051	53.479165840914604
2052	53.479165840914604
2053	68.5
2054	68.5
2055	68.5
2056	68.5
2057	68.5
2058	68.5
2059	68.5
2060	68.5
2061	54.619654405015844
2062	54.619654405015844
2063	55.766129006757055
2064	55.766129006757055
2065	68.5
2066	68.5
2067	68.5
2068	68.5
2069	68.5
2070	68.5
2071	56.57609723382441
2072	56.57609723382441
2073	62.744938237805506
2074	62.744938237805506
2075	48.205234242882476
2076	48.205234242882476
2077	68.5
2078	68.5
2079	68.5
2080	56.480693694443595
2081	56.480693694443595
2082	46.95425396393709
2083	46.95425396393709
2084	24.175402087704164
2085	24.175402087704164
2086	31.009217765083868
2087	31.009217765083868
2088	39.62699884358392
2089	39.62699884358392
2090	52.893770076558894
2091	52.893770076558894
2092	8.705460180294367
2093	8.705460180294367
2094	54.37666525721081
2095	54.37666525721081
2096	25.58092869290013
2097	25.58092869290013
2098	62.588934047093964
2099	62.588934047093964
2100	68.35667698449498
2101	68.35667698449498
2102	60.2068982839888
2103	60.2068982839888
2104	68.5
2105	68.5
2106	64.47703992556892
2107	64.47703992556892
2108	68.5
2109	68.5
2110	48.04480932663598
2111	48.04480932663598
2112	48.00320901502867
2113	48.00320901502867
2114	59.60797067537373
2115	59.60797067537373
2116	21.8550246124964
2117	21.8550246124964
2118	45.81957005974002
2119	45.81957005974002
2120	68.5
2121	68.5
2122	68.5
2123	68.5
2124	51.57780590653138
2125	51.57780590653138
2126	9.992665161920037
2127	9.992665161920037
2128	53.079202636617026
2129	53.079202636617026
2130	68.5
2131	68.5
2132	38.53031303053213
2133	38.53031303053213
2134	45.0074675882974
2135	45.0074675882974
2136	24.670425068235353
2137	24.670425068235353
2138	27.610640849812548
2139	27.610640849812548
2140	37.85044590039294
2141	37.85044590039294
2142	57.10577059514663
2143	57.10577059514663
2144	0.1
2145	0.1
2146	32.788807715187104
2147	32.788807715187104
2148	34.31629296403906
2149	34.31629296403906
2150	58.53821382095924
2151	58.53821382095924
2152	51.94580838200382
2153	51.94580838200382
2154	56.54788861349095
2155	56.54788861349095
2156	22.08416003297122
2157	22.08416003297122
2158	34.40634393674787
2159	34.40634393674787
2160	25.233863483605766
2161	25.233863483605766
2162	48.22693094602624
2163	48.22693094602624
2164	68.5
2165	68.5
2166	58.87283012218022
2167	58.87283012218022
2168	57.5525225209283
2169	57.5525225209283
2170	67.33913632628374
2171	67.33913632628374
2172	68.5
2173	68.5
2174	68.5
2175	68.5
2176	51.7349055194458
2177	51.7349055194458
2178	68.5
2179	68.5
2180	68.5
2181	68.5
2182	59.1035183071869
2183	59.1035183071869
2184	47.08374799717876
2185	47.08374799717876
2186	68.5
2187	68.5
2188	56.5544447716968
2189	56.5544447716968
2190	68.5
2191	68.5
2192	68.5
2193	68.5
2194	24.038403889215182
2195	24.038403889215182
2196	68.5
2197	68.5
2198	46.02701761606987
2199	46.02701761606987
2200	68.5
2201	68.5
2202	68.5
2203	68.5
2204	68.5
2205	68.5
2206	22.904161260114044
2207	22.904161260114044
2208	68.5
2209	68.5
2210	22.5828443619488
2211	22.5828443619488
2212	42.044996501257785
2213	42.044996501257785
2214	65.45558494644298
2215	65.45558494644298
2216	67.22410073706209
2217	67.22410073706209
2218	68.5
2219	68.5
2220	8.68815636710056
2221	8.68815636710056
2222	64.40350278178099
2223	64.40350278178099
2224	68.5
2225	68.5
2226	36.90049796769629
2227	36.90049796769629
2228	42.255860504797226
2229	42.255860504797226
2230	18.20502809434621
2231	18.20502809434621
2232	68.5
2233	68.5
2234	57.27226532396441
2235	57.27226532396441
2236	59.357625813697275
2237	59.357625813697275
2238	68.5
2239	68.5
2240	68.5
2241	68.5
2242	62.1935398243334
2243	62.1935398243334
2244	45.26411570627161
2245	45.26411570627161
2246	68.5
2247	68.5
2248	55.975064881024714
2249	55.975064881024714
2250	64.85157226458634
2251	64.85157226458634
2252	62.47149643567509
2253	62.47149643567509
2254	17.66411719444354
2255	17.66411719444354
2256	49.01969591858163
2257	49.01969591858163
2258	68.5
2259	68.5
2260	68.5
2261	68.5
2262	62.81415742440808
2263	62.81415742440808
2264	64.48117303442312
2265	64.48117303442312
2266	49.191191264886925
2267	49.191191264886925
2268	48.02673764665026
2269	48.02673764665026
2270	33.878607699853816
2271	33.878607699853816
2272	64.39619300665683
2273	64.39619300665683
2274	68.5
2275	68.5
2276	24.222494728260983
2277	24.222494728260983
2278	50.65083770419732
2279	50.65083770419732
2280	68.5
2281	68.5
2282	66.56661789887313
2283	66.56661789887313
2284	32.234031860622544
2285	32.234031860622544
2286	68.5
2287	68.5
2288	68.5
2289	68.5
2290	47.80551947758752
2291	47.80551947758752
2292	30.678219066987968
2293	30.678219066987968
2294	68.5
2295	68.5
2296	68.5
2297	68.5
2298	39.75067073284342
2299	39.75067073284342
2300	52.30358924250282
2301	52.30358924250282
2302	65.28930114003064
2303	65.28930114003064
2304	53.00450616253289
2305	53.00450616253289
2306	68.5
2307	68.5
2308	68.5
2309	68.5
2310	29.391145164388497
2311	29.391145164388497
2312	68.5
2313	68.5
2314	32.37244241551048
2315	32.37244241551048
2316	28.22767585927315
2317	28.22767585927315
2318	68.5
2319	68.5
2320	68.5
2321	68.5
2322	44.6554884123714
2323	44.6554884123714
2324	68.5
2325	68.5
2326	68.5
2327	68.5
2328	57.73530123570318
2329	57.73530123570318
2330	68.5
2331	68.5
2332	49.43020981998978
2333	49.43020981998978
2334	66.21451239027053
2335	66.21451239027053
2336	26.61271015031236
2337	26.61271015031236
2338	65.49293251237587
2339	65.49293251237587
2340	58.40887808374995
2341	58.40887808374995
2342	8.045367682591376
2343	8.045367682591376
2344	55.86124240576148
2345	55.86124240576148
2346	68.5
2347	68.5
2348	68.5
2349	68.5
2350	68.5
2351	68.5
2352	25.822207132919367
2353	25.822207132919367
2354	56.65303257454149
2355	56.65303257454149
2356	65.83184298174034
2357	65.83184298174034
2358	53.908680925598965
2359	53.908680925598965
2360	34.84061479180907
2361	34.84061479180907
2362	56.66361223147839
2363	56.66361223147839
2364	37.84870733724329
2365	37.84870733724329
2366	44.521571982767604
2367	44.521571982767604
2368	45.72454505271688
2369	45.72454505271688
2370	60.36404697238332
2371	60.36404697238332
2372	68.5
2373	68.5
2374	49.18766918444648
2375	49.18766918444648
2376	40.12723432194091
2377	40.12723432194091
2378	68.5
2379	68.5
2380	68.5
2381	68.5
2382	68.5
2383	68.5
2384	67.16389893899145
2385	67.16389893899145
2386	68.5
2387	68.5
2388	68.5
2389	68.5
2390	43.32879752684944
2391	43.32879752684944
2392	46.0540345742547
2393	46.0540345742547
2394	60.11896801572458
2395	60.11896801572458
2396	53.21534692056598
2397	53.21534692056598
2398	68.5
2399	68.5
2400	68.0870286755365
2401	68.0870286755365
2402	68.5
2403	68.5
2404	47.07565059422451
2405	47.07565059422451
2406	26.448340455997148
2407	26.448340455997148
2408	68.5
2409	68.5
2410	60.843904001215755
2411	60.843904001215755
2412	68.5
2413	68.5
2414	49.92712502795663
2415	49.92712502795663
2416	68.5
2417	68.5
2418	13.568049249304785
2419	13.568049249304785
2420	68.5
2421	68.5
2422	68.5
2423	68.5
2424	45.67350727760419
2425	45.67350727760419
2426	66.06506545691519
2427	66.06506545691519
2428	49.08916986070389
2429	49.08916986070389
2430	30.312149401897262
2431	30.312149401897262
2432	51.68778120720302
2433	51.68778120720302
2434	34.38780898924749
2435	34.38780898924749
2436	42.77051020732394
2437	42.77051020732394
2438	68.5
2439	68.5
2440	1.8474213856506552
2441	1.8474213856506552
2442	51.64835813499101
2443	51.64835813499101
2444	68.5
2445	68.5
2446	68.5
2447	68.5
2448	68.5
2449	68.5
2450	47.39725694163206
2451	47.39725694163206
2452	68.5
2453	68.5
2454	62.30343921986718
2455	62.30343921986718
2456	68.5
2457	68.5
2458	63.480999081090744
2459	63.480999081090744
2460	33.45462933092779
2461	33.45462933092779
2462	68.5
2463	68.5
2464	64.76971785858886
2465	64.76971785858886
2466	64.82582767239546
2467	64.82582767239546
2468	68.5
2469	68.5
2470	68.5
2471	68.5
2472	68.5
2473	68.5
2474	53.22920646838075
2475	53.22920646838075
2476	66.21797395740124
2477	66.21797395740124
2478	53.658960658782064
2479	53.658960658782064
2480	47.829056542322974
2481	47.829056542322974
2482	68.5
2483	68.5
2484	56.935720904099696
2485	56.935720904099696
2486	68.5
2487	68.5
2488	33.259811163726255
2489	33.259811163726255
2490	68.5
2491	68.5
2492	41.68434980912035
2493	41.68434980912035
2494	68.5
2495	68.5
2496	68.5
2497	68.5
2498	68.5
2499	68.5
2500	68.5
2501	68.5
2502	48.5675854232509
2503	48.5675854232509
2504	58.71770042757788
2505	58.71770042757788
2506	52.30079014692855
2507	52.30079014692855
2508	49.43725348690873
2509	49.43725348690873
2510	54.31514452095833
2511	54.31514452095833
2512	68.5
2513	68.5
2514	52.02827420876143
2515	52.02827420876143
2516	54.567737751352794
2517	54.567737751352794
2518	58.99740916730326
2519	58.99740916730326
2520	68.5
2521	68.5
2522	46.2529886441598
2523	46.2529886441598
2524	66.45209218837036
2525	66.45209218837036
2526	59.29707976548774
2527	59.29707976548774
2528	35.62062383966023
2529	35.62062383966023
2530	31.27185062905311
2531	31.27185062905311
2532	68.5
2533	68.5
2534	68.5
2535	68.5
2536	68.5
2537	68.5
2538	68.5
2539	68.5
2540	66.7940889117332
2541	66.7940889117332
2542	68.5
2543	68.5
2544	42.643987772402525
2545	42.643987772402525
2546	36.94162294031553
2547	36.94162294031553
2548	68.5
2549	68.5
2550	68.5
2551	68.5
2552	68.5
2553	68.5
2554	40.85647278128978
2555	40.85647278128978
2556	44.631314751625354
2557	44.631314751625354
2558	68.5
2559	68.5
2560	46.68946866796955
2561	46.68946866796955
2562	67.33953901367383
2563	67.33953901367383
2564	61.817940777890016
2565	61.817940777890016
2566	14.401751243637506
2567	14.401751243637506
2568	61.60111603031488
2569	61.60111603031488
2570	44.60461173517638
2571	44.60461173517638
2572	68.5
2573	68.5
2574	61.2560148478092
2575	61.2560148478092
2576	68.5
2577	68.5
2578	60.1686666549158
2579	60.1686666549158
2580	39.38976026060862
2581	39.38976026060862
2582	33.65865291861219
2583	33.65865291861219
2584	68.00589111266643
2585	68.00589111266643
2586	29.429170551829593
2587	29.429170551829593
2588	68.5
2589	68.5
2590	64.37510105060561
2591	64.37510105060561
2592	65.7329737174161
2593	65.7329737174161
2594	65.54900667641056
2595	65.54900667641056
2596	68.5
2597	68.5
2598	68.5
2599	68.5
2600	43.903696979399385
2601	43.903696979399385
2602	68.5
2603	68.5
2604	49.36468018606573
2605	49.36468018606573
2606	68.5
2607	57.12386823399057
2608	57.12386823399057
2609	52.239227628121284
2610	52.239227628121284
2611	43.450827298175355
2612	43.450827298175355
2613	36.240899138911345
2614	36.240899138911345
2615	68.5
2616	42.51719189841656
2617	42.51719189841656
2618	46.37751617755661
2619	46.37751617755661
2620	41.783866214519946
2621	41.783866214519946
2622	67.46515536349449
2623	67.46515536349449
2624	9.287564432688825
2625	9.287564432688825
2626	65.22863204835534
2627	65.22863204835534
2628	68.5
2629	68.5
2630	68.5
2631	68.5
2632	49.10076335846845
2633	49.10076335846845
2634	56.14021177336419
2635	56.14021177336419
2636	68.5
2637	68.5
2638	65.14228127539873
2639	65.14228127539873
2640	41.43107555298464
2641	41.43107555298464
2642	34.803852650131134
2643	34.803852650131134
2644	60.36023424201554
2645	60.36023424201554
2646	46.08164914929141
2647	46.08164914929141
2648	68.5
2649	68.5
2650	10.545993716014344
2651	10.545993716014344
2652	30.174939127021112
2653	30.174939127021112
2654	36.81714811920035
2655	36.81714811920035
2656	68.5
2657	68.5
2658	38.79867588922353
2659	38.79867588922353
2660	54.30064966809252
2661	54.30064966809252
2662	50.985401702799194
2663	50.985401702799194
2664	68.5
2665	68.5
2666	60.61726965467367
2667	60.61726965467367
2668	68.5
2669	68.5
2670	68.5
2671	68.5
2672	68.5
2673	68.5
2674	41.80809774482913
2675	41.80809774482913
2676	68.5
2677	68.5
2678	68.5
2679	68.5
2680	68.5
2681	68.5
2682	68.5
2683	68.5
2684	68.5
2685	68.5
2686	46.0116225526928
2687	46.0116225526928
2688	62.74922200995704
2689	62.74922200995704
2690	32.488482397025194
2691	32.488482397025194
2692	36.92023292448086
2693	36.92023292448086
2694	68.5
2695	68.5
2696	35.83966765820695
2697	35.83966765820695
2698	68.5
2699	68.5
2700	9.477257242461008
2701	9.477257242461008
2702	68.5
2703	68.5
2704	65.43438865250782
2705	65.43438865250782
2706	49.72648121654114
2707	49.72648121654114
2708	38.54722421040971
2709	38.54722421040971
2710	34.7058424766018
2711	34.7058424766018
2712	68.5
2713	68.5
2714	68.5
2715	68.5
2716	68.5
2717	68.5
2718	47.877887280276596
2719	47.877887280276596
2720	67.20947403123763
2721	67.20947403123763
2722	68.5
2723	68.5
2724	30.256008074799766
2725	30.256008074799766
2726	68.5
2727	68.5
2728	57.631699516488645
2729	57.631699516488645
2730	68.5
2731	68.5
2732	68.5
2733	68.5
2734	68.5
2735	68.5
2736	59.50240927919997
2737	59.50240927919997
2738	48.55938032786413
2739	48.55938032786413
2740	2.3154177650364005
2741	2.3154177650364005
2742	42.49031424978392
2743	42.49031424978392
2744	68.5
2745	68.5
2746	68.5
2747	68.5
2748	46.3104889371278
2749	46.3104889371278
2750	68.5
2751	68.5
2752	68.5
2753	68.5
2754	68.5
2755	68.5
2756	68.5
2757	50.56919319922013
2758	50.56919319922013
2759	55.347853834827916
2760	55.347853834827916
2761	68.5
2762	68.5
2763	68.5
2764	68.5
2765	47.15112740527792
2766	47.15112740527792
2767	48.33075740142662
2768	48.33075740142662
2769	49.289803325520964
