0	26.6
1	26.6
2	26.6
3	26.6
4	26.6
5	24.78259309612016
6	24.78259309612016
7	24.78259309612016
8	24.78259309612016
9	24.78259309612016
10	24.082933658597536
11	24.082933658597536
12	24.082933658597536
13	24.082933658597536
14	24.082933658597536
15	26.465375675915826
16	26.465375675915826
17	26.465375675915826
18	26.465375675915826
19	26.465375675915826
20	25.7549850006646
21	25.7549850006646
22	25.7549850006646
23	25.7549850006646
24	25.7549850006646
25	25.2782603154825
26	25.2782603154825
27	25.2782603154825
28	25.2782603154825
29	25.2782603154825
30	24.808916993197347
31	24.808916993197347
32	24.808916993197347
33	24.808916993197347
34	24.808916993197347
35	24.966073200882725
36	24.966073200882725
37	24.966073200882725
38	24.966073200882725
39	24.966073200882725
40	25.88912254175422
41	25.88912254175422
42	25.88912254175422
43	25.88912254175422
44	25.88912254175422
45	24.242782161293718
46	24.242782161293718
47	24.242782161293718
48	24.242782161293718
49	24.242782161293718
50	26.6
51	26.6
52	26.6
53	26.6
54	26.6
55	24.71455625928964
56	24.71455625928964
57	24.71455625928964
58	24.71455625928964
59	24.71455625928964
60	24.78087535579319
61	24.78087535579319
62	24.78087535579319
63	24.78087535579319
64	24.78087535579319
65	25.05914871441077
66	25.05914871441077
67	25.05914871441077
68	25.05914871441077
69	25.05914871441077
70	26.275787996978654
71	26.275787996978654
72	26.275787996978654
73	26.275787996978654
74	26.275787996978654
75	25.782518135190834
76	25.782518135190834
77	25.782518135190834
78	25.782518135190834
79	25.782518135190834
80	26.250479234104766
81	26.250479234104766
82	26.250479234104766
83	26.250479234104766
84	26.250479234104766
85	26.6
86	26.6
87	26.6
88	26.6
89	26.6
90	23.437358464431902
91	23.437358464431902
92	23.437358464431902
93	23.437358464431902
94	23.437358464431902
95	22.236992787130095
96	22.236992787130095
97	22.236992787130095
98	22.236992787130095
99	22.236992787130095
100	23.29196869973371
101	23.29196869973371
102	23.29196869973371
103	23.29196869973371
104	23.29196869973371
105	23.69692458890725
106	23.69692458890725
107	23.69692458890725
108	23.69692458890725
109	23.69692458890725
110	23.90572874847479
111	23.90572874847479
112	23.90572874847479
113	23.90572874847479
114	23.90572874847479
115	22.550726533044216
116	22.550726533044216
117	22.550726533044216
118	22.550726533044216
119	22.550726533044216
120	22.921079432705913
121	22.921079432705913
122	22.921079432705913
123	22.921079432705913
124	22.921079432705913
125	22.81496842357436
126	22.81496842357436
127	22.81496842357436
128	22.81496842357436
129	22.81496842357436
130	24.04801303054119
131	24.04801303054119
132	24.04801303054119
133	24.04801303054119
134	24.04801303054119
135	24.13799701609418
136	24.13799701609418
137	24.13799701609418
138	24.13799701609418
139	24.13799701609418
140	23.51751476407566
141	23.51751476407566
142	23.51751476407566
143	23.51751476407566
144	23.51751476407566
145	22.730907573324753
146	22.730907573324753
147	22.730907573324753
148	22.730907573324753
149	22.730907573324753
150	22.241508942373773
151	22.241508942373773
152	22.241508942373773
153	22.241508942373773
154	22.241508942373773
155	22.98618848857067
156	22.98618848857067
157	22.98618848857067
158	22.98618848857067
159	22.98618848857067
160	23.15108437273878
161	23.15108437273878
162	23.15108437273878
163	23.15108437273878
164	23.15108437273878
165	22.3667939230724
166	22.3667939230724
167	22.3667939230724
168	22.3667939230724
169	22.3667939230724
170	21.848644852988272
171	21.848644852988272
172	21.848644852988272
173	21.848644852988272
174	21.848644852988272
175	22.822490955842053
176	22.822490955842053
177	22.822490955842053
178	22.822490955842053
179	22.822490955842053
180	24.279698284511337
181	24.279698284511337
182	24.279698284511337
183	24.279698284511337
184	24.279698284511337
185	22.952347723212537
186	22.952347723212537
187	22.952347723212537
188	22.952347723212537
189	22.952347723212537
190	23.800705593755513
191	23.800705593755513
192	23.800705593755513
193	23.800705593755513
194	21.737760864227543
195	21.737760864227543
196	21.737760864227543
197	21.737760864227543
198	21.737760864227543
199	19.7662797321715
200	19.7662797321715
201	19.7662797321715
202	19.7662797321715
203	19.7662797321715
204	22.220182471745655
205	22.220182471745655
206	22.220182471745655
207	22.220182471745655
208	22.220182471745655
209	21.180867819982335
210	21.180867819982335
211	21.180867819982335
212	26.6
213	26.6
214	26.6
215	26.6
216	26.6
217	26.6
218	26.6
219	26.6
220	26.6
221	26.6
222	25.361625630133467
223	25.361625630133467
224	25.361625630133467
225	25.361625630133467
226	25.361625630133467
227	26.6
228	26.6
229	26.6
230	26.6
231	26.6
232	26.6
233	26.6
234	26.6
235	26.6
236	26.6
237	26.6
238	26.6
239	26.6
240	26.6
241	26.6
242	26.6
243	26.6
244	26.6
245	26.6
246	26.6
247	26.490752901978468
248	26.490752901978468
249	26.490752901978468
250	26.490752901978468
251	26.490752901978468
252	26.6
253	26.6
254	26.6
255	26.6
256	26.6
257	25.73072075423019
258	25.73072075423019
259	25.73072075423019
260	25.73072075423019
261	25.73072075423019
262	26.6
263	26.6
264	26.6
265	26.6
266	26.6
267	26.6
268	26.6
269	26.6
270	26.6
271	26.6
272	26.6
273	26.6
274	26.6
275	26.6
276	26.6
277	26.119670982647417
278	26.119670982647417
279	26.119670982647417
280	26.119670982647417
281	26.119670982647417
282	25.23283617015916
283	25.23283617015916
284	25.23283617015916
285	25.23283617015916
286	25.23283617015916
287	25.294911855226502
288	25.294911855226502
289	25.294911855226502
290	25.294911855226502
291	25.294911855226502
292	26.011116487719136
293	26.011116487719136
294	26.011116487719136
295	26.011116487719136
296	26.011116487719136
297	26.6
298	26.6
299	26.6
300	26.6
301	26.6
302	26.6
303	26.6
304	26.6
305	26.6
306	26.6
307	26.6
308	26.6
309	26.6
310	26.6
311	26.6
312	26.6
313	26.6
314	26.6
315	26.6
316	26.6
317	26.6
318	26.6
319	26.6
320	26.6
321	26.6
322	26.35829067813938
323	26.35829067813938
324	26.35829067813938
325	26.35829067813938
326	26.35829067813938
327	26.6
328	26.6
329	26.6
330	26.6
331	26.6
332	26.6
333	26.6
334	26.6
335	26.6
336	26.6
337	26.375109631957095
338	26.375109631957095
339	26.375109631957095
340	26.375109631957095
341	26.375109631957095
342	26.6
343	26.6
344	26.6
345	26.6
346	26.6
347	26.35112613268132
348	26.35112613268132
349	26.35112613268132
350	26.35112613268132
351	26.35112613268132
352	26.6
353	26.6
354	26.6
355	26.6
356	26.6
357	26.6
358	26.6
359	26.6
360	26.6
361	26.6
362	26.6
363	26.6
364	26.6
365	26.6
366	26.6
367	26.6
368	26.6
369	26.6
370	26.6
371	26.6
372	26.6
373	26.6
374	26.6
375	26.6
376	26.6
377	26.6
378	26.6
379	26.6
380	26.6
381	26.6
382	26.6
383	26.6
384	26.6
385	26.6
386	26.6
387	26.6
388	26.6
389	26.6
390	26.6
391	26.6
392	26.6
393	26.6
394	26.6
395	26.6
396	26.6
397	26.6
398	26.6
399	26.6
400	26.6
401	26.6
402	26.6
403	26.6
404	26.6
405	26.6
406	26.6
407	25.77537802149942
408	25.77537802149942
409	25.77537802149942
410	25.77537802149942
411	25.77537802149942
412	24.874733415171317
413	24.874733415171317
414	24.874733415171317
415	24.874733415171317
416	24.874733415171317
417	26.6
418	26.6
419	26.6
420	26.6
421	26.6
422	26.219056996170778
423	26.219056996170778
424	26.219056996170778
425	26.219056996170778
426	26.219056996170778
427	26.6
428	26.6
429	26.6
430	26.6
431	26.6
432	26.6
433	26.6
434	26.6
435	26.6
436	26.6
437	26.091162393265236
438	26.091162393265236
439	26.091162393265236
440	26.091162393265236
441	26.091162393265236
442	26.6
443	26.6
444	26.6
445	26.6
446	26.6
447	24.561441482655876
448	24.561441482655876
449	24.561441482655876
450	24.561441482655876
451	24.561441482655876
452	26.53459153455996
453	26.53459153455996
454	26.53459153455996
455	26.53459153455996
456	26.53459153455996
457	26.6
458	26.6
459	26.6
460	26.6
461	26.6
462	26.250281807452957
463	26.250281807452957
464	26.250281807452957
465	26.250281807452957
466	26.250281807452957
467	25.903383756006473
468	25.903383756006473
469	25.903383756006473
470	25.903383756006473
471	25.903383756006473
472	26.6
473	26.6
474	26.6
475	26.6
476	26.6
477	26.6
478	26.6
479	26.6
480	26.6
481	26.6
482	26.6
483	26.6
484	26.6
485	26.6
486	26.6
487	26.047434371976756
488	26.047434371976756
489	26.047434371976756
490	26.047434371976756
491	26.047434371976756
492	26.6
493	26.6
494	26.6
495	26.6
496	26.6
497	26.6
498	26.6
499	26.6
500	26.6
501	26.6
502	25.61267186369786
503	25.61267186369786
504	25.61267186369786
505	25.61267186369786
506	25.61267186369786
507	26.56911859224018
508	26.56911859224018
509	26.56911859224018
510	26.56911859224018
511	26.56911859224018
512	24.566368592442142
513	24.566368592442142
514	24.566368592442142
515	24.566368592442142
516	24.566368592442142
517	26.6
518	26.6
519	26.6
520	26.6
521	26.6
522	24.67803437542215
523	24.67803437542215
524	24.67803437542215
525	24.67803437542215
526	24.67803437542215
527	25.917345370552756
528	25.917345370552756
529	25.917345370552756
530	25.917345370552756
531	25.917345370552756
532	26.6
533	26.6
534	26.6
535	26.6
536	26.6
537	26.6
538	26.6
539	26.6
540	26.6
541	26.6
542	26.6
543	26.6
544	26.6
545	26.6
546	26.6
547	26.6
548	26.6
549	26.6
550	26.6
551	26.6
552	25.596895969210156
553	25.596895969210156
554	25.596895969210156
555	25.596895969210156
556	25.596895969210156
557	26.6
558	26.6
559	26.6
560	26.6
561	26.6
562	25.88879050699306
563	25.88879050699306
564	25.88879050699306
565	25.88879050699306
566	25.88879050699306
567	25.26505905901682
568	25.26505905901682
569	25.26505905901682
570	25.26505905901682
571	25.26505905901682
572	26.6
573	26.6
574	26.6
575	26.6
576	26.6
577	26.6
578	26.6
579	26.6
580	26.6
581	26.6
582	25.84658018570792
583	25.84658018570792
584	25.84658018570792
585	25.84658018570792
586	25.84658018570792
587	26.6
588	26.6
589	26.6
590	26.6
591	26.6
592	26.255964843049952
593	26.255964843049952
594	26.255964843049952
595	26.255964843049952
596	26.255964843049952
597	25.506873602959654
598	25.506873602959654
599	25.506873602959654
600	25.506873602959654
601	25.506873602959654
602	26.306786535787516
603	26.306786535787516
604	26.306786535787516
605	26.306786535787516
606	26.306786535787516
607	24.82425476619341
608	24.82425476619341
609	24.82425476619341
610	24.82425476619341
611	24.82425476619341
612	25.45234407325035
613	25.45234407325035
614	25.45234407325035
615	25.45234407325035
616	25.45234407325035
617	26.6
618	26.6
619	26.6
620	26.6
621	26.6
622	25.787671079747216
623	25.787671079747216
624	25.787671079747216
625	25.787671079747216
626	25.787671079747216
627	26.6
628	26.6
629	26.6
630	26.6
631	26.6
632	26.07310112043696
633	26.07310112043696
634	26.07310112043696
635	26.07310112043696
636	26.07310112043696
637	24.96801517167528
638	24.96801517167528
639	24.96801517167528
640	24.96801517167528
641	24.96801517167528
642	26.6
643	26.6
644	26.6
645	26.6
646	26.6
647	24.856071385254698
648	24.856071385254698
649	24.856071385254698
650	24.856071385254698
651	24.856071385254698
652	26.6
653	26.6
654	26.6
655	26.6
656	26.6
657	25.72098431693786
658	25.72098431693786
659	25.72098431693786
660	25.72098431693786
661	25.72098431693786
662	26.373209049359843
663	26.373209049359843
664	26.373209049359843
665	26.373209049359843
666	26.373209049359843
667	26.178411323379887
668	26.178411323379887
669	26.178411323379887
670	26.178411323379887
671	26.178411323379887
672	26.04705985525435
673	26.04705985525435
674	26.04705985525435
675	26.04705985525435
676	26.04705985525435
677	26.6
678	26.6
679	26.6
680	26.6
681	26.6
682	25.778794354454416
683	25.778794354454416
684	25.778794354454416
685	25.778794354454416
686	25.778794354454416
687	26.6
688	26.6
689	26.6
690	26.6
691	26.6
692	26.6
693	26.6
694	26.6
695	26.6
696	26.6
697	26.04720323947118
698	26.04720323947118
699	26.04720323947118
700	26.04720323947118
701	26.04720323947118
702	26.6
703	26.6
704	26.6
705	26.6
706	26.6
707	26.6
708	26.6
709	26.6
710	26.6
711	26.6
712	26.056183646425385
713	26.056183646425385
714	26.056183646425385
715	26.056183646425385
716	26.056183646425385
717	26.6
718	26.6
719	26.6
720	26.6
721	26.6
722	24.66292948244019
723	24.66292948244019
724	24.66292948244019
725	24.66292948244019
726	24.66292948244019
727	25.508093914002302
728	25.508093914002302
729	25.508093914002302
730	25.508093914002302
731	25.508093914002302
732	26.6
733	26.6
734	26.6
735	26.6
736	26.6
737	26.6
738	26.6
739	26.6
740	26.6
741	26.6
742	26.381891809808238
743	26.381891809808238
744	26.381891809808238
745	26.381891809808238
746	26.381891809808238
747	26.6
748	26.6
749	26.6
750	26.6
751	26.6
752	24.84476139100696
753	24.84476139100696
754	24.84476139100696
755	24.84476139100696
756	24.84476139100696
757	26.6
758	26.6
759	26.6
760	26.6
761	26.6
762	26.6
763	26.6
764	26.6
765	26.6
766	26.6
767	26.6
768	26.6
769	25.14497706538251
770	25.14497706538251
771	25.14497706538251
772	25.14497706538251
773	25.14497706538251
774	24.788718898350037
775	24.788718898350037
776	24.788718898350037
777	24.788718898350037
778	24.788718898350037
779	25.55143750540667
780	25.55143750540667
781	25.55143750540667
782	25.55143750540667
783	25.55143750540667
784	23.947134563421272
785	23.947134563421272
786	23.947134563421272
787	23.947134563421272
788	23.947134563421272
789	23.896526054689307
790	23.896526054689307
791	23.896526054689307
792	23.896526054689307
793	23.896526054689307
794	23.720618502778628
795	23.720618502778628
796	23.720618502778628
797	23.720618502778628
798	23.720618502778628
799	25.798357654997208
800	25.798357654997208
801	25.798357654997208
802	25.798357654997208
803	25.798357654997208
804	26.06076007339898
805	26.06076007339898
806	26.06076007339898
807	26.06076007339898
808	26.06076007339898
809	24.137104491031128
810	24.137104491031128
811	24.137104491031128
812	24.137104491031128
813	24.137104491031128
814	25.493211483631296
815	25.493211483631296
816	25.493211483631296
817	25.493211483631296
818	25.493211483631296
819	25.464005352205493
820	25.464005352205493
821	25.464005352205493
822	25.464005352205493
823	25.464005352205493
824	23.843706998726354
825	23.843706998726354
826	23.843706998726354
827	23.843706998726354
828	23.843706998726354
829	23.953451893593936
830	23.953451893593936
831	23.953451893593936
832	23.953451893593936
833	23.953451893593936
834	25.24509649931321
835	25.24509649931321
836	25.24509649931321
837	25.24509649931321
838	25.24509649931321
839	24.673037441037053
840	24.673037441037053
841	24.673037441037053
842	24.673037441037053
843	24.673037441037053
844	24.90611477821052
845	24.90611477821052
846	24.90611477821052
847	24.90611477821052
848	24.90611477821052
849	24.304724480469595
850	24.304724480469595
851	24.304724480469595
852	24.304724480469595
853	24.304724480469595
854	24.594493093807916
855	24.594493093807916
856	24.594493093807916
857	24.594493093807916
858	24.594493093807916
859	24.650260498997334
860	24.650260498997334
861	24.650260498997334
862	24.650260498997334
863	24.650260498997334
864	25.608257423010414
865	25.608257423010414
866	25.608257423010414
867	25.608257423010414
868	25.608257423010414
869	24.968292401078973
870	24.968292401078973
871	24.968292401078973
872	24.968292401078973
873	24.968292401078973
874	26.6
875	26.6
876	26.6
877	26.6
878	26.6
879	24.7731957929198
880	24.7731957929198
881	24.7731957929198
882	24.7731957929198
883	24.7731957929198
884	25.28294902915632
885	25.28294902915632
886	25.28294902915632
887	25.28294902915632
888	25.28294902915632
889	26.6
890	26.6
891	26.6
892	26.6
893	26.6
894	24.942262854897574
895	24.942262854897574
896	24.942262854897574
897	24.942262854897574
898	24.942262854897574
899	24.990546650494643
900	24.990546650494643
901	24.990546650494643
902	24.990546650494643
903	24.990546650494643
904	24.432280388907373
905	24.432280388907373
906	24.432280388907373
907	24.432280388907373
908	24.432280388907373
909	25.915430544645826
910	25.915430544645826
911	25.915430544645826
912	25.915430544645826
913	25.915430544645826
914	24.16793657173491
915	24.16793657173491
916	24.16793657173491
917	24.16793657173491
918	24.16793657173491
919	26.333787542578346
920	26.333787542578346
921	26.333787542578346
922	26.333787542578346
923	26.333787542578346
924	25.55565457124953
925	25.55565457124953
926	25.55565457124953
927	25.55565457124953
928	25.55565457124953
929	23.651197937267195
930	23.651197937267195
931	23.651197937267195
932	23.651197937267195
933	23.651197937267195
934	24.604230680593396
935	24.604230680593396
936	24.604230680593396
937	24.604230680593396
938	24.604230680593396
939	24.656578537774614
940	24.656578537774614
941	24.656578537774614
942	24.656578537774614
943	24.656578537774614
944	24.94167548509897
945	24.94167548509897
946	24.94167548509897
947	24.94167548509897
948	24.94167548509897
949	23.77769492853366
950	23.77769492853366
951	23.77769492853366
952	23.77769492853366
953	23.77769492853366
954	25.06570580804214
955	25.06570580804214
956	25.06570580804214
957	25.06570580804214
958	25.06570580804214
959	26.6
960	26.6
961	26.6
962	26.6
963	26.6
964	26.276407351410146
965	26.276407351410146
966	26.276407351410146
967	26.276407351410146
968	26.276407351410146
969	22.984585086380033
970	22.984585086380033
971	22.984585086380033
972	22.984585086380033
973	22.984585086380033
974	25.16983293858422
975	25.16983293858422
976	25.16983293858422
977	25.16983293858422
978	25.16983293858422
979	24.760529460714213
980	24.760529460714213
981	24.760529460714213
982	24.760529460714213
983	24.760529460714213
984	24.017760174479488
985	24.017760174479488
986	24.017760174479488
987	24.017760174479488
988	24.017760174479488
989	23.924474693415778
990	23.924474693415778
991	23.924474693415778
992	23.924474693415778
993	23.924474693415778
994	22.823165597882237
995	22.823165597882237
996	22.823165597882237
997	22.823165597882237
998	22.823165597882237
999	24.968047425130734
1000	24.968047425130734
1001	24.968047425130734
1002	24.968047425130734
1003	24.968047425130734
1004	25.088463338317684
1005	25.088463338317684
1006	25.088463338317684
1007	25.088463338317684
1008	25.088463338317684
1009	25.38469816973211
1010	25.38469816973211
1011	25.38469816973211
1012	25.38469816973211
1013	25.38469816973211
1014	25.33870725174375
1015	25.33870725174375
1016	25.33870725174375
1017	25.33870725174375
1018	25.33870725174375
1019	26.5069117701752
1020	26.5069117701752
1021	26.5069117701752
1022	26.5069117701752
1023	26.5069117701752
1024	24.357563574372044
1025	24.357563574372044
1026	24.357563574372044
1027	24.357563574372044
1028	24.357563574372044
1029	24.611807730384076
1030	24.611807730384076
1031	24.611807730384076
1032	24.611807730384076
1033	24.611807730384076
1034	23.86632695913266
1035	23.86632695913266
1036	23.86632695913266
1037	23.86632695913266
1038	23.86632695913266
1039	23.635099394092954
1040	23.635099394092954
1041	23.635099394092954
1042	23.635099394092954
1043	23.635099394092954
1044	24.733324111517874
1045	24.733324111517874
1046	24.733324111517874
1047	24.733324111517874
1048	24.733324111517874
1049	24.43430178768253
1050	24.43430178768253
1051	24.43430178768253
1052	24.43430178768253
1053	24.43430178768253
1054	26.086479256235595
1055	26.086479256235595
1056	26.086479256235595
1057	26.086479256235595
1058	26.086479256235595
1059	25.383238239457558
1060	25.383238239457558
1061	25.383238239457558
1062	25.383238239457558
1063	25.383238239457558
1064	25.675617242962346
1065	25.675617242962346
1066	25.675617242962346
1067	25.675617242962346
1068	25.675617242962346
1069	25.561666804165476
1070	25.561666804165476
1071	25.561666804165476
1072	25.561666804165476
1073	25.561666804165476
1074	25.832922792304643
1075	25.832922792304643
1076	25.832922792304643
1077	25.832922792304643
1078	25.832922792304643
1079	24.359573346180706
1080	24.359573346180706
1081	24.359573346180706
1082	24.359573346180706
1083	24.359573346180706
1084	25.60181907664598
1085	25.60181907664598
1086	25.60181907664598
1087	25.60181907664598
1088	25.60181907664598
1089	25.23310190491002
1090	25.23310190491002
1091	25.23310190491002
1092	25.23310190491002
1093	25.23310190491002
1094	24.298802777802923
1095	24.298802777802923
1096	24.298802777802923
1097	24.298802777802923
1098	24.298802777802923
1099	25.146704946927617
1100	25.146704946927617
1101	25.146704946927617
1102	25.146704946927617
1103	25.146704946927617
1104	26.023769800979853
1105	26.023769800979853
1106	26.023769800979853
1107	26.023769800979853
1108	26.023769800979853
1109	24.186612281494973
1110	24.186612281494973
1111	24.186612281494973
1112	24.186612281494973
1113	24.186612281494973
1114	25.751459619198023
1115	25.751459619198023
1116	25.751459619198023
1117	25.751459619198023
1118	25.751459619198023
1119	23.215842759868764
1120	23.215842759868764
1121	23.215842759868764
1122	23.215842759868764
1123	23.215842759868764
1124	24.18263947768929
1125	24.18263947768929
1126	24.18263947768929
1127	24.18263947768929
1128	24.18263947768929
1129	26.6
1130	26.6
1131	26.6
1132	26.6
1133	26.6
1134	25.082787385827416
1135	25.082787385827416
1136	25.082787385827416
1137	25.082787385827416
1138	25.082787385827416
1139	24.956080361845945
1140	24.956080361845945
1141	24.956080361845945
1142	24.956080361845945
1143	24.956080361845945
1144	25.715660419207026
1145	25.715660419207026
1146	25.715660419207026
1147	25.715660419207026
1148	25.715660419207026
1149	24.66650847282876
1150	24.66650847282876
1151	24.66650847282876
1152	24.66650847282876
1153	24.66650847282876
1154	23.995147054667477
1155	23.995147054667477
1156	23.995147054667477
1157	23.995147054667477
1158	23.995147054667477
1159	25.176450377166038
1160	25.176450377166038
1161	25.176450377166038
1162	25.176450377166038
1163	25.176450377166038
1164	26.6
1165	26.6
1166	26.6
1167	26.6
1168	26.6
1169	26.6
1170	26.6
1171	26.6
1172	26.6
1173	26.6
1174	26.6
1175	26.6
1176	26.6
1177	26.6
1178	26.6
1179	26.6
1180	26.6
1181	26.6
1182	26.6
1183	26.6
1184	25.448353830339784
1185	25.448353830339784
1186	25.448353830339784
1187	25.448353830339784
1188	25.448353830339784
1189	26.6
1190	26.6
1191	26.6
1192	26.6
1193	26.6
1194	26.6
1195	26.6
1196	26.6
1197	26.6
1198	26.6
1199	25.506757302635407
1200	25.506757302635407
1201	25.506757302635407
1202	25.506757302635407
1203	25.506757302635407
1204	26.6
1205	26.6
1206	26.6
1207	26.6
1208	26.6
1209	26.180866967689248
1210	26.180866967689248
1211	26.180866967689248
1212	26.180866967689248
1213	26.180866967689248
1214	26.266235033617974
1215	26.266235033617974
1216	26.266235033617974
1217	26.266235033617974
1218	26.266235033617974
1219	26.6
1220	26.6
1221	26.6
1222	26.6
1223	26.6
1224	26.6
1225	26.6
1226	26.6
1227	26.6
1228	26.6
1229	24.12621673453175
1230	24.12621673453175
1231	24.12621673453175
1232	24.12621673453175
1233	24.12621673453175
1234	25.295551450053136
1235	25.295551450053136
1236	25.295551450053136
1237	25.295551450053136
1238	25.295551450053136
1239	25.183976470047188
1240	25.183976470047188
1241	25.183976470047188
1242	25.183976470047188
1243	25.183976470047188
1244	26.6
1245	26.6
1246	26.6
1247	26.6
1248	26.6
1249	23.78454024713059
1250	23.78454024713059
1251	23.78454024713059
1252	23.78454024713059
1253	23.78454024713059
1254	25.1546272300189
1255	25.1546272300189
1256	25.1546272300189
1257	25.1546272300189
1258	25.1546272300189
1259	26.6
1260	26.6
1261	26.6
1262	26.6
1263	26.6
1264	26.6
1265	26.6
1266	26.6
1267	26.6
1268	26.6
1269	25.7008626353376
1270	25.7008626353376
1271	25.7008626353376
1272	25.7008626353376
1273	25.7008626353376
1274	24.985721491853585
1275	24.985721491853585
1276	24.985721491853585
1277	24.985721491853585
1278	24.985721491853585
1279	25.66636748897588
1280	25.66636748897588
1281	25.66636748897588
1282	25.66636748897588
1283	25.66636748897588
1284	26.599990389839007
1285	26.599990389839007
1286	26.599990389839007
1287	26.599990389839007
1288	26.599990389839007
1289	26.065451818686288
1290	26.065451818686288
1291	26.065451818686288
1292	26.065451818686288
1293	26.065451818686288
1294	26.6
1295	26.6
1296	26.6
1297	26.6
1298	26.6
1299	26.6
1300	26.6
1301	26.6
1302	26.6
1303	26.6
1304	26.6
1305	26.6
1306	26.6
1307	26.6
1308	26.6
1309	26.6
1310	26.6
1311	26.6
1312	26.6
1313	26.6
1314	26.6
1315	26.6
1316	26.6
1317	26.6
1318	26.6
1319	26.454099908877037
1320	26.454099908877037
1321	26.454099908877037
1322	26.454099908877037
1323	26.454099908877037
1324	26.212100161742477
1325	26.212100161742477
1326	26.212100161742477
1327	26.212100161742477
1328	26.212100161742477
1329	26.6
1330	26.6
1331	26.6
1332	26.6
1333	26.6
1334	26.6
1335	26.6
1336	26.6
1337	26.6
1338	26.6
1339	26.6
1340	26.6
1341	26.6
1342	26.6
1343	26.6
1344	24.87035126199229
1345	24.87035126199229
1346	24.87035126199229
1347	24.87035126199229
1348	24.87035126199229
1349	25.416235334483336
1350	25.416235334483336
1351	25.416235334483336
1352	25.416235334483336
1353	25.416235334483336
1354	24.018067105095565
1355	24.018067105095565
1356	24.018067105095565
1357	24.018067105095565
1358	24.018067105095565
1359	26.32697622525436
1360	26.32697622525436
1361	26.32697622525436
1362	26.32697622525436
1363	26.32697622525436
1364	25.032280513070845
1365	25.032280513070845
1366	25.032280513070845
1367	25.032280513070845
1368	25.032280513070845
1369	24.35425822568475
1370	24.35425822568475
1371	24.35425822568475
1372	24.35425822568475
1373	24.35425822568475
1374	25.778106505985708
1375	25.778106505985708
1376	25.778106505985708
1377	25.778106505985708
1378	25.778106505985708
1379	25.6443474395892
1380	25.6443474395892
1381	25.6443474395892
1382	25.6443474395892
1383	25.6443474395892
1384	25.863199807874448
1385	25.863199807874448
1386	25.863199807874448
1387	25.863199807874448
1388	25.863199807874448
1389	26.6
1390	26.6
1391	26.6
1392	26.6
1393	26.6
1394	26.6
1395	26.6
1396	26.6
1397	26.6
1398	26.6
1399	17.220998436878023
1400	17.220998436878023
1401	17.220998436878023
1402	17.220998436878023
1403	17.220998436878023
1404	16.483931845550877
1405	16.483931845550877
1406	16.483931845550877
1407	16.483931845550877
1408	16.483931845550877
1409	16.75440152785037
1410	16.75440152785037
1411	16.75440152785037
1412	16.75440152785037
1413	16.75440152785037
1414	16.20752455513138
1415	16.20752455513138
1416	16.20752455513138
1417	16.20752455513138
1418	16.20752455513138
1419	16.58061833624216
1420	16.58061833624216
1421	16.58061833624216
1422	16.58061833624216
1423	16.58061833624216
1424	16.023097047255543
1425	16.023097047255543
1426	16.023097047255543
1427	16.023097047255543
1428	16.023097047255543
1429	17.576773584401653
1430	17.576773584401653
1431	17.576773584401653
1432	17.576773584401653
1433	17.576773584401653
1434	16.443179653983716
1435	16.443179653983716
1436	16.443179653983716
1437	16.443179653983716
1438	16.443179653983716
1439	15.722161389922213
1440	15.722161389922213
1441	15.722161389922213
1442	15.722161389922213
1443	15.722161389922213
1444	17.284817117968444
1445	17.284817117968444
1446	17.284817117968444
1447	17.284817117968444
1448	17.284817117968444
1449	15.384662181984694
1450	15.384662181984694
1451	15.384662181984694
1452	15.384662181984694
1453	15.384662181984694
1454	16.159820395351126
1455	16.159820395351126
1456	16.159820395351126
1457	16.159820395351126
1458	16.159820395351126
1459	15.330617473802109
1460	15.330617473802109
1461	15.330617473802109
1462	15.330617473802109
1463	15.330617473802109
1464	15.732675806841646
1465	15.732675806841646
1466	15.732675806841646
1467	15.732675806841646
1468	15.732675806841646
1469	16.846051287032243
1470	16.846051287032243
1471	16.846051287032243
1472	16.846051287032243
1473	16.846051287032243
1474	16.332944975387505
1475	16.332944975387505
1476	16.332944975387505
1477	16.332944975387505
1478	16.332944975387505
1479	15.702115822628219
1480	15.702115822628219
1481	15.702115822628219
1482	15.702115822628219
1483	15.702115822628219
1484	16.539550722669027
1485	16.539550722669027
1486	16.539550722669027
1487	16.539550722669027
1488	16.539550722669027
1489	17.352905915306287
1490	17.352905915306287
1491	17.352905915306287
1492	17.352905915306287
1493	17.352905915306287
1494	16.046584682260935
1495	16.046584682260935
1496	16.046584682260935
1497	16.046584682260935
1498	16.046584682260935
1499	17.023312814902717
1500	17.023312814902717
1501	17.023312814902717
1502	17.023312814902717
1503	17.023312814902717
1504	16.49661879638707
1505	16.49661879638707
1506	16.49661879638707
