0	48.0
1	48.0
2	48.0
3	48.0
4	48.0
5	48.0
6	48.0
7	48.0
8	48.0
9	46.39682335316941
10	46.39682335316941
11	46.39682335316941
12	36.98034416584914
13	36.98034416584914
14	36.98034416584914
15	48.0
16	48.0
17	48.0
18	43.8262492700601
19	43.8262492700601
20	43.8262492700601
21	42.07105690055064
22	42.07105690055064
23	42.07105690055064
24	36.5387050760625
25	36.5387050760625
26	36.5387050760625
27	48.0
28	48.0
29	48.0
30	47.99508816728382
31	47.99508816728382
32	47.99508816728382
33	37.98641582144765
34	37.98641582144765
35	37.98641582144765
36	38.91734907690991
37	38.91734907690991
38	38.91734907690991
39	48.0
40	48.0
41	48.0
42	40.612788947034105
43	40.612788947034105
44	40.612788947034105
45	48.0
46	48.0
47	48.0
48	48.0
49	48.0
50	48.0
51	44.63082542744483
52	44.63082542744483
53	44.63082542744483
54	48.0
55	48.0
56	48.0
57	48.0
58	48.0
59	48.0
60	41.93968645277873
61	41.93968645277873
62	41.93968645277873
63	30.168853063792216
64	30.168853063792216
65	30.168853063792216
66	48.0
67	48.0
68	48.0
69	39.54863621149845
70	39.54863621149845
71	39.54863621149845
72	48.0
73	48.0
74	48.0
75	48.0
76	48.0
77	48.0
78	44.17950637746723
79	44.17950637746723
80	44.17950637746723
81	48.0
82	48.0
83	48.0
84	35.74841483307094
85	35.74841483307094
86	35.74841483307094
87	48.0
88	48.0
89	48.0
90	48.0
91	48.0
92	48.0
93	46.41310012185992
94	46.41310012185992
95	46.41310012185992
96	48.0
97	48.0
98	48.0
99	35.50794273009594
100	35.50794273009594
101	35.50794273009594
102	48.0
103	48.0
104	48.0
105	45.6498711564385
106	45.6498711564385
107	45.6498711564385
108	48.0
109	48.0
110	48.0
111	41.47745131049065
112	41.47745131049065
113	41.47745131049065
114	48.0
115	48.0
116	48.0
117	48.0
118	48.0
119	48.0
120	48.0
121	48.0
122	48.0
123	40.749794478022004
124	40.749794478022004
125	40.749794478022004
126	48.0
127	48.0
128	48.0
129	34.846149078073324
130	34.846149078073324
131	34.846149078073324
132	48.0
133	48.0
134	48.0
135	39.28346856800056
136	39.28346856800056
137	39.28346856800056
138	48.0
139	48.0
140	48.0
141	48.0
142	48.0
143	48.0
144	46.780079037168576
145	46.780079037168576
146	46.780079037168576
147	48.0
148	48.0
149	48.0
150	43.75051272271956
151	43.75051272271956
152	43.75051272271956
153	47.44233333202892
154	47.44233333202892
155	47.44233333202892
156	44.25665772948495
157	44.25665772948495
158	44.25665772948495
159	48.0
160	48.0
161	48.0
162	48.0
163	48.0
164	48.0
165	48.0
166	48.0
167	48.0
168	48.0
169	48.0
170	48.0
171	48.0
172	48.0
173	48.0
174	48.0
175	48.0
176	48.0
177	48.0
178	48.0
179	48.0
180	46.14316188537925
181	46.14316188537925
182	46.14316188537925
183	48.0
184	48.0
185	48.0
186	23.74441166973994
187	23.74441166973994
188	23.74441166973994
189	32.51518045222748
190	32.51518045222748
191	32.51518045222748
192	48.0
193	48.0
194	48.0
195	45.36540266610598
196	45.36540266610598
197	45.36540266610598
198	41.21949867226167
199	41.21949867226167
200	41.21949867226167
201	38.72419502381638
202	38.72419502381638
203	38.72419502381638
204	45.26118002045668
205	45.26118002045668
206	45.26118002045668
207	48.0
208	48.0
209	48.0
210	48.0
211	48.0
212	48.0
213	48.0
214	48.0
215	48.0
216	32.86596698363497
217	32.86596698363497
218	32.86596698363497
219	48.0
220	48.0
221	48.0
222	48.0
223	48.0
224	48.0
225	39.337530466838274
226	39.337530466838274
227	39.337530466838274
228	48.0
229	48.0
230	48.0
231	43.922004239002945
232	43.922004239002945
233	43.922004239002945
234	48.0
235	48.0
236	48.0
237	48.0
238	48.0
239	48.0
240	31.813941614155482
241	31.813941614155482
242	31.813941614155482
243	48.0
244	48.0
245	48.0
246	43.594902499465576
247	43.594902499465576
248	43.594902499465576
249	30.78696653599163
250	30.78696653599163
251	30.78696653599163
252	35.30816693769128
253	35.30816693769128
254	35.30816693769128
255	48.0
256	48.0
257	48.0
258	43.32024021277991
259	43.32024021277991
260	43.32024021277991
261	31.73710601987726
262	31.73710601987726
263	31.73710601987726
264	48.0
265	48.0
266	48.0
267	48.0
268	48.0
269	48.0
270	48.0
271	48.0
272	48.0
273	46.86049514421857
274	46.86049514421857
275	46.86049514421857
276	48.0
277	48.0
278	48.0
279	48.0
280	48.0
281	48.0
282	42.24281768637474
283	42.24281768637474
284	42.24281768637474
285	48.0
286	48.0
287	48.0
288	43.32450233092035
289	43.32450233092035
290	43.32450233092035
291	48.0
292	48.0
293	48.0
294	48.0
295	48.0
296	48.0
297	46.48278327058918
298	46.48278327058918
299	46.48278327058918
300	48.0
301	48.0
302	48.0
303	40.94044177848875
304	40.94044177848875
305	40.94044177848875
306	41.01020326356141
307	41.01020326356141
308	41.01020326356141
309	47.24679207160078
310	47.24679207160078
311	47.24679207160078
312	36.79974036276337
313	36.79974036276337
314	36.79974036276337
315	48.0
316	48.0
317	48.0
318	48.0
319	48.0
320	48.0
321	48.0
322	48.0
323	48.0
324	47.81170847904538
325	47.81170847904538
326	47.81170847904538
327	45.70217646219096
328	45.70217646219096
329	45.70217646219096
330	41.657074365147274
331	41.657074365147274
332	41.657074365147274
333	45.861600526018265
334	45.861600526018265
335	45.861600526018265
336	41.036279715795835
337	41.036279715795835
338	41.036279715795835
339	48.0
340	48.0
341	48.0
342	45.826385048452224
343	45.826385048452224
344	45.826385048452224
345	48.0
346	48.0
347	48.0
348	41.75139596835494
349	41.75139596835494
350	41.75139596835494
351	48.0
352	48.0
353	48.0
354	48.0
355	48.0
356	48.0
357	48.0
358	48.0
359	48.0
360	48.0
361	48.0
362	48.0
363	48.0
364	48.0
365	48.0
366	48.0
367	48.0
368	48.0
369	48.0
370	48.0
371	48.0
372	48.0
373	48.0
374	48.0
375	48.0
376	48.0
377	48.0
378	48.0
379	48.0
380	48.0
381	48.0
382	48.0
383	48.0
384	48.0
385	48.0
386	48.0
387	48.0
388	48.0
389	48.0
390	44.94475173015222
391	44.94475173015222
392	44.94475173015222
393	48.0
394	48.0
395	48.0
396	47.26178479675769
397	47.26178479675769
398	47.26178479675769
399	37.246944972388945
400	37.246944972388945
401	37.246944972388945
402	48.0
403	48.0
404	48.0
405	47.81164809491011
406	47.81164809491011
407	47.81164809491011
408	45.312490256535064
409	45.312490256535064
410	45.312490256535064
411	34.786566644083116
412	34.786566644083116
413	34.786566644083116
414	48.0
415	48.0
416	48.0
417	48.0
418	48.0
419	48.0
420	48.0
421	48.0
422	48.0
423	47.35209390641723
424	47.35209390641723
425	47.35209390641723
426	48.0
427	48.0
428	48.0
429	48.0
430	48.0
431	48.0
432	42.16094846459096
433	42.16094846459096
434	42.16094846459096
435	48.0
436	48.0
437	48.0
438	48.0
439	48.0
440	48.0
441	48.0
442	48.0
443	48.0
444	48.0
445	48.0
446	48.0
447	48.0
448	48.0
449	48.0
450	42.07699996503737
451	42.07699996503737
452	42.07699996503737
453	46.65977192197375
454	46.65977192197375
455	46.65977192197375
456	48.0
457	48.0
458	48.0
459	48.0
460	48.0
461	48.0
462	41.04151598797003
463	41.04151598797003
464	41.04151598797003
465	48.0
466	48.0
467	48.0
468	48.0
469	48.0
470	48.0
471	36.37961317956479
472	36.37961317956479
473	36.37961317956479
474	18.35792455492195
475	18.35792455492195
476	18.35792455492195
477	48.0
478	48.0
479	48.0
480	33.367842968581
481	33.367842968581
482	33.367842968581
483	40.40579435442461
484	40.40579435442461
485	40.40579435442461
486	40.118983719183525
487	40.118983719183525
488	40.118983719183525
489	42.05390157198551
490	42.05390157198551
491	42.05390157198551
492	29.875893215973925
493	29.875893215973925
494	29.875893215973925
495	43.72107735869612
496	43.72107735869612
497	43.72107735869612
498	43.97630770040038
499	43.97630770040038
500	43.97630770040038
501	48.0
502	48.0
503	48.0
504	48.0
505	48.0
506	48.0
507	48.0
508	48.0
509	48.0
510	48.0
511	48.0
512	48.0
513	48.0
514	48.0
515	48.0
516	46.059895250944926
517	46.059895250944926
518	46.059895250944926
519	48.0
520	48.0
521	48.0
522	47.0276399341213
523	47.0276399341213
524	47.0276399341213
525	40.3900360445122
526	40.3900360445122
527	40.3900360445122
528	48.0
529	48.0
530	48.0
531	48.0
532	48.0
533	48.0
534	48.0
535	48.0
536	48.0
537	39.986907438200575
538	39.986907438200575
539	39.986907438200575
540	39.36702174941664
541	39.36702174941664
542	39.36702174941664
543	34.60258097642737
544	34.60258097642737
545	34.60258097642737
546	48.0
547	48.0
548	48.0
549	48.0
550	48.0
551	48.0
552	48.0
553	48.0
554	48.0
555	40.2471518381041
556	40.2471518381041
557	40.2471518381041
558	48.0
559	48.0
560	48.0
561	48.0
562	48.0
563	48.0
564	48.0
565	48.0
566	48.0
567	41.78778621515059
568	41.78778621515059
569	41.78778621515059
570	48.0
571	48.0
572	48.0
573	31.780453928966057
574	31.780453928966057
575	31.780453928966057
576	48.0
577	48.0
578	48.0
579	48.0
580	48.0
581	48.0
582	48.0
583	29.125083834774834
584	29.125083834774834
585	29.125083834774834
586	42.2363893629902
587	42.2363893629902
588	42.2363893629902
589	45.60868283754688
590	45.60868283754688
591	45.60868283754688
592	34.33810331681204
593	34.33810331681204
594	34.33810331681204
595	48.0
596	48.0
597	48.0
598	43.830006151444515
599	43.830006151444515
600	43.830006151444515
601	48.0
602	48.0
603	48.0
604	41.41666681524366
605	41.41666681524366
606	41.41666681524366
607	48.0
608	48.0
609	48.0
610	26.64315411899025
611	26.64315411899025
612	26.64315411899025
613	48.0
614	48.0
615	48.0
616	48.0
617	48.0
618	48.0
619	38.04286969389902
620	38.04286969389902
621	38.04286969389902
622	45.09829769401047
623	45.09829769401047
624	45.09829769401047
625	46.78386987372062
626	46.78386987372062
627	46.78386987372062
628	48.0
629	48.0
630	48.0
631	42.17050118679239
632	42.17050118679239
633	42.17050118679239
634	47.06409684447489
635	47.06409684447489
636	47.06409684447489
637	44.749133280902086
638	44.749133280902086
639	44.749133280902086
640	46.42898838718432
641	46.42898838718432
642	46.42898838718432
643	41.67520302911419
644	41.67520302911419
645	41.67520302911419
646	43.44983175156701
647	43.44983175156701
648	43.44983175156701
649	37.12175577125339
650	37.12175577125339
651	37.12175577125339
652	41.47984595702607
653	41.47984595702607
654	41.47984595702607
655	48.0
656	48.0
657	48.0
658	40.236559237007214
659	40.236559237007214
660	40.236559237007214
661	48.0
662	48.0
663	48.0
664	48.0
665	48.0
666	48.0
667	46.77677853548691
668	46.77677853548691
669	46.77677853548691
670	45.899990465690074
671	45.899990465690074
672	45.899990465690074
673	48.0
674	48.0
675	48.0
676	46.257920111656105
677	46.257920111656105
678	46.257920111656105
679	41.776949365930726
680	41.776949365930726
681	41.776949365930726
682	48.0
683	48.0
684	48.0
685	40.78225641863756
686	40.78225641863756
687	40.78225641863756
688	40.34679602262401
689	40.34679602262401
690	40.34679602262401
691	43.65503395840122
692	43.65503395840122
693	43.65503395840122
694	48.0
695	48.0
696	48.0
697	48.0
698	48.0
699	48.0
700	48.0
701	48.0
702	48.0
703	41.993566120831424
704	41.993566120831424
705	41.993566120831424
706	40.821718927212174
707	40.821718927212174
708	40.821718927212174
709	39.46040932343722
710	39.46040932343722
711	39.46040932343722
712	48.0
713	48.0
714	48.0
715	48.0
716	48.0
717	48.0
718	36.414588991003114
719	36.414588991003114
720	36.414588991003114
721	38.797185772510595
722	38.797185772510595
723	38.797185772510595
724	45.22370174765409
725	45.22370174765409
726	45.22370174765409
727	48.0
728	48.0
729	48.0
730	48.0
731	48.0
732	48.0
733	44.77639448236361
734	44.77639448236361
735	44.77639448236361
736	28.753784998280892
737	28.753784998280892
738	28.753784998280892
739	43.82796293822702
740	43.82796293822702
741	43.82796293822702
742	47.28121411276513
743	47.28121411276513
744	47.28121411276513
745	34.42008643129414
746	34.42008643129414
747	34.42008643129414
748	43.82947998007848
749	43.82947998007848
750	43.82947998007848
751	42.14183882418886
752	42.14183882418886
753	42.14183882418886
754	48.0
755	48.0
756	48.0
757	48.0
758	48.0
759	48.0
760	48.0
761	48.0
762	48.0
763	47.08319387373953
764	47.08319387373953
765	47.08319387373953
766	48.0
767	48.0
768	48.0
769	32.80324151385012
770	32.80324151385012
771	32.80324151385012
772	45.57354536867116
773	45.57354536867116
774	45.57354536867116
775	48.0
776	48.0
777	48.0
778	48.0
779	48.0
780	48.0
781	43.82532406598976
782	43.82532406598976
783	43.82532406598976
784	38.2159881548834
785	38.2159881548834
786	38.2159881548834
787	40.10895267336227
788	40.10895267336227
789	40.10895267336227
790	37.85382291978143
791	37.85382291978143
792	37.85382291978143
793	41.63578842270451
794	41.63578842270451
795	41.63578842270451
796	48.0
797	48.0
798	48.0
799	45.924595206091865
800	45.924595206091865
801	45.924595206091865
802	38.437119736826695
803	38.437119736826695
804	38.437119736826695
805	39.04345116992893
806	39.04345116992893
807	39.04345116992893
808	38.56798815202694
809	38.56798815202694
810	38.56798815202694
811	48.0
812	48.0
813	48.0
814	45.249042931456266
815	45.249042931456266
816	45.249042931456266
817	37.99891861054422
818	37.99891861054422
819	37.99891861054422
820	46.898437112549765
821	46.898437112549765
822	46.898437112549765
823	44.446255666443115
824	44.446255666443115
825	44.446255666443115
826	47.34128805671095
827	47.34128805671095
828	47.34128805671095
829	48.0
830	48.0
831	48.0
832	42.439294135196924
833	42.439294135196924
834	42.439294135196924
835	48.0
836	48.0
837	48.0
838	48.0
839	48.0
840	48.0
841	48.0
842	48.0
843	48.0
844	44.39550712498535
845	44.39550712498535
846	44.39550712498535
847	48.0
848	48.0
849	48.0
850	39.8169343082732
851	39.8169343082732
852	39.8169343082732
853	29.73502247152028
854	29.73502247152028
855	29.73502247152028
856	41.29070343170001
857	41.29070343170001
858	41.29070343170001
859	28.716912232931648
860	28.716912232931648
861	28.716912232931648
862	46.86666362759485
863	46.86666362759485
864	46.86666362759485
865	47.41906380636226
866	47.41906380636226
867	47.41906380636226
868	30.164908466712333
869	30.164908466712333
870	30.164908466712333
871	48.0
872	48.0
873	48.0
874	37.47429159107014
875	37.47429159107014
876	37.47429159107014
877	48.0
878	48.0
879	48.0
880	48.0
881	48.0
882	48.0
883	36.18301937205412
884	36.18301937205412
885	36.18301937205412
886	48.0
887	48.0
888	48.0
889	46.353535274714396
890	46.353535274714396
891	46.353535274714396
892	41.35096581202746
893	41.35096581202746
894	41.35096581202746
895	46.59144804776207
896	46.59144804776207
897	46.59144804776207
898	48.0
899	48.0
900	48.0
901	42.51415806541938
902	42.51415806541938
903	42.51415806541938
904	48.0
905	48.0
906	48.0
907	48.0
908	48.0
909	48.0
910	48.0
911	48.0
912	48.0
913	39.32209042838257
914	39.32209042838257
915	39.32209042838257
916	47.59023281198535
917	47.59023281198535
918	47.59023281198535
919	48.0
920	48.0
921	48.0
922	40.563664223347644
923	40.563664223347644
924	40.563664223347644
925	48.0
926	48.0
927	48.0
928	37.0691809174542
929	37.0691809174542
930	37.0691809174542
931	47.04744607064323
932	47.04744607064323
933	47.04744607064323
934	41.02869938408942
935	41.02869938408942
936	41.02869938408942
937	48.0
938	48.0
939	48.0
940	46.005827583579546
941	46.005827583579546
942	46.005827583579546
943	48.0
944	48.0
945	48.0
946	47.4581875998218
947	47.4581875998218
948	47.4581875998218
949	46.455083183133226
950	46.455083183133226
951	46.455083183133226
952	36.261844035710766
953	36.261844035710766
954	36.261844035710766
955	48.0
956	48.0
957	48.0
958	35.04957008084491
959	35.04957008084491
960	35.04957008084491
961	43.132907252689265
962	43.132907252689265
963	43.132907252689265
964	45.441293432721324
965	45.441293432721324
966	45.441293432721324
967	46.512882387227016
968	46.512882387227016
969	46.512882387227016
970	48.0
971	48.0
972	48.0
973	48.0
974	48.0
975	48.0
976	39.48101675886087
977	39.48101675886087
978	39.48101675886087
979	48.0
980	48.0
981	48.0
982	32.840337878980236
983	32.840337878980236
984	32.840337878980236
985	47.67341078316466
986	47.67341078316466
987	47.67341078316466
988	45.74851679514921
989	45.74851679514921
990	45.74851679514921
991	47.57549862994128
992	47.57549862994128
993	47.57549862994128
994	40.09999127897574
995	40.09999127897574
996	40.09999127897574
997	43.2588021585606
998	43.2588021585606
999	43.2588021585606
1000	19.9246087729239
1001	19.9246087729239
1002	19.9246087729239
1003	48.0
1004	48.0
1005	48.0
1006	48.0
1007	48.0
1008	30.84483609194651
1009	30.84483609194651
1010	30.84483609194651
1011	40.94579047645263
1012	40.94579047645263
1013	40.94579047645263
1014	48.0
1015	48.0
1016	48.0
1017	48.0
1018	48.0
1019	48.0
1020	48.0
1021	48.0
1022	48.0
1023	48.0
1024	48.0
1025	48.0
1026	39.999267868522594
1027	39.999267868522594
1028	39.999267868522594
1029	48.0
1030	48.0
1031	48.0
1032	39.249922118279706
1033	39.249922118279706
1034	39.249922118279706
1035	48.0
1036	48.0
1037	48.0
1038	48.0
1039	48.0
1040	48.0
1041	38.65049831882177
1042	38.65049831882177
1043	38.65049831882177
1044	48.0
1045	48.0
1046	48.0
1047	48.0
1048	48.0
1049	48.0
1050	48.0
1051	48.0
1052	48.0
1053	44.30518022253272
1054	44.30518022253272
1055	44.30518022253272
1056	48.0
1057	48.0
1058	48.0
1059	48.0
1060	48.0
1061	48.0
1062	40.703317076567494
1063	40.703317076567494
1064	40.703317076567494
1065	45.81898779904855
1066	45.81898779904855
1067	45.81898779904855
1068	48.0
1069	48.0
1070	48.0
1071	48.0
1072	48.0
1073	48.0
1074	46.0877636003122
1075	46.0877636003122
1076	46.0877636003122
1077	42.21494225404136
1078	42.21494225404136
1079	42.21494225404136
1080	34.0717081937526
1081	34.0717081937526
1082	34.0717081937526
1083	43.45364767739583
1084	43.45364767739583
1085	43.45364767739583
1086	48.0
1087	48.0
1088	48.0
1089	35.93525411873239
1090	35.93525411873239
1091	35.93525411873239
1092	41.27025874412513
1093	41.27025874412513
1094	41.27025874412513
1095	40.3424422468617
1096	40.3424422468617
1097	40.3424422468617
1098	46.49981008044637
1099	46.49981008044637
1100	46.49981008044637
1101	42.544448084377535
1102	42.544448084377535
1103	42.544448084377535
1104	48.0
1105	48.0
1106	48.0
1107	40.10212457036898
1108	40.10212457036898
1109	40.10212457036898
1110	48.0
1111	48.0
1112	48.0
1113	32.91768280814825
1114	32.91768280814825
1115	32.91768280814825
1116	36.4700824805166
1117	36.4700824805166
1118	36.4700824805166
1119	48.0
1120	48.0
1121	48.0
1122	38.99465338699123
1123	38.99465338699123
1124	38.99465338699123
1125	35.44079654617086
1126	35.44079654617086
1127	35.44079654617086
1128	44.34795041458854
1129	44.34795041458854
1130	37.27964694010651
1131	37.27964694010651
1132	37.27964694010651
1133	44.38934280121271
1134	44.38934280121271
1135	44.38934280121271
1136	34.17855308487352
1137	34.17855308487352
1138	34.17855308487352
1139	45.01793749191556
1140	45.01793749191556
1141	45.01793749191556
1142	34.38055708278451
1143	34.38055708278451
1144	34.38055708278451
1145	44.39116137249113
1146	44.39116137249113
1147	44.39116137249113
1148	40.75040168004059
1149	40.75040168004059
1150	40.75040168004059
1151	48.0
1152	48.0
1153	48.0
1154	31.997242969729587
1155	31.997242969729587
1156	31.997242969729587
1157	42.70849875500671
1158	42.70849875500671
1159	42.70849875500671
1160	35.322777261581564
1161	35.322777261581564
1162	35.322777261581564
1163	34.55537009036992
1164	34.55537009036992
1165	34.55537009036992
1166	44.08500834275144
1167	44.08500834275144
1168	44.08500834275144
1169	37.92966120501809
1170	37.92966120501809
1171	37.92966120501809
1172	32.979111906877606
1173	32.979111906877606
1174	32.979111906877606
1175	46.53692988953273
1176	46.53692988953273
1177	46.53692988953273
1178	48.0
1179	48.0
1180	48.0
1181	36.12049768819537
1182	36.12049768819537
1183	36.12049768819537
1184	35.74977730121977
1185	35.74977730121977
1186	35.74977730121977
1187	40.76916314270524
1188	40.76916314270524
1189	40.76916314270524
1190	30.30214112890519
1191	30.30214112890519
1192	30.30214112890519
1193	46.03436996382151
1194	46.03436996382151
1195	46.03436996382151
1196	34.72796727346285
1197	34.72796727346285
1198	34.72796727346285
1199	48.0
1200	48.0
1201	48.0
1202	36.39764687390077
1203	36.39764687390077
1204	36.39764687390077
1205	38.804619985706594
1206	38.804619985706594
1207	38.804619985706594
1208	40.30252565544504
1209	40.30252565544504
1210	40.30252565544504
1211	43.30761726161845
1212	43.30761726161845
1213	43.30761726161845
1214	35.07469510882634
1215	35.07469510882634
1216	35.07469510882634
1217	37.972636657008835
1218	37.972636657008835
1219	37.972636657008835
1220	34.5544897225854
1221	34.5544897225854
1222	34.5544897225854
1223	39.48993518326074
1224	39.48993518326074
1225	39.48993518326074
1226	34.2578339770358
1227	34.2578339770358
1228	34.2578339770358
1229	35.196336794040214
1230	35.196336794040214
1231	35.196336794040214
1232	48.0
1233	48.0
1234	48.0
1235	47.626325136552154
1236	47.626325136552154
1237	47.626325136552154
1238	35.533433168929974
1239	35.533433168929974
1240	35.533433168929974
1241	42.1043094257446
1242	42.1043094257446
1243	42.1043094257446
1244	48.0
1245	48.0
1246	48.0
1247	48.0
1248	48.0
1249	48.0
1250	39.861001923057
1251	39.861001923057
1252	39.861001923057
1253	40.99905567444475
1254	40.99905567444475
1255	40.99905567444475
1256	34.43306598301226
1257	34.43306598301226
1258	34.43306598301226
1259	40.18690199120051
1260	40.18690199120051
1261	40.18690199120051
1262	37.860492121796185
1263	37.860492121796185
1264	37.860492121796185
1265	41.53666655441999
1266	41.53666655441999
1267	41.53666655441999
1268	48.0
1269	48.0
1270	48.0
1271	32.7240084914541
1272	32.7240084914541
1273	32.7240084914541
1274	40.409580322405006
1275	40.409580322405006
1276	40.409580322405006
1277	36.64950353538755
1278	36.64950353538755
1279	36.64950353538755
1280	39.946492590130575
1281	39.946492590130575
1282	39.946492590130575
1283	47.19418079526238
1284	47.19418079526238
1285	47.19418079526238
1286	38.01503272098137
1287	38.01503272098137
1288	38.01503272098137
1289	35.27650687338475
1290	35.27650687338475
1291	35.27650687338475
1292	46.61072562222044
1293	46.61072562222044
1294	46.61072562222044
1295	40.223784131641125
1296	40.223784131641125
1297	40.223784131641125
1298	46.61128080072721
1299	46.61128080072721
1300	46.61128080072721
1301	38.55532865873942
1302	38.55532865873942
1303	38.55532865873942
1304	35.80769073991755
1305	35.80769073991755
1306	35.80769073991755
1307	42.574426040731936
1308	42.574426040731936
1309	42.574426040731936
1310	46.85240995391276
1311	46.85240995391276
1312	46.85240995391276
1313	41.9157636135004
1314	41.9157636135004
1315	41.9157636135004
1316	48.0
1317	48.0
1318	48.0
1319	45.82832946269449
1320	45.82832946269449
1321	45.82832946269449
1322	48.0
1323	48.0
1324	48.0
1325	42.69347456770278
1326	42.69347456770278
1327	42.69347456770278
1328	42.251404620792634
1329	42.251404620792634
1330	42.251404620792634
1331	27.044186349937423
1332	27.044186349937423
1333	27.044186349937423
1334	47.28816801876868
1335	47.28816801876868
1336	47.28816801876868
1337	42.633894049103745
1338	42.633894049103745
1339	42.633894049103745
1340	48.0
1341	48.0
1342	48.0
1343	47.272272811054414
1344	47.272272811054414
1345	47.272272811054414
1346	48.0
1347	48.0
1348	48.0
1349	48.0
1350	48.0
1351	48.0
1352	43.91490348491524
1353	43.91490348491524
1354	43.91490348491524
1355	44.50142040287602
1356	44.50142040287602
1357	44.50142040287602
1358	42.20664992741333
1359	42.20664992741333
1360	42.20664992741333
1361	43.831797656540225
1362	43.831797656540225
1363	43.831797656540225
1364	48.0
1365	48.0
1366	48.0
1367	43.91619954279174
1368	43.91619954279174
1369	43.91619954279174
1370	48.0
1371	48.0
1372	48.0
1373	43.99478936481635
1374	43.99478936481635
1375	43.99478936481635
1376	48.0
1377	48.0
1378	48.0
1379	48.0
1380	48.0
1381	48.0
1382	43.19306924009527
1383	43.19306924009527
1384	43.19306924009527
1385	44.385163658353086
1386	44.385163658353086
1387	44.385163658353086
1388	39.910993970287585
1389	39.910993970287585
1390	39.910993970287585
1391	48.0
1392	48.0
1393	48.0
1394	48.0
1395	48.0
1396	48.0
1397	42.63908031944801
1398	42.63908031944801
1399	42.63908031944801
1400	46.37487769726627
1401	46.37487769726627
1402	46.37487769726627
1403	48.0
1404	48.0
1405	48.0
1406	45.44066718545812
1407	45.44066718545812
1408	45.44066718545812
1409	47.263104625965994
1410	47.263104625965994
1411	47.263104625965994
1412	43.40345973219542
1413	43.40345973219542
1414	43.40345973219542
1415	40.49678655658465
1416	40.49678655658465
1417	40.49678655658465
1418	41.919587358831976
1419	41.919587358831976
1420	41.919587358831976
1421	29.340900176786832
1422	29.340900176786832
1423	29.340900176786832
1424	48.0
1425	48.0
1426	48.0
1427	48.0
1428	48.0
1429	48.0
1430	48.0
1431	48.0
1432	48.0
1433	35.217394167727164
1434	35.217394167727164
1435	35.217394167727164
1436	42.864574480443125
1437	42.864574480443125
1438	42.864574480443125
1439	42.49999446259856
1440	42.49999446259856
1441	42.49999446259856
1442	46.427283329317575
1443	46.427283329317575
1444	46.427283329317575
1445	37.074180998348815
1446	37.074180998348815
1447	37.074180998348815
1448	48.0
1449	48.0
1450	48.0
1451	36.74149412328654
1452	36.74149412328654
1453	36.74149412328654
1454	48.0
1455	48.0
1456	48.0
1457	48.0
1458	48.0
1459	48.0
1460	48.0
1461	48.0
1462	48.0
1463	45.015007560173146
1464	45.015007560173146
1465	45.015007560173146
1466	48.0
1467	48.0
1468	48.0
1469	25.784637607261402
1470	25.784637607261402
1471	25.784637607261402
1472	45.22676003395232
1473	45.22676003395232
1474	45.22676003395232
1475	48.0
1476	48.0
1477	48.0
1478	36.5617949306371
1479	36.5617949306371
1480	36.5617949306371
1481	40.212704103612516
1482	40.212704103612516
1483	40.212704103612516
1484	44.71134335172836
1485	44.71134335172836
1486	44.71134335172836
1487	31.274234626194847
1488	31.274234626194847
1489	31.274234626194847
1490	28.34757340684495
1491	28.34757340684495
1492	28.34757340684495
1493	39.84213960219735
1494	39.84213960219735
1495	39.84213960219735
1496	41.67856052015157
1497	41.67856052015157
1498	23.51262160535902
1499	23.51262160535902
1500	23.51262160535902
1501	29.88168457693243
1502	29.88168457693243
1503	29.88168457693243
1504	29.552372576015657
1505	29.552372576015657
1506	29.552372576015657
1507	32.28816346434546
1508	32.28816346434546
1509	32.28816346434546
1510	41.05568739236302
1511	41.05568739236302
1512	41.05568739236302
1513	43.52779549509797
1514	43.52779549509797
1515	43.52779549509797
1516	43.848002937086946
1517	43.848002937086946
1518	43.848002937086946
1519	28.762072146530926
1520	28.762072146530926
1521	28.762072146530926
1522	25.7372440004996
1523	25.7372440004996
1524	25.7372440004996
1525	35.20652952221391
1526	35.20652952221391
1527	35.20652952221391
1528	33.60857690517389
1529	33.60857690517389
1530	33.60857690517389
1531	36.543106115526065
1532	36.543106115526065
1533	36.543106115526065
1534	41.29772364900629
1535	41.29772364900629
1536	41.29772364900629
1537	31.03258598374116
1538	31.03258598374116
1539	31.03258598374116
1540	42.78352910705226
1541	42.78352910705226
1542	42.78352910705226
1543	31.767490824968483
1544	31.767490824968483
1545	31.767490824968483
1546	25.717340171094285
1547	25.717340171094285
1548	25.717340171094285
1549	27.9362036758074
1550	27.9362036758074
1551	27.9362036758074
1552	33.52422795858619
1553	33.52422795858619
1554	33.52422795858619
1555	29.54394077604912
1556	29.54394077604912
1557	29.54394077604912
1558	31.447705717792097
1559	31.447705717792097
1560	31.447705717792097
1561	39.29603557923466
1562	39.29603557923466
1563	39.29603557923466
1564	29.27709649811324
1565	29.27709649811324
1566	29.27709649811324
1567	32.524574541037
1568	32.524574541037
1569	32.524574541037
1570	42.331639188297785
1571	42.331639188297785
1572	42.331639188297785
1573	33.66392240008768
1574	33.66392240008768
1575	33.66392240008768
1576	33.68286230295341
1577	33.68286230295341
1578	33.68286230295341
1579	32.515765802728424
1580	32.515765802728424
1581	32.515765802728424
1582	29.917705133125118
1583	29.917705133125118
1584	29.917705133125118
1585	36.76247933508811
1586	36.76247933508811
1587	36.76247933508811
1588	26.6983685195225
1589	26.6983685195225
1590	26.6983685195225
1591	42.89196694299652
1592	42.89196694299652
1593	42.89196694299652
1594	21.12101747189059
1595	46.966347298498825
1596	46.966347298498825
1597	46.966347298498825
1598	48.0
1599	48.0
1600	48.0
1601	48.0
1602	48.0
1603	48.0
1604	48.0
1605	48.0
1606	48.0
1607	39.657629761176096
1608	39.657629761176096
1609	39.657629761176096
1610	48.0
1611	48.0
1612	48.0
1613	48.0
1614	48.0
1615	48.0
1616	48.0
1617	48.0
1618	48.0
1619	48.0
1620	48.0
1621	48.0
1622	48.0
1623	48.0
1624	48.0
1625	48.0
1626	48.0
1627	48.0
1628	48.0
1629	48.0
1630	48.0
1631	45.46216936295502
1632	45.46216936295502
1633	45.46216936295502
1634	46.98686276061335
1635	46.98686276061335
1636	46.98686276061335
1637	40.691024068113215
1638	40.691024068113215
1639	40.691024068113215
1640	39.94953336502098
1641	39.94953336502098
1642	39.94953336502098
1643	48.0
1644	48.0
1645	48.0
1646	48.0
1647	48.0
1648	48.0
1649	42.12384833819664
1650	42.12384833819664
1651	42.12384833819664
1652	48.0
1653	48.0
1654	48.0
1655	38.88366573235069
1656	38.88366573235069
1657	38.88366573235069
1658	35.95222571684311
1659	35.95222571684311
1660	35.95222571684311
1661	48.0
1662	48.0
1663	48.0
1664	47.06873833377259
1665	47.06873833377259
1666	47.06873833377259
1667	48.0
1668	48.0
1669	48.0
1670	48.0
1671	48.0
1672	48.0
1673	44.045582107597426
1674	44.045582107597426
1675	44.045582107597426
1676	32.762779508800634
1677	32.762779508800634
1678	32.762779508800634
1679	45.073785656689736
1680	45.073785656689736
1681	45.073785656689736
1682	48.0
1683	48.0
1684	48.0
1685	39.509924591648534
1686	39.509924591648534
1687	39.509924591648534
1688	48.0
1689	48.0
1690	48.0
1691	46.15598268079136
1692	46.15598268079136
1693	46.15598268079136
1694	46.740051277861696
1695	46.740051277861696
1696	46.740051277861696
1697	48.0
1698	48.0
1699	48.0
1700	41.405168125808
1701	41.405168125808
1702	41.405168125808
1703	48.0
1704	48.0
1705	48.0
1706	48.0
1707	48.0
1708	48.0
1709	48.0
1710	48.0
1711	48.0
1712	48.0
1713	48.0
1714	48.0
1715	48.0
1716	48.0
1717	48.0
1718	48.0
1719	48.0
1720	48.0
1721	47.399330760084396
1722	47.399330760084396
1723	47.399330760084396
1724	45.10725860932438
1725	45.10725860932438
1726	45.10725860932438
1727	43.15425030600928
1728	43.15425030600928
1729	43.15425030600928
1730	48.0
1731	48.0
1732	48.0
1733	34.453463890697336
1734	34.453463890697336
1735	34.453463890697336
1736	30.499912597247565
1737	30.499912597247565
1738	30.499912597247565
1739	43.536495002008614
1740	43.536495002008614
1741	43.536495002008614
1742	48.0
1743	48.0
1744	48.0
1745	44.108385441780236
1746	44.108385441780236
1747	44.108385441780236
1748	48.0
1749	48.0
1750	48.0
1751	38.1188104820462
1752	38.1188104820462
1753	38.1188104820462
1754	48.0
1755	48.0
1756	48.0
1757	45.50190481633334
1758	45.50190481633334
1759	45.50190481633334
1760	32.14667305689274
1761	32.14667305689274
1762	32.14667305689274
1763	36.9428578293469
1764	36.9428578293469
1765	36.9428578293469
1766	29.489824425864327
1767	29.489824425864327
1768	29.489824425864327
1769	36.4145590351466
1770	36.4145590351466
1771	36.4145590351466
1772	48.0
1773	48.0
1774	48.0
1775	45.429647619919216
1776	45.429647619919216
1777	45.429647619919216
1778	48.0
1779	48.0
1780	48.0
1781	42.58062594676098
1782	42.58062594676098
1783	42.58062594676098
1784	48.0
1785	48.0
1786	48.0
1787	48.0
1788	48.0
1789	48.0
1790	45.87096229103634
1791	45.87096229103634
1792	45.87096229103634
1793	42.54757022164794
1794	42.54757022164794
1795	42.54757022164794
1796	44.23790644648689
1797	44.23790644648689
1798	44.23790644648689
1799	33.77730784247786
1800	33.77730784247786
1801	33.77730784247786
1802	48.0
1803	48.0
1804	48.0
1805	41.618798862335495
1806	41.618798862335495
1807	41.618798862335495
1808	43.987575052862304
1809	43.987575052862304
1810	43.987575052862304
1811	40.93625018648142
1812	40.93625018648142
1813	40.93625018648142
1814	42.428224036216974
1815	42.428224036216974
1816	42.428224036216974
1817	37.858063761379675
1818	37.858063761379675
1819	37.858063761379675
1820	48.0
1821	48.0
1822	48.0
1823	48.0
1824	48.0
1825	48.0
1826	47.7047406846131
1827	47.7047406846131
1828	47.7047406846131
1829	32.1792463505532
1830	32.1792463505532
1831	32.1792463505532
