0	58.62309778092362
1	58.62309778092362
2	58.62309778092362
3	65.9193964852817
4	65.9193964852817
5	65.9193964852817
6	64.94476227092382
7	64.94476227092382
8	64.94476227092382
9	66.73914781593955
10	66.73914781593955
11	66.73914781593955
12	58.38273909362552
13	58.38273909362552
14	58.38273909362552
15	67.6844596880012
16	67.6844596880012
17	67.6844596880012
18	62.792892971860006
19	62.792892971860006
20	62.792892971860006
21	70.26664436573594
22	70.26664436573594
23	70.26664436573594
24	61.90326716947247
25	61.90326716947247
26	61.90326716947247
27	63.462714253724556
28	63.462714253724556
29	63.462714253724556
30	58.14493774475659
31	58.14493774475659
32	58.14493774475659
33	68.51580825001878
34	68.51580825001878
35	68.51580825001878
36	70.51156589260994
37	70.51156589260994
38	70.51156589260994
39	66.79542406727563
40	66.79542406727563
41	66.79542406727563
42	72.4948230745861
43	72.4948230745861
44	72.4948230745861
45	52.497270278822334
46	52.497270278822334
47	52.497270278822334
48	66.01863792103414
49	66.01863792103414
50	66.01863792103414
51	48.97343771195498
52	48.97343771195498
53	48.97343771195498
54	62.85995900582264
55	62.85995900582264
56	62.85995900582264
57	71.47491603138684
58	71.47491603138684
59	71.47491603138684
60	66.77043868192486
61	66.77043868192486
62	66.77043868192486
63	57.41841771383279
64	57.41841771383279
65	57.41841771383279
66	52.158077841252165
67	52.158077841252165
68	52.158077841252165
69	62.07509972992202
70	62.07509972992202
71	62.07509972992202
72	69.78768744858793
73	69.78768744858793
74	69.78768744858793
75	68.29322155856597
76	68.29322155856597
77	68.29322155856597
78	68.96246759518773
79	68.96246759518773
80	68.96246759518773
81	61.040546577899285
82	61.040546577899285
83	61.040546577899285
84	68.09649330909981
85	68.09649330909981
86	68.09649330909981
87	72.67732710795727
88	72.67732710795727
89	72.67732710795727
90	61.9446663322251
91	61.9446663322251
92	61.9446663322251
93	58.492339882496616
94	58.492339882496616
95	58.492339882496616
96	64.60394639204847
97	64.60394639204847
98	64.60394639204847
99	69.59600429168631
100	69.59600429168631
101	69.59600429168631
102	77.19113348401639
103	77.19113348401639
104	77.19113348401639
105	62.96084338116864
106	62.96084338116864
107	62.96084338116864
108	56.26198771442133
109	56.26198771442133
110	56.26198771442133
111	74.73875297580496
112	74.73875297580496
113	74.73875297580496
114	71.83546715039913
115	71.83546715039913
116	71.83546715039913
117	65.51760735585118
118	65.51760735585118
119	65.51760735585118
120	63.54687384941548
121	63.54687384941548
122	63.54687384941548
123	63.35744517506047
124	63.35744517506047
125	63.35744517506047
126	62.195780628063986
127	62.195780628063986
128	62.195780628063986
129	67.83167408597869
130	67.83167408597869
131	67.83167408597869
132	71.54320004288577
133	71.54320004288577
134	71.54320004288577
135	64.6798090125284
136	64.6798090125284
137	64.6798090125284
138	71.90105381176022
139	71.90105381176022
140	71.90105381176022
141	64.73636010889214
142	64.73636010889214
143	64.73636010889214
144	68.67072791068684
145	68.67072791068684
146	68.67072791068684
147	74.028380162323
148	74.028380162323
149	74.028380162323
150	72.92591331807591
151	72.92591331807591
152	72.92591331807591
153	66.3098138550348
154	66.3098138550348
155	66.3098138550348
156	59.53562002505024
157	59.53562002505024
158	59.53562002505024
159	68.88753044282167
160	68.88753044282167
161	68.88753044282167
162	65.05720923021657
163	65.05720923021657
164	65.05720923021657
165	61.36836656099989
166	61.36836656099989
167	61.36836656099989
168	70.09784070272534
169	70.09784070272534
170	70.09784070272534
171	62.87274638351849
172	62.87274638351849
173	62.87274638351849
174	65.58790386246449
175	65.58790386246449
176	65.58790386246449
177	72.1857451207819
178	72.1857451207819
179	72.1857451207819
180	71.06109556756059
181	71.06109556756059
182	71.06109556756059
183	65.98197241446492
184	65.98197241446492
185	65.98197241446492
186	65.56187801019077
187	65.56187801019077
188	65.56187801019077
189	56.770333891297106
190	56.770333891297106
191	56.770333891297106
192	67.5167616498456
193	67.5167616498456
194	67.5167616498456
195	66.46444957224568
196	66.46444957224568
197	66.46444957224568
198	60.70800516249447
199	60.70800516249447
200	60.70800516249447
201	78.75200340096619
202	78.75200340096619
203	78.75200340096619
204	62.820539231325796
205	62.820539231325796
206	62.820539231325796
207	66.96294661609704
208	66.96294661609704
209	66.96294661609704
210	72.05584678095818
211	72.05584678095818
212	72.05584678095818
213	70.28179670579665
214	70.28179670579665
215	70.28179670579665
216	53.8346332347763
217	53.8346332347763
218	53.8346332347763
219	64.00089358549583
220	64.00089358549583
221	64.00089358549583
222	57.129552486327
223	57.129552486327
224	57.129552486327
225	67.8729272196128
226	67.8729272196128
227	67.8729272196128
228	72.72399674319952
229	72.72399674319952
230	72.72399674319952
231	64.13164061331322
232	64.13164061331322
233	64.13164061331322
234	65.78854812769302
235	65.78854812769302
236	65.78854812769302
237	71.19766318249349
238	71.19766318249349
239	71.19766318249349
240	67.32000821158456
241	67.32000821158456
242	67.32000821158456
243	63.72138217982587
244	63.72138217982587
245	63.72138217982587
246	56.262478475993504
247	56.262478475993504
248	56.262478475993504
249	69.85629216057512
250	69.85629216057512
251	69.85629216057512
252	72.66678609972581
253	72.66678609972581
254	72.66678609972581
255	67.21261927691539
256	67.21261927691539
257	67.21261927691539
258	69.87323841275764
259	69.87323841275764
260	69.87323841275764
261	66.684632504735
262	66.684632504735
263	66.684632504735
264	64.35277348244398
265	64.35277348244398
266	64.35277348244398
267	66.77449225828941
268	66.77449225828941
269	66.77449225828941
270	59.9878886425643
271	59.9878886425643
272	59.9878886425643
273	77.29170512642573
274	77.29170512642573
275	77.29170512642573
276	66.98987461254642
277	66.98987461254642
278	66.98987461254642
279	64.42105021619899
280	64.42105021619899
281	64.42105021619899
282	77.99275074519238
283	77.99275074519238
284	77.99275074519238
285	60.379145920844586
286	60.379145920844586
287	65.1809956509164
288	65.1809956509164
289	65.1809956509164
290	56.9627434827418
291	56.9627434827418
292	56.9627434827418
293	54.00266696174449
294	54.00266696174449
295	54.00266696174449
296	59.48099173771371
297	59.48099173771371
298	59.48099173771371
299	65.26544068843823
300	65.26544068843823
301	65.26544068843823
302	59.83363356820424
303	59.83363356820424
304	59.83363356820424
305	73.04795521459982
306	73.04795521459982
307	73.04795521459982
308	62.459261603348764
309	62.459261603348764
310	62.459261603348764
311	67.00643811278842
312	67.00643811278842
313	67.00643811278842
314	64.17415280191086
315	64.17415280191086
316	64.17415280191086
317	64.05877785226609
318	64.05877785226609
319	64.05877785226609
320	65.63826162069
321	65.63826162069
322	65.63826162069
323	60.43438657530707
324	60.43438657530707
325	60.43438657530707
326	60.4481519691259
327	60.4481519691259
328	60.4481519691259
329	63.40307864342948
330	63.40307864342948
331	63.40307864342948
332	58.08668019470077
333	58.08668019470077
334	58.08668019470077
335	64.08556497690148
336	64.08556497690148
337	64.08556497690148
338	48.554868572348475
339	48.554868572348475
340	48.554868572348475
341	53.83424664851215
342	53.83424664851215
343	53.83424664851215
344	59.82376898336821
345	59.82376898336821
346	59.82376898336821
347	66.56333593088068
348	66.56333593088068
349	66.56333593088068
350	51.89776030170628
351	51.89776030170628
352	51.89776030170628
353	59.11346562318292
354	59.11346562318292
355	59.11346562318292
356	64.45802982490152
357	64.45802982490152
358	64.45802982490152
359	54.01615392147376
360	54.01615392147376
361	54.01615392147376
362	61.424832756138514
363	61.424832756138514
364	61.424832756138514
365	60.39767414886003
366	60.39767414886003
367	60.39767414886003
368	59.6335449228936
369	59.6335449228936
370	59.6335449228936
371	59.518732095002655
372	59.518732095002655
373	59.518732095002655
374	66.35599750291958
375	66.35599750291958
376	66.35599750291958
377	57.173267120722976
378	57.173267120722976
379	57.173267120722976
380	60.34722808145151
381	60.34722808145151
382	60.34722808145151
383	57.13211982632118
384	57.13211982632118
385	57.13211982632118
386	62.118317422040725
387	62.118317422040725
388	62.118317422040725
389	64.47291597766718
390	64.47291597766718
391	64.47291597766718
392	58.685542019741696
393	58.685542019741696
394	58.685542019741696
395	62.481523944128305
396	62.481523944128305
397	62.481523944128305
398	52.807438776667325
399	52.807438776667325
400	52.807438776667325
401	63.911717277279394
402	63.911717277279394
403	63.911717277279394
404	67.95475579362757
405	67.95475579362757
406	67.95475579362757
407	63.07832892867055
408	63.07832892867055
409	63.07832892867055
410	53.90935508653718
411	53.90935508653718
412	53.90935508653718
413	59.73820080987778
414	59.73820080987778
415	59.73820080987778
416	73.23668651324701
417	73.23668651324701
418	73.23668651324701
419	53.325718757561056
420	53.325718757561056
421	53.325718757561056
422	61.280890254401186
423	61.280890254401186
424	61.280890254401186
425	66.67378876616458
426	66.67378876616458
427	66.67378876616458
428	58.42865216695534
429	60.318316255472205
430	60.318316255472205
431	60.318316255472205
432	48.77796735868401
433	48.77796735868401
434	48.77796735868401
435	59.037678790668735
436	59.037678790668735
437	59.037678790668735
438	51.918898026263484
439	51.918898026263484
440	51.918898026263484
441	53.38157996781398
442	53.38157996781398
443	53.38157996781398
444	60.30241290980355
445	60.30241290980355
446	60.30241290980355
447	56.46503967956648
448	56.46503967956648
449	56.46503967956648
450	43.240723242120566
451	43.240723242120566
452	43.240723242120566
453	59.5260190275463
454	59.5260190275463
455	59.5260190275463
456	51.195245292306424
457	51.195245292306424
458	51.195245292306424
459	53.239726111163534
460	53.239726111163534
461	53.239726111163534
462	52.04344384195297
463	52.04344384195297
464	52.04344384195297
465	55.94833262935677
466	55.94833262935677
467	55.94833262935677
468	49.906288774385565
469	49.906288774385565
470	49.906288774385565
471	46.46996166855429
472	46.46996166855429
473	46.46996166855429
474	55.87154310823076
475	55.87154310823076
476	55.87154310823076
477	60.05298581335684
478	60.05298581335684
479	60.05298581335684
480	52.251819703786275
481	52.251819703786275
482	52.251819703786275
483	58.68600931789382
484	58.68600931789382
485	58.68600931789382
486	58.33160410338128
487	58.33160410338128
488	58.33160410338128
489	50.61004050670996
490	50.61004050670996
491	50.61004050670996
492	56.699679574534095
493	56.699679574534095
494	56.699679574534095
495	45.5379072111
496	45.5379072111
497	45.5379072111
498	56.363633121508165
499	56.363633121508165
500	56.363633121508165
501	53.04926392825842
502	53.04926392825842
503	53.04926392825842
504	49.01033170805571
505	49.01033170805571
506	49.01033170805571
507	52.25551230527593
508	52.25551230527593
509	52.25551230527593
510	61.46301167399626
511	61.46301167399626
512	61.46301167399626
513	53.41937750034467
514	53.41937750034467
515	53.41937750034467
516	62.261754213788535
517	62.261754213788535
518	62.261754213788535
519	50.32637079491965
520	50.32637079491965
521	50.32637079491965
522	55.35238390241521
523	55.35238390241521
524	55.35238390241521
525	51.121689381233935
526	51.121689381233935
527	51.121689381233935
528	54.86421309728324
529	54.86421309728324
530	54.86421309728324
531	53.16564330999254
532	53.16564330999254
533	53.16564330999254
534	50.28430339454788
535	50.28430339454788
536	50.28430339454788
537	52.624805187069725
538	52.624805187069725
539	52.624805187069725
540	53.63487546950932
541	53.63487546950932
542	53.63487546950932
543	47.82781049575239
544	47.82781049575239
545	47.82781049575239
546	51.15737780369611
547	51.15737780369611
548	51.15737780369611
549	53.78728786214784
550	53.78728786214784
551	53.78728786214784
552	54.345812517001335
553	54.345812517001335
554	54.345812517001335
555	53.46871648865932
556	53.46871648865932
557	53.46871648865932
558	64.88038377130914
559	64.88038377130914
560	64.88038377130914
561	52.38538807215858
562	52.38538807215858
563	52.38538807215858
564	48.974830217390576
565	48.974830217390576
566	48.974830217390576
567	54.50071028779334
568	54.50071028779334
569	54.50071028779334
570	54.87445579028466
571	54.87445579028466
572	54.87445579028466
573	61.011356451142085
574	61.011356451142085
575	61.011356451142085
576	69.12085901992688
577	69.12085901992688
578	69.12085901992688
579	57.733333398652746
580	57.733333398652746
581	57.733333398652746
582	56.86939292690418
583	56.86939292690418
584	56.86939292690418
585	59.602663934781
586	59.602663934781
587	59.602663934781
588	61.234893438501636
589	61.234893438501636
590	61.234893438501636
591	61.35608703235586
592	61.35608703235586
593	61.35608703235586
594	61.56063817180404
595	61.56063817180404
596	61.56063817180404
597	55.01833125708888
598	55.01833125708888
599	55.01833125708888
600	57.77976232496049
601	57.77976232496049
602	57.77976232496049
603	54.030197268313195
604	54.030197268313195
605	54.030197268313195
606	55.110383957611276
607	55.110383957611276
608	55.110383957611276
609	64.18214230118508
610	64.18214230118508
611	64.18214230118508
612	63.9386080119817
613	63.9386080119817
614	63.9386080119817
615	62.25068793541018
616	62.25068793541018
617	62.25068793541018
618	63.135208765607274
619	63.135208765607274
620	63.135208765607274
621	57.4429649170443
622	57.4429649170443
623	57.4429649170443
624	55.404234705521674
625	55.404234705521674
626	55.404234705521674
627	50.6221315894341
628	50.6221315894341
629	50.6221315894341
630	58.548752172326864
631	58.548752172326864
632	58.548752172326864
633	61.13504570901231
634	61.13504570901231
635	61.13504570901231
636	58.89378489057221
637	58.89378489057221
638	58.89378489057221
639	60.00055164359823
640	79.80711144731967
641	79.80711144731967
642	79.80711144731967
643	72.4215654585115
644	72.4215654585115
645	72.4215654585115
646	69.19441066987953
647	69.19441066987953
648	69.19441066987953
649	55.36632879621743
650	55.36632879621743
651	55.36632879621743
652	74.68046265005928
653	74.68046265005928
654	74.68046265005928
655	65.38978225162437
656	65.38978225162437
657	65.38978225162437
658	80.46773102089351
659	80.46773102089351
660	80.46773102089351
661	67.4980369052271
662	67.4980369052271
663	67.4980369052271
664	66.60217209006238
665	66.60217209006238
666	66.60217209006238
667	77.9942274666414
668	77.9942274666414
669	77.9942274666414
670	75.64586166526243
671	75.64586166526243
672	75.64586166526243
673	82.52240319272904
674	82.52240319272904
675	82.52240319272904
676	81.16636364859518
677	81.16636364859518
678	81.16636364859518
679	68.02537293689909
680	68.02537293689909
681	68.02537293689909
682	69.9450390792316
683	69.9450390792316
684	69.9450390792316
685	75.00850352297164
686	75.00850352297164
687	75.00850352297164
688	72.55394588509449
689	72.55394588509449
690	72.55394588509449
691	75.69109751484102
692	75.69109751484102
693	75.69109751484102
694	73.94894135299937
695	73.94894135299937
696	73.94894135299937
697	69.47227399919447
698	69.47227399919447
699	69.47227399919447
700	61.91248895596912
701	61.91248895596912
702	61.91248895596912
703	70.45140417259584
704	70.45140417259584
705	70.45140417259584
706	76.39901751552718
707	76.39901751552718
708	76.39901751552718
709	85.77103997520726
710	85.77103997520726
711	85.77103997520726
712	72.86226178574375
713	72.86226178574375
714	72.86226178574375
715	83.1083492511602
716	83.1083492511602
717	83.1083492511602
718	76.65211316591461
719	76.65211316591461
720	76.65211316591461
721	68.21677890506244
722	68.21677890506244
723	68.21677890506244
724	72.76621765199883
725	72.76621765199883
726	72.76621765199883
727	81.85907849570381
728	81.85907849570381
729	81.85907849570381
730	61.633070573158285
731	61.633070573158285
732	61.633070573158285
733	70.9711968267278
734	70.9711968267278
735	70.9711968267278
736	81.6625645470249
737	81.6625645470249
738	81.6625645470249
739	80.43309979437517
740	80.43309979437517
741	80.43309979437517
742	61.62055318013261
743	61.62055318013261
744	61.62055318013261
745	84.95987822688893
746	84.95987822688893
747	84.95987822688893
748	61.35903488398579
749	61.35903488398579
750	61.35903488398579
751	87.04792263548316
752	87.04792263548316
753	87.04792263548316
754	70.07256416261778
755	70.07256416261778
756	70.07256416261778
757	67.78434708257966
758	67.78434708257966
759	67.78434708257966
760	68.5538362213519
761	68.5538362213519
762	68.5538362213519
763	70.63136400511489
764	70.63136400511489
765	70.63136400511489
766	80.87215126373404
767	80.87215126373404
768	80.87215126373404
769	62.47385128338708
770	62.47385128338708
771	62.47385128338708
772	73.92328922717618
773	73.92328922717618
774	73.92328922717618
775	68.23329455111529
776	68.23329455111529
777	68.23329455111529
778	78.83893781785541
779	78.83893781785541
780	78.83893781785541
781	53.99253485057151
782	53.99253485057151
783	53.99253485057151
784	68.96165508463038
785	68.96165508463038
786	68.96165508463038
787	82.17618737339016
788	82.17618737339016
789	82.17618737339016
790	64.65439631274212
791	64.65439631274212
792	64.65439631274212
793	78.42998186016364
794	78.42998186016364
795	78.42998186016364
796	64.54226645261427
797	64.54226645261427
798	64.54226645261427
799	76.8438225676532
800	76.8438225676532
801	76.8438225676532
802	84.99747086555341
803	84.99747086555341
804	84.99747086555341
805	69.30758902512676
806	69.30758902512676
807	69.30758902512676
808	81.82340667447336
809	81.82340667447336
810	81.82340667447336
811	86.20748942213636
812	86.20748942213636
813	86.20748942213636
814	76.68385507330869
815	76.68385507330869
816	76.68385507330869
817	70.53373028704004
818	70.53373028704004
819	70.53373028704004
820	72.9801938637037
821	72.9801938637037
822	72.9801938637037
823	71.83893487030063
824	71.83893487030063
825	71.83893487030063
826	67.33831361250871
827	67.33831361250871
828	67.33831361250871
829	76.72606556109224
830	76.72606556109224
831	76.72606556109224
832	66.45196304083885
833	66.45196304083885
834	66.45196304083885
835	68.98830383263565
836	68.98830383263565
837	68.98830383263565
838	75.9219301407178
839	75.9219301407178
840	75.9219301407178
841	63.49896696289308
842	63.49896696289308
843	63.49896696289308
844	79.45320343815526
845	79.45320343815526
846	79.45320343815526
847	73.63817014668463
848	73.63817014668463
849	73.63817014668463
850	65.25479687336843
851	65.25479687336843
852	65.25479687336843
853	64.50204908242615
854	64.50204908242615
855	64.50204908242615
856	76.14277700049685
857	76.14277700049685
858	76.14277700049685
859	69.83075083309643
860	69.83075083309643
861	67.00822899374836
862	67.00822899374836
863	67.00822899374836
864	73.23281683001541
865	73.23281683001541
866	73.23281683001541
867	64.91064617697869
868	64.91064617697869
869	64.91064617697869
870	60.672593079585155
871	60.672593079585155
872	60.672593079585155
873	67.89323033801963
874	67.89323033801963
875	67.89323033801963
876	62.56109091060308
877	62.56109091060308
878	62.56109091060308
879	52.02583563377327
880	52.02583563377327
881	52.02583563377327
882	64.0309915207826
883	64.0309915207826
884	64.0309915207826
885	61.49883790066306
886	61.49883790066306
887	61.49883790066306
888	72.79245799688842
889	72.79245799688842
890	72.79245799688842
891	64.69949226589605
892	64.69949226589605
893	64.69949226589605
894	59.60951063316346
895	59.60951063316346
896	59.60951063316346
897	66.09663771345438
898	66.09663771345438
899	66.09663771345438
900	59.53965922704931
901	59.53965922704931
902	59.53965922704931
903	55.878985986563244
904	55.878985986563244
905	55.878985986563244
906	58.14043861327499
907	58.14043861327499
908	58.14043861327499
909	65.6075484912182
910	65.6075484912182
911	65.6075484912182
912	64.19531607565436
913	64.19531607565436
914	64.19531607565436
915	64.17672598078641
916	64.17672598078641
917	64.17672598078641
918	67.2940214249536
919	67.2940214249536
920	67.2940214249536
921	60.56478851961807
922	60.56478851961807
923	60.56478851961807
924	69.96856821248365
925	69.96856821248365
926	69.96856821248365
927	68.09306530826683
928	68.09306530826683
929	68.09306530826683
930	57.035681333241186
931	57.035681333241186
932	57.035681333241186
933	68.7763609270969
934	68.7763609270969
935	68.7763609270969
936	67.20496557080924
937	67.20496557080924
938	67.20496557080924
939	65.00333647018891
940	65.00333647018891
941	65.00333647018891
942	65.47767948838765
943	65.47767948838765
944	65.47767948838765
945	60.197006695237235
946	60.197006695237235
947	60.197006695237235
948	58.25768670665489
949	58.25768670665489
950	58.25768670665489
951	61.21082816911331
952	61.21082816911331
953	61.21082816911331
954	54.12915742030512
955	54.12915742030512
956	54.12915742030512
957	69.88032338508647
958	69.88032338508647
959	69.88032338508647
960	54.80986590975433
961	54.80986590975433
962	54.80986590975433
963	64.37286003852003
964	64.37286003852003
965	64.37286003852003
966	57.37329296576829
967	57.37329296576829
968	57.37329296576829
969	66.23598314370425
970	66.23598314370425
971	66.23598314370425
972	63.26127939049569
973	63.26127939049569
974	63.26127939049569
975	62.49983386875744
976	62.49983386875744
977	62.49983386875744
978	53.499597221665326
979	53.499597221665326
980	59.54312803710347
981	59.54312803710347
982	59.54312803710347
983	51.41248468578229
984	51.41248468578229
985	51.41248468578229
986	48.426617478058255
987	48.426617478058255
988	48.426617478058255
989	58.29524676781824
990	58.29524676781824
991	58.29524676781824
992	61.823697007270326
993	61.823697007270326
994	61.823697007270326
995	54.850219697807916
996	54.850219697807916
997	54.850219697807916
998	57.437774305483174
999	57.437774305483174
1000	57.437774305483174
1001	51.25812735291429
1002	51.25812735291429
1003	51.25812735291429
1004	57.12535091378403
1005	57.12535091378403
1006	57.12535091378403
1007	54.86438538416092
1008	54.86438538416092
1009	54.86438538416092
1010	55.53587670968411
1011	55.53587670968411
1012	55.53587670968411
1013	54.58332085030152
1014	54.58332085030152
1015	54.58332085030152
1016	55.854256037249705
1017	55.854256037249705
1018	55.854256037249705
1019	52.03763006982742
1020	52.03763006982742
1021	52.03763006982742
1022	53.187898361560244
1023	53.187898361560244
1024	53.187898361560244
1025	39.72779694881986
1026	39.72779694881986
1027	39.72779694881986
1028	51.93840306695291
1029	51.93840306695291
1030	51.93840306695291
1031	60.129226480839804
1032	60.129226480839804
1033	60.129226480839804
1034	54.42933282685917
1035	54.42933282685917
1036	54.42933282685917
1037	61.41545295213088
1038	61.41545295213088
1039	61.41545295213088
1040	58.083885589073084
1041	58.083885589073084
1042	58.083885589073084
1043	52.632120227675784
1044	52.632120227675784
1045	52.632120227675784
1046	48.40145878237303
1047	48.40145878237303
1048	48.40145878237303
1049	48.31893704955159
1050	48.31893704955159
1051	48.31893704955159
1052	56.18879635666326
1053	56.18879635666326
1054	56.18879635666326
1055	51.16215066014215
1056	51.16215066014215
1057	51.16215066014215
1058	52.4114888387359
1059	52.4114888387359
1060	52.4114888387359
1061	46.26856378300018
1062	46.26856378300018
1063	46.26856378300018
1064	61.034244635180805
1065	61.034244635180805
1066	61.034244635180805
1067	53.44518041922223
1068	53.44518041922223
1069	53.44518041922223
1070	46.137483829938866
1071	46.137483829938866
1072	46.137483829938866
1073	59.08149676758594
1074	59.08149676758594
1075	59.08149676758594
1076	50.192442243413254
1077	50.192442243413254
1078	50.192442243413254
1079	57.677549824228585
1080	57.677549824228585
1081	57.677549824228585
1082	61.2249663128579
1083	61.2249663128579
1084	61.2249663128579
1085	50.544285975116175
1086	50.544285975116175
1087	50.544285975116175
1088	52.561143359192414
1089	52.561143359192414
1090	52.561143359192414
1091	52.08927363888842
1092	52.08927363888842
1093	52.08927363888842
1094	54.61940719297631
1095	54.61940719297631
1096	54.61940719297631
1097	53.43278009600268
1098	53.43278009600268
1099	53.43278009600268
1100	59.020653864154454
1101	59.020653864154454
1102	59.020653864154454
1103	56.94407689289446
1104	56.94407689289446
1105	56.94407689289446
1106	55.69924387465007
1107	55.69924387465007
1108	55.69924387465007
1109	48.2202129008556
1110	48.2202129008556
1111	48.2202129008556
1112	56.82909084946901
1113	56.82909084946901
1114	56.82909084946901
1115	52.67121188889519
1116	52.67121188889519
1117	52.67121188889519
1118	49.82635190126939
1119	49.82635190126939
1120	49.82635190126939
1121	56.98449904663588
1122	56.98449904663588
1123	56.98449904663588
1124	54.30276140561887
1125	54.30276140561887
1126	54.30276140561887
1127	52.58372475974544
1128	52.58372475974544
1129	52.58372475974544
1130	58.31657593414272
1131	58.31657593414272
1132	58.31657593414272
1133	54.9351197692967
1134	54.9351197692967
1135	54.9351197692967
1136	55.74123496706627
1137	55.74123496706627
1138	55.74123496706627
1139	52.07979268102183
1140	52.07979268102183
1141	52.07979268102183
1142	55.35449308295029
1143	55.35449308295029
1144	55.35449308295029
1145	60.22291767170877
1146	60.22291767170877
1147	60.22291767170877
1148	64.584984578165
1149	64.584984578165
1150	64.584984578165
1151	59.32257586839402
1152	59.32257586839402
1153	59.32257586839402
1154	56.52427299663044
1155	56.52427299663044
1156	56.52427299663044
1157	57.58676020000706
1158	57.58676020000706
1159	57.58676020000706
1160	52.881155232384124
1161	52.881155232384124
1162	52.881155232384124
1163	61.29457152256534
1164	61.29457152256534
1165	61.29457152256534
1166	56.597256739216334
1167	56.597256739216334
1168	56.597256739216334
1169	47.20063726634597
1170	47.20063726634597
1171	47.20063726634597
1172	63.17377725159936
1173	63.17377725159936
1174	63.17377725159936
1175	50.83723451857058
1176	50.83723451857058
1177	50.83723451857058
1178	52.76241501307795
1179	52.76241501307795
1180	52.76241501307795
1181	53.60899692529218
1182	53.60899692529218
1183	53.60899692529218
1184	57.800947214864486
1185	57.800947214864486
1186	57.800947214864486
1187	56.398033659612224
1188	56.398033659612224
1189	56.398033659612224
1190	55.580943677713
1191	55.580943677713
1192	55.580943677713
1193	53.57452909834444
1194	53.57452909834444
1195	77.96176124831935
1196	77.96176124831935
1197	77.96176124831935
1198	65.10939700329484
1199	65.10939700329484
1200	65.10939700329484
1201	79.98176221839883
1202	79.98176221839883
1203	79.98176221839883
1204	63.801384215344804
1205	63.801384215344804
1206	63.801384215344804
1207	76.01806700166617
1208	76.01806700166617
1209	76.01806700166617
1210	62.17882235286686
1211	62.17882235286686
1212	62.17882235286686
1213	60.50673953388872
1214	60.50673953388872
1215	60.50673953388872
1216	72.75919469237773
1217	72.75919469237773
1218	72.75919469237773
1219	74.76228392813583
1220	74.76228392813583
1221	74.76228392813583
1222	65.94029277668298
1223	65.94029277668298
1224	65.94029277668298
1225	59.6687575243725
1226	59.6687575243725
1227	59.6687575243725
1228	76.46129848650965
1229	76.46129848650965
1230	76.46129848650965
1231	77.18515121873891
1232	77.18515121873891
1233	77.18515121873891
1234	74.4993481495532
1235	74.4993481495532
1236	74.4993481495532
1237	61.43830480464591
1238	61.43830480464591
1239	61.43830480464591
1240	68.13383241967493
1241	68.13383241967493
1242	68.13383241967493
1243	68.61797635635727
1244	68.61797635635727
1245	68.61797635635727
1246	80.306372944077
1247	80.306372944077
1248	80.306372944077
1249	62.93766305935452
1250	62.93766305935452
1251	62.93766305935452
1252	77.69219787149497
1253	77.69219787149497
1254	77.69219787149497
1255	83.38345214523926
1256	83.38345214523926
1257	83.38345214523926
1258	74.10551818013859
1259	74.10551818013859
1260	74.10551818013859
1261	71.92036900730069
1262	71.92036900730069
1263	71.92036900730069
1264	55.62387306164578
1265	55.62387306164578
1266	55.62387306164578
1267	62.829467001507886
1268	62.829467001507886
1269	62.829467001507886
1270	70.3139109368346
1271	70.3139109368346
1272	70.3139109368346
1273	73.49523376122536
1274	73.49523376122536
1275	73.49523376122536
1276	74.24291983677513
1277	74.24291983677513
1278	74.24291983677513
1279	65.6048196747851
1280	65.6048196747851
1281	65.6048196747851
1282	73.58389752327022
1283	73.58389752327022
1284	73.58389752327022
1285	66.5057141934223
1286	66.5057141934223
1287	66.5057141934223
1288	62.99510880279687
1289	62.99510880279687
1290	62.99510880279687
1291	64.43164613353034
1292	64.43164613353034
1293	64.43164613353034
1294	83.53057855155764
1295	83.53057855155764
1296	83.53057855155764
1297	72.95011077340821
1298	72.95011077340821
1299	72.95011077340821
1300	64.34275204591953
1301	64.34275204591953
1302	64.34275204591953
1303	63.34768138372826
1304	63.34768138372826
1305	63.34768138372826
1306	79.36846978621855
1307	79.36846978621855
1308	79.36846978621855
1309	68.33225803508114
1310	68.33225803508114
1311	68.33225803508114
1312	74.1093375475302
1313	74.1093375475302
1314	63.108359597786475
1315	63.108359597786475
1316	63.108359597786475
1317	59.43142533596332
1318	59.43142533596332
1319	59.43142533596332
1320	65.73765160148942
1321	65.73765160148942
1322	65.73765160148942
1323	65.23088170357343
1324	65.23088170357343
1325	65.23088170357343
1326	69.86931247285888
1327	69.86931247285888
1328	69.86931247285888
1329	64.97901152232735
1330	64.97901152232735
1331	64.97901152232735
1332	64.91540640523719
1333	64.91540640523719
1334	64.91540640523719
1335	61.307690666535045
1336	61.307690666535045
1337	61.307690666535045
1338	64.14497710962173
1339	64.14497710962173
1340	64.14497710962173
1341	75.61529585005071
1342	75.61529585005071
1343	75.61529585005071
1344	60.70251515462432
1345	60.70251515462432
1346	60.70251515462432
1347	64.73542283705628
1348	64.73542283705628
1349	64.73542283705628
1350	61.86338306465265
1351	61.86338306465265
1352	61.86338306465265
1353	72.67853041063442
1354	72.67853041063442
1355	72.67853041063442
1356	57.03937150144694
1357	57.03937150144694
1358	57.03937150144694
1359	76.91219922599585
1360	76.91219922599585
1361	76.91219922599585
1362	62.39936039727928
1363	62.39936039727928
1364	62.39936039727928
1365	73.71892039834896
1366	73.71892039834896
1367	73.71892039834896
1368	55.97174188705361
1369	55.97174188705361
1370	55.97174188705361
1371	67.15622058209463
1372	88.9
1373	88.9
1374	88.9
1375	82.91285465943298
1376	82.91285465943298
1377	82.91285465943298
1378	86.81523351439454
1379	86.81523351439454
1380	86.81523351439454
1381	88.9
1382	88.9
1383	88.9
1384	80.69205592574112
1385	80.69205592574112
1386	80.69205592574112
1387	80.81284991923822
1388	80.81284991923822
1389	80.81284991923822
1390	78.95532279048672
1391	78.95532279048672
1392	78.95532279048672
1393	82.46564833996698
1394	82.46564833996698
1395	82.46564833996698
1396	85.9855440609351
1397	85.9855440609351
1398	85.9855440609351
1399	79.10715071323447
1400	79.10715071323447
1401	79.10715071323447
1402	83.7131750856691
1403	83.7131750856691
1404	83.7131750856691
1405	88.9
1406	88.9
1407	88.9
1408	86.30008800170837
1409	86.30008800170837
1410	86.30008800170837
1411	88.9
1412	88.9
1413	88.9
1414	88.9
1415	88.9
1416	88.9
1417	84.94340155948042
1418	84.94340155948042
1419	84.94340155948042
1420	87.7005789418502
1421	87.7005789418502
1422	87.7005789418502
1423	77.39416222650598
1424	77.39416222650598
1425	77.39416222650598
1426	88.9
1427	88.9
1428	88.9
1429	83.05253124832966
1430	83.05253124832966
1431	83.05253124832966
1432	81.483355894877
1433	81.483355894877
1434	81.483355894877
1435	87.58148285978596
1436	87.58148285978596
1437	87.58148285978596
1438	79.34031260323486
1439	79.34031260323486
1440	79.34031260323486
1441	88.9
1442	88.9
1443	88.9
1444	88.9
1445	88.9
1446	88.9
1447	88.9
1448	88.9
1449	88.9
1450	85.04524407277775
1451	85.04524407277775
1452	85.04524407277775
1453	81.42450796542799
1454	81.42450796542799
1455	81.42450796542799
1456	83.88191701927445
1457	83.88191701927445
1458	83.88191701927445
1459	84.82453646545449
1460	84.82453646545449
1461	79.85158333974564
1462	79.85158333974564
1463	79.85158333974564
1464	88.2649517433925
1465	88.2649517433925
1466	88.2649517433925
1467	74.19104112778054
1468	74.19104112778054
1469	74.19104112778054
1470	77.11738747573256
1471	77.11738747573256
1472	77.11738747573256
1473	84.25418080022304
1474	84.25418080022304
1475	84.25418080022304
1476	84.31489429762588
1477	84.31489429762588
1478	84.31489429762588
1479	88.9
1480	88.9
1481	88.9
1482	85.1346821715277
1483	85.1346821715277
1484	85.1346821715277
1485	87.05919633288046
1486	87.05919633288046
1487	87.05919633288046
1488	81.44190958042168
1489	81.44190958042168
1490	81.44190958042168
1491	78.75407175291214
1492	78.75407175291214
1493	78.75407175291214
1494	68.15284854120304
1495	68.15284854120304
1496	68.15284854120304
1497	76.59152707239986
1498	76.59152707239986
1499	76.59152707239986
1500	82.84980634628612
1501	82.84980634628612
1502	82.84980634628612
1503	76.49526271879542
1504	76.49526271879542
1505	76.49526271879542
1506	68.59792295836502
1507	68.59792295836502
1508	68.59792295836502
1509	70.89993664236435
1510	70.89993664236435
1511	70.89993664236435
1512	67.28264854282769
1513	67.28264854282769
1514	67.28264854282769
1515	88.9
1516	88.9
1517	88.9
1518	85.70473810975989
1519	85.70473810975989
1520	85.70473810975989
1521	70.52412597717625
1522	70.52412597717625
1523	70.52412597717625
1524	64.80913585727924
1525	64.80913585727924
1526	64.80913585727924
1527	70.7795373643504
1528	70.7795373643504
1529	70.7795373643504
1530	77.18618945233948
1531	77.18618945233948
1532	77.18618945233948
1533	63.41177995014682
1534	63.41177995014682
1535	63.41177995014682
1536	77.50908550707837
1537	77.50908550707837
1538	77.50908550707837
1539	78.79133845094964
1540	78.79133845094964
1541	78.79133845094964
1542	84.85719074382804
1543	84.85719074382804
1544	84.85719074382804
1545	75.09703509470629
1546	75.09703509470629
1547	75.09703509470629
1548	84.81184139430945
1549	84.81184139430945
1550	84.81184139430945
1551	72.90606218803431
1552	72.90606218803431
1553	72.90606218803431
1554	75.32841508070622
1555	75.32841508070622
1556	75.32841508070622
1557	79.68350284445887
1558	79.68350284445887
1559	79.68350284445887
1560	79.14355314435895
1561	79.14355314435895
1562	79.14355314435895
1563	77.59544490830142
1564	77.59544490830142
1565	77.59544490830142
1566	80.29476883586261
1567	80.29476883586261
1568	80.29476883586261
1569	71.02646737215215
1570	71.02646737215215
1571	71.02646737215215
1572	80.67539710470247
1573	80.67539710470247
1574	80.67539710470247
1575	88.9
1576	88.9
1577	88.9
1578	79.24207418227842
1579	79.24207418227842
1580	79.24207418227842
1581	82.19928084000504
1582	82.19928084000504
1583	82.19928084000504
1584	77.34918090271012
1585	77.34918090271012
1586	77.34918090271012
1587	65.47839515414499
1588	65.47839515414499
1589	65.47839515414499
1590	78.75389161925366
1591	78.75389161925366
1592	78.75389161925366
1593	87.7571391684486
1594	87.7571391684486
1595	62.530889149768974
1596	62.530889149768974
1597	62.530889149768974
1598	74.59222798133864
1599	74.59222798133864
1600	74.59222798133864
1601	72.82354194204869
1602	72.82354194204869
1603	72.82354194204869
1604	76.0823307245817
1605	76.0823307245817
1606	76.0823307245817
1607	68.0487777327383
1608	68.0487777327383
1609	68.0487777327383
1610	71.4357661550192
1611	71.4357661550192
1612	71.4357661550192
1613	71.61860574757583
1614	71.61860574757583
1615	71.61860574757583
1616	71.5244500188551
1617	71.5244500188551
1618	71.5244500188551
1619	76.62044847681874
1620	76.62044847681874
1621	76.62044847681874
1622	64.09258915966701
1623	64.09258915966701
1624	64.09258915966701
1625	66.10873944872327
1626	66.10873944872327
1627	66.10873944872327
1628	73.1263269991801
1629	73.1263269991801
1630	73.1263269991801
1631	69.31374159998046
1632	69.31374159998046
1633	69.31374159998046
1634	67.57611242396919
1635	67.57611242396919
1636	67.57611242396919
1637	66.11521256941396
1638	66.11521256941396
1639	66.11521256941396
1640	81.95714735994255
1641	81.95714735994255
1642	81.95714735994255
1643	62.65035452425359
1644	62.65035452425359
1645	62.65035452425359
1646	66.42575117830306
1647	66.42575117830306
1648	66.42575117830306
1649	73.09567503794055
1650	73.09567503794055
1651	73.09567503794055
1652	63.847389586262295
1653	63.847389586262295
1654	63.847389586262295
1655	71.7911377578955
1656	71.7911377578955
1657	71.7911377578955
1658	77.84874376934351
1659	77.84874376934351
1660	77.84874376934351
1661	65.7090673425875
1662	65.7090673425875
1663	65.7090673425875
1664	79.78064648008794
1665	79.78064648008794
1666	79.78064648008794
1667	64.8079519557616
1668	64.8079519557616
1669	64.8079519557616
1670	69.78810612756655
1671	69.78810612756655
1672	69.78810612756655
1673	68.45164274919516
1674	68.45164274919516
1675	68.45164274919516
1676	73.45678941589088
1677	73.45678941589088
1678	73.45678941589088
1679	57.032553364621435
1680	57.032553364621435
1681	57.032553364621435
1682	68.6123985798434
1683	68.6123985798434
1684	68.6123985798434
1685	80.70377598869602
1686	80.70377598869602
1687	80.70377598869602
1688	69.29433494308319
1689	69.29433494308319
1690	69.29433494308319
1691	71.66191639429351
1692	71.66191639429351
1693	71.66191639429351
1694	72.28986174441522
1695	72.28986174441522
1696	72.28986174441522
1697	63.7911989693913
1698	63.7911989693913
1699	63.7911989693913
1700	74.66354384730853
1701	74.66354384730853
1702	74.66354384730853
1703	64.07396340818295
1704	64.07396340818295
1705	64.07396340818295
1706	62.46914275639348
1707	62.46914275639348
1708	62.46914275639348
1709	74.88459404886898
1710	74.88459404886898
1711	74.88459404886898
1712	72.8686280155222
1713	72.8686280155222
1714	72.8686280155222
1715	76.72790188485644
1716	76.72790188485644
1717	76.72790188485644
1718	65.235870367429
1719	65.235870367429
1720	65.235870367429
1721	77.56333910628612
1722	88.9
1723	88.9
1724	88.9
1725	75.93582749501776
1726	75.93582749501776
1727	75.93582749501776
1728	88.08064619329261
1729	88.08064619329261
1730	88.08064619329261
1731	88.9
1732	88.9
1733	88.9
1734	88.9
1735	88.9
1736	88.9
1737	81.9477246032154
1738	81.9477246032154
1739	81.9477246032154
1740	79.8237026755433
1741	79.8237026755433
1742	79.8237026755433
1743	83.00728407873986
1744	83.00728407873986
1745	83.00728407873986
1746	88.9
1747	88.9
1748	88.9
1749	86.9098338353429
1750	86.9098338353429
1751	86.9098338353429
1752	75.28709756823184
1753	75.28709756823184
1754	75.28709756823184
1755	88.9
1756	88.9
1757	88.9
1758	88.9
1759	88.9
1760	88.9
1761	86.9593856240184
1762	86.9593856240184
1763	86.9593856240184
1764	76.86558343647566
1765	76.86558343647566
1766	76.86558343647566
1767	88.9
1768	88.9
1769	88.9
1770	75.3648683959686
1771	75.3648683959686
1772	75.3648683959686
1773	79.4971434768701
1774	79.4971434768701
1775	79.4971434768701
1776	84.21337895392689
1777	84.21337895392689
1778	84.21337895392689
1779	82.49304199282444
1780	82.49304199282444
1781	82.49304199282444
1782	82.41223190360007
1783	82.41223190360007
1784	82.41223190360007
1785	79.30062841769367
1786	79.30062841769367
1787	79.30062841769367
1788	88.9
1789	88.9
1790	88.9
1791	84.35294652630202
1792	84.35294652630202
1793	84.35294652630202
1794	84.69435921303223
1795	84.69435921303223
1796	84.69435921303223
1797	79.17923493925937
1798	79.17923493925937
1799	79.17923493925937
1800	86.29317717654737
1801	86.29317717654737
1802	86.29317717654737
1803	84.35869544852432
1804	84.35869544852432
1805	84.35869544852432
1806	88.9
1807	88.9
1808	88.9
1809	85.93234745026973
1810	85.93234745026973
1811	85.93234745026973
1812	86.88484882869334
1813	86.88484882869334
1814	86.88484882869334
1815	81.44625546205378
1816	76.03008333335481
1817	76.03008333335481
1818	76.03008333335481
1819	78.1801438614111
1820	78.1801438614111
1821	78.1801438614111
1822	86.17906845663217
1823	86.17906845663217
1824	86.17906845663217
1825	73.53891053533465
1826	73.53891053533465
1827	73.53891053533465
1828	88.9
1829	88.9
1830	88.9
1831	74.63807037294414
1832	74.63807037294414
1833	74.63807037294414
1834	79.20473997409988
1835	79.20473997409988
1836	79.20473997409988
1837	83.0593781116543
1838	83.0593781116543
1839	83.0593781116543
1840	88.9
1841	88.9
1842	88.9
1843	87.39960692248422
1844	87.39960692248422
1845	87.39960692248422
1846	80.5923075818334
1847	80.5923075818334
1848	80.5923075818334
1849	72.8678616630898
1850	72.8678616630898
1851	72.8678616630898
1852	81.47434778111348
1853	81.47434778111348
1854	81.47434778111348
1855	88.9
1856	88.9
1857	88.9
1858	88.9
1859	88.9
1860	88.9
1861	88.9
1862	88.9
1863	88.9
1864	83.65484864394507
1865	83.65484864394507
1866	83.65484864394507
1867	77.85253417127262
1868	77.85253417127262
1869	77.85253417127262
1870	86.47911273708203
1871	86.47911273708203
1872	86.47911273708203
1873	86.85568184797911
1874	86.85568184797911
1875	86.85568184797911
1876	88.28738285524183
1877	88.28738285524183
1878	88.28738285524183
1879	82.33762456003456
1880	82.33762456003456
1881	82.33762456003456
1882	88.9
1883	64.13393836665823
1884	64.13393836665823
1885	64.13393836665823
1886	62.6680373654185
1887	62.6680373654185
1888	62.6680373654185
1889	71.96304559069743
1890	71.96304559069743
1891	71.96304559069743
1892	69.72855538693696
1893	69.72855538693696
1894	69.72855538693696
1895	77.6114050933061
1896	77.6114050933061
1897	77.6114050933061
1898	54.88608870926177
1899	54.88608870926177
1900	54.88608870926177
1901	66.97392990543003
1902	66.97392990543003
1903	66.97392990543003
1904	86.47120819627266
1905	86.47120819627266
1906	86.47120819627266
1907	62.64474986861603
1908	62.64474986861603
1909	62.64474986861603
1910	72.00816016805794
1911	72.00816016805794
1912	72.00816016805794
1913	69.7217399255839
1914	69.7217399255839
1915	69.7217399255839
1916	78.19964889862102
1917	78.19964889862102
1918	78.19964889862102
1919	67.3890692953992
1920	67.3890692953992
1921	67.3890692953992
1922	79.3351633245648
1923	79.3351633245648
1924	79.3351633245648
1925	70.12381053910629
1926	70.12381053910629
1927	70.12381053910629
1928	74.46376741337954
1929	74.46376741337954
1930	74.46376741337954
1931	70.5653804929411
1932	70.5653804929411
1933	70.5653804929411
1934	71.19580082817879
1935	71.19580082817879
1936	71.19580082817879
1937	75.91108672936528
1938	75.91108672936528
1939	75.91108672936528
1940	65.65087852054313
1941	65.65087852054313
1942	65.65087852054313
1943	73.03808784091832
1944	73.03808784091832
1945	73.03808784091832
1946	74.57993978624468
1947	74.57993978624468
1948	74.57993978624468
1949	66.3023378837492
1950	66.3023378837492
1951	66.3023378837492
1952	67.09568065421055
1953	67.09568065421055
1954	67.09568065421055
1955	72.21253232742862
1956	72.21253232742862
1957	72.21253232742862
1958	86.23113246260515
1959	86.23113246260515
1960	86.23113246260515
1961	67.94254817162705
1962	67.94254817162705
1963	67.94254817162705
1964	73.97511937793257
1965	73.97511937793257
1966	73.97511937793257
1967	72.36851305324085
1968	72.36851305324085
1969	72.36851305324085
1970	68.3453592222483
1971	68.3453592222483
1972	68.3453592222483
1973	66.72194815254838
1974	66.72194815254838
1975	66.72194815254838
1976	68.95948954467632
1977	68.95948954467632
1978	68.95948954467632
1979	72.53692613143706
1980	72.53692613143706
1981	72.53692613143706
1982	72.52387243266519
1983	72.52387243266519
1984	72.52387243266519
1985	75.30480790566457
1986	75.30480790566457
1987	75.30480790566457
1988	75.30086715107369
1989	75.30086715107369
1990	75.30086715107369
