0	23.3
1	23.3
2	23.3
3	23.3
4	23.3
5	23.3
6	23.3
7	23.3
8	23.3
9	23.3
10	23.3
11	23.3
12	23.3
13	23.3
14	23.3
15	23.3
16	23.3
17	23.3
18	13.388875533822555
19	13.388875533822555
20	13.388875533822555
21	13.388875533822555
22	13.388875533822555
23	13.388875533822555
24	13.388875533822555
25	13.388875533822555
26	13.388875533822555
27	14.568384320087377
28	14.568384320087377
29	14.568384320087377
30	14.568384320087377
31	14.568384320087377
32	14.568384320087377
33	14.568384320087377
34	14.568384320087377
35	14.568384320087377
36	23.3
37	23.3
38	23.3
39	23.3
40	23.3
41	23.3
42	23.3
43	23.3
44	23.3
45	11.472606409665394
46	11.472606409665394
47	11.472606409665394
48	11.472606409665394
49	11.472606409665394
50	11.472606409665394
51	11.472606409665394
52	11.472606409665394
53	0.1
54	0.1
55	0.1
56	0.1
57	0.1
58	0.1
59	0.1
60	0.1
61	0.1
62	23.3
63	23.3
64	23.3
65	23.3
66	23.3
67	23.3
68	23.3
69	23.3
70	22.77609671829178
71	22.77609671829178
72	22.77609671829178
73	22.77609671829178
74	22.77609671829178
75	22.77609671829178
76	23.3
77	23.3
78	23.3
79	23.3
80	23.3
81	23.3
82	23.3
83	23.3
84	23.3
85	14.530486837767388
86	14.530486837767388
87	14.530486837767388
88	18.0607561231416
89	18.0607561231416
90	18.0607561231416
91	18.0607561231416
92	18.0607561231416
93	18.0607561231416
94	18.0607561231416
95	18.0607561231416
96	18.0607561231416
97	23.3
98	23.3
99	23.3
100	23.3
101	23.3
102	23.3
103	23.3
104	23.3
105	20.619247256863133
106	20.619247256863133
107	20.619247256863133
108	0.1
109	0.1
110	0.1
111	0.1
112	0.1
113	0.1
114	0.1
115	0.1
116	0.1
117	16.502881145172807
118	16.502881145172807
119	16.502881145172807
120	16.502881145172807
121	16.502881145172807
122	13.465887308122909
123	23.3
124	23.3
125	23.3
126	23.3
127	23.3
128	23.3
129	23.3
130	23.3
131	23.3
132	22.94959512900877
133	22.94959512900877
134	22.94959512900877
135	22.94959512900877
136	22.94959512900877
137	22.94959512900877
138	22.94959512900877
139	22.94959512900877
140	22.94959512900877
141	0.17835757698091115
142	0.17835757698091115
143	0.17835757698091115
144	0.17835757698091115
145	0.17835757698091115
146	0.17835757698091115
147	0.17835757698091115
148	0.17835757698091115
149	0.17835757698091115
150	20.583391253262928
151	20.583391253262928
152	20.583391253262928
153	20.583391253262928
154	20.583391253262928
155	20.583391253262928
156	20.583391253262928
157	20.583391253262928
158	23.3
159	23.3
160	23.3
161	23.3
162	23.3
163	23.3
164	23.3
165	23.3
166	23.3
167	23.3
168	23.3
169	23.3
170	23.3
171	23.3
172	23.3
173	23.3
174	23.3
175	23.3
176	23.3
177	23.3
178	23.3
179	22.853466986251735
180	22.853466986251735
181	22.853466986251735
182	22.853466986251735
183	22.853466986251735
184	22.853466986251735
185	22.853466986251735
186	22.853466986251735
187	22.853466986251735
188	3.408423984156151
189	3.408423984156151
190	15.065116041620719
191	15.065116041620719
192	15.065116041620719
193	15.065116041620719
194	15.065116041620719
195	15.065116041620719
196	15.065116041620719
197	23.073435229715017
198	23.073435229715017
199	23.073435229715017
200	23.073435229715017
201	23.073435229715017
202	23.3
203	23.3
204	0.1
205	0.1
206	0.1
207	0.1
208	0.1
209	0.1
210	0.1
211	0.1
212	0.1
213	23.3
214	23.3
215	23.3
216	23.3
217	23.3
218	23.3
219	23.3
220	8.768915453505224
221	8.768915453505224
222	23.3
223	23.3
224	23.3
225	23.3
226	23.3
227	4.965887205395887
228	4.965887205395887
229	4.965887205395887
230	4.965887205395887
231	4.965887205395887
232	4.965887205395887
233	4.965887205395887
234	4.965887205395887
235	4.965887205395887
236	23.3
237	23.3
238	23.3
239	23.3
240	16.255060703597557
241	16.255060703597557
242	16.255060703597557
243	16.255060703597557
244	16.255060703597557
245	13.651975906072837
246	13.651975906072837
247	13.651975906072837
248	13.651975906072837
249	13.651975906072837
250	13.651975906072837
251	13.651975906072837
252	13.651975906072837
253	13.651975906072837
254	23.3
255	23.3
256	23.3
257	23.3
258	23.3
259	23.3
260	23.3
261	23.3
262	23.3
263	23.3
264	23.3
265	23.3
266	23.3
267	23.3
268	23.3
269	23.3
270	23.3
271	23.3
272	16.961738968744847
273	16.961738968744847
274	16.961738968744847
275	16.961738968744847
276	16.961738968744847
277	16.961738968744847
278	16.961738968744847
279	16.961738968744847
280	16.961738968744847
281	18.47933580119406
282	18.47933580119406
283	18.47933580119406
284	21.606434213844953
285	21.606434213844953
286	21.606434213844953
287	21.606434213844953
288	21.606434213844953
289	21.606434213844953
290	21.606434213844953
291	21.606434213844953
292	21.606434213844953
293	2.97847761488552
294	2.97847761488552
295	2.97847761488552
296	2.97847761488552
297	2.97847761488552
298	2.97847761488552
299	2.97847761488552
300	2.97847761488552
301	2.97847761488552
302	4.158179652396907
303	4.158179652396907
304	4.158179652396907
305	23.3
306	23.3
307	23.3
308	23.3
309	23.3
310	23.3
311	23.3
312	23.3
313	23.3
314	14.982032736661457
315	14.982032736661457
316	14.982032736661457
317	14.982032736661457
318	14.982032736661457
319	12.872632209969904
320	12.872632209969904
321	12.872632209969904
322	12.872632209969904
323	12.872632209969904
324	12.872632209969904
325	12.872632209969904
326	8.282871176962256
327	8.282871176962256
328	8.282871176962256
329	8.282871176962256
330	23.3
331	23.3
332	23.3
333	23.3
334	14.68829424942076
335	14.68829424942076
336	14.68829424942076
337	14.68829424942076
338	14.68829424942076
339	14.68829424942076
340	14.68829424942076
341	14.68829424942076
342	14.68829424942076
343	23.3
344	23.3
345	5.982112479963822
346	21.507964579338218
347	21.507964579338218
348	21.507964579338218
349	21.507964579338218
350	21.507964579338218
351	21.507964579338218
352	21.507964579338218
353	21.507964579338218
354	21.507964579338218
355	23.3
356	23.3
357	23.3
358	23.3
359	23.3
360	23.3
361	23.3
362	23.3
363	23.3
364	23.3
365	5.167029500403132
366	5.167029500403132
367	5.167029500403132
368	5.167029500403132
369	5.167029500403132
370	4.033620271308347
371	4.033620271308347
372	4.033620271308347
373	4.033620271308347
374	4.033620271308347
375	4.033620271308347
376	4.033620271308347
377	4.033620271308347
378	4.033620271308347
379	10.224504224335584
380	10.224504224335584
381	10.224504224335584
382	10.224504224335584
383	10.224504224335584
384	10.224504224335584
385	23.3
386	23.3
387	10.847603695399272
388	10.847603695399272
389	10.847603695399272
390	10.847603695399272
391	10.847603695399272
392	10.847603695399272
393	10.847603695399272
394	10.847603695399272
395	16.162429927266636
396	16.162429927266636
397	16.162429927266636
398	16.162429927266636
399	16.162429927266636
400	0.1
401	0.1
402	0.1
403	0.1
404	0.1
405	0.1
406	0.1
407	0.1
408	0.1
409	20.176597670981664
410	20.176597670981664
411	20.176597670981664
412	23.3
413	23.3
414	23.3
415	20.853029627653452
416	20.853029627653452
417	20.853029627653452
418	20.853029627653452
419	1.4159441173554725
420	1.4159441173554725
421	1.4159441173554725
422	1.4159441173554725
423	1.4159441173554725
424	1.4159441173554725
425	16.670981177166176
426	16.670981177166176
427	16.670981177166176
428	16.670981177166176
429	16.670981177166176
430	16.670981177166176
431	16.670981177166176
432	16.670981177166176
433	16.670981177166176
434	21.39204478820241
435	21.39204478820241
436	21.39204478820241
437	21.39204478820241
438	21.39204478820241
439	21.39204478820241
440	21.39204478820241
441	21.39204478820241
442	5.017197076116986
443	5.017197076116986
444	5.017197076116986
445	5.017197076116986
446	5.017197076116986
447	5.017197076116986
448	5.017197076116986
449	5.017197076116986
450	5.017197076116986
451	23.3
452	10.920814869718873
453	10.920814869718873
454	10.920814869718873
455	23.3
456	16.14532047893998
457	16.14532047893998
458	16.14532047893998
459	16.14532047893998
460	16.14532047893998
461	16.14532047893998
462	16.14532047893998
463	16.14532047893998
464	16.14532047893998
465	23.3
466	23.3
467	7.485839750143777
468	7.485839750143777
469	7.485839750143777
470	7.485839750143777
471	7.485839750143777
472	7.485839750143777
473	19.053737194022673
474	19.053737194022673
475	19.053737194022673
476	19.053737194022673
477	19.053737194022673
478	19.053737194022673
479	6.383457449310825
480	22.2802254552634
481	22.2802254552634
482	22.2802254552634
483	22.2802254552634
484	22.2802254552634
485	22.2802254552634
486	22.2802254552634
487	22.2802254552634
488	22.2802254552634
489	23.3
490	23.3
491	23.3
492	23.3
493	23.3
494	23.3
495	23.3
496	23.3
497	23.3
498	23.3
499	23.3
500	23.3
501	23.3
502	19.830730197439053
503	19.830730197439053
504	19.830730197439053
505	19.830730197439053
506	19.830730197439053
507	19.830730197439053
508	19.830730197439053
509	19.830730197439053
510	19.830730197439053
511	23.3
512	23.3
513	23.3
514	23.3
515	23.3
516	23.3
517	23.3
518	23.3
519	23.3
520	23.3
521	23.3
522	23.3
523	23.3
524	23.3
525	8.26674311787564
526	8.26674311787564
527	8.26674311787564
528	18.773287817618865
529	18.773287817618865
530	18.773287817618865
531	18.773287817618865
532	18.773287817618865
533	18.773287817618865
534	18.773287817618865
535	18.773287817618865
536	18.773287817618865
537	15.850643850672181
538	15.850643850672181
539	15.850643850672181
540	15.850643850672181
541	15.850643850672181
542	15.850643850672181
543	15.850643850672181
544	15.850643850672181
545	15.850643850672181
546	23.283048653894717
547	23.283048653894717
548	23.283048653894717
549	23.283048653894717
550	23.283048653894717
551	23.283048653894717
552	23.283048653894717
553	23.283048653894717
554	23.283048653894717
555	23.3
556	23.3
557	23.3
558	23.3
559	20.68339417209779
560	20.68339417209779
561	20.68339417209779
562	20.68339417209779
563	20.68339417209779
564	20.68339417209779
565	20.68339417209779
566	20.68339417209779
567	20.68339417209779
568	23.3
569	23.3
570	23.3
571	23.3
572	23.3
573	23.3
574	23.3
575	0.1
576	0.1
577	16.975514092675276
578	16.975514092675276
579	16.975514092675276
580	16.975514092675276
581	23.3
582	23.3
583	23.3
584	23.3
585	23.3
586	23.3
587	23.3
588	23.3
589	23.3
590	23.3
591	23.3
592	23.3
593	23.3
594	23.3
595	23.3
596	23.3
597	23.3
598	23.3
599	2.6429240947022343
600	2.6429240947022343
601	2.6429240947022343
602	2.6429240947022343
603	2.6429240947022343
604	2.6429240947022343
605	2.6429240947022343
606	2.6429240947022343
607	2.6429240947022343
608	14.466026468451966
609	14.466026468451966
610	14.466026468451966
611	14.466026468451966
612	0.1
613	0.1
614	0.1
615	0.1
616	0.1
617	0.1
618	0.1
619	0.1
620	0.1
621	23.3
622	23.3
623	7.581354159959522
624	7.581354159959522
625	7.581354159959522
626	7.581354159959522
627	7.581354159959522
628	23.3
629	12.871860491630017
630	12.871860491630017
631	12.871860491630017
632	12.871860491630017
633	12.871860491630017
634	12.871860491630017
635	12.871860491630017
636	12.871860491630017
637	12.871860491630017
638	23.3
639	23.3
640	23.3
641	23.3
642	23.3
643	23.3
644	23.3
645	23.3
646	23.3
647	23.3
648	23.3
649	23.3
650	23.3
651	2.3906163120910477
652	7.783209698830344
653	7.783209698830344
654	7.783209698830344
655	7.783209698830344
656	7.783209698830344
657	7.783209698830344
658	7.783209698830344
659	7.783209698830344
660	7.783209698830344
661	23.3
662	0.1
663	0.1
664	0.1
665	7.064272933299449
666	7.064272933299449
667	7.064272933299449
668	21.418325256511803
669	21.418325256511803
670	21.418325256511803
671	21.418325256511803
672	21.418325256511803
673	21.418325256511803
674	21.418325256511803
675	21.418325256511803
676	21.418325256511803
677	23.3
678	23.3
679	23.3
680	23.3
681	23.3
682	23.3
683	23.3
684	23.3
685	23.3
686	3.1389562062228613
687	3.1389562062228613
688	3.1389562062228613
689	3.1389562062228613
690	3.1389562062228613
691	23.3
692	23.3
693	23.3
694	23.3
695	23.3
696	23.3
697	23.3
698	23.3
699	23.3
700	23.3
701	23.3
702	23.3
703	23.3
704	23.3
705	23.3
706	23.3
707	0.1
708	0.1
709	0.1
710	0.1
711	1.9705005321476463
712	1.9705005321476463
713	1.9705005321476463
714	1.9705005321476463
715	1.9705005321476463
716	1.9705005321476463
717	23.3
718	23.3
719	23.3
720	23.3
721	15.86933168103856
722	15.86933168103856
723	15.86933168103856
724	15.86933168103856
725	15.86933168103856
726	15.86933168103856
727	15.86933168103856
728	15.86933168103856
729	15.86933168103856
730	7.957082292293876
731	7.957082292293876
732	7.957082292293876
733	7.957082292293876
734	7.957082292293876
735	7.957082292293876
736	7.957082292293876
737	7.957082292293876
738	23.3
739	23.3
740	23.3
741	23.3
742	23.3
743	23.3
744	23.3
745	23.3
746	23.3
747	23.3
748	23.3
749	23.3
750	23.3
751	17.985838775339566
752	17.985838775339566
753	17.985838775339566
754	7.450774974486736
755	23.3
756	23.3
757	23.3
758	23.3
759	23.3
760	23.3
761	23.3
762	23.3
763	15.696696444860226
764	23.05465076831734
765	23.05465076831734
766	23.05465076831734
767	23.05465076831734
768	23.05465076831734
769	23.05465076831734
770	23.05465076831734
771	23.05465076831734
772	23.05465076831734
773	14.194713764304183
774	14.194713764304183
775	14.194713764304183
776	14.194713764304183
777	14.194713764304183
778	21.099926145077685
779	21.099926145077685
780	21.099926145077685
781	21.099926145077685
782	21.099926145077685
783	21.099926145077685
784	21.099926145077685
785	21.099926145077685
786	21.099926145077685
787	23.3
788	23.3
789	23.3
790	23.3
791	23.3
792	23.3
793	23.3
794	23.3
795	23.3
796	23.3
797	23.3
798	23.3
799	23.3
800	23.3
801	23.3
802	14.080259186255647
803	5.263147602369877
804	5.263147602369877
805	5.263147602369877
806	5.263147602369877
807	5.263147602369877
808	5.263147602369877
809	5.263147602369877
810	5.263147602369877
811	20.577120644338756
812	20.577120644338756
813	20.577120644338756
814	20.577120644338756
815	21.678214739261367
816	21.678214739261367
817	21.678214739261367
818	21.678214739261367
819	21.678214739261367
820	21.678214739261367
821	21.678214739261367
822	21.678214739261367
823	21.678214739261367
824	23.3
825	10.11042387057517
826	10.11042387057517
827	10.11042387057517
828	10.11042387057517
829	23.3
830	23.3
831	23.3
832	23.3
833	23.3
834	23.3
835	23.3
836	23.3
837	23.3
838	23.3
839	23.3
840	23.3
841	23.3
842	23.3
843	23.3
844	23.3
845	23.3
846	23.3
847	23.3
848	23.3
849	23.3
850	23.3
851	23.3
852	23.3
853	0.5821407789179389
854	0.5821407789179389
855	12.124362168105563
856	12.124362168105563
857	12.124362168105563
858	12.124362168105563
859	12.124362168105563
860	12.124362168105563
861	12.124362168105563
862	12.124362168105563
863	12.124362168105563
864	17.42491347120572
865	17.42491347120572
866	22.75867399472312
867	22.75867399472312
868	22.75867399472312
869	9.351764248875206
870	9.351764248875206
871	9.351764248875206
872	9.351764248875206
873	9.351764248875206
874	9.351764248875206
875	9.351764248875206
876	9.351764248875206
877	23.26963247386228
878	23.26963247386228
879	23.3
880	4.319680801242207
881	4.319680801242207
882	4.319680801242207
883	4.319680801242207
884	4.319680801242207
885	4.319680801242207
886	4.319680801242207
887	4.319680801242207
888	4.319680801242207
889	0.1
890	0.1
891	0.1
892	0.1
893	0.1
894	0.1
895	2.7835926457591817
896	2.7835926457591817
897	2.7835926457591817
898	2.7835926457591817
899	2.7835926457591817
900	2.7835926457591817
901	2.7835926457591817
902	0.33795926912855734
903	23.3
904	23.3
905	22.38502222270389
906	22.38502222270389
907	22.38502222270389
908	22.38502222270389
909	2.465809531358971
910	2.465809531358971
911	21.491132254966715
912	21.491132254966715
913	21.491132254966715
914	21.491132254966715
915	21.491132254966715
916	21.491132254966715
917	21.491132254966715
918	21.491132254966715
919	23.3
920	23.3
921	23.3
922	23.3
923	23.3
924	23.3
925	23.3
926	23.3
927	23.3
928	0.1
929	23.3
930	23.3
931	23.3
932	23.3
933	23.3
934	23.3
935	23.3
936	23.3
937	23.3
938	23.3
939	23.3
940	23.3
941	23.3
942	23.3
943	23.3
944	23.3
945	23.3
946	23.3
947	15.779649198634427
948	15.779649198634427
949	15.779649198634427
950	15.779649198634427
951	15.779649198634427
952	15.779649198634427
953	15.779649198634427
954	15.779649198634427
955	15.779649198634427
956	23.3
957	23.3
958	23.3
959	23.3
960	23.3
961	9.025383597271404
962	23.3
963	23.3
964	23.3
965	23.3
966	23.3
967	23.3
968	23.3
969	23.3
970	23.3
971	23.3
972	23.3
973	23.3
974	23.3
975	23.3
976	23.3
977	23.3
978	23.3
979	23.3
980	9.58734189672621
981	9.58734189672621
982	9.58734189672621
983	9.58734189672621
984	9.58734189672621
985	9.58734189672621
986	9.58734189672621
987	9.58734189672621
988	9.58734189672621
989	0.1
990	0.1
991	0.1
992	0.1
993	0.1
994	0.1
995	0.1
996	0.1
997	0.1
998	5.435794397277466
999	5.435794397277466
1000	5.435794397277466
1001	5.435794397277466
1002	5.435794397277466
1003	5.435794397277466
1004	5.435794397277466
1005	5.435794397277466
1006	5.435794397277466
1007	23.3
1008	23.3
1009	23.3
1010	23.3
1011	23.3
1012	23.3
1013	23.3
1014	23.3
1015	23.3
1016	0.1
1017	0.1
1018	0.1
1019	0.1
1020	0.1
1021	0.1
