0	66.13694494843888
1	66.13694494843888
2	66.13694494843888
3	66.13694494843888
4	79.1
5	79.1
6	79.1
7	79.1
8	79.1
9	79.1
10	79.1
11	79.1
12	79.1
13	79.1
14	79.1
15	79.1
16	0.1
17	0.1
18	0.1
19	0.1
20	79.1
21	79.1
22	79.1
23	79.1
24	44.121308291450475
25	44.121308291450475
26	44.121308291450475
27	44.121308291450475
28	74.08706293743954
29	74.08706293743954
30	74.08706293743954
31	74.08706293743954
32	79.1
33	79.1
34	79.1
35	79.1
36	79.1
37	79.1
38	79.1
39	79.1
40	79.1
41	79.1
42	79.1
43	79.1
44	79.1
45	79.1
46	79.1
47	79.1
48	79.1
49	79.1
50	79.1
51	79.1
52	0.7203088014432382
53	0.7203088014432382
54	0.7203088014432382
55	0.7203088014432382
56	79.1
57	79.1
58	79.1
59	79.1
60	51.192249501012355
61	51.192249501012355
62	51.192249501012355
63	51.192249501012355
64	79.1
65	79.1
66	79.1
67	79.1
68	47.420099945626525
69	47.420099945626525
70	47.420099945626525
71	47.420099945626525
72	0.1
73	0.1
74	0.1
75	0.1
76	53.62709567884575
77	53.62709567884575
78	53.62709567884575
79	53.62709567884575
80	58.43414564005781
81	58.43414564005781
82	58.43414564005781
83	58.43414564005781
84	79.1
85	79.1
86	79.1
87	79.1
88	79.1
89	79.1
90	79.1
91	79.1
92	79.1
93	79.1
94	79.1
95	79.1
96	0.1
97	0.1
98	0.1
99	0.1
100	79.1
101	79.1
102	79.1
103	79.1
104	79.1
105	79.1
106	79.1
107	79.1
108	79.1
109	79.1
110	79.1
111	79.1
112	79.1
113	79.1
114	79.1
115	79.1
116	79.1
117	79.1
118	79.1
119	79.1
120	79.1
121	79.1
122	79.1
123	79.1
124	5.230010654556281
125	5.230010654556281
126	5.230010654556281
127	5.230010654556281
128	12.700677678658892
129	12.700677678658892
130	12.700677678658892
131	12.700677678658892
132	79.1
133	79.1
134	79.1
135	79.1
136	71.27580169677464
137	71.27580169677464
138	71.27580169677464
139	71.27580169677464
140	79.1
141	79.1
142	79.1
143	79.1
144	79.1
145	79.1
146	79.1
147	79.1
148	74.92566592925628
149	74.92566592925628
150	74.92566592925628
151	74.92566592925628
152	64.881146884938
153	64.881146884938
154	64.881146884938
155	64.881146884938
156	79.1
157	79.1
158	79.1
159	79.1
160	67.66491249130878
161	67.66491249130878
162	67.66491249130878
163	67.66491249130878
164	79.1
165	79.1
166	79.1
167	79.1
168	79.1
169	79.1
170	79.1
171	79.1
172	37.09868498517699
173	37.09868498517699
174	37.09868498517699
175	37.09868498517699
176	79.1
177	79.1
178	79.1
179	79.1
180	41.01965970314698
181	41.01965970314698
182	41.01965970314698
183	41.01965970314698
184	1.017256278004183
185	1.017256278004183
186	1.017256278004183
187	1.017256278004183
188	54.19024366548717
189	54.19024366548717
190	54.19024366548717
191	54.19024366548717
192	55.15523890844677
193	55.15523890844677
194	55.15523890844677
195	55.15523890844677
196	0.1
197	0.1
198	0.1
199	0.1
200	79.1
201	79.1
202	79.1
203	79.1
204	79.1
205	79.1
206	79.1
207	79.1
208	40.858236288550906
209	40.858236288550906
210	40.858236288550906
211	40.858236288550906
212	79.1
213	79.1
214	79.1
215	79.1
216	79.1
217	79.1
218	79.1
219	79.1
220	6.435045910711395
221	6.435045910711395
222	6.435045910711395
223	6.435045910711395
224	79.1
225	79.1
226	79.1
227	79.1
228	79.1
229	79.1
230	79.1
231	79.1
232	60.719570417109566
233	60.719570417109566
234	60.719570417109566
235	60.719570417109566
236	69.79072612724148
237	69.79072612724148
238	69.79072612724148
239	69.79072612724148
240	51.1955372452455
241	51.1955372452455
242	51.1955372452455
243	51.1955372452455
244	79.1
245	79.1
246	79.1
247	79.1
248	60.32307669765423
249	60.32307669765423
250	60.32307669765423
251	60.32307669765423
252	79.1
253	79.1
254	79.1
255	79.1
256	79.1
257	65.43362597772821
258	65.43362597772821
259	65.43362597772821
260	65.43362597772821
261	79.1
262	79.1
263	79.1
264	79.1
265	79.1
266	79.1
267	79.1
268	79.1
269	79.1
270	79.1
271	79.1
272	79.1
273	0.1
274	0.1
275	0.1
276	0.1
277	79.1
278	79.1
279	79.1
280	79.1
281	79.1
282	79.1
283	58.07837940918406
284	58.07837940918406
285	58.07837940918406
286	58.07837940918406
287	40.03285762809962
288	40.03285762809962
289	40.03285762809962
290	40.03285762809962
291	57.80563836681344
292	57.80563836681344
293	57.80563836681344
294	57.80563836681344
295	62.61729831182156
296	62.61729831182156
297	62.61729831182156
298	62.61729831182156
299	79.1
300	79.1
301	79.1
302	79.1
303	79.1
304	79.1
305	79.1
306	79.1
307	22.90148881876604
308	22.90148881876604
309	22.90148881876604
310	22.90148881876604
311	79.1
312	79.1
313	79.1
314	79.1
315	60.46392293782259
316	60.46392293782259
317	60.46392293782259
318	60.46392293782259
319	79.1
320	79.1
321	79.1
322	79.1
323	79.1
324	79.1
325	79.1
326	79.1
327	79.1
328	79.1
329	79.1
330	79.1
331	24.177009517553792
332	24.177009517553792
333	24.177009517553792
334	24.177009517553792
335	79.1
336	79.1
337	79.1
338	79.1
339	79.1
340	79.1
341	79.1
342	79.1
343	79.1
344	79.1
345	79.1
346	79.1
347	0.1
348	14.034229008762608
349	14.034229008762608
350	14.034229008762608
351	14.034229008762608
352	49.55508635316503
353	49.55508635316503
354	49.55508635316503
355	49.55508635316503
356	68.53009497072613
357	68.53009497072613
358	68.53009497072613
359	68.53009497072613
360	79.1
361	79.1
362	79.1
363	79.1
364	79.1
365	79.1
366	79.1
367	79.1
368	79.1
369	79.1
370	79.1
371	79.1
372	79.1
373	79.1
374	79.1
375	79.1
376	79.1
377	79.1
378	79.1
379	79.1
380	79.1
381	79.1
382	79.1
383	79.1
384	65.68896982093902
385	65.68896982093902
386	65.68896982093902
387	65.68896982093902
388	65.0373254661618
389	65.0373254661618
390	65.0373254661618
391	65.0373254661618
392	79.1
393	79.1
394	79.1
395	79.1
396	0.1
397	0.1
398	0.1
399	0.1
400	79.1
401	79.1
402	79.1
403	79.1
404	44.975299181756924
405	44.975299181756924
406	44.975299181756924
407	44.975299181756924
408	2.2693758143451745
409	2.2693758143451745
410	2.2693758143451745
411	2.2693758143451745
412	46.865616330469635
413	46.865616330469635
414	46.865616330469635
415	46.865616330469635
416	0.1
417	0.1
418	0.1
419	0.1
420	79.1
421	79.1
422	79.1
423	79.1
424	79.1
425	79.1
426	79.1
427	79.1
428	71.67688738054555
429	71.67688738054555
430	71.67688738054555
431	71.67688738054555
432	3.5041687084765414
433	3.5041687084765414
434	3.5041687084765414
435	3.5041687084765414
436	19.74814607816166
437	19.74814607816166
438	19.74814607816166
439	19.74814607816166
440	79.1
441	79.1
442	79.1
443	79.1
444	79.1
445	79.1
446	79.1
447	79.1
448	79.1
449	79.1
450	28.033314745066264
451	28.033314745066264
452	28.033314745066264
453	28.033314745066264
454	79.1
455	79.1
456	79.1
457	79.1
458	79.1
459	79.1
460	79.1
461	79.1
462	79.1
463	79.1
464	79.1
465	79.1
466	79.1
467	79.1
468	79.1
469	79.1
470	79.1
471	79.1
472	79.1
473	79.1
474	4.068374677760666
475	4.068374677760666
476	4.068374677760666
477	4.068374677760666
478	48.864901992567766
479	48.864901992567766
480	48.864901992567766
481	48.864901992567766
482	72.95645282653675
483	72.95645282653675
484	72.95645282653675
485	72.95645282653675
486	79.1
487	79.1
488	79.1
489	79.1
490	79.1
491	79.1
492	79.1
493	79.1
494	79.1
495	79.1
496	79.1
497	79.1
498	79.1
499	79.1
500	79.1
501	63.3548669918102
502	63.3548669918102
503	63.3548669918102
504	63.3548669918102
505	79.1
506	79.1
507	79.1
508	79.1
509	66.04277043717966
510	66.04277043717966
511	66.04277043717966
512	66.04277043717966
513	79.1
514	79.1
515	79.1
516	79.1
517	79.1
518	79.1
519	79.1
520	79.1
521	39.112458974627536
522	39.112458974627536
523	39.112458974627536
524	39.112458974627536
525	74.46583804688188
526	74.46583804688188
527	74.46583804688188
528	74.46583804688188
529	79.1
530	79.1
531	79.1
532	79.1
533	30.062786645947575
534	30.062786645947575
535	30.062786645947575
536	30.062786645947575
537	79.1
538	79.1
539	79.1
540	79.1
541	0.1
542	0.1
543	0.1
544	0.1
545	79.1
546	79.1
547	79.1
548	79.1
549	25.39508796584616
550	25.39508796584616
551	25.39508796584616
552	25.39508796584616
553	74.19073617677392
554	74.19073617677392
555	74.19073617677392
556	74.19073617677392
557	10.926852238230296
558	10.926852238230296
559	10.926852238230296
560	10.926852238230296
561	46.91085039600301
562	46.91085039600301
563	46.91085039600301
564	46.91085039600301
565	22.244073425768676
566	22.244073425768676
567	22.244073425768676
568	22.244073425768676
569	79.1
570	79.1
571	79.1
572	79.1
573	56.752907268594946
574	56.752907268594946
575	56.752907268594946
576	56.752907268594946
577	33.234872705706735
578	33.234872705706735
579	33.234872705706735
580	33.234872705706735
581	30.203573261769478
582	30.203573261769478
583	30.203573261769478
584	30.203573261769478
585	79.1
586	79.1
587	79.1
588	79.1
589	2.276081206618123
590	2.276081206618123
591	2.276081206618123
592	2.276081206618123
593	58.249017404352806
594	58.249017404352806
595	58.249017404352806
596	58.249017404352806
597	54.57084665269832
598	54.57084665269832
599	54.57084665269832
600	54.57084665269832
601	32.514498654903335
602	32.514498654903335
603	32.514498654903335
604	32.514498654903335
605	79.1
606	79.1
607	79.1
608	79.1
609	66.61869611329806
610	66.61869611329806
611	66.61869611329806
612	66.61869611329806
613	79.1
614	79.1
615	79.1
616	79.1
617	0.1
618	0.1
619	0.1
620	0.1
621	26.582017836739404
622	26.582017836739404
623	26.582017836739404
624	26.582017836739404
625	11.902093518075453
626	11.902093518075453
627	11.902093518075453
628	11.902093518075453
629	15.989101929872511
630	15.989101929872511
631	15.989101929872511
632	15.989101929872511
633	79.1
634	79.1
635	79.1
636	79.1
637	0.1
638	0.1
639	0.1
640	0.1
641	61.56056955588726
642	61.56056955588726
643	61.56056955588726
644	61.56056955588726
645	76.76856236443044
646	76.76856236443044
647	76.76856236443044
648	76.76856236443044
649	0.1
650	0.1
651	0.1
652	0.1
653	46.15921982711495
654	46.15921982711495
655	46.15921982711495
656	46.15921982711495
657	15.769094565682416
658	15.769094565682416
659	15.769094565682416
660	15.769094565682416
661	79.1
662	79.1
663	79.1
664	79.1
665	25.257763891288164
666	25.257763891288164
667	25.257763891288164
668	25.257763891288164
669	79.1
670	79.1
671	79.1
672	79.1
673	79.1
674	79.1
675	79.1
676	79.1
677	22.83841121700413
678	22.83841121700413
679	22.83841121700413
680	22.83841121700413
681	79.1
682	79.1
683	79.1
684	79.1
685	79.1
686	79.1
687	79.1
688	79.1
689	56.61793626417339
690	56.61793626417339
691	56.61793626417339
692	56.61793626417339
693	66.79362225824133
694	66.79362225824133
695	66.79362225824133
696	66.79362225824133
697	31.990634981570697
698	31.990634981570697
699	31.990634981570697
700	31.990634981570697
701	13.124627069027639
702	13.124627069027639
703	13.124627069027639
704	13.124627069027639
705	79.1
706	79.1
707	79.1
708	79.1
709	30.709606157925855
710	30.709606157925855
711	30.709606157925855
712	30.709606157925855
713	79.1
714	79.1
715	79.1
716	79.1
717	47.62756308662629
718	47.62756308662629
719	47.62756308662629
720	47.62756308662629
721	79.1
722	79.1
723	79.1
724	79.1
725	79.1
726	79.1
727	50.91857389635891
728	50.91857389635891
729	50.91857389635891
730	50.91857389635891
731	79.1
732	79.1
733	79.1
734	79.1
735	79.1
736	79.1
737	79.1
738	79.1
739	44.29919407562757
740	44.29919407562757
741	44.29919407562757
742	44.29919407562757
743	79.1
744	79.1
745	79.1
746	79.1
747	31.761036968844394
748	31.761036968844394
749	31.761036968844394
750	31.761036968844394
751	7.112116886661781
752	7.112116886661781
753	7.112116886661781
754	7.112116886661781
755	79.1
756	79.1
757	79.1
758	79.1
759	79.1
760	79.1
761	79.1
762	79.1
763	79.1
764	79.1
765	79.1
766	79.1
767	79.1
768	79.1
769	79.1
770	79.1
771	79.1
772	79.1
773	79.1
774	79.1
775	79.1
776	79.1
777	79.1
778	79.1
779	79.1
780	79.1
781	79.1
782	79.1
783	79.1
784	79.1
785	79.1
786	79.1
787	79.1
788	79.1
789	79.1
790	79.1
791	79.1
792	79.1
793	79.1
794	79.1
795	38.08870940334151
796	38.08870940334151
797	38.08870940334151
798	38.08870940334151
799	79.1
800	79.1
801	79.1
802	79.1
803	79.1
804	79.1
805	79.1
806	79.1
807	79.1
808	79.1
809	79.1
810	79.1
811	0.1
812	0.1
813	0.1
814	0.1
815	51.20585758360298
816	51.20585758360298
817	51.20585758360298
818	51.20585758360298
819	79.1
820	79.1
821	79.1
822	79.1
823	79.1
824	79.1
825	79.1
826	79.1
827	79.1
828	79.1
829	79.1
830	79.1
831	40.67291565481186
832	40.67291565481186
833	40.67291565481186
834	40.67291565481186
835	0.1
836	0.1
837	0.1
838	0.1
839	79.1
840	79.1
841	79.1
842	79.1
843	79.1
844	79.1
845	79.1
846	79.1
847	76.8136034904656
848	76.8136034904656
849	76.8136034904656
850	76.8136034904656
851	79.1
852	79.1
853	79.1
854	79.1
855	70.429994394446
856	70.429994394446
857	70.429994394446
858	70.429994394446
859	79.1
860	79.1
861	79.1
862	79.1
863	66.03538281563932
864	66.03538281563932
865	66.03538281563932
866	66.03538281563932
867	38.37602587172772
868	38.37602587172772
869	38.37602587172772
870	38.37602587172772
871	18.855525027482543
872	18.855525027482543
873	18.855525027482543
874	18.855525027482543
875	0.1
876	0.1
877	0.1
878	79.1
879	79.1
880	79.1
881	79.1
882	27.222683776741235
883	27.222683776741235
884	27.222683776741235
885	27.222683776741235
886	50.77432580325605
887	50.77432580325605
888	50.77432580325605
889	50.77432580325605
890	9.858901102198416
891	9.858901102198416
892	9.858901102198416
893	9.858901102198416
894	79.1
895	79.1
896	79.1
897	79.1
898	67.39047008068914
899	67.39047008068914
900	67.39047008068914
901	67.39047008068914
902	79.1
903	79.1
904	79.1
905	79.1
906	79.1
907	79.1
908	79.1
909	79.1
910	36.667924593025354
911	36.667924593025354
912	36.667924593025354
913	36.667924593025354
914	75.04774419394293
915	75.04774419394293
916	75.04774419394293
917	75.04774419394293
918	79.1
919	79.1
920	79.1
921	79.1
922	7.598443875581651
923	7.598443875581651
924	7.598443875581651
925	7.598443875581651
926	15.68398109728112
927	15.68398109728112
928	15.68398109728112
929	15.68398109728112
930	79.1
931	79.1
932	79.1
933	79.1
934	52.41807967155871
935	52.41807967155871
936	52.41807967155871
937	52.41807967155871
938	5.264002346243501
939	5.264002346243501
940	5.264002346243501
941	5.264002346243501
942	79.1
943	79.1
944	79.1
945	79.1
946	67.43026026629556
947	67.43026026629556
948	67.43026026629556
949	67.43026026629556
950	79.1
951	79.1
952	79.1
953	79.1
954	32.299183328472786
955	32.299183328472786
956	32.299183328472786
957	32.299183328472786
958	61.13532043730611
959	61.13532043730611
960	61.13532043730611
961	61.13532043730611
962	79.1
963	79.1
964	79.1
965	79.1
966	79.1
967	79.1
968	79.1
969	79.1
970	79.1
971	79.1
972	79.1
973	79.1
974	54.7751865364131
975	54.7751865364131
976	54.7751865364131
977	54.7751865364131
978	79.1
979	79.1
980	79.1
981	79.1
982	34.214534358968116
983	34.214534358968116
984	34.214534358968116
985	34.214534358968116
986	62.39602420452557
987	62.39602420452557
988	62.39602420452557
989	62.39602420452557
990	66.05840590228556
991	66.05840590228556
992	66.05840590228556
993	66.05840590228556
994	0.7781960621912987
995	0.7781960621912987
996	0.7781960621912987
997	0.7781960621912987
998	79.1
999	79.1
1000	79.1
1001	79.1
1002	50.51903150660632
1003	50.51903150660632
1004	50.51903150660632
1005	50.51903150660632
1006	79.1
1007	79.1
1008	79.1
1009	79.1
1010	1.8194511252028036
1011	1.8194511252028036
1012	1.8194511252028036
1013	1.8194511252028036
1014	29.888021458207803
1015	29.888021458207803
1016	29.888021458207803
1017	29.888021458207803
1018	79.1
1019	79.1
1020	79.1
1021	79.1
1022	79.1
1023	79.1
1024	79.1
1025	79.1
1026	0.1
1027	0.1
1028	0.1
1029	0.1
1030	79.1
1031	79.1
1032	79.1
1033	79.1
1034	79.1
1035	79.1
1036	79.1
1037	79.1
1038	45.01754399081831
1039	45.01754399081831
1040	45.01754399081831
1041	45.01754399081831
1042	79.1
1043	79.1
1044	79.1
1045	79.1
1046	79.1
1047	79.1
1048	79.1
1049	79.1
1050	79.1
1051	79.1
1052	79.1
1053	79.1
1054	79.1
1055	79.1
1056	79.1
1057	79.1
1058	79.1
1059	79.1
1060	79.1
1061	79.1
1062	17.499124919549715
1063	17.499124919549715
1064	17.499124919549715
1065	17.499124919549715
1066	79.1
1067	79.1
1068	79.1
1069	79.1
1070	34.36297228244883
1071	34.36297228244883
1072	65.52686456060336
1073	65.52686456060336
1074	65.52686456060336
1075	65.52686456060336
1076	41.672900037761025
1077	41.672900037761025
1078	41.672900037761025
1079	41.672900037761025
1080	79.1
1081	79.1
1082	79.1
1083	79.1
1084	27.263615646841878
1085	27.263615646841878
1086	27.263615646841878
1087	27.263615646841878
1088	0.1
1089	0.1
1090	0.1
1091	0.1
1092	79.1
1093	79.1
1094	79.1
1095	79.1
1096	58.86221300591446
1097	58.86221300591446
1098	58.86221300591446
1099	58.86221300591446
1100	76.61949781995742
1101	76.61949781995742
1102	76.61949781995742
1103	76.61949781995742
1104	20.229164242292924
1105	20.229164242292924
1106	20.229164242292924
1107	20.229164242292924
1108	79.1
1109	79.1
1110	79.1
1111	79.1
1112	53.248041678832834
1113	53.248041678832834
1114	53.248041678832834
1115	53.248041678832834
1116	47.638229539716605
1117	47.638229539716605
1118	47.638229539716605
1119	47.638229539716605
1120	79.1
1121	79.1
1122	79.1
1123	79.1
1124	76.51291182866997
1125	76.51291182866997
1126	76.51291182866997
1127	76.51291182866997
1128	30.50785092727653
1129	30.50785092727653
1130	30.50785092727653
1131	30.50785092727653
1132	43.37880837756866
1133	43.37880837756866
1134	43.37880837756866
1135	43.37880837756866
1136	59.85776620432207
1137	79.1
1138	79.1
1139	79.1
1140	79.1
1141	28.77009766811861
1142	28.77009766811861
1143	28.77009766811861
1144	28.77009766811861
1145	79.1
1146	79.1
1147	79.1
1148	79.1
1149	79.1
1150	79.1
1151	79.1
1152	79.1
1153	79.1
1154	79.1
1155	79.1
1156	79.1
1157	10.772116858441379
1158	10.772116858441379
1159	10.772116858441379
1160	10.772116858441379
1161	79.1
1162	79.1
1163	79.1
1164	79.1
1165	79.1
1166	79.1
1167	79.1
1168	79.1
1169	79.1
1170	79.1
1171	79.1
1172	79.1
1173	41.58000163702456
1174	41.58000163702456
1175	41.58000163702456
1176	41.58000163702456
1177	0.1
1178	0.1
1179	0.1
1180	0.1
1181	79.1
1182	79.1
1183	79.1
1184	79.1
1185	79.1
1186	79.1
1187	79.1
1188	79.1
1189	16.09507239388534
1190	16.09507239388534
1191	16.09507239388534
1192	16.09507239388534
1193	38.06624334763645
1194	38.06624334763645
1195	38.06624334763645
1196	38.06624334763645
1197	79.1
1198	79.1
1199	79.1
1200	79.1
1201	58.982514836391175
1202	58.982514836391175
1203	58.982514836391175
1204	58.982514836391175
1205	79.1
1206	79.1
1207	79.1
1208	79.1
1209	73.56489771861459
1210	73.56489771861459
1211	73.56489771861459
1212	73.56489771861459
1213	32.89085229477797
1214	32.89085229477797
1215	32.89085229477797
1216	32.89085229477797
1217	79.1
1218	79.1
1219	79.1
1220	79.1
1221	79.1
1222	79.1
1223	79.1
1224	79.1
1225	69.88565075964674
1226	69.88565075964674
1227	69.88565075964674
1228	69.88565075964674
1229	79.1
1230	79.1
1231	79.1
1232	79.1
1233	22.03896819187304
1234	22.03896819187304
1235	22.03896819187304
1236	22.03896819187304
1237	79.1
1238	79.1
1239	79.1
1240	79.1
1241	59.939594281591596
1242	59.939594281591596
1243	59.939594281591596
1244	59.939594281591596
1245	50.10012771216813
1246	50.10012771216813
1247	50.10012771216813
1248	50.10012771216813
1249	34.58261678852583
1250	34.58261678852583
1251	34.58261678852583
1252	34.58261678852583
1253	51.67352441960153
1254	51.67352441960153
1255	51.67352441960153
1256	51.67352441960153
1257	13.78491514456983
1258	13.78491514456983
1259	13.78491514456983
1260	13.78491514456983
1261	56.97375204873198
1262	56.97375204873198
1263	56.97375204873198
1264	56.97375204873198
1265	0.1
1266	0.1
1267	0.1
1268	0.1
1269	79.1
1270	79.1
1271	79.1
1272	79.1
1273	79.1
1274	79.1
1275	79.1
1276	79.1
1277	61.35425802703018
1278	61.35425802703018
1279	61.35425802703018
1280	61.35425802703018
1281	22.416525607061445
1282	22.416525607061445
1283	22.416525607061445
1284	22.416525607061445
1285	0.1
1286	0.1
1287	0.1
1288	0.1
1289	79.1
1290	79.1
1291	79.1
1292	79.1
1293	79.1
1294	79.1
1295	79.1
1296	79.1
1297	79.1
1298	79.1
1299	79.1
1300	79.1
1301	79.1
1302	79.1
1303	79.1
1304	79.1
1305	79.1
1306	79.1
1307	79.1
1308	79.1
1309	68.50139111004677
1310	68.50139111004677
1311	68.50139111004677
1312	68.50139111004677
1313	25.971265289739577
1314	25.971265289739577
1315	25.971265289739577
1316	25.971265289739577
1317	79.1
1318	79.1
1319	79.1
1320	79.1
1321	0.1
1322	0.1
1323	0.1
1324	0.1
1325	79.1
1326	79.1
1327	79.1
1328	79.1
1329	62.846848882669256
1330	62.846848882669256
1331	62.846848882669256
1332	62.846848882669256
1333	76.36491679951264
1334	76.36491679951264
1335	76.36491679951264
1336	76.36491679951264
1337	42.459525322431205
1338	42.459525322431205
1339	42.459525322431205
1340	42.459525322431205
1341	0.1
1342	0.1
1343	0.1
1344	0.1
1345	79.1
1346	79.1
1347	79.1
1348	79.1
1349	0.7496021968745339
1350	0.7496021968745339
1351	0.7496021968745339
1352	0.7496021968745339
1353	0.1
1354	0.1
1355	0.1
1356	0.1
1357	20.07676759164567
1358	20.07676759164567
1359	20.07676759164567
1360	20.07676759164567
1361	69.8590863141622
1362	69.8590863141622
1363	69.8590863141622
1364	69.8590863141622
1365	79.1
1366	79.1
1367	79.1
1368	79.1
1369	50.584723701842464
1370	50.584723701842464
1371	50.584723701842464
1372	50.584723701842464
1373	79.1
1374	79.1
1375	79.1
1376	79.1
1377	46.916373356165856
1378	46.916373356165856
1379	46.916373356165856
1380	46.916373356165856
1381	79.1
1382	79.1
1383	79.1
1384	79.1
1385	79.1
1386	79.1
1387	79.1
1388	79.1
1389	32.23681571183125
1390	32.23681571183125
1391	32.23681571183125
1392	32.23681571183125
1393	79.1
1394	79.1
1395	79.1
1396	79.1
1397	55.00345943582745
1398	55.00345943582745
1399	55.00345943582745
1400	55.00345943582745
1401	79.1
1402	79.1
1403	79.1
1404	79.1
1405	79.1
1406	79.1
1407	79.1
1408	79.1
1409	59.42301558256763
1410	59.42301558256763
1411	59.42301558256763
1412	59.42301558256763
1413	31.277217791287775
1414	31.277217791287775
1415	31.277217791287775
1416	31.277217791287775
1417	0.1
1418	0.1
1419	0.1
1420	0.1
1421	79.1
1422	79.1
1423	79.1
1424	79.1
1425	79.1
1426	79.1
1427	79.1
1428	79.1
1429	64.88326185330541
1430	64.88326185330541
1431	64.88326185330541
1432	64.88326185330541
1433	79.1
1434	79.1
1435	79.1
1436	79.1
1437	0.1
1438	0.1
1439	0.1
1440	0.1
1441	79.1
1442	79.1
1443	79.1
1444	79.1
1445	61.05645749098326
1446	61.05645749098326
1447	61.05645749098326
1448	61.05645749098326
1449	79.1
1450	79.1
1451	79.1
1452	79.1
1453	16.542474135462527
1454	16.542474135462527
1455	16.542474135462527
1456	16.542474135462527
1457	58.432201785553346
1458	58.432201785553346
1459	58.432201785553346
1460	58.432201785553346
1461	35.4060187442815
1462	35.4060187442815
1463	35.4060187442815
1464	35.4060187442815
1465	20.861808320647015
1466	20.861808320647015
1467	20.861808320647015
1468	20.861808320647015
1469	79.1
1470	79.1
1471	79.1
1472	79.1
1473	79.1
1474	79.1
1475	79.1
1476	79.1
1477	31.47219880527245
1478	31.47219880527245
1479	31.47219880527245
1480	31.47219880527245
1481	79.1
1482	79.1
1483	79.1
1484	79.1
1485	41.3334578749602
1486	41.3334578749602
1487	41.3334578749602
1488	41.3334578749602
1489	43.37859457102587
1490	43.37859457102587
1491	43.37859457102587
1492	43.37859457102587
1493	79.1
1494	79.1
1495	79.1
1496	79.1
1497	79.1
1498	79.1
1499	79.1
1500	79.1
1501	71.73149146354659
1502	71.73149146354659
1503	71.73149146354659
1504	71.73149146354659
1505	79.1
1506	79.1
1507	79.1
1508	79.1
1509	70.71986529524675
1510	70.71986529524675
1511	70.71986529524675
1512	70.71986529524675
1513	74.54880211506482
1514	74.54880211506482
1515	74.54880211506482
1516	74.54880211506482
1517	77.69313591448247
1518	77.69313591448247
1519	77.69313591448247
1520	77.69313591448247
1521	79.1
1522	79.1
1523	79.1
1524	79.1
1525	48.52213754083908
1526	48.52213754083908
1527	48.52213754083908
1528	48.52213754083908
1529	67.08727151565385
1530	67.08727151565385
1531	67.08727151565385
1532	67.08727151565385
1533	79.1
1534	79.1
1535	79.1
1536	79.1
1537	51.56974527551466
1538	51.56974527551466
1539	51.56974527551466
1540	51.56974527551466
1541	0.1
1542	0.1
1543	0.1
1544	0.1
1545	79.1
1546	79.1
1547	79.1
1548	79.1
1549	0.1
1550	0.1
1551	0.1
1552	0.1
1553	79.1
1554	79.1
1555	79.1
1556	79.1
1557	79.1
1558	79.1
1559	79.1
1560	79.1
1561	60.785348306348126
1562	60.785348306348126
1563	60.785348306348126
1564	60.785348306348126
1565	79.1
1566	79.1
1567	79.1
1568	79.1
1569	79.1
1570	79.1
1571	79.1
1572	79.1
1573	52.00132767944389
1574	52.00132767944389
1575	52.00132767944389
1576	52.00132767944389
1577	79.1
1578	79.1
1579	79.1
1580	79.1
1581	28.49975721588455
1582	28.49975721588455
1583	28.49975721588455
1584	28.49975721588455
1585	0.1
1586	0.1
1587	0.1
1588	0.1
1589	79.1
1590	79.1
1591	79.1
1592	79.1
1593	79.1
1594	79.1
1595	79.1
1596	79.1
1597	69.3714612748481
1598	69.3714612748481
1599	69.3714612748481
1600	69.3714612748481
1601	63.33830679655197
1602	63.33830679655197
1603	63.33830679655197
1604	63.33830679655197
1605	30.18442246477587
1606	30.18442246477587
1607	30.18442246477587
1608	30.18442246477587
1609	51.30313715042963
1610	51.30313715042963
1611	51.30313715042963
1612	51.30313715042963
1613	49.313426884364375
1614	49.313426884364375
1615	49.313426884364375
1616	49.313426884364375
1617	60.27169397718895
1618	60.27169397718895
1619	60.27169397718895
1620	60.27169397718895
1621	79.1
1622	79.1
1623	79.1
1624	79.1
1625	23.672354697644053
1626	23.672354697644053
1627	23.672354697644053
1628	23.672354697644053
1629	46.57475426360523
1630	46.57475426360523
1631	46.57475426360523
1632	46.57475426360523
1633	6.246270215847687
1634	6.246270215847687
1635	6.246270215847687
1636	6.246270215847687
1637	79.1
1638	79.1
1639	79.1
1640	79.1
1641	26.23932557316315
1642	26.23932557316315
1643	26.23932557316315
1644	26.23932557316315
1645	79.1
1646	79.1
1647	79.1
1648	79.1
1649	79.1
1650	79.1
1651	79.1
1652	79.1
1653	78.38901702737995
1654	78.38901702737995
1655	78.38901702737995
1656	78.38901702737995
1657	79.1
1658	79.1
1659	79.1
1660	79.1
1661	59.08155734825861
1662	59.08155734825861
1663	59.08155734825861
1664	59.08155734825861
1665	79.1
1666	79.1
1667	79.1
1668	79.1
1669	22.15605549332733
1670	22.15605549332733
1671	22.15605549332733
1672	79.1
1673	79.1
1674	79.1
1675	79.1
1676	79.1
1677	79.1
1678	79.1
1679	79.1
1680	41.280036143143306
1681	41.280036143143306
1682	41.280036143143306
1683	41.280036143143306
1684	66.31582272417067
1685	66.31582272417067
1686	66.31582272417067
1687	66.31582272417067
1688	34.475369009466604
1689	34.475369009466604
1690	34.475369009466604
1691	34.475369009466604
1692	79.1
1693	79.1
1694	79.1
1695	79.1
1696	79.1
1697	79.1
1698	79.1
1699	79.1
1700	79.1
1701	79.1
1702	79.1
1703	79.1
1704	79.1
1705	79.1
1706	79.1
1707	79.1
1708	79.1
1709	79.1
1710	79.1
1711	79.1
1712	79.1
1713	79.1
1714	79.1
1715	79.1
1716	79.1
1717	79.1
1718	79.1
1719	79.1
1720	79.1
1721	79.1
1722	79.1
1723	79.1
1724	0.1
1725	0.1
1726	0.1
1727	0.1
1728	0.1
1729	0.1
1730	0.1
1731	0.1
1732	6.009460755191611
1733	6.009460755191611
1734	6.009460755191611
1735	6.009460755191611
1736	79.1
1737	79.1
1738	79.1
1739	79.1
1740	32.62182418544874
1741	32.62182418544874
1742	32.62182418544874
1743	32.62182418544874
1744	79.1
1745	79.1
1746	79.1
1747	79.1
1748	79.1
1749	79.1
1750	79.1
1751	79.1
1752	79.1
1753	79.1
1754	79.1
1755	79.1
1756	79.1
1757	79.1
1758	79.1
1759	79.1
1760	23.656930734240092
1761	23.656930734240092
1762	23.656930734240092
1763	23.656930734240092
1764	0.1
1765	0.1
1766	0.1
1767	0.1
1768	58.48144320856798
1769	79.1
1770	79.1
1771	79.1
1772	79.1
1773	29.321298612336463
1774	29.321298612336463
1775	29.321298612336463
1776	29.321298612336463
1777	79.1
1778	79.1
1779	79.1
1780	79.1
1781	79.1
1782	79.1
1783	79.1
1784	79.1
1785	77.10214319499711
1786	77.10214319499711
1787	77.10214319499711
1788	77.10214319499711
1789	6.0002875640496995
1790	6.0002875640496995
1791	6.0002875640496995
1792	6.0002875640496995
1793	4.182401187189797
1794	4.182401187189797
1795	4.182401187189797
1796	4.182401187189797
1797	76.22711071125704
1798	76.22711071125704
1799	76.22711071125704
1800	76.22711071125704
1801	79.1
1802	79.1
1803	79.1
1804	79.1
1805	30.605759111469602
1806	30.605759111469602
1807	30.605759111469602
1808	30.605759111469602
1809	79.1
1810	79.1
1811	79.1
1812	40.3136897646678
1813	40.3136897646678
1814	40.3136897646678
1815	40.3136897646678
1816	72.71612998789755
1817	72.71612998789755
1818	72.71612998789755
1819	72.71612998789755
1820	72.78669707708201
1821	72.78669707708201
1822	72.78669707708201
1823	72.78669707708201
1824	79.1
1825	79.1
1826	79.1
1827	79.1
1828	79.1
1829	79.1
1830	79.1
1831	79.1
1832	72.99681153042003
1833	72.99681153042003
1834	72.99681153042003
1835	72.99681153042003
1836	5.754378869278241
1837	5.754378869278241
1838	5.754378869278241
1839	5.754378869278241
1840	79.1
1841	79.1
1842	79.1
1843	79.1
1844	79.1
1845	79.1
1846	79.1
1847	79.1
1848	44.814762345827496
1849	44.814762345827496
1850	44.814762345827496
1851	44.814762345827496
1852	79.1
1853	79.1
1854	79.1
1855	79.1
1856	68.30437904788084
1857	68.30437904788084
1858	68.30437904788084
1859	68.30437904788084
1860	79.1
1861	79.1
1862	79.1
1863	79.1
1864	79.1
1865	79.1
1866	79.1
1867	79.1
1868	47.30585460169817
1869	47.30585460169817
1870	47.30585460169817
1871	47.30585460169817
1872	79.1
1873	79.1
1874	79.1
1875	79.1
