0	43.73379762094507
1	43.73379762094507
2	43.73379762094507
3	43.73379762094507
4	43.73379762094507
5	43.73379762094507
6	43.73379762094507
7	43.73379762094507
8	43.97753499504532
9	43.97753499504532
10	43.97753499504532
11	43.97753499504532
12	43.97753499504532
13	43.97753499504532
14	43.97753499504532
15	43.97753499504532
16	51.91738336083233
17	51.91738336083233
18	51.91738336083233
19	51.91738336083233
20	51.91738336083233
21	51.91738336083233
22	51.91738336083233
23	51.91738336083233
24	33.785008763711865
25	33.785008763711865
26	33.785008763711865
27	33.785008763711865
28	33.785008763711865
29	33.785008763711865
30	33.785008763711865
31	33.785008763711865
32	27.11782515606419
33	27.11782515606419
34	27.11782515606419
35	27.11782515606419
36	27.11782515606419
37	27.11782515606419
38	27.11782515606419
39	27.11782515606419
40	47.96366295233207
41	47.96366295233207
42	47.96366295233207
43	47.96366295233207
44	47.96366295233207
45	47.96366295233207
46	47.96366295233207
47	47.96366295233207
48	48.09817468164921
49	48.09817468164921
50	48.09817468164921
51	48.09817468164921
52	48.09817468164921
53	48.09817468164921
54	48.09817468164921
55	48.09817468164921
56	49.42730788666204
57	49.42730788666204
58	49.42730788666204
59	49.42730788666204
60	49.42730788666204
61	49.42730788666204
62	49.42730788666204
63	49.42730788666204
64	54.2
65	54.2
66	54.2
67	54.2
68	54.2
69	54.2
70	54.2
71	54.2
72	54.2
73	54.2
74	54.2
75	54.2
76	54.2
77	54.2
78	54.2
79	54.2
80	38.60966474406349
81	38.60966474406349
82	38.60966474406349
83	38.60966474406349
84	38.60966474406349
85	38.60966474406349
86	38.60966474406349
87	38.60966474406349
88	36.7006160798769
89	36.7006160798769
90	36.7006160798769
91	36.7006160798769
92	36.7006160798769
93	36.7006160798769
94	36.7006160798769
95	36.7006160798769
96	54.2
97	54.2
98	54.2
99	54.2
100	54.2
101	54.2
102	54.2
103	54.2
104	43.148079695005435
105	43.148079695005435
106	43.148079695005435
107	43.148079695005435
108	43.148079695005435
109	43.148079695005435
110	43.148079695005435
111	43.148079695005435
112	25.805697226622893
113	25.805697226622893
114	25.805697226622893
115	25.805697226622893
116	25.805697226622893
117	25.805697226622893
118	25.805697226622893
119	25.805697226622893
120	45.891120722825484
121	45.891120722825484
122	45.891120722825484
123	45.891120722825484
124	45.891120722825484
125	45.891120722825484
126	45.891120722825484
127	45.891120722825484
128	39.0068153698683
129	39.0068153698683
130	39.0068153698683
131	39.0068153698683
132	39.0068153698683
133	39.0068153698683
134	39.0068153698683
135	39.0068153698683
136	45.17097231014913
137	45.17097231014913
138	45.17097231014913
139	45.17097231014913
140	45.17097231014913
141	45.17097231014913
142	45.17097231014913
143	45.17097231014913
144	38.05342670796222
145	38.05342670796222
146	38.05342670796222
147	38.05342670796222
148	38.05342670796222
149	38.05342670796222
150	38.05342670796222
151	38.05342670796222
152	37.136918693236474
153	37.136918693236474
154	37.136918693236474
155	32.10380422471698
156	32.10380422471698
157	32.10380422471698
158	32.10380422471698
159	32.10380422471698
160	32.10380422471698
161	32.10380422471698
162	32.10380422471698
163	54.2
164	54.2
165	54.2
166	54.2
167	54.2
168	54.2
169	54.2
170	54.2
171	47.90974013475782
172	47.90974013475782
173	47.90974013475782
174	47.90974013475782
175	47.90974013475782
176	47.90974013475782
177	47.90974013475782
178	47.90974013475782
179	46.1227297286815
180	46.1227297286815
181	46.1227297286815
182	46.1227297286815
183	46.1227297286815
184	46.1227297286815
185	46.1227297286815
186	46.1227297286815
187	25.704922695859253
188	25.704922695859253
189	25.704922695859253
190	25.704922695859253
191	25.704922695859253
192	25.704922695859253
193	25.704922695859253
194	25.704922695859253
195	51.29807590342374
196	51.29807590342374
197	51.29807590342374
198	51.29807590342374
199	51.29807590342374
200	51.29807590342374
201	51.29807590342374
202	51.29807590342374
203	46.96777533739816
204	46.96777533739816
205	46.96777533739816
206	46.96777533739816
207	46.96777533739816
208	46.96777533739816
209	46.96777533739816
210	46.96777533739816
211	54.2
212	54.2
213	54.2
214	54.2
215	54.2
216	54.2
217	54.2
218	54.2
219	38.64383543965706
220	38.64383543965706
221	38.64383543965706
222	38.64383543965706
223	38.64383543965706
224	38.64383543965706
225	38.64383543965706
226	38.64383543965706
227	38.719608161511275
228	38.719608161511275
229	38.719608161511275
230	38.719608161511275
231	38.719608161511275
232	38.719608161511275
233	38.719608161511275
234	38.719608161511275
235	54.2
236	54.2
237	54.2
238	54.2
239	54.2
240	54.2
241	54.2
242	54.2
243	45.26598580120264
244	45.26598580120264
245	45.26598580120264
246	45.26598580120264
247	45.26598580120264
248	45.26598580120264
249	45.26598580120264
250	45.26598580120264
251	52.02255620412675
252	52.02255620412675
253	52.02255620412675
254	52.02255620412675
255	52.02255620412675
256	52.02255620412675
257	52.02255620412675
258	52.02255620412675
259	34.654943905914394
260	34.654943905914394
261	34.654943905914394
262	34.654943905914394
263	34.654943905914394
264	34.654943905914394
265	34.654943905914394
266	34.654943905914394
267	54.2
268	54.2
269	54.2
270	54.2
271	54.2
272	54.2
273	54.2
274	54.2
275	54.2
276	54.2
277	54.2
278	54.2
279	54.2
280	54.2
281	54.2
282	54.2
283	48.01708489026249
284	48.01708489026249
285	48.01708489026249
286	48.01708489026249
287	48.01708489026249
288	48.01708489026249
289	48.01708489026249
290	48.01708489026249
291	54.2
292	54.2
293	54.2
294	54.2
295	54.2
296	54.2
297	54.2
298	54.2
299	54.2
300	54.2
301	54.2
302	54.2
303	54.2
304	54.2
305	54.2
306	54.2
307	32.32323136094998
308	32.32323136094998
309	32.32323136094998
310	32.32323136094998
311	32.32323136094998
312	32.32323136094998
313	32.32323136094998
314	32.32323136094998
315	54.2
316	54.2
317	54.2
318	54.2
319	54.2
320	54.2
321	54.2
322	54.2
323	54.2
324	54.2
325	54.2
326	54.2
327	54.2
328	54.2
329	54.2
330	54.2
331	51.33242647219327
332	51.33242647219327
333	51.33242647219327
334	51.33242647219327
335	51.33242647219327
336	51.33242647219327
337	51.33242647219327
338	51.33242647219327
339	38.59482404587685
340	38.59482404587685
341	38.59482404587685
342	38.59482404587685
343	38.59482404587685
344	38.59482404587685
345	38.59482404587685
346	38.59482404587685
347	54.2
348	54.2
349	54.2
350	54.2
351	54.2
352	54.2
353	54.2
354	54.2
355	31.250290092860105
356	31.250290092860105
357	31.250290092860105
358	31.250290092860105
359	31.250290092860105
360	31.250290092860105
361	31.250290092860105
362	31.250290092860105
363	53.5914132170045
364	53.5914132170045
365	53.5914132170045
366	53.5914132170045
367	53.5914132170045
368	53.5914132170045
369	53.5914132170045
370	53.5914132170045
371	50.419076650379594
372	50.419076650379594
373	50.419076650379594
374	50.419076650379594
375	50.419076650379594
376	50.419076650379594
377	50.419076650379594
378	50.419076650379594
379	32.76661773028307
380	32.76661773028307
381	32.76661773028307
382	32.76661773028307
383	32.76661773028307
384	32.76661773028307
385	32.76661773028307
386	32.76661773028307
387	50.324115652578485
388	50.324115652578485
389	50.324115652578485
390	50.324115652578485
391	50.324115652578485
392	50.324115652578485
393	50.324115652578485
394	50.324115652578485
395	37.580238606176735
396	37.580238606176735
397	37.580238606176735
398	37.580238606176735
399	37.580238606176735
400	37.580238606176735
401	37.580238606176735
402	37.580238606176735
403	46.82829234904425
404	46.82829234904425
405	46.82829234904425
406	46.82829234904425
407	46.82829234904425
408	46.82829234904425
409	46.82829234904425
410	46.82829234904425
411	34.464441486628644
412	34.464441486628644
413	34.464441486628644
414	34.464441486628644
415	34.464441486628644
416	34.464441486628644
417	34.464441486628644
418	34.464441486628644
419	43.738702070449776
420	43.738702070449776
421	43.738702070449776
422	43.738702070449776
423	43.738702070449776
424	43.738702070449776
425	43.738702070449776
426	43.738702070449776
427	54.2
428	54.2
429	54.2
430	54.2
431	54.2
432	54.2
433	54.2
434	54.2
435	43.02432436387072
436	43.02432436387072
437	43.02432436387072
438	43.02432436387072
439	43.02432436387072
440	43.02432436387072
441	43.02432436387072
442	43.02432436387072
443	54.2
444	54.2
445	54.2
446	54.2
447	54.2
448	54.2
449	54.2
450	54.2
451	45.71008791650234
452	45.71008791650234
453	45.71008791650234
454	45.71008791650234
455	45.71008791650234
456	45.71008791650234
457	45.71008791650234
458	45.71008791650234
459	54.2
460	54.2
461	54.2
462	54.2
463	54.2
464	54.2
465	54.2
466	54.2
467	54.2
468	54.2
469	54.2
470	54.2
471	54.2
472	54.2
473	54.2
474	54.2
475	32.09958715857644
476	32.09958715857644
477	32.09958715857644
478	32.09958715857644
479	32.09958715857644
480	32.09958715857644
481	32.09958715857644
482	32.09958715857644
483	32.67721944259856
484	32.67721944259856
485	32.67721944259856
486	32.67721944259856
487	32.67721944259856
488	32.67721944259856
489	32.67721944259856
490	32.67721944259856
491	54.2
492	54.2
493	54.2
494	54.2
495	54.2
496	54.2
497	54.2
498	54.2
499	25.67089225658573
500	25.67089225658573
501	25.67089225658573
502	25.67089225658573
503	25.67089225658573
504	25.67089225658573
505	25.67089225658573
506	25.67089225658573
507	54.2
508	54.2
509	54.2
510	54.2
511	54.2
512	54.2
513	54.2
514	54.2
515	47.876109974424246
516	47.876109974424246
517	47.876109974424246
518	47.876109974424246
519	47.876109974424246
520	47.876109974424246
521	47.876109974424246
522	47.876109974424246
523	54.2
524	54.2
525	54.2
526	54.2
527	54.2
528	54.2
529	54.2
530	54.2
531	54.2
532	54.2
533	54.2
534	54.2
535	54.2
536	54.2
537	54.2
538	54.2
539	40.965471852402565
540	40.965471852402565
541	40.965471852402565
542	40.965471852402565
543	40.965471852402565
544	40.965471852402565
545	40.965471852402565
546	40.965471852402565
547	47.99278640788945
548	47.99278640788945
549	47.99278640788945
550	47.99278640788945
551	47.99278640788945
552	47.99278640788945
553	47.99278640788945
554	47.99278640788945
555	53.27884658059476
556	53.27884658059476
557	53.27884658059476
558	53.27884658059476
559	53.27884658059476
560	53.27884658059476
561	53.27884658059476
562	53.27884658059476
563	47.0235512300493
564	47.0235512300493
565	47.0235512300493
566	47.0235512300493
567	47.0235512300493
568	47.0235512300493
569	47.0235512300493
570	47.0235512300493
571	38.604580777585085
572	38.604580777585085
573	38.604580777585085
574	38.604580777585085
575	38.604580777585085
576	38.604580777585085
577	38.604580777585085
578	38.604580777585085
579	54.2
580	54.2
581	54.2
582	54.2
583	54.2
584	54.2
585	54.2
586	54.2
587	44.18433827889524
588	44.18433827889524
589	44.18433827889524
590	44.18433827889524
591	44.18433827889524
592	44.18433827889524
593	44.18433827889524
594	44.18433827889524
595	16.406394178311345
596	16.406394178311345
597	16.406394178311345
598	16.406394178311345
599	16.406394178311345
600	16.406394178311345
601	16.406394178311345
602	16.406394178311345
603	42.649353499709036
604	42.649353499709036
605	42.649353499709036
606	42.649353499709036
607	42.649353499709036
608	42.649353499709036
609	42.649353499709036
610	42.649353499709036
611	54.2
612	54.2
613	54.2
614	54.2
615	54.2
616	54.2
617	54.2
618	54.2
619	9.099495635576169
620	9.099495635576169
621	9.099495635576169
622	9.099495635576169
623	9.099495635576169
624	9.099495635576169
625	9.099495635576169
626	9.099495635576169
627	53.225666711364326
628	53.225666711364326
629	53.225666711364326
630	53.225666711364326
631	53.225666711364326
632	53.225666711364326
633	53.225666711364326
634	53.225666711364326
635	41.03807341253872
636	41.03807341253872
637	41.03807341253872
638	41.03807341253872
639	41.03807341253872
640	41.03807341253872
641	41.03807341253872
642	41.03807341253872
643	32.18429607864159
644	32.18429607864159
645	32.18429607864159
646	32.18429607864159
647	32.18429607864159
648	32.18429607864159
649	32.18429607864159
650	32.18429607864159
651	50.36096913933679
652	50.36096913933679
653	50.36096913933679
654	50.36096913933679
655	50.36096913933679
656	50.36096913933679
657	50.36096913933679
658	50.36096913933679
659	41.95335327970805
660	41.95335327970805
661	41.95335327970805
662	41.95335327970805
663	41.95335327970805
664	41.95335327970805
665	41.95335327970805
666	41.95335327970805
667	12.159728406875146
668	12.159728406875146
669	12.159728406875146
670	12.159728406875146
671	12.159728406875146
672	12.159728406875146
673	12.159728406875146
674	12.159728406875146
675	34.748842836947134
676	34.748842836947134
677	34.748842836947134
678	34.748842836947134
679	34.748842836947134
680	34.748842836947134
681	34.748842836947134
682	34.748842836947134
683	36.71710261535078
684	36.71710261535078
685	36.71710261535078
686	36.71710261535078
687	36.71710261535078
688	36.71710261535078
689	36.71710261535078
690	36.71710261535078
691	44.71142683227335
692	44.71142683227335
693	44.71142683227335
694	44.71142683227335
695	44.71142683227335
696	44.71142683227335
697	44.71142683227335
698	44.71142683227335
699	34.21957105042813
700	34.21957105042813
701	34.21957105042813
702	34.21957105042813
703	34.21957105042813
704	34.21957105042813
705	34.21957105042813
706	34.21957105042813
707	38.7724448205041
708	38.7724448205041
709	38.7724448205041
710	38.7724448205041
711	38.7724448205041
712	38.7724448205041
713	38.7724448205041
714	38.7724448205041
715	34.55961707518003
716	34.55961707518003
717	34.55961707518003
718	34.55961707518003
719	34.55961707518003
720	34.55961707518003
721	34.55961707518003
722	34.55961707518003
723	47.905972170286205
724	47.905972170286205
725	47.905972170286205
726	47.905972170286205
727	47.905972170286205
728	47.905972170286205
729	47.905972170286205
730	47.905972170286205
731	26.026670883248286
732	26.026670883248286
733	26.026670883248286
734	26.026670883248286
735	26.026670883248286
736	26.026670883248286
737	26.026670883248286
738	26.026670883248286
739	54.2
740	54.2
741	54.2
742	54.2
743	54.2
744	54.2
745	54.2
746	54.2
747	45.36863592864852
748	45.36863592864852
749	45.36863592864852
750	45.36863592864852
751	45.36863592864852
752	45.36863592864852
753	45.36863592864852
754	45.36863592864852
755	54.2
756	54.2
757	54.2
758	54.2
759	54.2
760	54.2
761	54.2
762	54.2
763	54.2
764	54.2
765	54.2
766	54.2
767	54.2
768	54.2
769	54.2
770	54.2
771	39.3745015988209
772	39.3745015988209
773	39.3745015988209
774	39.3745015988209
775	39.3745015988209
776	39.3745015988209
777	39.3745015988209
778	39.3745015988209
779	36.27798441085526
780	36.27798441085526
781	36.27798441085526
782	36.27798441085526
783	36.27798441085526
784	36.27798441085526
785	36.27798441085526
786	36.27798441085526
787	41.39541181338908
788	41.39541181338908
789	41.39541181338908
790	41.39541181338908
791	41.39541181338908
792	41.39541181338908
793	41.39541181338908
794	41.39541181338908
795	37.77827237691038
796	37.77827237691038
797	37.77827237691038
798	37.77827237691038
799	37.77827237691038
800	37.77827237691038
801	37.77827237691038
802	37.77827237691038
803	37.702436413648186
804	37.702436413648186
805	37.702436413648186
806	37.702436413648186
807	37.702436413648186
808	37.702436413648186
809	37.702436413648186
810	37.702436413648186
811	31.811655166085238
812	31.811655166085238
813	31.811655166085238
814	31.811655166085238
815	31.811655166085238
816	31.811655166085238
817	31.811655166085238
818	31.811655166085238
819	24.974441790468532
820	24.974441790468532
821	24.974441790468532
822	24.974441790468532
823	24.974441790468532
824	24.974441790468532
825	24.974441790468532
826	24.974441790468532
827	31.078361517132066
828	31.078361517132066
829	31.078361517132066
830	31.078361517132066
831	31.078361517132066
832	31.078361517132066
833	31.078361517132066
834	31.078361517132066
835	41.813436285330894
836	41.813436285330894
837	41.813436285330894
838	41.813436285330894
839	41.813436285330894
840	41.813436285330894
841	41.813436285330894
842	41.813436285330894
843	38.62469928579535
844	38.62469928579535
845	38.62469928579535
846	38.62469928579535
847	38.62469928579535
848	38.62469928579535
849	38.62469928579535
850	38.62469928579535
851	20.047833561958022
852	20.047833561958022
853	20.047833561958022
854	20.047833561958022
855	20.047833561958022
856	20.047833561958022
857	20.047833561958022
858	20.047833561958022
859	32.37189157559491
860	32.37189157559491
861	32.37189157559491
862	32.37189157559491
863	32.37189157559491
864	32.37189157559491
865	32.37189157559491
866	32.37189157559491
867	37.57975808559727
868	37.57975808559727
869	37.57975808559727
870	37.57975808559727
871	37.57975808559727
872	37.57975808559727
873	37.57975808559727
874	37.57975808559727
875	31.770900565700572
876	31.770900565700572
877	31.770900565700572
878	31.770900565700572
879	31.770900565700572
880	31.770900565700572
881	31.770900565700572
882	31.770900565700572
883	47.610997874291805
884	47.610997874291805
885	47.610997874291805
886	47.610997874291805
887	47.610997874291805
888	47.610997874291805
889	47.610997874291805
890	47.610997874291805
891	35.83509919580986
892	35.83509919580986
893	35.83509919580986
894	54.2
895	54.2
896	54.2
897	54.2
898	54.2
899	54.2
900	54.2
901	54.2
902	42.477478273206906
903	42.477478273206906
904	42.477478273206906
905	42.477478273206906
906	42.477478273206906
907	42.477478273206906
908	42.477478273206906
909	42.477478273206906
910	54.2
911	54.2
912	54.2
913	54.2
914	54.2
915	54.2
916	54.2
917	54.2
918	54.2
919	54.2
920	54.2
921	54.2
922	54.2
923	54.2
924	54.2
925	54.2
926	36.40571488969776
927	36.40571488969776
928	36.40571488969776
929	36.40571488969776
930	36.40571488969776
931	36.40571488969776
932	36.40571488969776
933	36.40571488969776
934	54.2
935	54.2
936	54.2
937	54.2
938	54.2
939	54.2
940	54.2
941	54.2
942	25.66959195170602
943	25.66959195170602
944	25.66959195170602
945	25.66959195170602
946	25.66959195170602
947	25.66959195170602
948	25.66959195170602
949	25.66959195170602
950	28.791197420792987
951	28.791197420792987
952	28.791197420792987
953	28.791197420792987
954	28.791197420792987
955	28.791197420792987
956	28.791197420792987
957	28.791197420792987
958	47.37098859458218
959	47.37098859458218
960	47.37098859458218
961	47.37098859458218
962	47.37098859458218
963	47.37098859458218
964	47.37098859458218
965	47.37098859458218
966	51.285475072507296
967	51.285475072507296
968	51.285475072507296
969	51.285475072507296
970	51.285475072507296
971	51.285475072507296
972	51.285475072507296
973	51.285475072507296
974	31.916958984393794
975	31.916958984393794
976	31.916958984393794
977	31.916958984393794
978	31.916958984393794
979	31.916958984393794
980	31.916958984393794
981	31.916958984393794
982	54.2
983	54.2
984	54.2
985	54.2
986	54.2
987	54.2
988	54.2
989	54.2
990	50.45157619403899
991	50.45157619403899
992	50.45157619403899
993	50.45157619403899
994	50.45157619403899
995	50.45157619403899
996	50.45157619403899
997	50.45157619403899
998	40.30916415282779
999	40.30916415282779
1000	40.30916415282779
1001	40.30916415282779
1002	40.30916415282779
1003	40.30916415282779
1004	40.30916415282779
1005	40.30916415282779
1006	40.616977430759334
1007	40.616977430759334
1008	40.616977430759334
1009	40.616977430759334
1010	40.616977430759334
1011	40.616977430759334
1012	40.616977430759334
1013	40.616977430759334
1014	54.2
1015	54.2
1016	54.2
1017	54.2
1018	54.2
1019	54.2
1020	54.2
1021	54.2
1022	38.585364898069656
1023	38.585364898069656
1024	38.585364898069656
1025	38.585364898069656
1026	38.585364898069656
1027	38.585364898069656
1028	38.585364898069656
1029	38.585364898069656
1030	54.2
1031	54.2
1032	54.2
1033	54.2
1034	54.2
1035	54.2
1036	54.2
1037	54.2
1038	30.15298143368318
1039	30.15298143368318
1040	30.15298143368318
1041	30.15298143368318
1042	30.15298143368318
1043	30.15298143368318
1044	30.15298143368318
1045	30.15298143368318
1046	51.48950010320794
1047	51.48950010320794
1048	51.48950010320794
1049	51.48950010320794
1050	51.48950010320794
1051	51.48950010320794
1052	51.48950010320794
1053	51.48950010320794
1054	51.40378897869578
1055	51.40378897869578
1056	51.40378897869578
1057	51.40378897869578
1058	51.40378897869578
1059	51.40378897869578
1060	51.40378897869578
1061	51.40378897869578
1062	54.2
1063	54.2
1064	54.2
1065	54.2
1066	54.2
1067	54.2
1068	54.2
1069	54.2
1070	38.106490403264814
1071	38.106490403264814
1072	38.106490403264814
1073	38.106490403264814
1074	38.106490403264814
1075	38.106490403264814
1076	38.106490403264814
1077	38.106490403264814
1078	46.79936004483701
1079	46.79936004483701
1080	46.79936004483701
1081	46.79936004483701
1082	46.79936004483701
1083	46.79936004483701
1084	46.79936004483701
1085	46.79936004483701
1086	50.82390059093558
1087	50.82390059093558
1088	50.82390059093558
1089	50.82390059093558
1090	50.82390059093558
1091	50.82390059093558
1092	50.82390059093558
1093	50.82390059093558
1094	50.78961579331103
1095	50.78961579331103
1096	50.78961579331103
1097	50.78961579331103
1098	50.78961579331103
1099	50.78961579331103
1100	50.78961579331103
1101	50.78961579331103
1102	42.846821257048035
1103	42.846821257048035
1104	42.846821257048035
1105	42.846821257048035
1106	42.846821257048035
1107	42.846821257048035
1108	42.846821257048035
1109	42.846821257048035
1110	49.81789434246635
1111	49.81789434246635
1112	49.81789434246635
1113	49.81789434246635
1114	49.81789434246635
1115	49.81789434246635
1116	49.81789434246635
1117	49.81789434246635
1118	54.2
1119	54.2
1120	54.2
1121	54.2
1122	54.2
1123	54.2
1124	54.2
1125	54.2
1126	54.2
1127	54.2
1128	54.2
1129	54.2
1130	54.2
1131	54.2
1132	54.2
1133	54.2
1134	54.2
1135	54.2
1136	54.2
1137	54.2
1138	54.2
1139	54.2
1140	54.2
1141	54.2
1142	42.698367140996666
1143	42.698367140996666
1144	42.698367140996666
1145	42.698367140996666
1146	42.698367140996666
1147	42.698367140996666
1148	42.698367140996666
1149	42.698367140996666
1150	54.2
1151	54.2
1152	54.2
1153	54.2
1154	54.2
1155	54.2
1156	54.2
1157	54.2
1158	51.65376503201946
1159	51.65376503201946
1160	51.65376503201946
1161	51.65376503201946
1162	51.65376503201946
1163	51.65376503201946
1164	51.65376503201946
1165	51.65376503201946
1166	51.252885512300736
1167	51.252885512300736
1168	51.252885512300736
1169	51.252885512300736
1170	51.252885512300736
1171	51.252885512300736
1172	51.252885512300736
1173	51.252885512300736
1174	49.261904887412385
1175	49.261904887412385
1176	49.261904887412385
1177	49.261904887412385
1178	49.261904887412385
1179	49.261904887412385
1180	49.261904887412385
1181	49.261904887412385
1182	54.2
1183	54.2
1184	54.2
1185	54.2
1186	54.2
1187	54.2
1188	54.2
1189	54.2
1190	54.2
1191	54.2
1192	54.2
1193	54.2
1194	54.2
1195	54.2
1196	54.2
1197	54.2
1198	54.2
1199	54.2
1200	54.2
1201	54.2
1202	54.2
1203	30.46177316899078
1204	30.46177316899078
1205	30.46177316899078
1206	30.46177316899078
1207	30.46177316899078
1208	30.46177316899078
1209	30.46177316899078
1210	30.46177316899078
1211	46.128775356466264
1212	46.128775356466264
1213	46.128775356466264
1214	46.128775356466264
1215	46.128775356466264
1216	46.128775356466264
1217	46.128775356466264
1218	46.128775356466264
1219	49.07136286612691
1220	49.07136286612691
1221	49.07136286612691
1222	49.07136286612691
1223	49.07136286612691
1224	49.07136286612691
1225	49.07136286612691
1226	49.07136286612691
1227	54.2
1228	54.2
1229	54.2
1230	54.2
1231	54.2
1232	54.2
1233	54.2
1234	54.2
1235	54.157962624206434
1236	54.157962624206434
1237	54.157962624206434
1238	54.157962624206434
1239	54.157962624206434
1240	54.157962624206434
1241	54.157962624206434
1242	54.157962624206434
1243	52.9992544913699
1244	52.9992544913699
1245	52.9992544913699
1246	52.9992544913699
1247	52.9992544913699
1248	52.9992544913699
1249	52.9992544913699
1250	52.9992544913699
1251	54.2
1252	54.2
1253	54.2
1254	54.2
1255	54.2
1256	54.2
1257	54.2
1258	54.2
1259	48.968949419955706
1260	48.968949419955706
1261	48.968949419955706
1262	48.968949419955706
1263	48.968949419955706
1264	48.968949419955706
1265	48.968949419955706
1266	48.968949419955706
1267	39.05283266567764
1268	39.05283266567764
1269	39.05283266567764
1270	39.05283266567764
1271	39.05283266567764
1272	39.05283266567764
1273	39.05283266567764
1274	39.05283266567764
1275	54.2
1276	54.2
1277	54.2
1278	54.2
1279	54.2
1280	54.2
1281	54.2
1282	54.2
1283	48.52641528575466
1284	48.52641528575466
1285	48.52641528575466
1286	48.52641528575466
1287	48.52641528575466
1288	48.52641528575466
1289	48.52641528575466
1290	48.52641528575466
1291	40.38187556016098
1292	40.38187556016098
1293	40.38187556016098
1294	40.38187556016098
1295	40.38187556016098
1296	40.38187556016098
1297	40.38187556016098
1298	40.38187556016098
1299	52.24718587183713
1300	52.24718587183713
1301	52.24718587183713
1302	52.24718587183713
1303	52.24718587183713
1304	52.24718587183713
1305	52.24718587183713
1306	52.24718587183713
1307	50.103483508500986
1308	50.103483508500986
1309	50.103483508500986
1310	50.103483508500986
1311	50.103483508500986
1312	50.103483508500986
1313	50.103483508500986
1314	50.103483508500986
1315	31.6301888946343
1316	31.6301888946343
1317	31.6301888946343
1318	31.6301888946343
1319	31.6301888946343
1320	31.6301888946343
1321	31.6301888946343
1322	31.6301888946343
1323	19.895380313819203
1324	19.895380313819203
1325	19.895380313819203
1326	19.895380313819203
1327	19.895380313819203
1328	19.895380313819203
1329	19.895380313819203
1330	19.895380313819203
1331	46.69459623824153
1332	46.69459623824153
1333	46.69459623824153
1334	46.69459623824153
1335	46.69459623824153
1336	46.69459623824153
1337	46.69459623824153
1338	46.69459623824153
1339	49.90309846430752
1340	49.90309846430752
1341	49.90309846430752
1342	49.90309846430752
1343	49.90309846430752
1344	49.90309846430752
1345	49.90309846430752
1346	49.90309846430752
1347	35.44044716079985
1348	35.44044716079985
1349	35.44044716079985
1350	35.44044716079985
1351	35.44044716079985
1352	35.44044716079985
1353	35.44044716079985
1354	35.44044716079985
1355	26.342728300594683
1356	26.342728300594683
1357	26.342728300594683
1358	26.342728300594683
1359	26.342728300594683
1360	26.342728300594683
1361	26.342728300594683
1362	26.342728300594683
1363	22.407602937180464
1364	22.407602937180464
1365	22.407602937180464
1366	22.407602937180464
1367	22.407602937180464
1368	22.407602937180464
1369	22.407602937180464
1370	22.407602937180464
1371	27.273894192244715
1372	27.273894192244715
1373	27.273894192244715
1374	27.273894192244715
1375	27.273894192244715
1376	27.273894192244715
1377	27.273894192244715
1378	27.273894192244715
1379	43.145708950016335
1380	43.145708950016335
1381	43.145708950016335
1382	43.145708950016335
1383	43.145708950016335
1384	43.145708950016335
1385	43.145708950016335
1386	43.145708950016335
1387	49.011668872443174
1388	49.011668872443174
1389	49.011668872443174
1390	49.011668872443174
1391	49.011668872443174
1392	49.011668872443174
1393	49.011668872443174
1394	49.011668872443174
1395	23.088091699973734
1396	23.088091699973734
1397	23.088091699973734
1398	23.088091699973734
1399	23.088091699973734
1400	23.088091699973734
1401	23.088091699973734
1402	23.088091699973734
1403	53.5091474394278
1404	53.5091474394278
1405	53.5091474394278
1406	53.5091474394278
1407	53.5091474394278
1408	53.5091474394278
1409	53.5091474394278
1410	53.5091474394278
1411	28.946839608015438
1412	28.946839608015438
1413	28.946839608015438
1414	28.946839608015438
1415	28.946839608015438
1416	28.946839608015438
1417	28.946839608015438
1418	28.946839608015438
1419	35.88169347088027
1420	35.88169347088027
1421	35.88169347088027
1422	35.88169347088027
1423	35.88169347088027
1424	35.88169347088027
1425	35.88169347088027
1426	35.88169347088027
1427	42.326274359008536
1428	42.326274359008536
1429	42.326274359008536
1430	42.326274359008536
1431	42.326274359008536
1432	42.326274359008536
1433	42.326274359008536
1434	42.326274359008536
1435	54.2
1436	54.2
1437	54.2
1438	54.2
1439	54.2
1440	54.2
1441	54.2
1442	54.2
1443	36.64114006178396
1444	36.64114006178396
1445	36.64114006178396
1446	36.64114006178396
1447	36.64114006178396
1448	36.64114006178396
1449	36.64114006178396
1450	36.64114006178396
1451	48.625103072963384
1452	48.625103072963384
1453	48.625103072963384
1454	48.625103072963384
1455	48.625103072963384
1456	48.625103072963384
1457	48.625103072963384
1458	48.625103072963384
1459	36.03559101053736
1460	36.03559101053736
1461	36.03559101053736
1462	36.03559101053736
1463	36.03559101053736
1464	36.03559101053736
1465	36.03559101053736
1466	36.03559101053736
1467	44.769232868621614
1468	44.769232868621614
1469	44.769232868621614
1470	44.769232868621614
1471	44.769232868621614
1472	44.769232868621614
1473	44.769232868621614
1474	44.769232868621614
1475	54.2
1476	54.2
1477	54.2
1478	54.2
1479	54.2
1480	54.2
1481	54.2
1482	54.2
1483	34.19400217494419
1484	34.19400217494419
1485	34.19400217494419
1486	34.19400217494419
1487	34.19400217494419
1488	34.19400217494419
1489	34.19400217494419
1490	34.19400217494419
1491	39.23176603997989
1492	39.23176603997989
1493	39.23176603997989
1494	39.23176603997989
1495	39.23176603997989
1496	39.23176603997989
1497	39.23176603997989
1498	39.23176603997989
1499	31.03528182970384
1500	31.03528182970384
1501	31.03528182970384
1502	31.03528182970384
1503	31.03528182970384
1504	31.03528182970384
1505	31.03528182970384
1506	31.03528182970384
1507	15.831404730331926
1508	15.831404730331926
1509	15.831404730331926
1510	15.831404730331926
1511	15.831404730331926
1512	15.831404730331926
1513	15.831404730331926
1514	15.831404730331926
1515	54.2
1516	54.2
1517	54.2
1518	54.2
1519	54.2
1520	54.2
1521	54.2
1522	54.2
1523	54.2
1524	54.2
1525	54.2
1526	54.2
1527	54.2
1528	54.2
1529	54.2
1530	54.2
1531	54.2
1532	54.2
1533	54.2
1534	54.2
1535	54.2
1536	54.2
1537	54.2
1538	54.2
1539	53.94500942770691
1540	53.94500942770691
1541	53.94500942770691
1542	53.94500942770691
1543	53.94500942770691
1544	53.94500942770691
1545	53.94500942770691
1546	53.94500942770691
1547	48.98733538681804
1548	48.98733538681804
1549	48.98733538681804
1550	48.98733538681804
1551	48.98733538681804
1552	48.98733538681804
1553	48.98733538681804
1554	48.98733538681804
1555	31.266197213301332
1556	31.266197213301332
1557	31.266197213301332
1558	31.266197213301332
1559	31.266197213301332
1560	31.266197213301332
1561	31.266197213301332
1562	31.266197213301332
1563	46.535345294575656
1564	46.535345294575656
1565	46.535345294575656
1566	46.535345294575656
1567	46.535345294575656
1568	46.535345294575656
1569	46.535345294575656
1570	46.535345294575656
1571	29.584514920814513
1572	29.584514920814513
1573	29.584514920814513
1574	29.584514920814513
1575	29.584514920814513
1576	29.584514920814513
1577	29.584514920814513
1578	29.584514920814513
1579	42.231198372961586
1580	42.231198372961586
1581	42.231198372961586
1582	42.231198372961586
1583	33.5674148323461
1584	33.5674148323461
1585	33.5674148323461
1586	33.5674148323461
1587	33.5674148323461
1588	33.5674148323461
1589	33.5674148323461
1590	33.5674148323461
1591	45.490087034208024
1592	45.490087034208024
1593	45.490087034208024
1594	45.490087034208024
1595	45.490087034208024
1596	45.490087034208024
1597	45.490087034208024
1598	45.490087034208024
1599	47.59103375059753
1600	47.59103375059753
1601	47.59103375059753
1602	47.59103375059753
1603	47.59103375059753
1604	47.59103375059753
1605	47.59103375059753
1606	47.59103375059753
1607	51.541521548348406
1608	51.541521548348406
1609	51.541521548348406
1610	51.541521548348406
1611	51.541521548348406
1612	51.541521548348406
1613	51.541521548348406
1614	51.541521548348406
1615	54.2
1616	54.2
1617	54.2
1618	54.2
1619	54.2
1620	54.2
1621	54.2
1622	54.2
1623	13.164626411006566
1624	13.164626411006566
1625	13.164626411006566
1626	13.164626411006566
1627	13.164626411006566
1628	13.164626411006566
1629	13.164626411006566
1630	13.164626411006566
1631	41.85649290321818
1632	41.85649290321818
1633	41.85649290321818
1634	41.85649290321818
1635	41.85649290321818
1636	41.85649290321818
1637	41.85649290321818
1638	41.85649290321818
1639	49.25457115090724
1640	49.25457115090724
1641	49.25457115090724
1642	49.25457115090724
1643	49.25457115090724
1644	49.25457115090724
1645	49.25457115090724
1646	49.25457115090724
1647	54.2
1648	54.2
1649	54.2
1650	54.2
1651	54.2
1652	54.2
1653	54.2
1654	54.2
1655	42.92286598191388
1656	42.92286598191388
1657	42.92286598191388
1658	42.92286598191388
1659	42.92286598191388
1660	42.92286598191388
1661	42.92286598191388
1662	42.92286598191388
1663	49.20437764125754
1664	49.20437764125754
1665	49.20437764125754
1666	49.20437764125754
1667	49.20437764125754
1668	49.20437764125754
1669	49.20437764125754
1670	49.20437764125754
1671	36.89317043320348
1672	36.89317043320348
1673	36.89317043320348
1674	36.89317043320348
1675	36.89317043320348
1676	36.89317043320348
1677	36.89317043320348
1678	36.89317043320348
1679	43.911384665850626
1680	43.911384665850626
1681	43.911384665850626
1682	43.911384665850626
1683	43.911384665850626
1684	43.911384665850626
1685	43.911384665850626
1686	43.911384665850626
1687	41.89996644682979
1688	41.89996644682979
1689	41.89996644682979
1690	41.89996644682979
1691	41.89996644682979
1692	41.89996644682979
1693	41.89996644682979
1694	41.89996644682979
1695	44.60658006203292
1696	44.60658006203292
1697	44.60658006203292
1698	44.60658006203292
1699	44.60658006203292
1700	44.60658006203292
1701	44.60658006203292
1702	44.60658006203292
1703	34.47559423785371
1704	34.47559423785371
1705	34.47559423785371
1706	34.47559423785371
1707	34.47559423785371
1708	34.47559423785371
1709	34.47559423785371
1710	34.47559423785371
1711	54.2
1712	54.2
1713	54.2
1714	54.2
1715	54.2
1716	54.2
1717	54.2
1718	54.2
1719	46.2300272111128
1720	46.2300272111128
1721	46.2300272111128
1722	46.2300272111128
1723	46.2300272111128
1724	46.2300272111128
1725	46.2300272111128
1726	46.2300272111128
1727	54.2
1728	54.2
1729	54.2
1730	54.2
1731	54.2
1732	54.2
1733	54.2
1734	54.2
1735	26.74238986540249
1736	26.74238986540249
1737	26.74238986540249
1738	26.74238986540249
1739	26.74238986540249
1740	26.74238986540249
1741	26.74238986540249
1742	26.74238986540249
1743	42.70112036608893
1744	42.70112036608893
1745	42.70112036608893
1746	42.70112036608893
1747	42.70112036608893
1748	42.70112036608893
1749	42.70112036608893
1750	42.70112036608893
1751	54.2
1752	54.2
1753	54.2
1754	54.2
1755	54.2
1756	54.2
1757	54.2
1758	54.2
1759	40.63225094573882
1760	40.63225094573882
1761	40.63225094573882
1762	40.63225094573882
1763	40.63225094573882
1764	40.63225094573882
1765	40.63225094573882
1766	40.63225094573882
1767	39.37333219051934
1768	39.37333219051934
1769	39.37333219051934
1770	39.37333219051934
1771	39.37333219051934
1772	39.37333219051934
1773	39.37333219051934
1774	39.37333219051934
1775	54.2
1776	54.2
1777	54.2
1778	54.2
1779	54.2
1780	54.2
1781	54.2
1782	54.2
1783	41.277562409577655
1784	41.277562409577655
1785	41.277562409577655
1786	41.277562409577655
1787	41.277562409577655
1788	41.277562409577655
1789	41.277562409577655
1790	41.277562409577655
1791	52.32227115182801
1792	52.32227115182801
1793	52.32227115182801
1794	52.32227115182801
1795	52.32227115182801
1796	52.32227115182801
1797	52.32227115182801
1798	52.32227115182801
1799	50.57119590165698
1800	50.57119590165698
1801	50.93272093728674
1802	50.93272093728674
1803	50.93272093728674
1804	50.93272093728674
1805	50.93272093728674
1806	50.93272093728674
1807	50.93272093728674
1808	50.93272093728674
1809	52.76803355988721
1810	52.76803355988721
1811	52.76803355988721
1812	52.76803355988721
1813	52.76803355988721
1814	52.76803355988721
1815	52.76803355988721
1816	52.76803355988721
1817	54.2
1818	54.2
1819	54.2
1820	54.2
1821	54.2
1822	54.2
1823	54.2
1824	54.2
1825	49.319318311032625
1826	49.319318311032625
1827	49.319318311032625
1828	49.319318311032625
1829	49.319318311032625
1830	49.319318311032625
1831	49.319318311032625
1832	49.319318311032625
1833	48.104628723394136
1834	48.104628723394136
1835	48.104628723394136
1836	48.104628723394136
1837	48.104628723394136
1838	48.104628723394136
1839	48.104628723394136
1840	48.104628723394136
1841	26.81545769433613
1842	26.81545769433613
1843	26.81545769433613
1844	26.81545769433613
1845	26.81545769433613
1846	26.81545769433613
1847	26.81545769433613
1848	26.81545769433613
1849	30.585729826343282
1850	30.585729826343282
1851	30.585729826343282
1852	30.585729826343282
1853	30.585729826343282
1854	30.585729826343282
1855	30.585729826343282
1856	30.585729826343282
1857	52.58498465055057
1858	52.58498465055057
1859	52.58498465055057
1860	52.58498465055057
1861	52.58498465055057
1862	52.58498465055057
1863	52.58498465055057
1864	52.58498465055057
1865	38.05786640948905
1866	38.05786640948905
1867	38.05786640948905
1868	38.05786640948905
1869	38.05786640948905
1870	38.05786640948905
1871	38.05786640948905
1872	38.05786640948905
1873	30.234482611303438
1874	30.234482611303438
1875	30.234482611303438
1876	30.234482611303438
1877	30.234482611303438
1878	30.234482611303438
1879	30.234482611303438
1880	30.234482611303438
1881	51.52186564774707
1882	51.52186564774707
1883	51.52186564774707
1884	51.52186564774707
1885	51.52186564774707
1886	51.52186564774707
1887	51.52186564774707
1888	51.52186564774707
1889	33.85978934704201
1890	33.85978934704201
1891	33.85978934704201
1892	33.85978934704201
1893	33.85978934704201
1894	33.85978934704201
1895	33.85978934704201
1896	33.85978934704201
1897	23.75116547538585
1898	23.75116547538585
1899	23.75116547538585
1900	23.75116547538585
1901	23.75116547538585
1902	23.75116547538585
1903	23.75116547538585
1904	23.75116547538585
1905	54.2
1906	54.2
1907	54.2
1908	54.2
1909	54.2
1910	54.2
1911	54.2
1912	54.2
1913	54.2
1914	54.2
1915	54.2
1916	54.2
1917	54.2
1918	54.2
1919	54.2
1920	54.2
1921	54.2
1922	54.2
1923	54.2
1924	54.2
1925	54.2
1926	54.2
1927	54.2
1928	54.2
1929	54.2
1930	54.2
1931	54.2
1932	54.2
1933	54.2
1934	54.2
1935	54.2
1936	54.2
1937	40.88249100375177
1938	40.88249100375177
1939	40.88249100375177
1940	40.88249100375177
1941	40.88249100375177
1942	40.88249100375177
1943	40.88249100375177
1944	40.88249100375177
1945	48.647850657972945
1946	48.647850657972945
1947	48.647850657972945
1948	48.647850657972945
1949	48.647850657972945
1950	48.647850657972945
1951	48.647850657972945
1952	48.647850657972945
1953	53.927154825676354
1954	53.927154825676354
1955	53.927154825676354
1956	53.927154825676354
1957	53.927154825676354
1958	53.927154825676354
1959	53.927154825676354
1960	53.927154825676354
1961	51.529685657335456
1962	51.529685657335456
1963	51.529685657335456
1964	51.529685657335456
1965	51.529685657335456
1966	51.529685657335456
1967	51.529685657335456
1968	51.529685657335456
1969	48.97906273055908
1970	48.97906273055908
1971	48.97906273055908
1972	48.97906273055908
1973	48.97906273055908
1974	48.97906273055908
1975	48.97906273055908
1976	48.97906273055908
1977	54.2
1978	54.2
1979	54.2
1980	54.2
