0	59.12957246531973
1	59.12957246531973
2	56.60117983853526
3	56.60117983853526
4	59.2678072882038
5	59.2678072882038
6	58.817072000547945
7	58.817072000547945
8	53.94421501621433
9	53.94421501621433
10	58.326658816877895
11	58.326658816877895
12	60.93509242196969
13	60.93509242196969
14	58.278806855013656
15	58.278806855013656
16	56.37682871515956
17	56.37682871515956
18	58.944410979369515
19	58.944410979369515
20	58.44423986997875
21	58.44423986997875
22	58.239181217363594
23	58.239181217363594
24	56.5941598249805
25	56.5941598249805
26	60.474742140779504
27	60.474742140779504
28	59.59672386594754
29	59.59672386594754
30	57.69023377255817
31	57.69023377255817
32	58.03987668757159
33	58.03987668757159
34	55.76342952425013
35	55.76342952425013
36	62.913740362913074
37	62.913740362913074
38	57.01006189267257
39	57.01006189267257
40	59.01755650043149
41	59.01755650043149
42	63.785075164175154
43	63.785075164175154
44	54.191901338627375
45	54.191901338627375
46	58.28297860141115
47	58.28297860141115
48	59.35875318317916
49	59.35875318317916
50	49.308548226651666
51	49.308548226651666
52	62.67131848029171
53	62.67131848029171
54	58.92948270916178
55	58.92948270916178
56	54.589871257386164
57	54.589871257386164
58	57.961644039956454
59	57.961644039956454
60	62.08547711296948
61	62.08547711296948
62	61.40475016067585
63	61.40475016067585
64	64.8280660914177
65	64.8280660914177
66	58.972268396914
67	58.972268396914
68	61.20364313722177
69	61.20364313722177
70	57.730740869346654
71	57.730740869346654
72	53.69699162732251
73	53.69699162732251
74	55.89937151014373
75	55.89937151014373
76	54.291428327585066
77	54.291428327585066
78	61.738718561322464
79	61.738718561322464
80	60.53908732970813
81	60.53908732970813
82	59.48077804901725
83	59.48077804901725
84	60.11491911846946
85	60.11491911846946
86	61.68163704359184
87	61.68163704359184
88	59.15377696305056
89	59.15377696305056
90	63.78707410036408
91	63.78707410036408
92	59.67909034058621
93	59.67909034058621
94	61.381942379422796
95	61.381942379422796
96	57.886272120429666
97	57.886272120429666
98	61.84554661550632
99	61.84554661550632
100	57.654728554556435
101	57.654728554556435
102	60.669322549429815
103	60.669322549429815
104	57.7485766226865
105	57.7485766226865
106	61.159517773717965
107	61.159517773717965
108	66.72860941127927
109	66.72860941127927
110	56.62884171647147
111	56.62884171647147
112	56.57881334001437
113	56.57881334001437
114	59.217850844905264
115	59.217850844905264
116	56.996767456185
117	56.996767456185
118	58.42631748398904
119	58.42631748398904
120	60.44543391508656
121	60.44543391508656
122	54.80888808580524
123	54.80888808580524
124	61.13317922469815
125	61.13317922469815
126	64.43997876870189
127	64.43997876870189
128	61.318568621553176
129	61.318568621553176
130	60.218788978163666
131	60.218788978163666
132	62.84225930806469
133	62.84225930806469
134	60.94279758012834
135	60.94279758012834
136	60.84416969672617
137	60.84416969672617
138	55.96746393395619
139	55.96746393395619
140	53.71972864844232
141	53.71972864844232
142	52.04129687797898
143	52.04129687797898
144	55.55875192396161
145	55.55875192396161
146	57.00123179213879
147	57.00123179213879
148	57.25444658663522
149	57.25444658663522
150	58.34311237044345
151	58.34311237044345
152	58.949239460752764
153	58.949239460752764
154	61.767367382060364
155	61.767367382060364
156	58.49439836876673
157	58.49439836876673
158	56.07880108487966
159	56.07880108487966
160	58.83668128400452
161	58.83668128400452
162	62.8525840606421
163	62.8525840606421
164	62.36284653266912
165	62.36284653266912
166	61.374648289348315
167	61.374648289348315
168	57.98772495909365
169	57.98772495909365
170	55.71282498247782
171	55.71282498247782
172	58.82549473922725
173	58.82549473922725
174	61.47684574973616
175	61.47684574973616
176	61.10650530485998
177	61.10650530485998
178	57.66139092440311
179	57.66139092440311
180	58.14733824167388
181	58.14733824167388
182	58.880675823179516
183	58.880675823179516
184	53.7781970623503
185	53.7781970623503
186	62.357374157425184
187	62.357374157425184
188	61.8171513842475
189	61.8171513842475
190	61.50849765649782
191	61.50849765649782
192	60.42251145236867
193	60.42251145236867
194	57.650572967079405
195	57.650572967079405
196	62.545913664495146
197	62.545913664495146
198	64.97445326195903
199	64.97445326195903
200	61.757935662552455
201	61.757935662552455
202	61.353579791806474
203	61.353579791806474
204	58.9770158019323
205	58.9770158019323
206	62.04599049471922
207	62.04599049471922
208	62.24504263853769
209	62.24504263853769
210	62.13654172719703
211	62.13654172719703
212	54.998902603967224
213	54.998902603967224
214	60.294402178747575
215	60.294402178747575
216	57.88710689047265
217	57.88710689047265
218	61.97836204411459
219	61.97836204411459
220	59.61685283231533
221	59.61685283231533
222	57.57196883012872
223	57.57196883012872
224	56.76696120074088
225	56.76696120074088
226	60.43826696267481
227	60.43826696267481
228	56.72430104119517
229	56.72430104119517
230	55.496022477827466
231	55.496022477827466
232	61.23386522064829
233	61.23386522064829
234	53.94298593895652
235	53.94298593895652
236	62.063271921821695
237	62.063271921821695
238	58.322627327030744
239	58.322627327030744
240	56.309325002282165
241	56.309325002282165
242	60.912097044346204
243	60.912097044346204
244	57.94360044368356
245	57.94360044368356
246	61.789619594780646
247	61.789619594780646
248	55.97633751618239
249	55.97633751618239
250	59.74590234898889
251	59.74590234898889
252	59.37299186771922
253	59.37299186771922
254	55.159825902083256
255	55.159825902083256
256	62.90831886600937
257	62.90831886600937
258	64.0988212452021
259	64.0988212452021
260	58.78143010708851
261	58.78143010708851
262	60.43039653674406
263	60.43039653674406
264	60.44115322307936
265	60.44115322307936
266	62.13560569575706
267	62.13560569575706
268	61.6966954035403
269	61.6966954035403
270	55.369959680975974
271	55.369959680975974
272	60.78150407045773
273	60.78150407045773
274	60.001348628650945
275	60.001348628650945
276	59.611634459002936
277	59.611634459002936
278	57.62875262211851
279	57.62875262211851
280	61.53823936624542
281	61.53823936624542
282	53.76933651390075
283	53.76933651390075
284	54.63969819906486
285	54.63969819906486
286	59.63423511010569
287	59.63423511010569
288	58.54539869444479
289	58.54539869444479
290	56.59355211653164
291	56.59355211653164
292	59.22331501246365
293	59.22331501246365
294	55.94637113620786
295	55.94637113620786
296	62.85776016709542
297	62.85776016709542
298	59.500390168779546
299	59.500390168779546
300	62.06726278088942
301	62.06726278088942
302	58.87536896695927
303	58.87536896695927
304	62.32921439753117
305	62.32921439753117
306	59.398560543889076
307	59.398560543889076
308	59.44948619279735
309	59.44948619279735
310	56.9776745336531
311	56.9776745336531
312	56.235584740784
313	56.235584740784
314	56.79480741519585
315	56.79480741519585
316	63.179754665694674
317	63.179754665694674
318	58.6779795945347
319	58.6779795945347
320	62.01546986642794
321	62.01546986642794
322	57.93685050833799
323	57.93685050833799
324	57.105972548076515
325	57.105972548076515
326	66.35040337192926
327	66.35040337192926
328	57.26718913347151
329	57.26718913347151
330	57.91340163544057
331	57.91340163544057
332	55.590578828070555
333	55.590578828070555
334	57.214500033387516
335	57.214500033387516
336	60.80424981056018
337	60.80424981056018
338	64.42445030165976
339	64.42445030165976
340	59.53718154543651
341	59.53718154543651
342	60.15994679079442
343	60.15994679079442
344	57.35495153156235
345	57.35495153156235
346	60.201545255025856
347	60.201545255025856
348	62.20245601716991
349	62.20245601716991
350	60.177797852354495
351	60.177797852354495
352	60.278322221105284
353	60.278322221105284
354	64.53390594171971
355	64.53390594171971
356	62.26237914374908
357	62.26237914374908
358	57.02314285613394
359	57.02314285613394
360	57.32327857589103
361	57.32327857589103
362	57.837933487586234
363	57.837933487586234
364	61.34563889862943
365	61.34563889862943
366	60.461328606202024
367	60.461328606202024
368	58.78074359757065
369	58.78074359757065
370	61.50175865039045
371	61.50175865039045
372	60.816018647285055
373	60.816018647285055
374	60.13496631296639
375	60.13496631296639
376	61.06249440710219
377	61.06249440710219
378	56.531332155225996
379	56.531332155225996
380	61.72075216363733
381	61.72075216363733
382	58.60154611668755
383	58.60154611668755
384	56.460547283521954
385	56.460547283521954
386	62.40294340490944
387	62.40294340490944
388	59.91339546713253
389	59.91339546713253
390	57.76714914842424
391	57.76714914842424
392	62.21268762636782
393	62.21268762636782
394	56.51107856267477
395	56.51107856267477
396	57.94103348258681
397	57.94103348258681
398	61.34827132123303
399	61.34827132123303
400	57.04638547431938
401	57.04638547431938
402	59.626804317781364
403	59.626804317781364
404	67.08884912809748
405	67.08884912809748
406	60.959081002070654
407	60.959081002070654
408	58.44330318089639
409	58.44330318089639
410	59.899020088310486
411	59.899020088310486
412	59.023798265060854
413	59.023798265060854
414	57.883480608865426
415	57.883480608865426
416	65.16749649162688
417	65.16749649162688
418	58.00803525939988
419	58.00803525939988
420	61.00515391630088
421	61.00515391630088
422	61.841563862887774
423	61.841563862887774
424	56.00219115482499
425	56.00219115482499
426	57.54796018595386
427	57.54796018595386
428	59.989273791621514
429	59.989273791621514
430	57.1635922712912
431	57.1635922712912
432	59.960176396567554
433	59.960176396567554
434	58.214143631306946
435	58.214143631306946
436	58.363137790639776
437	58.363137790639776
438	55.967533392430845
439	55.967533392430845
440	58.58609642963857
441	58.58609642963857
442	58.61609501452202
443	58.61609501452202
444	55.80084187355077
445	55.80084187355077
446	56.822672755755704
447	56.822672755755704
448	57.74671675410938
449	57.74671675410938
450	63.44530106948038
451	63.44530106948038
452	62.5176242828233
453	62.5176242828233
454	55.66321047936187
455	55.66321047936187
456	56.38568001457553
457	56.38568001457553
458	57.163989040363084
459	57.163989040363084
460	57.58917645380995
461	57.58917645380995
462	58.22537993183299
463	58.22537993183299
464	63.91512477636236
465	63.91512477636236
466	58.69737393098874
467	58.69737393098874
468	59.40550037571397
469	59.40550037571397
470	57.642792877561334
471	57.642792877561334
472	58.738876649671134
473	58.738876649671134
474	59.505657941390204
475	59.505657941390204
476	62.48261109957526
477	62.48261109957526
478	59.1801492717442
479	59.1801492717442
480	61.30528621833615
481	61.30528621833615
482	57.57072394119026
483	57.57072394119026
484	62.330590375433275
485	62.330590375433275
486	61.73060468648484
487	61.73060468648484
488	62.16034766867125
489	62.16034766867125
490	56.97176439711715
491	56.97176439711715
492	61.333044463547544
493	61.333044463547544
494	63.45780534059534
495	63.45780534059534
496	61.714789193938074
497	61.714789193938074
498	61.494139434499054
499	61.494139434499054
500	60.776124898626264
501	60.776124898626264
502	61.584450478094894
503	61.584450478094894
504	58.37005184896849
505	58.37005184896849
506	64.72365631146378
507	64.72365631146378
508	62.57620927067764
509	62.57620927067764
510	61.53872248975247
511	61.53872248975247
512	62.303335298935046
513	62.303335298935046
514	62.88875983452714
515	62.88875983452714
516	62.691914942134225
517	62.691914942134225
518	58.66863729746466
519	58.66863729746466
520	56.08737447411823
521	56.08737447411823
522	58.48089576187892
523	58.48089576187892
524	59.406325375524645
525	59.406325375524645
526	61.08082039394361
527	61.08082039394361
528	58.12016543395384
529	58.12016543395384
530	58.26302249433306
531	58.26302249433306
532	61.65994746934731
533	61.65994746934731
534	54.595999359680235
535	54.595999359680235
536	60.02592113068456
537	60.02592113068456
538	59.84552644152312
539	59.84552644152312
540	56.1749312721179
541	56.1749312721179
542	57.524977858877776
543	57.524977858877776
544	61.8794381054436
545	61.8794381054436
546	55.74131329589328
547	55.74131329589328
548	56.1522035996089
549	56.1522035996089
550	61.94300378858806
551	61.94300378858806
552	60.70315843608672
553	60.70315843608672
554	60.460951505627904
555	60.460951505627904
556	58.600546928311346
557	58.600546928311346
558	58.88606599632896
559	58.88606599632896
560	62.031536407234434
561	62.031536407234434
562	59.567341698715325
563	59.567341698715325
564	61.436991360123685
565	61.436991360123685
566	60.61273646433889
567	60.61273646433889
568	55.608331272398324
569	55.608331272398324
570	57.75269854882386
571	57.75269854882386
572	59.43285532565513
573	59.43285532565513
574	61.86492095446849
575	61.86492095446849
576	59.48879316755838
577	59.48879316755838
578	57.86287149650146
579	57.86287149650146
580	62.40331218297827
581	62.40331218297827
582	59.13061727812411
583	59.13061727812411
584	58.497181327567475
585	58.497181327567475
586	60.45824405974766
587	60.45824405974766
588	59.619268067585395
589	59.619268067585395
590	58.466564322168566
591	58.466564322168566
592	61.62413977405163
593	61.62413977405163
594	56.40910169621321
595	56.40910169621321
596	59.69961598153192
597	59.69961598153192
598	55.209276468421976
599	55.209276468421976
600	58.48335029093246
601	58.48335029093246
602	56.820653397152526
603	56.820653397152526
604	61.39061949346549
605	61.39061949346549
606	59.69319644202933
607	59.69319644202933
608	58.20439537466996
609	58.20439537466996
610	56.681780769418694
611	56.681780769418694
612	57.79964344975112
613	57.79964344975112
614	66.19511053781666
615	66.19511053781666
616	59.83304762650076
617	59.83304762650076
618	61.29539638278847
619	61.29539638278847
620	61.48915586444893
621	61.48915586444893
622	57.65034881786257
623	57.65034881786257
624	61.72329406251046
625	61.72329406251046
626	57.98275923917355
627	57.98275923917355
628	57.78656826662117
629	57.78656826662117
630	63.58966924970548
631	63.58966924970548
632	57.2832410440411
633	57.2832410440411
634	56.383265784438365
635	56.383265784438365
636	64.01029060477525
637	64.01029060477525
638	64.92865997034235
639	64.92865997034235
640	58.424426864955805
641	58.424426864955805
642	60.17691580053778
643	60.17691580053778
644	63.785389021581594
645	63.785389021581594
646	56.729617187313586
647	56.729617187313586
648	57.793627055308725
649	57.793627055308725
650	56.0727859754999
651	56.0727859754999
652	57.290520012853044
653	57.290520012853044
654	60.5898057206217
655	60.5898057206217
656	58.063764145438064
657	58.063764145438064
658	61.21525565255216
659	61.21525565255216
660	60.967663224863266
661	60.967663224863266
662	62.338659280264366
663	62.338659280264366
664	62.418650480064784
665	62.418650480064784
666	64.50672691908241
667	64.50672691908241
668	60.295633923037784
669	60.295633923037784
670	59.157174859991585
671	59.157174859991585
672	60.53792082390373
673	60.53792082390373
674	60.174629621899605
675	60.174629621899605
676	54.71156710672028
677	54.71156710672028
678	63.38539429348416
679	63.38539429348416
680	58.9647617998938
681	58.9647617998938
682	58.98017008932109
683	58.98017008932109
684	57.49582170002492
685	57.49582170002492
686	61.462412351691476
687	61.462412351691476
688	58.31328413346572
689	58.31328413346572
690	60.57554733630642
691	60.57554733630642
692	57.893993993476826
693	57.893993993476826
694	61.10339481301056
695	61.10339481301056
696	62.09917981573668
697	62.09917981573668
698	60.49171336478693
699	60.49171336478693
700	53.26705491848694
701	53.26705491848694
702	59.40295156862848
703	59.40295156862848
704	60.17694513832842
705	60.17694513832842
706	66.16293201906569
707	66.16293201906569
708	62.18753243237359
709	62.18753243237359
710	62.59547733941303
711	62.59547733941303
712	58.401196217736775
713	58.401196217736775
714	60.44394221379155
715	60.44394221379155
716	60.845884956788694
717	60.845884956788694
718	59.76154213016071
719	59.76154213016071
720	58.57600400915554
721	58.57600400915554
722	57.48336664569294
723	57.48336664569294
724	60.30820556862245
725	60.30820556862245
726	56.12905906319691
727	56.12905906319691
728	60.85219919152436
729	60.85219919152436
730	60.617743738641565
731	60.617743738641565
732	57.37241272793556
733	57.37241272793556
734	60.91747085370995
735	60.91747085370995
736	63.92206718601013
737	63.92206718601013
738	58.52736265234247
739	58.52736265234247
740	57.98609320365858
741	57.98609320365858
742	57.311900747814235
743	57.311900747814235
744	60.30190862990179
745	60.30190862990179
746	59.624194099178794
747	59.624194099178794
748	63.713053088974476
749	63.713053088974476
750	60.080753306446056
751	60.080753306446056
752	60.12656048624463
753	60.12656048624463
754	59.85064686713433
755	59.85064686713433
756	56.69740275694885
757	56.69740275694885
758	59.833588344244276
759	59.833588344244276
760	69.8554067473555
761	69.8554067473555
762	54.311983534391985
763	54.311983534391985
764	66.16139757961881
765	66.16139757961881
766	57.72893864115983
767	57.72893864115983
768	62.210835543631795
769	62.210835543631795
770	59.39987725818582
771	59.39987725818582
772	55.62398438192136
773	55.62398438192136
774	58.96567358296732
775	58.96567358296732
776	58.28001578967463
777	58.28001578967463
778	59.55914944565784
779	59.55914944565784
780	62.717046722785
781	62.717046722785
782	62.93531568378993
783	62.93531568378993
784	61.24713027291403
785	61.24713027291403
786	59.813578034030236
787	59.813578034030236
788	56.93177047226158
789	56.93177047226158
790	59.47516246108488
791	59.47516246108488
792	64.92511212818819
793	64.92511212818819
794	58.682147136666856
795	58.682147136666856
796	57.62772197038012
797	57.62772197038012
798	59.20315159470502
799	59.20315159470502
800	64.26357155720618
801	64.26357155720618
802	62.30094330286522
803	62.30094330286522
804	57.029752763288556
805	57.029752763288556
806	60.029883142314425
807	60.029883142314425
808	63.20567289818388
809	63.20567289818388
810	60.959297802165864
811	60.959297802165864
812	58.22683996433391
813	58.22683996433391
814	60.207723820405626
815	60.207723820405626
816	57.13952293308638
817	57.13952293308638
818	58.84130546446558
819	58.84130546446558
820	63.166009279454514
821	63.166009279454514
822	59.42342587542529
823	59.42342587542529
824	60.687372765883104
825	60.687372765883104
826	63.4995251832835
827	63.4995251832835
828	55.31108366526743
829	55.31108366526743
830	61.11124992489667
831	61.11124992489667
832	56.85188631752136
833	56.85188631752136
834	56.72616963384391
835	56.72616963384391
836	57.26709857393151
837	57.26709857393151
838	58.23154194856726
839	58.23154194856726
840	61.25580258296752
841	61.25580258296752
842	61.30102120890913
843	61.30102120890913
844	62.9447022021715
845	62.9447022021715
846	60.288046876664154
847	60.288046876664154
848	63.96095227120857
849	63.96095227120857
850	59.57004314836419
851	59.57004314836419
852	58.75810979759842
853	58.75810979759842
854	61.7318786469836
855	61.7318786469836
856	58.775896759618625
857	58.775896759618625
858	59.734077850984534
859	59.734077850984534
860	61.922267962646046
861	61.922267962646046
862	63.82222875738149
863	63.82222875738149
864	60.713381932604264
865	60.713381932604264
866	64.51923453835391
867	64.51923453835391
868	54.94564808416371
869	54.94564808416371
870	59.33108551447366
871	59.33108551447366
872	59.17100132747497
873	59.17100132747497
874	51.981839299599294
875	51.981839299599294
876	59.29314877846347
877	59.29314877846347
878	63.965594737460755
879	63.965594737460755
880	60.48281644788355
881	60.48281644788355
882	61.60949849579239
883	61.60949849579239
884	58.76189723798562
885	58.76189723798562
886	52.99088796241277
887	52.99088796241277
888	62.2324258514845
889	62.2324258514845
890	57.726219365281224
891	57.726219365281224
892	58.25187481343848
893	58.25187481343848
894	60.41595686402067
895	60.41595686402067
896	58.68180087250471
897	58.68180087250471
898	59.76291933493509
899	59.76291933493509
900	58.37943522801196
901	58.37943522801196
902	53.12464605289946
903	53.12464605289946
904	59.00179736807391
905	59.00179736807391
906	59.79861830893351
907	59.79861830893351
908	63.054166205745396
909	63.054166205745396
910	62.00685673818475
911	62.00685673818475
912	57.40157096622864
913	57.40157096622864
914	56.240977557729444
915	56.240977557729444
916	66.21752260106857
917	66.21752260106857
918	61.11226745451726
919	61.11226745451726
920	64.50428739388788
921	64.50428739388788
922	56.809001188296
923	56.809001188296
924	57.48844902147606
925	57.48844902147606
926	57.580247613725994
927	57.580247613725994
928	58.87859605804694
929	58.87859605804694
930	57.77519432319698
931	57.77519432319698
932	61.35129892627845
933	61.35129892627845
934	58.83166429172067
935	58.83166429172067
936	61.40549367474011
937	61.40549367474011
938	59.47977764521521
939	59.47977764521521
940	61.922179813723815
941	61.922179813723815
942	61.36120573036409
943	61.36120573036409
944	59.59733746913543
945	59.59733746913543
946	59.588296887170195
947	59.588296887170195
948	62.460974078682405
949	62.460974078682405
950	62.52908847570022
951	62.52908847570022
952	58.602280050100994
953	58.602280050100994
954	60.165456390523865
955	60.165456390523865
956	60.453153332760984
957	60.453153332760984
958	61.31417821453815
959	61.31417821453815
960	59.025319453923295
961	59.025319453923295
962	52.74796299612011
963	52.74796299612011
964	64.81330717782411
965	64.81330717782411
966	56.903048822254384
967	56.903048822254384
968	60.97301432494618
969	60.97301432494618
970	59.32616936685721
971	59.32616936685721
972	62.08504739572676
973	62.08504739572676
974	62.36587230817798
975	62.36587230817798
976	57.18186261597183
977	57.18186261597183
978	56.08953216803878
979	56.08953216803878
980	61.1865101021581
981	61.1865101021581
982	55.52267159346779
983	55.52267159346779
984	59.50300320409694
985	59.50300320409694
986	62.52950992380624
987	62.52950992380624
988	60.88560476976886
989	60.88560476976886
990	57.86789867948424
991	57.86789867948424
992	63.249523223450645
993	63.249523223450645
994	60.564433992102806
995	60.564433992102806
996	62.75077975187987
997	62.75077975187987
998	59.3635333249823
999	59.3635333249823
1000	61.97409795742417
1001	61.97409795742417
1002	57.90224649599454
1003	57.90224649599454
1004	55.365380454538254
1005	55.365380454538254
1006	62.63705595354661
1007	62.63705595354661
1008	61.2988373683033
1009	61.2988373683033
1010	59.89578228173708
1011	59.89578228173708
1012	60.533008694955846
1013	60.533008694955846
1014	61.95537299968693
1015	61.95537299968693
1016	58.06305101503665
1017	58.06305101503665
1018	58.76649535220249
1019	58.76649535220249
1020	56.8368756525009
1021	56.8368756525009
1022	58.85409705672423
1023	58.85409705672423
1024	56.65855635172926
1025	56.65855635172926
1026	57.25094115631781
1027	57.25094115631781
1028	63.87621355112057
1029	63.87621355112057
1030	56.5576036428935
1031	56.5576036428935
1032	60.28549904385077
1033	60.28549904385077
1034	58.9969981642285
1035	58.9969981642285
1036	65.89019276775326
1037	65.89019276775326
1038	58.70993727466176
1039	58.70993727466176
1040	63.6371581483627
1041	63.6371581483627
1042	59.058318581490376
1043	59.058318581490376
1044	58.854678691911424
1045	58.854678691911424
1046	57.75796100460095
1047	57.75796100460095
1048	59.445354731001906
1049	59.445354731001906
1050	56.431205063404846
1051	56.431205063404846
1052	61.272039364994825
1053	61.272039364994825
1054	59.16282293570325
1055	59.16282293570325
1056	57.75452017554316
1057	57.75452017554316
1058	63.33813566793016
1059	63.33813566793016
1060	57.47115729057431
1061	57.47115729057431
1062	59.22231232018872
1063	59.22231232018872
1064	59.87439284550885
1065	59.87439284550885
1066	61.97216471415327
1067	61.97216471415327
1068	60.5712163574697
1069	60.5712163574697
1070	58.17612140245317
1071	58.17612140245317
1072	60.81631872901037
1073	60.81631872901037
1074	59.31887851361323
1075	59.31887851361323
1076	61.132486926198894
1077	61.132486926198894
1078	57.551085559978404
1079	57.551085559978404
1080	57.488340110855205
1081	57.488340110855205
1082	62.09228744135845
1083	62.09228744135845
1084	58.92833835267646
1085	58.92833835267646
1086	65.41007948389205
1087	65.41007948389205
1088	61.24647590237774
1089	61.24647590237774
1090	59.01637483978742
1091	59.01637483978742
1092	58.74998188212581
1093	58.74998188212581
1094	58.84107650397546
1095	58.84107650397546
1096	62.46025239550667
