0	43.054346895502334
1	43.054346895502334
2	43.054346895502334
3	43.054346895502334
4	43.054346895502334
5	43.054346895502334
6	41.686354168156726
7	41.686354168156726
8	41.686354168156726
9	41.686354168156726
10	41.686354168156726
11	41.686354168156726
12	42.21182065196887
13	42.21182065196887
14	42.21182065196887
15	42.21182065196887
16	42.21182065196887
17	42.21182065196887
18	42.460330937118584
19	42.460330937118584
20	42.460330937118584
21	42.460330937118584
22	42.460330937118584
23	42.460330937118584
24	41.31104701217847
25	41.31104701217847
26	41.31104701217847
27	41.31104701217847
28	41.31104701217847
29	41.31104701217847
30	38.045739286784666
31	38.045739286784666
32	38.045739286784666
33	38.045739286784666
34	38.045739286784666
35	38.045739286784666
36	46.029429691380976
37	46.029429691380976
38	46.029429691380976
39	40.32805727187684
40	40.32805727187684
41	40.32805727187684
42	40.32805727187684
43	40.32805727187684
44	40.32805727187684
45	46.846309356218626
46	46.846309356218626
47	46.846309356218626
48	46.846309356218626
49	46.846309356218626
50	46.846309356218626
51	39.84353454133253
52	39.84353454133253
53	39.84353454133253
54	39.84353454133253
55	39.84353454133253
56	39.84353454133253
57	43.44730592843043
58	43.44730592843043
59	43.44730592843043
60	43.44730592843043
61	43.44730592843043
62	43.44730592843043
63	42.276905518836145
64	42.276905518836145
65	42.276905518836145
66	42.276905518836145
67	45.21863860566111
68	45.21863860566111
69	45.21863860566111
70	45.21863860566111
71	45.21863860566111
72	45.21863860566111
73	46.640686390399836
74	46.640686390399836
75	46.640686390399836
76	46.640686390399836
77	46.640686390399836
78	46.640686390399836
79	50.28326536663743
80	50.28326536663743
81	50.28326536663743
82	50.28326536663743
83	50.28326536663743
84	50.28326536663743
85	49.68389889236915
86	49.68389889236915
87	49.68389889236915
88	49.68389889236915
89	49.68389889236915
90	49.68389889236915
91	50.11521321447924
92	50.11521321447924
93	50.11521321447924
94	50.11521321447924
95	50.11521321447924
96	50.11521321447924
97	48.36867474376755
98	48.36867474376755
99	48.36867474376755
100	48.36867474376755
101	48.36867474376755
102	48.36867474376755
103	44.55252611619582
104	44.55252611619582
105	44.55252611619582
106	44.55252611619582
107	44.55252611619582
108	44.55252611619582
109	50.5
110	50.5
111	50.5
112	50.5
113	50.5
114	50.5
115	50.5
116	50.5
117	50.5
118	50.5
119	50.5
120	50.5
121	44.50477586308232
122	44.50477586308232
123	44.50477586308232
124	44.50477586308232
125	44.50477586308232
126	44.50477586308232
127	46.093862081899125
128	46.093862081899125
129	46.093862081899125
130	46.093862081899125
131	46.093862081899125
132	46.093862081899125
133	50.5
134	50.5
135	50.5
136	50.5
137	50.5
138	50.5
139	40.94660060320312
140	40.94660060320312
141	40.94660060320312
142	40.94660060320312
143	40.94660060320312
144	40.94660060320312
145	48.28145639846121
146	48.28145639846121
147	48.28145639846121
148	48.28145639846121
149	48.28145639846121
150	48.28145639846121
151	50.5
152	50.5
153	50.5
154	50.5
155	50.5
156	50.5
157	48.98303886030204
158	48.98303886030204
159	48.98303886030204
160	48.98303886030204
161	48.98303886030204
162	48.98303886030204
163	46.36464371893866
164	46.36464371893866
165	46.36464371893866
166	46.36464371893866
167	46.36464371893866
168	46.36464371893866
169	44.50999034326726
170	44.50999034326726
171	44.50999034326726
172	44.50999034326726
173	44.50999034326726
174	44.50999034326726
175	43.16391635862463
176	43.16391635862463
177	43.16391635862463
178	43.16391635862463
179	43.16391635862463
180	43.16391635862463
181	50.5
182	50.5
183	50.5
184	50.5
185	50.5
186	50.5
187	50.5
188	50.5
189	50.5
190	50.5
191	50.5
192	50.5
193	50.5
194	50.5
195	50.5
196	50.5
197	50.5
198	50.5
199	50.5
200	50.5
201	50.5
202	50.5
203	50.5
204	50.5
205	50.5
206	50.5
207	50.5
208	50.5
209	50.5
210	50.5
211	42.63613688113193
212	42.63613688113193
213	42.63613688113193
214	42.63613688113193
215	42.63613688113193
216	42.63613688113193
217	46.58523777038202
218	46.58523777038202
219	46.58523777038202
220	46.58523777038202
221	46.58523777038202
222	46.58523777038202
223	46.8014017054462
224	46.8014017054462
225	46.8014017054462
226	46.8014017054462
227	46.8014017054462
228	46.8014017054462
229	48.83225911228437
230	48.83225911228437
231	48.83225911228437
232	48.83225911228437
233	48.83225911228437
234	48.83225911228437
235	45.50076683429962
236	45.50076683429962
237	45.50076683429962
238	45.50076683429962
239	45.50076683429962
240	45.50076683429962
241	50.5
242	50.5
243	50.5
244	50.5
245	50.5
246	50.5
247	48.86913043759898
248	48.86913043759898
249	48.86913043759898
250	48.86913043759898
251	48.86913043759898
252	48.86913043759898
253	40.10308774503562
254	40.10308774503562
255	40.10308774503562
256	40.10308774503562
257	40.10308774503562
258	40.10308774503562
259	50.5
260	47.77859191619104
261	47.77859191619104
262	47.77859191619104
263	47.77859191619104
264	47.77859191619104
265	47.77859191619104
266	44.47187530264975
267	44.47187530264975
268	44.47187530264975
269	44.47187530264975
270	44.47187530264975
271	44.47187530264975
272	42.816737497728454
273	42.816737497728454
274	42.816737497728454
275	42.816737497728454
276	42.816737497728454
277	42.816737497728454
278	50.5
279	50.5
280	50.5
281	50.5
282	50.5
283	50.5
284	47.999750638577666
285	47.999750638577666
286	47.999750638577666
287	47.999750638577666
288	47.999750638577666
289	47.999750638577666
290	46.313686234815364
291	46.313686234815364
292	46.313686234815364
293	46.313686234815364
294	46.313686234815364
295	46.313686234815364
296	42.79426515150662
297	42.79426515150662
298	42.79426515150662
299	42.79426515150662
300	42.79426515150662
301	42.79426515150662
302	41.73886448957915
303	41.73886448957915
304	41.73886448957915
305	39.665469700628094
306	39.665469700628094
307	39.665469700628094
308	39.665469700628094
309	39.665469700628094
310	39.665469700628094
311	41.67568680540493
312	41.67568680540493
313	41.67568680540493
314	41.67568680540493
315	41.67568680540493
316	41.67568680540493
317	44.69464459009894
318	44.69464459009894
319	44.69464459009894
320	44.69464459009894
321	44.69464459009894
322	44.69464459009894
323	43.790537262697306
324	43.790537262697306
325	43.790537262697306
326	43.790537262697306
327	43.790537262697306
328	43.790537262697306
329	43.94770185188863
330	43.94770185188863
331	43.94770185188863
332	43.94770185188863
333	43.94770185188863
334	43.94770185188863
335	44.71984849788984
336	44.71984849788984
337	44.71984849788984
338	44.71984849788984
339	44.71984849788984
340	44.71984849788984
341	46.4616960461017
342	46.4616960461017
343	46.4616960461017
344	46.4616960461017
345	46.4616960461017
346	46.4616960461017
347	41.31777526888557
348	41.31777526888557
349	41.31777526888557
350	41.31777526888557
351	41.31777526888557
352	41.31777526888557
353	48.17590739724168
354	48.17590739724168
355	48.17590739724168
356	48.17590739724168
357	48.17590739724168
358	48.17590739724168
359	42.68167041737819
360	42.68167041737819
361	42.68167041737819
362	42.68167041737819
363	42.68167041737819
364	42.68167041737819
365	37.19536850836275
366	37.19536850836275
367	37.19536850836275
368	37.19536850836275
369	37.19536850836275
370	37.19536850836275
371	48.034671844563285
372	48.034671844563285
373	48.034671844563285
374	48.034671844563285
375	48.034671844563285
376	48.034671844563285
377	41.22017842276734
378	41.22017842276734
379	41.22017842276734
380	41.22017842276734
381	41.22017842276734
382	41.22017842276734
383	43.14806960191225
384	43.14806960191225
385	43.14806960191225
386	43.14806960191225
387	43.14806960191225
388	43.14806960191225
389	42.02922116331431
390	42.02922116331431
391	42.02922116331431
392	42.02922116331431
393	42.02922116331431
394	42.02922116331431
395	42.609918798614515
396	42.609918798614515
397	42.609918798614515
398	42.609918798614515
399	42.609918798614515
400	42.609918798614515
401	48.114559113091936
402	48.114559113091936
403	48.114559113091936
404	48.114559113091936
405	48.114559113091936
406	48.114559113091936
407	47.24380516068883
408	47.24380516068883
409	47.24380516068883
410	47.24380516068883
411	47.24380516068883
412	47.24380516068883
413	46.77811208815565
414	46.77811208815565
415	46.77811208815565
416	46.77811208815565
417	46.77811208815565
418	46.77811208815565
419	48.751852323813516
420	48.751852323813516
421	48.751852323813516
422	48.751852323813516
423	48.751852323813516
424	48.751852323813516
425	42.27107170595043
426	42.27107170595043
427	42.27107170595043
428	42.27107170595043
429	42.27107170595043
430	42.27107170595043
431	44.338923635366434
432	44.338923635366434
433	44.338923635366434
434	44.338923635366434
435	44.338923635366434
436	44.338923635366434
437	38.700008624780125
438	38.700008624780125
439	38.700008624780125
440	38.700008624780125
441	38.700008624780125
442	38.700008624780125
443	45.61977449472316
444	45.61977449472316
445	45.61977449472316
446	45.61977449472316
447	45.61977449472316
448	45.61977449472316
449	40.966562251643715
450	40.966562251643715
451	40.966562251643715
452	40.966562251643715
453	40.966562251643715
454	40.966562251643715
455	41.19828831711416
456	41.19828831711416
457	41.19828831711416
458	41.19828831711416
459	41.19828831711416
460	41.19828831711416
461	38.27062473556583
462	38.27062473556583
463	38.27062473556583
464	38.27062473556583
465	38.27062473556583
466	38.27062473556583
467	38.85889383956
468	38.85889383956
469	38.85889383956
470	38.85889383956
471	38.85889383956
472	38.85889383956
473	41.41569473611928
474	41.41569473611928
475	41.41569473611928
476	41.41569473611928
477	41.41569473611928
478	41.41569473611928
479	42.48395419063103
480	42.48395419063103
481	42.48395419063103
482	42.48395419063103
483	42.48395419063103
484	42.48395419063103
485	43.19736580010186
486	43.19736580010186
487	43.19736580010186
488	43.19736580010186
489	43.19736580010186
490	43.19736580010186
491	44.163834916372046
492	44.163834916372046
493	44.163834916372046
494	44.163834916372046
495	44.163834916372046
496	44.163834916372046
497	45.96923128624368
498	45.96923128624368
499	45.96923128624368
500	45.96923128624368
501	45.96923128624368
502	45.96923128624368
503	48.58441144254153
504	48.58441144254153
505	48.58441144254153
506	48.58441144254153
507	48.58441144254153
508	48.58441144254153
509	41.549911116043305
510	41.549911116043305
511	41.549911116043305
512	41.549911116043305
513	41.549911116043305
514	41.549911116043305
515	40.435094442140596
516	40.435094442140596
517	40.435094442140596
518	40.435094442140596
519	40.435094442140596
520	40.435094442140596
521	46.56690935871675
522	46.56690935871675
523	46.56690935871675
524	46.56690935871675
525	46.56690935871675
526	46.56690935871675
527	42.8775212635064
528	42.8775212635064
529	42.8775212635064
530	42.8775212635064
531	42.8775212635064
532	42.8775212635064
533	45.92737879449423
534	45.92737879449423
535	45.92737879449423
536	45.92737879449423
537	45.92737879449423
538	45.92737879449423
539	50.26349705249157
540	50.26349705249157
541	50.26349705249157
542	50.26349705249157
543	50.26349705249157
544	50.26349705249157
545	45.270046583444774
546	45.270046583444774
547	45.270046583444774
548	45.270046583444774
549	45.270046583444774
550	45.270046583444774
551	39.118271122266954
552	39.118271122266954
553	39.118271122266954
554	39.118271122266954
555	39.118271122266954
556	39.118271122266954
557	44.27115437947457
558	44.27115437947457
559	44.27115437947457
560	44.27115437947457
561	44.27115437947457
562	44.27115437947457
563	32.780381850643096
564	32.780381850643096
565	32.780381850643096
566	32.780381850643096
567	32.780381850643096
568	32.780381850643096
569	42.83462881977522
570	42.83462881977522
571	42.83462881977522
572	42.83462881977522
573	42.83462881977522
574	42.83462881977522
575	41.19797189250029
576	41.19797189250029
577	41.19797189250029
578	41.19797189250029
579	41.19797189250029
580	41.19797189250029
581	41.616121057959084
582	41.616121057959084
583	41.616121057959084
584	41.616121057959084
585	41.616121057959084
586	41.616121057959084
587	44.2583980880501
588	44.2583980880501
589	44.2583980880501
590	44.2583980880501
591	44.2583980880501
592	44.2583980880501
593	43.774036629971135
594	43.774036629971135
595	43.774036629971135
596	43.774036629971135
597	43.774036629971135
598	43.774036629971135
599	43.122189213913785
600	43.122189213913785
601	43.122189213913785
602	43.122189213913785
603	43.122189213913785
604	43.122189213913785
605	43.1004705561079
606	43.1004705561079
607	43.1004705561079
608	43.1004705561079
609	43.1004705561079
610	43.1004705561079
611	41.91079760876172
612	41.91079760876172
613	41.91079760876172
614	41.91079760876172
615	41.91079760876172
616	41.91079760876172
617	42.992486564689905
618	42.992486564689905
619	42.992486564689905
620	42.992486564689905
621	42.992486564689905
622	42.992486564689905
623	38.48662929449593
624	38.48662929449593
625	38.48662929449593
626	38.48662929449593
627	38.48662929449593
628	38.48662929449593
629	45.67761802889447
630	45.67761802889447
631	45.67761802889447
632	45.67761802889447
633	45.67761802889447
634	45.67761802889447
635	44.29675669602213
636	44.29675669602213
637	44.29675669602213
638	44.29675669602213
639	44.29675669602213
640	44.29675669602213
641	43.40893149682041
642	43.40893149682041
643	43.40893149682041
644	43.40893149682041
645	43.40893149682041
646	43.40893149682041
647	39.005133136793944
648	39.005133136793944
649	39.005133136793944
650	39.005133136793944
651	39.005133136793944
652	39.005133136793944
653	39.405956183434355
654	39.405956183434355
655	39.405956183434355
656	34.43717404219459
657	34.43717404219459
658	34.43717404219459
659	34.43717404219459
660	34.43717404219459
661	34.43717404219459
662	34.296344690149894
663	34.296344690149894
664	34.296344690149894
665	34.296344690149894
666	34.296344690149894
667	34.296344690149894
668	40.06497844169933
669	40.06497844169933
670	40.06497844169933
671	40.06497844169933
672	40.06497844169933
673	40.06497844169933
674	42.85268061098815
675	42.85268061098815
676	42.85268061098815
677	42.85268061098815
678	42.85268061098815
679	42.85268061098815
680	36.166241400812524
681	36.166241400812524
682	36.166241400812524
683	36.166241400812524
684	36.166241400812524
685	36.166241400812524
686	39.91376035748698
687	39.91376035748698
688	39.91376035748698
689	39.91376035748698
690	39.91376035748698
691	39.91376035748698
692	38.93952804563763
693	38.93952804563763
694	38.93952804563763
695	38.93952804563763
696	38.93952804563763
697	38.93952804563763
698	39.08384125148323
699	39.08384125148323
700	39.08384125148323
701	39.08384125148323
702	39.08384125148323
703	39.08384125148323
704	39.30315347091425
705	39.30315347091425
706	39.30315347091425
707	39.30315347091425
708	39.30315347091425
709	39.30315347091425
710	35.976593023760074
711	39.24682137365588
712	39.24682137365588
713	39.24682137365588
714	39.24682137365588
715	39.24682137365588
716	39.24682137365588
717	42.518032793051404
718	42.518032793051404
719	42.518032793051404
720	42.518032793051404
721	42.518032793051404
722	42.518032793051404
723	43.16523302445293
724	43.16523302445293
725	43.16523302445293
726	43.16523302445293
727	43.16523302445293
728	43.16523302445293
729	36.61762146484179
730	36.61762146484179
731	36.61762146484179
732	36.61762146484179
733	36.61762146484179
734	36.61762146484179
735	36.64797538156223
736	35.90271087666668
737	35.90271087666668
738	35.90271087666668
739	35.90271087666668
740	35.90271087666668
741	35.90271087666668
742	35.14128651841615
743	35.14128651841615
744	35.14128651841615
745	35.14128651841615
746	35.14128651841615
747	35.14128651841615
748	34.94685724790582
749	34.94685724790582
750	34.94685724790582
751	34.94685724790582
752	34.94685724790582
753	34.94685724790582
754	35.04986630837861
755	35.04986630837861
756	35.04986630837861
757	35.04986630837861
758	35.04986630837861
759	35.04986630837861
760	30.701996059251396
761	30.701996059251396
762	30.701996059251396
763	30.701996059251396
764	30.701996059251396
765	30.701996059251396
766	36.59998612900358
767	36.59998612900358
768	36.59998612900358
769	36.59998612900358
770	36.59998612900358
771	36.59998612900358
772	35.831198474379924
773	35.831198474379924
774	35.831198474379924
775	35.831198474379924
776	37.60476369980102
777	37.60476369980102
778	37.60476369980102
779	37.60476369980102
780	43.048829694362354
781	43.048829694362354
782	43.048829694362354
783	43.048829694362354
784	43.048829694362354
785	43.048829694362354
786	50.5
787	50.5
788	50.5
789	50.5
790	50.5
791	50.5
792	45.02810785736918
793	45.02810785736918
794	45.02810785736918
795	45.02810785736918
796	45.02810785736918
797	45.02810785736918
798	48.96014400836546
799	48.96014400836546
800	48.96014400836546
801	48.96014400836546
802	48.96014400836546
803	48.96014400836546
804	44.23242262555931
805	44.23242262555931
806	44.23242262555931
807	44.23242262555931
808	44.23242262555931
809	44.23242262555931
810	48.57696231384
811	48.57696231384
812	48.57696231384
813	48.57696231384
814	48.57696231384
815	48.57696231384
816	43.29161981695642
817	43.29161981695642
818	43.29161981695642
819	43.29161981695642
820	43.29161981695642
821	43.29161981695642
822	48.39104400767644
823	48.39104400767644
824	48.39104400767644
825	48.39104400767644
826	48.39104400767644
827	48.39104400767644
828	50.5
829	50.5
830	50.5
831	50.5
832	50.5
833	50.5
834	38.340988760546765
835	38.340988760546765
836	38.340988760546765
837	38.340988760546765
838	38.340988760546765
839	38.340988760546765
840	49.18031543225439
841	49.18031543225439
842	49.18031543225439
843	49.18031543225439
844	49.18031543225439
845	49.18031543225439
846	44.25115595443103
847	44.25115595443103
848	44.25115595443103
849	44.25115595443103
850	44.25115595443103
851	44.25115595443103
852	45.5615778925927
853	45.5615778925927
854	45.5615778925927
855	45.5615778925927
856	45.5615778925927
857	45.5615778925927
858	43.03992191175448
859	43.03992191175448
860	43.03992191175448
861	43.03992191175448
862	43.03992191175448
863	43.03992191175448
864	50.232556944579194
865	50.232556944579194
866	38.38519538187
867	38.38519538187
868	38.38519538187
869	38.38519538187
870	38.38519538187
871	38.38519538187
872	42.29660066367832
873	42.29660066367832
874	42.29660066367832
875	42.29660066367832
876	42.29660066367832
877	42.29660066367832
878	45.22603686107115
879	45.22603686107115
880	45.22603686107115
881	45.22603686107115
882	45.22603686107115
883	45.22603686107115
884	44.729484047354845
885	44.729484047354845
886	44.729484047354845
887	44.729484047354845
888	44.729484047354845
889	44.729484047354845
890	46.306588338538404
891	46.306588338538404
892	46.306588338538404
893	46.306588338538404
894	46.306588338538404
895	46.306588338538404
896	40.57700143478706
897	40.57700143478706
898	40.57700143478706
899	40.57700143478706
900	40.57700143478706
901	40.57700143478706
902	41.940533928646275
903	41.940533928646275
904	41.940533928646275
905	41.940533928646275
906	41.940533928646275
907	41.940533928646275
908	49.230268418979655
909	49.230268418979655
910	49.230268418979655
911	49.230268418979655
912	49.230268418979655
913	49.230268418979655
914	44.295385976961754
915	44.295385976961754
916	44.295385976961754
917	44.295385976961754
918	44.295385976961754
919	44.295385976961754
920	45.224002656062986
921	45.224002656062986
922	45.224002656062986
923	45.224002656062986
924	45.224002656062986
925	45.224002656062986
926	42.84462459867618
927	42.84462459867618
928	42.84462459867618
929	42.84462459867618
930	42.84462459867618
931	42.84462459867618
932	44.34718004267848
933	44.34718004267848
934	44.34718004267848
935	44.34718004267848
936	44.34718004267848
937	44.34718004267848
938	46.91125519046106
939	46.91125519046106
940	46.91125519046106
941	46.91125519046106
942	46.91125519046106
943	46.91125519046106
944	34.76271069255785
945	34.76271069255785
946	34.76271069255785
947	34.76271069255785
948	34.76271069255785
949	34.76271069255785
950	50.5
951	50.5
952	50.5
953	50.5
954	50.5
955	50.5
956	40.81834898332337
957	40.81834898332337
958	40.81834898332337
959	40.81834898332337
960	40.81834898332337
961	40.81834898332337
962	38.618179330317645
963	38.618179330317645
964	38.618179330317645
965	38.618179330317645
966	38.618179330317645
967	38.618179330317645
968	39.12162804862331
969	39.12162804862331
970	39.12162804862331
971	39.12162804862331
972	39.12162804862331
973	39.12162804862331
974	46.19003199016303
975	46.19003199016303
976	46.19003199016303
977	46.19003199016303
978	46.19003199016303
979	46.19003199016303
980	47.49649894542648
981	47.49649894542648
982	47.49649894542648
983	47.49649894542648
984	47.49649894542648
985	47.49649894542648
986	47.112728576439515
987	47.112728576439515
988	47.112728576439515
989	47.112728576439515
990	47.112728576439515
991	47.112728576439515
992	39.14593470447357
993	39.14593470447357
994	39.14593470447357
995	39.14593470447357
996	39.14593470447357
997	39.14593470447357
998	47.653445521166866
999	47.653445521166866
1000	47.653445521166866
1001	47.653445521166866
1002	47.653445521166866
1003	47.653445521166866
1004	40.67174473842546
1005	40.67174473842546
1006	40.67174473842546
1007	40.67174473842546
1008	40.67174473842546
1009	40.67174473842546
1010	40.57195916582816
1011	40.57195916582816
1012	40.57195916582816
1013	40.57195916582816
1014	40.57195916582816
1015	40.57195916582816
1016	42.80562607330089
1017	42.80562607330089
1018	42.80562607330089
1019	42.80562607330089
1020	42.80562607330089
1021	42.80562607330089
1022	44.64157176143953
1023	44.64157176143953
1024	44.64157176143953
1025	44.64157176143953
1026	44.64157176143953
1027	44.64157176143953
1028	45.331613498017155
1029	45.331613498017155
1030	45.331613498017155
1031	45.331613498017155
1032	45.331613498017155
1033	45.331613498017155
1034	40.824517867975445
1035	40.824517867975445
1036	40.824517867975445
1037	40.824517867975445
1038	40.824517867975445
1039	40.824517867975445
1040	39.83507333481346
1041	39.83507333481346
1042	39.83507333481346
1043	39.83507333481346
1044	39.83507333481346
1045	39.83507333481346
1046	47.244310269316095
1047	47.244310269316095
1048	47.244310269316095
1049	47.244310269316095
1050	47.244310269316095
1051	47.244310269316095
1052	46.18195514204904
1053	46.18195514204904
1054	46.18195514204904
1055	46.18195514204904
1056	46.18195514204904
1057	46.18195514204904
1058	43.59517179420727
1059	43.59517179420727
1060	43.59517179420727
1061	43.59517179420727
1062	43.59517179420727
1063	43.59517179420727
1064	41.46385083703966
1065	41.46385083703966
1066	41.46385083703966
1067	41.46385083703966
1068	41.46385083703966
1069	41.46385083703966
1070	44.81084855682426
1071	44.81084855682426
1072	44.81084855682426
1073	44.81084855682426
1074	44.81084855682426
1075	44.81084855682426
1076	38.39828241062818
1077	38.39828241062818
1078	38.39828241062818
1079	38.39828241062818
1080	38.39828241062818
1081	38.39828241062818
1082	38.473088945637286
1083	38.473088945637286
1084	38.473088945637286
1085	38.473088945637286
1086	38.473088945637286
1087	38.473088945637286
1088	37.86499889901613
1089	37.86499889901613
1090	37.86499889901613
1091	37.86499889901613
1092	37.86499889901613
1093	37.86499889901613
1094	41.31321902832066
1095	41.31321902832066
1096	41.31321902832066
1097	41.31321902832066
1098	41.89308345659175
1099	41.89308345659175
1100	41.89308345659175
1101	41.89308345659175
1102	41.89308345659175
1103	41.89308345659175
1104	37.486504077362206
1105	37.486504077362206
1106	37.486504077362206
1107	37.486504077362206
1108	37.486504077362206
1109	37.486504077362206
1110	37.37038405833988
1111	37.37038405833988
1112	37.37038405833988
1113	37.37038405833988
1114	37.37038405833988
1115	37.37038405833988
1116	39.839932710349174
1117	39.839932710349174
1118	39.839932710349174
1119	39.839932710349174
1120	39.839932710349174
1121	39.839932710349174
1122	42.872486171076176
1123	42.872486171076176
1124	42.872486171076176
1125	42.872486171076176
1126	42.872486171076176
1127	42.872486171076176
1128	41.23631408259419
1129	41.23631408259419
1130	41.23631408259419
1131	41.23631408259419
1132	41.23631408259419
1133	41.23631408259419
1134	35.926794595002605
1135	35.926794595002605
1136	35.926794595002605
1137	35.926794595002605
1138	35.926794595002605
1139	35.926794595002605
1140	38.01614756075628
1141	38.01614756075628
1142	38.01614756075628
1143	38.01614756075628
1144	38.01614756075628
1145	38.01614756075628
1146	37.08357881107334
1147	37.08357881107334
1148	37.08357881107334
1149	35.57759243185093
1150	35.57759243185093
1151	35.57759243185093
1152	35.57759243185093
1153	35.57759243185093
1154	35.57759243185093
1155	39.22961650251215
1156	39.22961650251215
1157	39.22961650251215
1158	39.22961650251215
1159	39.22961650251215
1160	39.22961650251215
1161	39.09357495866785
1162	39.09357495866785
1163	39.09357495866785
1164	39.09357495866785
1165	39.09357495866785
1166	39.09357495866785
1167	35.357478516014886
1168	35.357478516014886
1169	35.357478516014886
1170	35.357478516014886
1171	35.357478516014886
1172	35.357478516014886
1173	41.992497637614484
1174	41.992497637614484
1175	41.992497637614484
1176	41.992497637614484
1177	41.992497637614484
1178	41.992497637614484
1179	35.28829352405713
1180	35.28829352405713
1181	35.28829352405713
1182	35.28829352405713
1183	35.28829352405713
1184	35.28829352405713
1185	34.779474238046475
1186	34.779474238046475
1187	34.779474238046475
1188	34.779474238046475
1189	34.779474238046475
1190	34.779474238046475
1191	38.11256439612904
1192	38.11256439612904
1193	38.11256439612904
1194	38.11256439612904
1195	38.11256439612904
1196	38.11256439612904
1197	33.13644666671658
1198	33.13644666671658
1199	33.13644666671658
1200	33.13644666671658
1201	33.13644666671658
1202	33.13644666671658
1203	36.19729084149392
1204	36.19729084149392
1205	36.19729084149392
1206	36.19729084149392
1207	36.19729084149392
1208	36.19729084149392
1209	42.43743333066301
1210	42.43743333066301
1211	42.43743333066301
1212	42.43743333066301
1213	42.43743333066301
1214	42.43743333066301
1215	40.40623698835201
1216	40.40623698835201
1217	40.40623698835201
1218	40.40623698835201
1219	40.40623698835201
1220	40.40623698835201
1221	41.090779885876586
1222	41.090779885876586
1223	41.090779885876586
1224	41.090779885876586
1225	41.090779885876586
1226	41.090779885876586
1227	39.07972045017857
1228	39.07972045017857
1229	39.07972045017857
1230	50.5
1231	50.5
1232	50.5
1233	50.5
1234	47.741583749360956
1235	47.741583749360956
1236	47.741583749360956
1237	47.741583749360956
1238	47.741583749360956
1239	47.741583749360956
1240	45.340110039719626
1241	45.340110039719626
1242	45.340110039719626
1243	45.340110039719626
1244	45.340110039719626
1245	45.340110039719626
1246	50.343425964320524
1247	50.343425964320524
1248	50.343425964320524
1249	50.343425964320524
1250	50.343425964320524
1251	50.343425964320524
1252	43.4945788906081
1253	43.4945788906081
1254	43.4945788906081
1255	43.4945788906081
1256	43.4945788906081
1257	43.4945788906081
1258	43.776810142964486
1259	43.776810142964486
1260	43.776810142964486
1261	43.776810142964486
1262	43.776810142964486
1263	43.776810142964486
1264	41.48869800105013
1265	41.48869800105013
1266	41.48869800105013
1267	41.48869800105013
1268	41.48869800105013
1269	41.48869800105013
1270	47.71692261022963
1271	47.71692261022963
1272	47.71692261022963
1273	47.71692261022963
1274	47.71692261022963
1275	47.71692261022963
1276	44.163986085610894
1277	44.163986085610894
1278	44.163986085610894
1279	44.163986085610894
1280	44.163986085610894
1281	44.163986085610894
1282	44.490349150829104
1283	44.490349150829104
1284	44.490349150829104
1285	44.490349150829104
1286	44.490349150829104
1287	44.490349150829104
1288	50.5
1289	50.5
1290	50.5
1291	50.5
1292	50.5
1293	50.5
1294	45.95640107648313
1295	45.95640107648313
1296	45.95640107648313
1297	45.95640107648313
1298	45.95640107648313
1299	45.95640107648313
1300	36.11748164361984
1301	36.11748164361984
1302	36.11748164361984
1303	36.11748164361984
1304	36.11748164361984
1305	36.11748164361984
1306	47.275522054760124
1307	47.275522054760124
1308	47.275522054760124
1309	47.275522054760124
1310	47.275522054760124
1311	47.275522054760124
1312	45.38044221353421
1313	45.38044221353421
1314	45.38044221353421
1315	45.38044221353421
1316	45.38044221353421
1317	45.38044221353421
1318	46.74797539209528
1319	46.74797539209528
1320	46.74797539209528
1321	46.74797539209528
1322	46.74797539209528
1323	46.74797539209528
1324	48.11167471521942
1325	48.11167471521942
1326	48.11167471521942
1327	48.11167471521942
1328	48.11167471521942
1329	48.11167471521942
1330	46.53100792686241
1331	46.53100792686241
1332	46.53100792686241
1333	46.53100792686241
1334	46.53100792686241
1335	46.53100792686241
1336	50.5
1337	50.5
1338	50.5
1339	50.5
1340	50.5
1341	50.5
1342	46.73383162563596
1343	46.73383162563596
1344	46.73383162563596
1345	43.6578759138081
1346	43.6578759138081
1347	43.6578759138081
1348	43.6578759138081
1349	43.6578759138081
1350	43.6578759138081
1351	43.53251613253773
1352	43.53251613253773
1353	43.53251613253773
1354	43.53251613253773
1355	43.53251613253773
1356	43.53251613253773
1357	46.72838358697711
1358	46.72838358697711
1359	46.72838358697711
1360	46.72838358697711
1361	46.72838358697711
1362	46.72838358697711
1363	39.68169955603968
1364	39.68169955603968
1365	39.68169955603968
1366	39.68169955603968
1367	39.68169955603968
1368	39.68169955603968
1369	42.361791418470624
1370	42.361791418470624
1371	42.361791418470624
1372	42.361791418470624
1373	42.361791418470624
1374	42.361791418470624
1375	50.5
1376	50.5
1377	50.5
1378	50.5
1379	50.5
1380	50.5
1381	47.13168386452777
1382	47.13168386452777
1383	47.13168386452777
1384	47.13168386452777
1385	47.13168386452777
1386	47.13168386452777
1387	42.74031612971721
1388	48.239551279265584
1389	48.239551279265584
1390	48.239551279265584
1391	48.239551279265584
1392	48.239551279265584
1393	48.239551279265584
1394	49.429406824040086
1395	49.429406824040086
1396	49.429406824040086
1397	49.429406824040086
1398	49.429406824040086
1399	49.429406824040086
1400	50.02842064414192
1401	50.02842064414192
1402	50.02842064414192
1403	50.02842064414192
1404	50.02842064414192
1405	50.02842064414192
1406	50.5
1407	50.5
1408	50.5
1409	50.5
1410	50.5
1411	50.5
1412	48.700802555511586
1413	48.700802555511586
1414	48.700802555511586
1415	48.700802555511586
1416	48.700802555511586
1417	48.700802555511586
1418	50.5
1419	50.5
1420	50.5
1421	50.5
1422	50.5
1423	50.5
1424	49.937863545658985
1425	49.937863545658985
1426	49.937863545658985
1427	49.937863545658985
1428	49.937863545658985
1429	49.937863545658985
1430	50.428841409605596
1431	50.428841409605596
1432	50.428841409605596
1433	50.428841409605596
1434	50.428841409605596
1435	50.428841409605596
1436	37.143475589511176
1437	37.143475589511176
1438	37.143475589511176
1439	37.143475589511176
1440	37.143475589511176
1441	37.143475589511176
1442	50.5
1443	50.5
1444	50.5
1445	50.5
1446	50.5
1447	50.5
1448	39.04632229273504
1449	39.04632229273504
1450	39.04632229273504
1451	39.04632229273504
1452	39.04632229273504
1453	39.04632229273504
1454	41.94469315200474
1455	41.94469315200474
1456	41.94469315200474
1457	41.94469315200474
1458	41.94469315200474
1459	41.94469315200474
1460	40.62039001938712
1461	40.62039001938712
1462	40.62039001938712
1463	40.62039001938712
1464	40.62039001938712
1465	40.62039001938712
1466	38.653495011050715
1467	38.653495011050715
1468	38.653495011050715
1469	38.653495011050715
1470	38.653495011050715
1471	38.653495011050715
1472	43.63983318553936
1473	43.63983318553936
1474	43.63983318553936
1475	43.63983318553936
1476	43.63983318553936
1477	43.63983318553936
1478	42.42550733601705
1479	42.42550733601705
1480	42.42550733601705
1481	42.42550733601705
1482	42.42550733601705
1483	42.42550733601705
1484	40.564522053131526
1485	40.564522053131526
1486	40.564522053131526
1487	40.564522053131526
1488	40.564522053131526
1489	40.564522053131526
1490	40.79276854126673
1491	40.79276854126673
1492	40.79276854126673
1493	40.79276854126673
1494	40.79276854126673
1495	40.79276854126673
1496	45.098760385945425
1497	45.098760385945425
1498	45.098760385945425
1499	45.098760385945425
1500	45.098760385945425
1501	45.098760385945425
1502	42.28810906073215
1503	42.28810906073215
1504	42.28810906073215
1505	42.28810906073215
1506	42.28810906073215
1507	42.28810906073215
1508	42.21641984890472
1509	42.21641984890472
1510	42.21641984890472
1511	42.21641984890472
1512	42.21641984890472
1513	42.21641984890472
1514	44.2490925680408
1515	44.2490925680408
1516	44.2490925680408
1517	44.2490925680408
1518	44.2490925680408
1519	44.2490925680408
1520	41.88037567583886
1521	41.88037567583886
1522	41.88037567583886
1523	41.88037567583886
1524	41.88037567583886
1525	41.88037567583886
1526	40.36609592029768
1527	40.36609592029768
1528	40.36609592029768
1529	40.36609592029768
1530	40.36609592029768
1531	40.36609592029768
1532	39.875704246302185
1533	39.875704246302185
1534	39.875704246302185
1535	39.875704246302185
1536	39.875704246302185
1537	39.875704246302185
1538	42.26768003724047
1539	42.26768003724047
1540	42.26768003724047
1541	42.26768003724047
1542	42.26768003724047
1543	42.26768003724047
1544	41.626857889049504
1545	41.626857889049504
1546	41.626857889049504
1547	41.626857889049504
1548	41.626857889049504
1549	41.626857889049504
1550	42.50960462213166
1551	42.50960462213166
1552	42.50960462213166
1553	42.50960462213166
1554	42.50960462213166
1555	42.50960462213166
1556	40.88856494746105
1557	40.88856494746105
1558	40.88856494746105
1559	40.88856494746105
1560	40.88856494746105
1561	40.88856494746105
1562	37.31242209022991
1563	37.31242209022991
1564	37.31242209022991
1565	37.31242209022991
1566	37.31242209022991
1567	37.31242209022991
1568	45.57171225675865
1569	45.57171225675865
1570	45.57171225675865
1571	45.57171225675865
1572	45.57171225675865
1573	45.57171225675865
1574	37.50576142715893
1575	37.50576142715893
1576	37.50576142715893
1577	37.50576142715893
1578	37.50576142715893
1579	37.50576142715893
1580	40.35734410372601
1581	40.35734410372601
1582	40.35734410372601
1583	40.35734410372601
1584	40.35734410372601
1585	40.35734410372601
1586	44.0676129339616
1587	44.0676129339616
1588	44.0676129339616
1589	44.0676129339616
1590	44.0676129339616
1591	44.0676129339616
1592	41.57520263109915
1593	41.57520263109915
1594	41.57520263109915
1595	41.57520263109915
1596	50.5
1597	50.5
1598	50.5
1599	50.5
1600	50.5
1601	50.5
1602	50.5
1603	50.5
1604	50.5
1605	50.5
1606	50.5
1607	50.5
1608	50.5
1609	50.5
1610	50.5
1611	50.5
1612	50.5
1613	50.5
1614	48.61808421767485
1615	48.61808421767485
1616	48.61808421767485
1617	48.61808421767485
1618	48.61808421767485
1619	48.61808421767485
1620	46.06171419420615
1621	46.06171419420615
1622	46.06171419420615
1623	46.06171419420615
1624	46.06171419420615
1625	46.06171419420615
1626	49.62119737360707
1627	49.62119737360707
1628	49.62119737360707
1629	49.62119737360707
1630	49.62119737360707
1631	49.62119737360707
1632	49.31952519367972
1633	49.31952519367972
1634	49.31952519367972
1635	49.31952519367972
1636	49.31952519367972
1637	49.31952519367972
1638	46.965674433763894
1639	46.965674433763894
1640	46.965674433763894
1641	46.965674433763894
1642	46.965674433763894
1643	46.965674433763894
1644	46.76016869005515
1645	46.76016869005515
1646	46.76016869005515
1647	46.76016869005515
1648	46.76016869005515
1649	46.76016869005515
1650	40.854631562094326
1651	40.854631562094326
1652	40.854631562094326
1653	40.854631562094326
1654	40.854631562094326
1655	40.854631562094326
1656	49.873380526766574
1657	49.873380526766574
1658	49.873380526766574
1659	49.873380526766574
1660	49.873380526766574
1661	49.873380526766574
1662	49.988608210544086
1663	49.988608210544086
1664	49.988608210544086
1665	49.988608210544086
1666	49.988608210544086
1667	49.988608210544086
1668	42.97664514445438
1669	42.97664514445438
1670	42.97664514445438
1671	42.97664514445438
1672	42.97664514445438
1673	42.97664514445438
1674	50.5
1675	50.5
1676	50.5
1677	50.5
1678	50.5
1679	50.5
1680	47.47855477894732
1681	47.47855477894732
1682	47.47855477894732
1683	47.47855477894732
1684	47.47855477894732
1685	47.47855477894732
1686	50.5
1687	50.5
1688	50.5
1689	50.5
1690	50.5
1691	50.5
1692	50.5
1693	50.5
1694	50.5
1695	50.5
1696	50.5
1697	50.5
1698	45.685756330815195
1699	45.685756330815195
1700	45.685756330815195
1701	40.47320536869154
1702	40.47320536869154
1703	40.47320536869154
1704	40.47320536869154
1705	40.47320536869154
1706	40.47320536869154
1707	44.6832441893212
1708	44.6832441893212
1709	44.6832441893212
1710	44.6832441893212
1711	44.6832441893212
1712	44.6832441893212
1713	45.66122637007058
1714	45.66122637007058
1715	45.66122637007058
1716	45.66122637007058
1717	45.66122637007058
1718	45.66122637007058
1719	38.454280239748776
1720	38.454280239748776
1721	38.454280239748776
1722	38.454280239748776
1723	38.454280239748776
1724	38.454280239748776
1725	40.61251949662072
1726	40.61251949662072
1727	40.61251949662072
1728	40.61251949662072
1729	40.61251949662072
1730	40.61251949662072
1731	46.138263278795066
1732	46.138263278795066
1733	46.138263278795066
1734	46.138263278795066
1735	46.138263278795066
1736	46.138263278795066
1737	42.12417745920034
1738	42.12417745920034
1739	42.12417745920034
1740	42.12417745920034
1741	42.12417745920034
1742	42.12417745920034
1743	42.52984832195295
1744	42.52984832195295
1745	42.52984832195295
1746	42.52984832195295
1747	42.52984832195295
1748	42.52984832195295
1749	45.67274672071869
1750	45.67274672071869
1751	45.67274672071869
1752	45.67274672071869
1753	45.67274672071869
1754	45.67274672071869
1755	44.318247816639484
1756	46.2627224210123
1757	46.2627224210123
1758	46.2627224210123
1759	46.2627224210123
1760	46.2627224210123
1761	46.2627224210123
1762	50.5
1763	50.5
1764	50.5
1765	50.5
1766	50.5
1767	50.5
1768	50.5
1769	50.5
1770	50.5
1771	50.5
1772	50.5
1773	50.5
1774	40.246896818666215
1775	40.246896818666215
1776	43.96050216132582
1777	43.96050216132582
1778	43.96050216132582
1779	43.96050216132582
1780	43.96050216132582
1781	43.96050216132582
1782	50.5
1783	50.5
1784	50.5
1785	50.5
1786	50.5
1787	50.5
1788	41.85062066790064
1789	41.85062066790064
1790	41.85062066790064
1791	41.85062066790064
1792	41.85062066790064
1793	41.85062066790064
1794	47.44893795557216
1795	47.44893795557216
1796	47.44893795557216
1797	47.44893795557216
1798	47.44893795557216
1799	47.44893795557216
1800	45.64573964952847
1801	45.64573964952847
1802	45.64573964952847
1803	45.64573964952847
1804	45.64573964952847
1805	45.64573964952847
1806	49.48909876032714
1807	49.48909876032714
1808	49.48909876032714
1809	49.48909876032714
1810	49.48909876032714
1811	49.48909876032714
1812	39.01647836202154
1813	39.01647836202154
1814	39.01647836202154
1815	39.01647836202154
1816	39.01647836202154
1817	39.01647836202154
1818	43.78577591879924
1819	43.78577591879924
1820	43.78577591879924
1821	43.78577591879924
1822	43.78577591879924
1823	43.78577591879924
1824	49.163544779698675
1825	49.163544779698675
1826	49.163544779698675
1827	49.163544779698675
1828	49.163544779698675
1829	49.163544779698675
1830	46.29807800460489
1831	46.29807800460489
1832	46.29807800460489
1833	46.29807800460489
1834	46.29807800460489
1835	46.29807800460489
1836	44.498511904085916
1837	44.498511904085916
1838	44.498511904085916
1839	44.498511904085916
1840	44.498511904085916
1841	44.498511904085916
1842	48.41879317888752
1843	48.41879317888752
1844	48.41879317888752
1845	48.41879317888752
1846	48.41879317888752
1847	48.41879317888752
1848	47.92924551917565
1849	47.92924551917565
1850	47.92924551917565
1851	47.92924551917565
1852	47.92924551917565
1853	47.92924551917565
1854	46.33741910040175
1855	46.33741910040175
1856	46.33741910040175
1857	46.33741910040175
1858	49.04562651209362
1859	49.04562651209362
1860	49.04562651209362
1861	49.04562651209362
1862	49.04562651209362
1863	49.04562651209362
1864	46.83000289939389
1865	46.83000289939389
1866	46.83000289939389
1867	46.83000289939389
1868	46.83000289939389
1869	46.83000289939389
1870	42.385447846460735
1871	42.385447846460735
1872	42.385447846460735
1873	42.385447846460735
1874	42.385447846460735
1875	42.385447846460735
1876	45.70155073499878
1877	45.70155073499878
1878	45.70155073499878
1879	45.70155073499878
1880	45.70155073499878
1881	45.70155073499878
1882	46.99022080495005
1883	46.99022080495005
1884	46.99022080495005
1885	46.99022080495005
1886	46.99022080495005
1887	46.99022080495005
1888	43.49219214774514
1889	43.49219214774514
1890	43.49219214774514
1891	43.49219214774514
1892	43.49219214774514
1893	43.49219214774514
1894	44.272710865438754
1895	44.272710865438754
1896	44.272710865438754
1897	44.272710865438754
1898	44.272710865438754
1899	44.272710865438754
1900	42.8630877938739
1901	42.8630877938739
1902	42.8630877938739
1903	42.8630877938739
1904	42.8630877938739
1905	42.8630877938739
1906	33.88441777282653
1907	33.88441777282653
1908	33.88441777282653
1909	33.88441777282653
1910	33.88441777282653
1911	33.88441777282653
1912	44.68797306954354
1913	44.68797306954354
1914	44.68797306954354
1915	44.68797306954354
1916	44.68797306954354
1917	44.68797306954354
1918	41.816536594784516
1919	41.816536594784516
1920	41.816536594784516
1921	41.816536594784516
1922	41.816536594784516
1923	41.816536594784516
1924	45.56828225085242
1925	45.56828225085242
1926	45.56828225085242
1927	45.56828225085242
1928	45.56828225085242
1929	45.56828225085242
1930	47.015432828333005
1931	47.015432828333005
1932	47.015432828333005
1933	47.015432828333005
1934	47.015432828333005
1935	47.015432828333005
1936	46.52539756466302
1937	46.52539756466302
1938	46.52539756466302
1939	46.52539756466302
1940	46.52539756466302
1941	46.52539756466302
1942	41.110456274450534
1943	41.110456274450534
1944	41.110456274450534
1945	41.110456274450534
1946	41.110456274450534
1947	41.110456274450534
1948	46.0739859375455
1949	46.0739859375455
1950	46.0739859375455
1951	46.0739859375455
1952	46.0739859375455
1953	46.0739859375455
1954	38.99962761378955
1955	38.99962761378955
1956	38.99962761378955
1957	38.99962761378955
1958	38.99962761378955
1959	38.99962761378955
1960	40.61619456740867
1961	40.61619456740867
1962	40.61619456740867
1963	40.61619456740867
1964	40.61619456740867
1965	40.61619456740867
1966	46.02571634522707
1967	46.02571634522707
1968	46.02571634522707
1969	46.02571634522707
1970	39.91257566157029
1971	39.91257566157029
1972	39.91257566157029
1973	39.91257566157029
1974	39.91257566157029
1975	39.91257566157029
1976	50.5
1977	50.5
1978	50.5
1979	50.5
1980	50.5
1981	50.5
1982	40.18352611225082
1983	40.18352611225082
1984	40.18352611225082
1985	40.18352611225082
1986	40.18352611225082
1987	40.18352611225082
1988	43.75289029077015
1989	43.75289029077015
1990	43.75289029077015
1991	43.75289029077015
1992	43.75289029077015
1993	41.71514807188988
1994	41.71514807188988
1995	41.71514807188988
1996	41.71514807188988
1997	41.71514807188988
1998	41.71514807188988
1999	45.07795090174521
2000	45.07795090174521
2001	45.07795090174521
2002	45.07795090174521
2003	45.07795090174521
2004	45.07795090174521
2005	37.97208727436072
2006	37.97208727436072
2007	37.97208727436072
2008	37.97208727436072
2009	37.97208727436072
2010	37.97208727436072
2011	46.17105806664917
2012	46.17105806664917
