0	96.48179343769222
1	96.48179343769222
2	96.48179343769222
3	96.48179343769222
4	96.48179343769222
5	96.48179343769222
6	96.48179343769222
7	96.48179343769222
8	96.48179343769222
9	96.48179343769222
10	55.56498699867892
11	55.56498699867892
12	55.56498699867892
13	55.56498699867892
14	55.56498699867892
15	55.56498699867892
16	55.56498699867892
17	55.56498699867892
18	55.56498699867892
19	55.56498699867892
20	71.36736920058453
21	71.36736920058453
22	71.36736920058453
23	71.36736920058453
24	71.36736920058453
25	71.36736920058453
26	71.36736920058453
27	71.36736920058453
28	71.36736920058453
29	71.36736920058453
30	90.2459770860935
31	90.2459770860935
32	90.2459770860935
33	90.2459770860935
34	90.2459770860935
35	90.2459770860935
36	90.2459770860935
37	90.2459770860935
38	90.2459770860935
39	90.2459770860935
40	54.16422183890252
41	54.16422183890252
42	54.16422183890252
43	54.16422183890252
44	54.16422183890252
45	54.16422183890252
46	54.16422183890252
47	54.16422183890252
48	54.16422183890252
49	54.16422183890252
50	87.99607715525934
51	87.99607715525934
52	87.99607715525934
53	87.99607715525934
54	87.99607715525934
55	87.99607715525934
56	87.99607715525934
57	87.99607715525934
58	87.99607715525934
59	87.99607715525934
60	50.47338056422227
61	50.47338056422227
62	50.47338056422227
63	50.47338056422227
64	50.47338056422227
65	50.47338056422227
66	50.47338056422227
67	50.47338056422227
68	50.47338056422227
69	50.47338056422227
70	98.93094989037945
71	98.93094989037945
72	98.93094989037945
73	98.93094989037945
74	98.93094989037945
75	98.93094989037945
76	98.93094989037945
77	98.93094989037945
78	98.93094989037945
79	98.93094989037945
80	70.75312398616191
81	70.75312398616191
82	70.75312398616191
83	70.75312398616191
84	70.75312398616191
85	70.75312398616191
86	70.75312398616191
87	70.75312398616191
88	70.75312398616191
89	70.75312398616191
90	42.05994348649273
91	42.05994348649273
92	42.05994348649273
93	42.05994348649273
94	42.05994348649273
95	42.05994348649273
96	42.05994348649273
97	42.05994348649273
98	42.05994348649273
99	42.05994348649273
100	67.01715490000468
101	67.01715490000468
102	67.01715490000468
103	67.01715490000468
104	67.01715490000468
105	67.01715490000468
106	67.01715490000468
107	67.01715490000468
108	67.01715490000468
109	67.01715490000468
110	62.22136060759168
111	62.22136060759168
112	62.22136060759168
113	62.22136060759168
114	62.22136060759168
115	62.22136060759168
116	62.22136060759168
117	62.22136060759168
118	62.22136060759168
119	62.22136060759168
120	41.046250512206385
121	41.046250512206385
122	41.046250512206385
123	41.046250512206385
124	41.046250512206385
125	41.046250512206385
126	41.046250512206385
127	41.046250512206385
128	41.046250512206385
129	41.046250512206385
130	46.328938438915586
131	46.328938438915586
132	46.328938438915586
133	46.328938438915586
134	46.328938438915586
135	46.328938438915586
136	46.328938438915586
137	46.328938438915586
138	46.328938438915586
139	46.328938438915586
140	53.01048331720757
141	53.01048331720757
142	53.01048331720757
143	53.01048331720757
144	53.01048331720757
145	53.01048331720757
146	53.01048331720757
147	53.01048331720757
148	53.01048331720757
149	53.01048331720757
150	70.50814338206771
151	70.50814338206771
152	70.50814338206771
153	70.50814338206771
154	70.50814338206771
155	70.50814338206771
156	70.50814338206771
157	70.50814338206771
158	70.50814338206771
159	70.50814338206771
160	63.15606948253174
161	63.15606948253174
162	63.15606948253174
163	63.15606948253174
164	63.15606948253174
165	63.15606948253174
166	63.15606948253174
167	63.15606948253174
168	63.15606948253174
169	63.15606948253174
170	88.60445337423286
171	88.60445337423286
172	88.60445337423286
173	88.60445337423286
174	88.60445337423286
175	88.60445337423286
176	88.60445337423286
177	83.133930613416
178	83.133930613416
179	83.133930613416
180	83.133930613416
181	83.133930613416
182	83.133930613416
183	83.133930613416
184	83.133930613416
185	83.133930613416
186	83.133930613416
187	65.26952234062936
188	65.26952234062936
189	65.26952234062936
190	65.26952234062936
191	65.26952234062936
192	65.26952234062936
193	65.26952234062936
194	65.26952234062936
195	65.26952234062936
196	65.26952234062936
197	102.30916575880238
198	102.30916575880238
199	102.30916575880238
200	102.30916575880238
201	102.30916575880238
202	102.30916575880238
203	102.30916575880238
204	102.30916575880238
205	102.30916575880238
206	102.30916575880238
207	84.69374835156016
208	84.69374835156016
209	84.69374835156016
210	84.69374835156016
211	84.69374835156016
212	84.69374835156016
213	84.69374835156016
214	84.69374835156016
215	84.69374835156016
216	84.69374835156016
217	142.08884136511176
218	142.08884136511176
219	142.08884136511176
220	142.08884136511176
221	142.08884136511176
222	142.08884136511176
223	142.08884136511176
224	142.08884136511176
225	142.08884136511176
226	142.08884136511176
227	135.84532580673294
228	135.84532580673294
229	135.84532580673294
230	135.84532580673294
231	135.84532580673294
232	135.84532580673294
233	135.84532580673294
234	135.84532580673294
235	135.84532580673294
236	135.84532580673294
237	68.38652470499983
238	68.38652470499983
239	68.38652470499983
240	68.38652470499983
241	68.38652470499983
242	68.38652470499983
243	68.38652470499983
244	68.38652470499983
245	68.38652470499983
246	68.38652470499983
247	58.86394641285172
248	58.86394641285172
249	58.86394641285172
250	58.86394641285172
251	74.93547031552028
252	74.93547031552028
253	74.93547031552028
254	74.93547031552028
255	74.93547031552028
256	74.93547031552028
257	74.93547031552028
258	74.93547031552028
259	74.93547031552028
260	74.93547031552028
261	105.93640155136558
262	105.93640155136558
263	105.93640155136558
264	105.93640155136558
265	105.93640155136558
266	105.93640155136558
267	105.93640155136558
268	105.93640155136558
269	105.93640155136558
270	105.93640155136558
271	100.40030701500149
272	100.40030701500149
273	100.40030701500149
274	100.40030701500149
275	158.44817565956643
276	158.44817565956643
277	158.44817565956643
278	158.44817565956643
279	90.08497364798191
280	90.08497364798191
281	90.08497364798191
282	90.08497364798191
283	90.08497364798191
284	90.08497364798191
285	90.08497364798191
286	90.08497364798191
287	90.08497364798191
288	90.08497364798191
289	84.09672935472784
290	84.09672935472784
291	38.160769585023885
292	38.160769585023885
293	38.160769585023885
294	38.160769585023885
295	38.160769585023885
296	38.160769585023885
297	38.160769585023885
298	38.160769585023885
299	38.160769585023885
300	38.160769585023885
301	111.23210984686281
302	111.23210984686281
303	111.23210984686281
304	111.23210984686281
305	111.23210984686281
306	111.23210984686281
307	111.23210984686281
308	111.23210984686281
309	111.23210984686281
310	111.23210984686281
311	22.734578229525603
312	22.734578229525603
313	22.734578229525603
314	22.734578229525603
315	22.734578229525603
316	22.734578229525603
317	22.734578229525603
318	22.734578229525603
319	22.734578229525603
320	22.734578229525603
321	66.87139058147874
322	66.87139058147874
323	66.87139058147874
324	66.87139058147874
325	66.87139058147874
326	66.87139058147874
327	66.87139058147874
328	66.87139058147874
329	66.87139058147874
330	66.87139058147874
331	125.94338784318344
332	125.94338784318344
333	125.94338784318344
334	125.94338784318344
335	125.94338784318344
336	125.94338784318344
337	125.94338784318344
338	125.94338784318344
339	125.94338784318344
340	125.94338784318344
341	65.44657562929021
342	65.44657562929021
343	65.44657562929021
344	65.44657562929021
345	65.44657562929021
346	65.44657562929021
347	65.44657562929021
348	65.44657562929021
349	65.44657562929021
350	65.44657562929021
351	53.60024590385264
352	53.60024590385264
353	53.60024590385264
354	53.60024590385264
355	53.60024590385264
356	53.60024590385264
357	53.60024590385264
358	53.60024590385264
359	53.60024590385264
360	53.60024590385264
361	0.1
362	0.1
363	0.1
364	0.1
365	0.1
366	0.1
367	0.1
368	0.1
369	0.1
370	0.1
371	49.7961765267462
372	49.7961765267462
373	49.7961765267462
374	49.7961765267462
375	49.7961765267462
376	49.7961765267462
377	49.7961765267462
378	49.7961765267462
379	49.7961765267462
380	49.7961765267462
381	55.60381658887651
382	55.60381658887651
383	55.60381658887651
384	55.60381658887651
385	55.60381658887651
386	55.60381658887651
387	55.60381658887651
388	55.60381658887651
389	55.60381658887651
390	55.60381658887651
391	70.15876880876088
392	70.15876880876088
393	70.15876880876088
394	70.15876880876088
395	70.15876880876088
396	70.15876880876088
397	70.15876880876088
398	70.15876880876088
399	70.15876880876088
400	70.15876880876088
401	137.64512070385413
402	137.64512070385413
403	137.64512070385413
404	137.64512070385413
405	137.64512070385413
406	137.64512070385413
407	137.64512070385413
408	137.64512070385413
409	137.64512070385413
410	137.64512070385413
411	87.60057916926827
412	87.60057916926827
413	87.60057916926827
414	87.60057916926827
415	87.60057916926827
416	87.60057916926827
417	87.60057916926827
418	87.60057916926827
419	87.60057916926827
420	129.7092407043375
421	129.7092407043375
422	129.7092407043375
423	129.7092407043375
424	129.7092407043375
425	129.7092407043375
426	129.7092407043375
427	129.7092407043375
428	129.7092407043375
429	129.7092407043375
430	96.54193453510833
431	96.54193453510833
432	96.54193453510833
433	96.54193453510833
434	96.54193453510833
435	96.54193453510833
436	96.54193453510833
437	96.54193453510833
438	96.54193453510833
439	96.54193453510833
440	90.54953131720875
441	90.54953131720875
442	90.54953131720875
443	90.54953131720875
444	90.54953131720875
445	90.54953131720875
446	90.54953131720875
447	90.54953131720875
448	90.54953131720875
449	90.54953131720875
450	49.00772954278304
451	49.00772954278304
452	49.00772954278304
453	49.00772954278304
454	49.00772954278304
455	49.00772954278304
456	49.00772954278304
457	49.00772954278304
458	49.00772954278304
459	49.00772954278304
460	46.94688042102849
461	46.94688042102849
462	46.94688042102849
463	46.94688042102849
464	46.94688042102849
465	46.94688042102849
466	46.94688042102849
467	46.94688042102849
468	46.94688042102849
469	46.94688042102849
470	77.10403233921384
471	77.10403233921384
472	77.10403233921384
473	77.10403233921384
474	77.10403233921384
475	77.10403233921384
476	77.10403233921384
477	77.10403233921384
478	77.10403233921384
479	77.10403233921384
480	32.49604074792455
481	32.49604074792455
482	64.66338658604545
483	64.66338658604545
484	64.66338658604545
485	64.66338658604545
486	64.66338658604545
487	64.66338658604545
488	64.66338658604545
489	64.66338658604545
490	64.66338658604545
491	64.66338658604545
492	64.31495475734529
493	64.31495475734529
494	64.31495475734529
495	64.31495475734529
496	64.31495475734529
497	64.31495475734529
498	64.31495475734529
499	64.31495475734529
500	64.31495475734529
501	64.31495475734529
502	32.05267608566933
503	32.05267608566933
504	32.05267608566933
505	32.05267608566933
506	32.05267608566933
507	32.05267608566933
508	32.05267608566933
509	32.05267608566933
510	32.05267608566933
511	32.05267608566933
512	107.8469127854014
513	107.8469127854014
514	107.8469127854014
515	107.8469127854014
516	107.8469127854014
517	107.8469127854014
518	107.8469127854014
519	107.8469127854014
520	107.8469127854014
521	107.8469127854014
522	103.45733491623125
523	103.45733491623125
524	103.45733491623125
525	103.45733491623125
526	103.45733491623125
527	103.45733491623125
528	103.45733491623125
529	103.45733491623125
530	103.45733491623125
531	103.45733491623125
532	67.08711647883749
533	67.08711647883749
534	67.08711647883749
535	67.08711647883749
536	67.08711647883749
537	67.08711647883749
538	67.08711647883749
539	67.08711647883749
540	67.08711647883749
541	67.08711647883749
542	46.614011113705295
543	46.614011113705295
544	46.614011113705295
545	46.614011113705295
546	46.614011113705295
547	46.614011113705295
548	46.614011113705295
549	46.614011113705295
550	46.614011113705295
551	46.614011113705295
552	29.41938229753702
553	29.41938229753702
554	29.41938229753702
555	29.41938229753702
556	29.41938229753702
557	29.41938229753702
558	29.41938229753702
559	29.41938229753702
560	29.41938229753702
561	29.41938229753702
562	23.573333576356248
563	23.573333576356248
564	23.573333576356248
565	23.573333576356248
566	23.573333576356248
567	23.573333576356248
568	23.573333576356248
569	23.573333576356248
570	23.573333576356248
571	56.69750992322131
572	56.69750992322131
573	56.69750992322131
574	56.69750992322131
575	56.69750992322131
576	56.69750992322131
577	56.69750992322131
578	56.69750992322131
579	56.69750992322131
580	56.69750992322131
581	41.36198229693953
582	41.36198229693953
583	41.36198229693953
584	41.36198229693953
585	41.36198229693953
586	41.36198229693953
587	41.36198229693953
588	41.36198229693953
589	41.36198229693953
590	41.36198229693953
591	67.71331193201073
592	67.71331193201073
593	67.71331193201073
594	67.71331193201073
595	67.71331193201073
596	67.71331193201073
597	67.71331193201073
598	67.71331193201073
599	67.71331193201073
600	67.71331193201073
601	32.572745199019934
602	32.572745199019934
603	58.549127858188015
604	58.549127858188015
605	58.549127858188015
606	58.549127858188015
607	58.549127858188015
608	58.549127858188015
609	58.549127858188015
610	58.549127858188015
611	58.549127858188015
612	58.549127858188015
613	39.62571808271779
614	39.62571808271779
615	39.62571808271779
616	39.62571808271779
617	39.62571808271779
618	39.62571808271779
619	39.62571808271779
620	39.62571808271779
621	39.62571808271779
622	39.62571808271779
623	73.23829533691621
624	73.23829533691621
625	73.23829533691621
626	73.23829533691621
627	73.23829533691621
628	73.23829533691621
629	73.23829533691621
630	73.23829533691621
631	73.23829533691621
632	73.23829533691621
633	70.29223697429579
634	70.29223697429579
635	70.29223697429579
636	70.29223697429579
637	70.29223697429579
638	70.29223697429579
639	70.29223697429579
640	70.29223697429579
641	70.29223697429579
642	70.29223697429579
643	79.59277243402137
644	79.59277243402137
645	79.59277243402137
646	79.59277243402137
647	79.59277243402137
648	79.59277243402137
649	79.59277243402137
650	79.59277243402137
651	79.59277243402137
652	79.59277243402137
653	55.152446309479195
654	55.152446309479195
655	55.152446309479195
656	55.152446309479195
657	55.152446309479195
658	55.152446309479195
659	55.152446309479195
660	55.152446309479195
661	55.152446309479195
662	55.152446309479195
663	18.73740410486895
664	18.73740410486895
665	18.73740410486895
666	18.73740410486895
667	18.73740410486895
668	18.73740410486895
669	18.73740410486895
670	18.73740410486895
671	18.73740410486895
672	18.73740410486895
673	40.81605871656932
674	40.81605871656932
675	40.81605871656932
676	40.81605871656932
677	40.81605871656932
678	40.81605871656932
679	40.81605871656932
680	40.81605871656932
681	40.81605871656932
682	40.81605871656932
683	71.00278404511045
684	71.00278404511045
685	71.00278404511045
686	71.00278404511045
687	71.00278404511045
688	71.00278404511045
689	71.00278404511045
690	71.00278404511045
691	71.00278404511045
692	71.00278404511045
693	140.7862644816239
694	140.7862644816239
695	140.7862644816239
696	140.7862644816239
697	140.7862644816239
698	140.7862644816239
699	140.7862644816239
700	140.7862644816239
701	140.7862644816239
702	140.7862644816239
703	99.40633213793922
704	99.40633213793922
705	99.40633213793922
706	99.40633213793922
707	99.40633213793922
708	99.40633213793922
709	99.40633213793922
710	99.40633213793922
711	99.40633213793922
712	99.40633213793922
713	20.206003643281008
714	20.206003643281008
715	20.206003643281008
716	20.206003643281008
717	20.206003643281008
718	20.206003643281008
719	20.206003643281008
720	20.206003643281008
721	20.206003643281008
722	20.206003643281008
723	45.81204990583008
724	45.81204990583008
725	45.81204990583008
726	45.81204990583008
727	45.81204990583008
728	45.81204990583008
729	45.81204990583008
730	45.81204990583008
731	45.81204990583008
732	45.81204990583008
733	138.2175935030622
734	138.2175935030622
735	138.2175935030622
736	138.2175935030622
737	138.2175935030622
738	138.2175935030622
739	138.2175935030622
740	138.2175935030622
741	138.2175935030622
742	138.2175935030622
743	109.02833539990797
744	109.02833539990797
745	109.02833539990797
746	109.02833539990797
747	109.02833539990797
748	109.02833539990797
749	109.02833539990797
750	109.02833539990797
751	109.02833539990797
752	109.02833539990797
753	35.7968531248406
754	35.7968531248406
755	35.7968531248406
756	35.7968531248406
757	35.7968531248406
758	35.7968531248406
759	35.7968531248406
760	35.7968531248406
761	35.7968531248406
762	35.7968531248406
763	103.88534171398376
764	103.88534171398376
765	103.88534171398376
766	103.88534171398376
767	103.88534171398376
768	103.88534171398376
769	103.88534171398376
770	103.88534171398376
771	103.88534171398376
772	103.88534171398376
773	52.97477303312807
774	52.97477303312807
775	52.97477303312807
776	52.97477303312807
777	52.97477303312807
778	52.97477303312807
779	52.97477303312807
780	52.97477303312807
781	52.97477303312807
782	52.97477303312807
783	78.41648660617552
784	78.41648660617552
785	78.41648660617552
786	78.41648660617552
787	78.41648660617552
788	78.41648660617552
789	78.41648660617552
790	78.41648660617552
791	78.41648660617552
792	78.41648660617552
793	84.21496558712094
794	84.21496558712094
795	84.21496558712094
796	84.21496558712094
797	84.21496558712094
798	84.21496558712094
799	84.21496558712094
800	84.21496558712094
801	84.21496558712094
802	84.21496558712094
803	45.637549727833004
804	45.637549727833004
805	45.637549727833004
806	45.637549727833004
807	45.637549727833004
808	141.82580890841584
809	141.82580890841584
810	141.82580890841584
811	141.82580890841584
812	141.82580890841584
813	141.82580890841584
814	141.82580890841584
815	141.82580890841584
816	141.82580890841584
817	141.82580890841584
818	67.0768110944478
819	67.0768110944478
820	67.0768110944478
821	67.0768110944478
822	67.0768110944478
823	67.0768110944478
824	67.0768110944478
825	67.0768110944478
826	67.0768110944478
827	67.0768110944478
828	57.881792688773196
829	57.881792688773196
830	57.881792688773196
831	57.881792688773196
832	57.881792688773196
833	57.881792688773196
834	57.881792688773196
835	57.881792688773196
836	57.881792688773196
837	57.881792688773196
838	70.43246899314828
839	70.43246899314828
840	70.43246899314828
841	70.43246899314828
842	70.43246899314828
843	70.43246899314828
844	70.43246899314828
845	70.43246899314828
846	70.43246899314828
847	70.43246899314828
848	77.3233492238436
849	77.3233492238436
850	77.3233492238436
851	77.3233492238436
852	77.3233492238436
853	77.3233492238436
854	77.3233492238436
855	77.3233492238436
856	77.3233492238436
857	77.3233492238436
858	69.90503081724472
859	69.90503081724472
860	69.90503081724472
861	69.90503081724472
862	69.90503081724472
863	69.90503081724472
864	69.90503081724472
865	69.90503081724472
866	69.90503081724472
867	69.90503081724472
868	89.35706392793902
869	89.35706392793902
870	89.35706392793902
871	89.35706392793902
872	89.35706392793902
873	89.35706392793902
874	89.35706392793902
875	89.35706392793902
876	89.35706392793902
877	89.35706392793902
878	97.45610262213214
879	97.45610262213214
880	97.45610262213214
881	97.45610262213214
882	97.45610262213214
883	97.45610262213214
884	97.45610262213214
885	97.45610262213214
886	97.45610262213214
887	97.45610262213214
888	67.21852147560324
889	67.21852147560324
890	67.21852147560324
891	67.21852147560324
892	67.21852147560324
893	67.21852147560324
894	67.21852147560324
895	67.21852147560324
896	67.21852147560324
897	67.21852147560324
898	70.00785365098058
899	70.00785365098058
900	70.00785365098058
901	70.00785365098058
902	70.00785365098058
903	70.00785365098058
904	70.00785365098058
905	70.00785365098058
906	70.00785365098058
907	70.00785365098058
908	103.8881804613584
909	103.8881804613584
910	103.8881804613584
911	103.8881804613584
912	103.8881804613584
913	103.8881804613584
914	103.8881804613584
915	103.8881804613584
916	103.8881804613584
917	103.8881804613584
918	49.01493346950768
919	49.01493346950768
920	49.01493346950768
921	49.01493346950768
922	49.01493346950768
923	49.01493346950768
924	49.01493346950768
925	49.01493346950768
926	49.01493346950768
927	49.01493346950768
928	72.90860660540149
929	72.90860660540149
930	92.9445960037749
931	92.9445960037749
932	92.9445960037749
933	92.9445960037749
934	92.9445960037749
935	92.9445960037749
936	92.9445960037749
937	92.9445960037749
938	117.06390495002887
939	117.06390495002887
940	117.06390495002887
941	117.06390495002887
942	117.06390495002887
943	117.06390495002887
944	117.06390495002887
945	117.06390495002887
946	117.06390495002887
947	117.06390495002887
948	30.095311026408204
949	30.095311026408204
950	30.095311026408204
951	30.095311026408204
952	30.095311026408204
953	30.095311026408204
954	30.095311026408204
955	30.095311026408204
956	30.095311026408204
957	30.095311026408204
958	96.94610684207761
959	96.94610684207761
960	96.94610684207761
961	96.94610684207761
962	96.94610684207761
963	96.94610684207761
964	96.94610684207761
965	96.94610684207761
966	96.94610684207761
967	96.94610684207761
968	72.29203227145045
969	72.29203227145045
970	72.29203227145045
971	72.29203227145045
972	72.29203227145045
973	72.29203227145045
974	72.29203227145045
975	72.29203227145045
976	72.29203227145045
977	72.29203227145045
978	182.7149842949149
979	182.7149842949149
980	182.7149842949149
981	182.7149842949149
982	182.7149842949149
983	182.7149842949149
984	182.7149842949149
985	182.7149842949149
986	182.7149842949149
987	182.7149842949149
988	70.54631227333603
989	70.54631227333603
990	70.54631227333603
991	70.54631227333603
992	70.54631227333603
993	70.54631227333603
994	70.54631227333603
995	70.54631227333603
996	70.54631227333603
997	70.54631227333603
998	85.49117055710417
999	85.49117055710417
1000	85.49117055710417
1001	85.49117055710417
1002	85.49117055710417
1003	85.49117055710417
1004	85.49117055710417
1005	85.49117055710417
1006	85.49117055710417
1007	85.49117055710417
1008	111.89322931489667
1009	111.89322931489667
1010	111.89322931489667
1011	111.89322931489667
1012	100.67870739515872
1013	100.67870739515872
1014	100.67870739515872
1015	35.176104766840915
1016	35.176104766840915
1017	35.176104766840915
1018	35.176104766840915
1019	35.176104766840915
1020	35.176104766840915
1021	35.176104766840915
1022	35.176104766840915
1023	35.176104766840915
1024	35.176104766840915
1025	34.657549543893936
1026	34.657549543893936
1027	34.657549543893936
1028	34.657549543893936
1029	34.657549543893936
1030	34.657549543893936
1031	34.657549543893936
1032	34.657549543893936
1033	34.657549543893936
1034	34.657549543893936
1035	0.1
1036	0.1
1037	0.1
1038	0.1
1039	0.1
1040	0.1
1041	0.1
1042	0.1
1043	0.1
1044	0.1
1045	57.67820029221116
1046	57.67820029221116
1047	57.67820029221116
1048	57.67820029221116
1049	57.67820029221116
1050	57.67820029221116
1051	57.67820029221116
1052	57.67820029221116
1053	57.67820029221116
1054	57.67820029221116
1055	43.95748520596289
1056	43.95748520596289
1057	43.95748520596289
1058	43.95748520596289
1059	43.95748520596289
1060	43.95748520596289
1061	43.95748520596289
1062	43.95748520596289
1063	43.95748520596289
1064	43.95748520596289
1065	26.33922294060524
1066	26.33922294060524
1067	26.33922294060524
1068	26.33922294060524
1069	26.33922294060524
1070	26.33922294060524
1071	26.33922294060524
1072	26.33922294060524
1073	26.33922294060524
1074	26.33922294060524
1075	38.10190755147295
1076	38.10190755147295
1077	38.10190755147295
1078	38.10190755147295
1079	38.10190755147295
1080	38.10190755147295
1081	38.10190755147295
1082	38.10190755147295
1083	38.10190755147295
1084	38.10190755147295
1085	60.02100005255109
1086	60.02100005255109
1087	60.02100005255109
1088	60.02100005255109
1089	60.02100005255109
1090	60.02100005255109
1091	60.02100005255109
1092	60.02100005255109
1093	60.02100005255109
1094	60.02100005255109
1095	43.041837695574316
1096	43.041837695574316
1097	43.041837695574316
1098	43.041837695574316
1099	43.041837695574316
1100	43.041837695574316
1101	43.041837695574316
1102	43.041837695574316
1103	43.041837695574316
1104	43.041837695574316
1105	48.19098506432141
1106	48.19098506432141
1107	48.19098506432141
1108	48.19098506432141
1109	48.19098506432141
1110	48.19098506432141
1111	48.19098506432141
1112	48.19098506432141
1113	48.19098506432141
1114	48.19098506432141
1115	63.93751321369629
1116	63.93751321369629
1117	63.93751321369629
1118	63.93751321369629
1119	63.93751321369629
1120	63.93751321369629
1121	63.93751321369629
1122	63.93751321369629
1123	63.93751321369629
1124	63.93751321369629
1125	30.975109171468564
1126	30.975109171468564
1127	30.975109171468564
1128	30.975109171468564
1129	30.975109171468564
1130	30.975109171468564
1131	30.975109171468564
1132	30.975109171468564
1133	30.975109171468564
1134	30.975109171468564
1135	68.90388861938408
1136	68.90388861938408
1137	68.90388861938408
1138	68.90388861938408
1139	68.90388861938408
1140	68.90388861938408
1141	68.90388861938408
1142	68.90388861938408
1143	68.90388861938408
1144	68.90388861938408
1145	17.21396443151773
1146	17.21396443151773
1147	17.21396443151773
1148	17.21396443151773
1149	17.21396443151773
1150	17.21396443151773
1151	17.21396443151773
1152	17.21396443151773
1153	17.21396443151773
1154	17.21396443151773
1155	87.09236286639198
1156	87.09236286639198
1157	87.09236286639198
1158	87.09236286639198
1159	87.09236286639198
1160	87.09236286639198
1161	87.09236286639198
1162	87.09236286639198
1163	87.09236286639198
1164	87.09236286639198
1165	3.6633919076020547
1166	3.6633919076020547
1167	3.6633919076020547
1168	3.6633919076020547
1169	3.6633919076020547
1170	3.6633919076020547
1171	3.6633919076020547
1172	3.6633919076020547
1173	3.6633919076020547
1174	3.6633919076020547
1175	53.968066351698106
1176	53.968066351698106
1177	53.968066351698106
1178	53.968066351698106
1179	53.968066351698106
1180	53.968066351698106
1181	53.968066351698106
1182	53.968066351698106
1183	53.968066351698106
1184	53.968066351698106
1185	85.51295692554379
1186	85.51295692554379
1187	85.51295692554379
1188	85.51295692554379
1189	85.51295692554379
1190	85.51295692554379
1191	20.52829361591018
1192	20.52829361591018
1193	20.52829361591018
1194	20.52829361591018
1195	20.52829361591018
1196	20.52829361591018
1197	20.52829361591018
1198	20.52829361591018
1199	20.52829361591018
1200	20.52829361591018
1201	87.42688417203951
1202	87.42688417203951
1203	87.42688417203951
1204	87.42688417203951
1205	87.42688417203951
1206	87.42688417203951
1207	87.42688417203951
1208	87.42688417203951
1209	87.42688417203951
1210	87.42688417203951
1211	58.07475334160161
1212	58.07475334160161
1213	58.07475334160161
1214	58.07475334160161
1215	58.07475334160161
1216	58.07475334160161
1217	58.07475334160161
1218	58.07475334160161
1219	58.07475334160161
1220	58.07475334160161
1221	13.363107572586955
1222	13.363107572586955
1223	13.363107572586955
1224	13.363107572586955
1225	13.363107572586955
1226	13.363107572586955
1227	13.363107572586955
1228	13.363107572586955
1229	13.363107572586955
1230	13.363107572586955
1231	106.30358390939867
1232	106.30358390939867
1233	106.30358390939867
1234	106.30358390939867
1235	106.30358390939867
1236	106.30358390939867
1237	106.30358390939867
1238	106.30358390939867
1239	106.30358390939867
1240	106.30358390939867
1241	45.30506202286021
1242	45.30506202286021
1243	45.30506202286021
1244	45.30506202286021
1245	45.30506202286021
1246	45.30506202286021
1247	45.30506202286021
1248	45.30506202286021
1249	45.30506202286021
1250	45.30506202286021
1251	49.76319469871158
1252	49.76319469871158
1253	49.76319469871158
1254	49.76319469871158
1255	49.76319469871158
1256	49.76319469871158
1257	49.76319469871158
1258	49.76319469871158
1259	49.76319469871158
1260	49.76319469871158
1261	105.01805089385297
1262	105.01805089385297
1263	105.01805089385297
1264	105.01805089385297
1265	105.01805089385297
1266	105.01805089385297
1267	105.01805089385297
1268	105.01805089385297
1269	105.01805089385297
1270	105.01805089385297
1271	91.94225517177254
1272	91.94225517177254
1273	91.94225517177254
1274	91.94225517177254
1275	91.94225517177254
1276	91.94225517177254
1277	91.94225517177254
1278	91.94225517177254
1279	91.94225517177254
1280	91.94225517177254
1281	76.91581479790143
1282	76.91581479790143
1283	76.91581479790143
1284	76.91581479790143
1285	76.91581479790143
1286	76.91581479790143
1287	76.91581479790143
1288	76.91581479790143
1289	76.91581479790143
1290	76.91581479790143
1291	91.5554636413916
1292	91.5554636413916
1293	91.5554636413916
1294	91.5554636413916
1295	91.5554636413916
1296	91.5554636413916
1297	91.5554636413916
1298	91.5554636413916
1299	91.5554636413916
1300	91.5554636413916
1301	2.0600031411858026
1302	2.0600031411858026
1303	2.0600031411858026
1304	2.0600031411858026
1305	2.0600031411858026
1306	2.0600031411858026
1307	2.0600031411858026
1308	2.0600031411858026
1309	2.0600031411858026
1310	2.0600031411858026
1311	12.477813520380849
1312	12.477813520380849
1313	12.477813520380849
1314	12.477813520380849
1315	12.477813520380849
1316	12.477813520380849
1317	12.477813520380849
1318	12.477813520380849
1319	12.477813520380849
1320	12.477813520380849
1321	66.58977008436844
1322	66.58977008436844
1323	66.58977008436844
1324	66.58977008436844
1325	66.58977008436844
1326	66.58977008436844
1327	66.58977008436844
1328	66.58977008436844
1329	30.624169231023345
1330	30.624169231023345
1331	30.624169231023345
1332	30.624169231023345
1333	30.624169231023345
1334	30.624169231023345
1335	30.624169231023345
1336	30.624169231023345
1337	30.624169231023345
1338	30.624169231023345
1339	39.1026081147773
1340	39.1026081147773
1341	39.1026081147773
1342	39.1026081147773
1343	39.1026081147773
1344	39.1026081147773
1345	39.1026081147773
1346	39.1026081147773
1347	39.1026081147773
1348	39.1026081147773
1349	33.79030825839372
1350	33.79030825839372
1351	33.79030825839372
1352	33.79030825839372
1353	33.79030825839372
1354	33.79030825839372
1355	33.79030825839372
1356	33.79030825839372
1357	33.79030825839372
1358	33.79030825839372
1359	18.472505251835038
1360	18.472505251835038
1361	18.472505251835038
1362	18.472505251835038
1363	18.472505251835038
1364	18.472505251835038
1365	18.472505251835038
1366	18.472505251835038
1367	18.472505251835038
1368	18.472505251835038
1369	44.99978059417184
1370	44.99978059417184
1371	44.99978059417184
1372	44.99978059417184
1373	44.99978059417184
1374	44.99978059417184
1375	44.99978059417184
1376	44.99978059417184
1377	44.99978059417184
1378	44.99978059417184
1379	68.78253918331745
1380	68.78253918331745
1381	68.78253918331745
1382	68.78253918331745
1383	68.78253918331745
1384	68.78253918331745
1385	68.78253918331745
1386	68.78253918331745
1387	68.78253918331745
1388	68.78253918331745
1389	42.21666486921049
1390	42.21666486921049
1391	42.21666486921049
1392	42.21666486921049
1393	42.21666486921049
1394	42.21666486921049
1395	42.21666486921049
1396	42.21666486921049
1397	42.21666486921049
1398	42.21666486921049
1399	75.35229712578965
1400	75.35229712578965
1401	75.35229712578965
1402	75.35229712578965
1403	75.35229712578965
1404	75.35229712578965
1405	75.35229712578965
1406	75.35229712578965
1407	75.35229712578965
1408	75.35229712578965
1409	78.15934130335339
1410	78.15934130335339
1411	78.15934130335339
1412	78.15934130335339
1413	78.15934130335339
1414	78.15934130335339
1415	78.15934130335339
1416	78.15934130335339
1417	78.15934130335339
1418	78.15934130335339
1419	53.46970754329424
1420	53.46970754329424
1421	53.46970754329424
1422	53.46970754329424
1423	53.46970754329424
1424	16.81846353998403
1425	16.81846353998403
1426	16.81846353998403
1427	16.81846353998403
1428	16.81846353998403
1429	16.81846353998403
1430	16.81846353998403
1431	16.81846353998403
1432	16.81846353998403
1433	16.81846353998403
1434	47.02238474198445
1435	47.02238474198445
1436	47.02238474198445
1437	47.02238474198445
1438	47.02238474198445
1439	47.02238474198445
1440	47.02238474198445
1441	47.02238474198445
1442	47.02238474198445
1443	47.02238474198445
1444	21.56997532714949
1445	21.56997532714949
1446	21.56997532714949
1447	21.56997532714949
1448	21.56997532714949
1449	21.56997532714949
1450	21.56997532714949
1451	21.56997532714949
1452	21.56997532714949
1453	21.56997532714949
1454	53.89182854502264
1455	53.89182854502264
1456	53.89182854502264
1457	53.89182854502264
1458	53.89182854502264
1459	53.89182854502264
1460	53.89182854502264
1461	53.89182854502264
1462	53.89182854502264
1463	53.89182854502264
1464	63.43922434451292
1465	63.43922434451292
1466	63.43922434451292
1467	63.43922434451292
1468	63.43922434451292
1469	63.43922434451292
1470	63.43922434451292
1471	63.43922434451292
1472	63.43922434451292
1473	63.43922434451292
1474	59.61416613684109
1475	59.61416613684109
1476	59.61416613684109
1477	59.61416613684109
1478	59.61416613684109
1479	59.61416613684109
1480	59.61416613684109
1481	59.61416613684109
1482	59.61416613684109
1483	59.61416613684109
1484	53.047668563510854
1485	53.047668563510854
1486	53.047668563510854
1487	53.047668563510854
1488	53.047668563510854
1489	53.047668563510854
1490	53.047668563510854
1491	53.047668563510854
1492	53.047668563510854
1493	53.047668563510854
1494	21.25355707298003
1495	21.25355707298003
1496	21.25355707298003
1497	21.25355707298003
1498	21.25355707298003
1499	21.25355707298003
1500	21.25355707298003
1501	21.25355707298003
1502	21.25355707298003
1503	21.25355707298003
1504	53.097160674998634
1505	53.097160674998634
1506	53.097160674998634
1507	53.097160674998634
1508	53.097160674998634
1509	53.097160674998634
1510	53.097160674998634
1511	53.097160674998634
1512	53.097160674998634
1513	53.097160674998634
1514	16.820350845577458
1515	16.820350845577458
1516	16.820350845577458
1517	16.820350845577458
1518	16.820350845577458
1519	16.820350845577458
1520	16.820350845577458
1521	16.820350845577458
1522	16.820350845577458
1523	16.820350845577458
1524	83.17097807103184
1525	83.17097807103184
1526	83.17097807103184
1527	83.17097807103184
1528	83.17097807103184
1529	83.17097807103184
1530	83.17097807103184
1531	83.17097807103184
1532	83.17097807103184
1533	83.17097807103184
1534	82.0690834768711
1535	82.0690834768711
1536	82.0690834768711
1537	82.0690834768711
1538	82.0690834768711
1539	82.0690834768711
1540	82.0690834768711
1541	82.0690834768711
1542	82.0690834768711
1543	82.0690834768711
1544	52.81778740082636
1545	52.81778740082636
1546	52.81778740082636
1547	52.81778740082636
1548	52.81778740082636
1549	52.81778740082636
1550	52.81778740082636
1551	52.81778740082636
1552	52.81778740082636
1553	52.81778740082636
1554	51.52133025869815
1555	51.52133025869815
1556	51.52133025869815
1557	51.52133025869815
1558	51.52133025869815
1559	51.52133025869815
1560	51.52133025869815
1561	51.52133025869815
1562	51.52133025869815
1563	51.52133025869815
1564	46.541809953410244
1565	46.541809953410244
1566	46.541809953410244
1567	46.541809953410244
1568	46.541809953410244
1569	46.541809953410244
1570	46.541809953410244
1571	46.541809953410244
1572	46.541809953410244
1573	46.541809953410244
1574	62.80909470329909
1575	62.80909470329909
1576	62.80909470329909
1577	62.80909470329909
1578	62.80909470329909
1579	62.80909470329909
1580	62.80909470329909
1581	62.80909470329909
1582	62.80909470329909
1583	62.80909470329909
1584	88.35647973496515
1585	88.35647973496515
1586	88.35647973496515
1587	88.35647973496515
1588	88.35647973496515
1589	88.35647973496515
1590	88.35647973496515
1591	88.35647973496515
1592	88.35647973496515
1593	88.35647973496515
1594	4.202494106171422
1595	4.202494106171422
1596	4.202494106171422
1597	4.202494106171422
1598	4.202494106171422
1599	4.202494106171422
1600	4.202494106171422
1601	4.202494106171422
1602	4.202494106171422
1603	4.202494106171422
1604	70.65795662569305
1605	70.65795662569305
1606	70.65795662569305
1607	70.65795662569305
1608	70.65795662569305
1609	70.65795662569305
1610	70.65795662569305
1611	70.65795662569305
1612	70.65795662569305
1613	70.65795662569305
1614	53.351964489140684
1615	53.351964489140684
1616	53.351964489140684
1617	53.351964489140684
1618	53.351964489140684
1619	53.351964489140684
1620	53.351964489140684
1621	53.351964489140684
1622	53.351964489140684
1623	53.351964489140684
1624	27.458970677318256
1625	27.458970677318256
1626	27.458970677318256
1627	27.458970677318256
1628	27.458970677318256
1629	27.458970677318256
1630	27.458970677318256
1631	27.458970677318256
1632	27.458970677318256
1633	27.458970677318256
1634	77.72808165422745
1635	77.72808165422745
1636	77.72808165422745
1637	77.72808165422745
1638	77.72808165422745
1639	77.72808165422745
1640	77.72808165422745
1641	77.72808165422745
1642	77.72808165422745
1643	77.72808165422745
1644	7.641516709870963
1645	7.641516709870963
1646	7.641516709870963
1647	7.641516709870963
1648	7.641516709870963
1649	7.641516709870963
1650	7.641516709870963
1651	7.641516709870963
1652	7.641516709870963
1653	7.641516709870963
1654	61.61856316444035
1655	61.61856316444035
1656	61.61856316444035
1657	61.61856316444035
1658	61.61856316444035
1659	61.61856316444035
1660	61.61856316444035
1661	61.61856316444035
1662	61.61856316444035
1663	61.61856316444035
1664	15.499331714449447
1665	15.499331714449447
1666	15.499331714449447
1667	15.499331714449447
1668	15.499331714449447
1669	15.499331714449447
1670	15.499331714449447
1671	15.499331714449447
1672	15.499331714449447
1673	15.499331714449447
1674	58.515989625679346
1675	58.515989625679346
1676	58.515989625679346
1677	58.515989625679346
1678	58.515989625679346
1679	58.515989625679346
1680	58.515989625679346
1681	58.515989625679346
1682	58.515989625679346
1683	58.515989625679346
1684	24.825096627871172
1685	24.825096627871172
1686	24.825096627871172
1687	24.825096627871172
1688	24.825096627871172
1689	24.825096627871172
1690	24.825096627871172
1691	24.825096627871172
1692	24.825096627871172
1693	24.825096627871172
1694	75.68538548121447
1695	75.68538548121447
1696	75.68538548121447
1697	75.68538548121447
1698	75.68538548121447
1699	75.68538548121447
1700	75.68538548121447
1701	75.68538548121447
1702	75.68538548121447
1703	75.68538548121447
1704	42.20885267637688
1705	51.19009609049025
1706	51.19009609049025
1707	51.19009609049025
1708	51.19009609049025
1709	51.19009609049025
1710	51.19009609049025
1711	51.19009609049025
1712	51.19009609049025
1713	51.19009609049025
1714	51.19009609049025
1715	38.86805068785216
1716	38.86805068785216
1717	38.86805068785216
1718	38.86805068785216
1719	38.86805068785216
1720	38.86805068785216
1721	38.86805068785216
1722	38.86805068785216
1723	38.86805068785216
1724	38.86805068785216
1725	60.48977961417785
1726	60.48977961417785
1727	60.48977961417785
1728	60.48977961417785
1729	60.48977961417785
1730	60.48977961417785
1731	60.48977961417785
1732	60.48977961417785
1733	60.48977961417785
1734	60.48977961417785
1735	53.505162813588505
1736	53.505162813588505
1737	53.505162813588505
1738	53.505162813588505
1739	53.505162813588505
1740	53.505162813588505
1741	53.505162813588505
1742	53.505162813588505
1743	53.505162813588505
1744	53.505162813588505
1745	32.67522677775419
1746	32.67522677775419
1747	32.67522677775419
1748	32.67522677775419
1749	32.67522677775419
1750	32.67522677775419
1751	32.67522677775419
1752	32.67522677775419
1753	32.67522677775419
1754	32.67522677775419
1755	50.189634540258965
1756	50.189634540258965
1757	50.189634540258965
1758	50.189634540258965
1759	50.189634540258965
1760	50.189634540258965
1761	50.189634540258965
1762	50.189634540258965
1763	50.189634540258965
1764	50.189634540258965
1765	20.963243887932393
1766	20.963243887932393
1767	20.963243887932393
1768	20.963243887932393
1769	20.963243887932393
1770	20.963243887932393
1771	20.963243887932393
1772	20.963243887932393
1773	20.963243887932393
1774	20.963243887932393
1775	69.4129184346835
1776	69.4129184346835
1777	69.4129184346835
1778	69.4129184346835
1779	69.4129184346835
1780	69.4129184346835
1781	69.4129184346835
1782	69.4129184346835
1783	69.4129184346835
1784	69.4129184346835
1785	74.24467457861485
1786	74.24467457861485
1787	74.24467457861485
1788	74.24467457861485
1789	74.24467457861485
1790	74.24467457861485
1791	74.24467457861485
1792	74.24467457861485
1793	74.24467457861485
1794	74.24467457861485
1795	34.72842410161476
1796	34.72842410161476
1797	34.72842410161476
1798	34.72842410161476
1799	34.72842410161476
1800	34.72842410161476
1801	34.72842410161476
1802	34.72842410161476
1803	34.72842410161476
1804	34.72842410161476
1805	57.62481197915338
1806	57.62481197915338
1807	57.62481197915338
1808	57.62481197915338
1809	80.57556937982643
1810	80.57556937982643
1811	80.57556937982643
1812	80.57556937982643
1813	80.57556937982643
1814	80.57556937982643
1815	80.57556937982643
1816	80.57556937982643
1817	80.57556937982643
1818	80.57556937982643
1819	70.48340023032125
1820	70.48340023032125
1821	70.48340023032125
1822	70.48340023032125
1823	70.48340023032125
1824	70.48340023032125
1825	70.48340023032125
1826	70.48340023032125
1827	70.48340023032125
1828	70.48340023032125
1829	70.84256295652335
1830	70.84256295652335
1831	70.84256295652335
1832	70.84256295652335
1833	70.84256295652335
1834	70.84256295652335
1835	70.84256295652335
1836	70.84256295652335
1837	70.84256295652335
1838	70.84256295652335
1839	69.46274546965363
1840	69.46274546965363
1841	69.46274546965363
1842	69.46274546965363
1843	69.46274546965363
1844	69.46274546965363
1845	69.46274546965363
1846	69.46274546965363
1847	69.46274546965363
1848	69.46274546965363
1849	46.55281753738477
1850	46.55281753738477
1851	46.55281753738477
1852	46.55281753738477
1853	46.55281753738477
1854	46.55281753738477
1855	46.55281753738477
1856	46.55281753738477
1857	46.55281753738477
1858	46.55281753738477
1859	44.37783241335276
1860	44.37783241335276
1861	44.37783241335276
1862	44.37783241335276
1863	44.37783241335276
1864	44.37783241335276
1865	44.37783241335276
1866	44.37783241335276
1867	44.37783241335276
1868	44.37783241335276
1869	29.959151618267114
1870	29.959151618267114
1871	29.959151618267114
1872	29.959151618267114
1873	29.959151618267114
1874	29.959151618267114
1875	29.959151618267114
1876	29.959151618267114
1877	29.959151618267114
1878	29.959151618267114
1879	67.26167953015351
1880	67.26167953015351
1881	67.26167953015351
1882	67.26167953015351
1883	67.26167953015351
1884	67.26167953015351
1885	67.26167953015351
1886	67.26167953015351
1887	67.26167953015351
1888	67.26167953015351
1889	67.21018733894351
1890	67.21018733894351
1891	67.21018733894351
1892	67.21018733894351
1893	67.21018733894351
1894	67.21018733894351
1895	67.21018733894351
1896	67.21018733894351
1897	67.21018733894351
1898	67.21018733894351
1899	99.71530382894065
1900	99.71530382894065
1901	99.71530382894065
1902	99.71530382894065
1903	99.71530382894065
1904	99.71530382894065
1905	99.71530382894065
1906	99.71530382894065
1907	99.71530382894065
1908	99.71530382894065
1909	49.64356442189214
1910	49.64356442189214
1911	49.64356442189214
1912	49.64356442189214
1913	49.64356442189214
1914	49.64356442189214
1915	49.64356442189214
1916	49.64356442189214
1917	49.64356442189214
1918	49.64356442189214
1919	116.74929834490129
1920	116.74929834490129
1921	116.74929834490129
1922	116.74929834490129
1923	116.74929834490129
1924	116.74929834490129
1925	116.74929834490129
1926	116.74929834490129
1927	116.74929834490129
1928	116.74929834490129
1929	62.84224937435008
1930	62.84224937435008
1931	62.84224937435008
1932	62.84224937435008
1933	62.84224937435008
1934	62.84224937435008
1935	62.84224937435008
1936	62.84224937435008
1937	62.84224937435008
1938	62.84224937435008
1939	75.89732329877049
1940	75.89732329877049
1941	75.89732329877049
1942	75.89732329877049
1943	75.89732329877049
1944	75.89732329877049
1945	75.89732329877049
1946	75.89732329877049
1947	75.89732329877049
1948	75.89732329877049
1949	82.2207571507382
1950	82.2207571507382
1951	82.2207571507382
1952	82.2207571507382
1953	82.2207571507382
1954	82.2207571507382
1955	82.2207571507382
1956	82.2207571507382
1957	82.2207571507382
1958	82.2207571507382
1959	66.20829007215144
1960	66.20829007215144
1961	66.20829007215144
1962	66.20829007215144
1963	66.20829007215144
1964	66.20829007215144
1965	66.20829007215144
1966	66.20829007215144
1967	66.20829007215144
1968	66.20829007215144
1969	110.40733020418156
1970	110.40733020418156
1971	110.40733020418156
1972	110.40733020418156
1973	110.40733020418156
1974	110.40733020418156
1975	110.40733020418156
1976	110.40733020418156
1977	110.40733020418156
1978	110.40733020418156
1979	96.24779761907557
1980	96.24779761907557
1981	96.24779761907557
1982	96.24779761907557
1983	96.24779761907557
1984	96.24779761907557
1985	96.24779761907557
1986	96.24779761907557
1987	96.24779761907557
1988	96.24779761907557
1989	90.16011453969054
1990	90.16011453969054
1991	90.16011453969054
1992	90.16011453969054
1993	90.16011453969054
1994	90.16011453969054
1995	90.16011453969054
1996	90.16011453969054
1997	90.16011453969054
1998	90.16011453969054
1999	79.73646490247904
2000	79.73646490247904
2001	79.73646490247904
2002	79.73646490247904
2003	79.73646490247904
2004	79.73646490247904
2005	79.73646490247904
2006	79.73646490247904
2007	79.73646490247904
2008	79.73646490247904
2009	49.50864068842101
2010	49.50864068842101
2011	49.50864068842101
2012	49.50864068842101
2013	49.50864068842101
2014	49.50864068842101
2015	49.50864068842101
2016	49.50864068842101
2017	49.50864068842101
2018	49.50864068842101
2019	99.14891369785576
2020	99.14891369785576
2021	99.14891369785576
2022	99.14891369785576
2023	99.14891369785576
2024	99.14891369785576
2025	99.14891369785576
2026	99.14891369785576
2027	99.14891369785576
2028	99.14891369785576
2029	57.46402532004127
2030	57.46402532004127
2031	57.46402532004127
2032	57.46402532004127
2033	57.46402532004127
2034	57.46402532004127
2035	57.46402532004127
2036	57.46402532004127
2037	57.46402532004127
2038	57.46402532004127
2039	51.85597635690416
2040	51.85597635690416
2041	51.85597635690416
2042	51.85597635690416
2043	86.93879323862866
2044	86.93879323862866
2045	86.93879323862866
2046	86.93879323862866
2047	86.93879323862866
2048	86.93879323862866
2049	86.93879323862866
2050	86.93879323862866
2051	86.93879323862866
2052	86.93879323862866
2053	83.75313481313039
2054	83.75313481313039
2055	83.75313481313039
2056	83.75313481313039
2057	83.75313481313039
2058	83.75313481313039
2059	83.75313481313039
2060	83.75313481313039
2061	83.75313481313039
2062	83.75313481313039
2063	93.61700808333788
2064	93.61700808333788
2065	93.61700808333788
2066	93.61700808333788
2067	93.61700808333788
2068	93.61700808333788
2069	93.61700808333788
2070	93.61700808333788
2071	93.61700808333788
2072	93.61700808333788
2073	53.5979956595301
2074	53.5979956595301
2075	53.5979956595301
2076	53.5979956595301
2077	53.5979956595301
2078	53.5979956595301
2079	53.5979956595301
2080	53.5979956595301
2081	53.5979956595301
2082	53.5979956595301
2083	32.92267021994598
2084	32.92267021994598
2085	32.92267021994598
2086	32.92267021994598
2087	32.92267021994598
2088	32.92267021994598
2089	32.92267021994598
2090	32.92267021994598
2091	32.92267021994598
2092	32.92267021994598
2093	53.64589682153382
2094	53.64589682153382
2095	53.64589682153382
2096	53.64589682153382
2097	53.64589682153382
2098	53.64589682153382
2099	53.64589682153382
2100	53.64589682153382
2101	53.64589682153382
2102	53.64589682153382
2103	118.1111931634424
2104	118.1111931634424
2105	118.1111931634424
2106	118.1111931634424
2107	118.1111931634424
2108	118.1111931634424
2109	118.1111931634424
2110	118.1111931634424
2111	118.1111931634424
2112	118.1111931634424
2113	56.21180401684385
2114	56.21180401684385
2115	56.21180401684385
2116	56.21180401684385
2117	56.21180401684385
2118	56.21180401684385
2119	56.21180401684385
2120	56.21180401684385
2121	56.21180401684385
2122	56.21180401684385
2123	65.9421692582173
2124	65.9421692582173
2125	65.9421692582173
2126	65.9421692582173
2127	65.9421692582173
2128	65.9421692582173
2129	65.9421692582173
2130	65.9421692582173
2131	65.9421692582173
2132	65.9421692582173
2133	49.17600764408763
2134	49.17600764408763
2135	49.17600764408763
2136	49.17600764408763
2137	49.17600764408763
2138	49.17600764408763
2139	49.17600764408763
2140	49.17600764408763
2141	49.17600764408763
2142	49.17600764408763
2143	56.20267796460684
2144	56.20267796460684
2145	56.20267796460684
2146	56.20267796460684
2147	56.20267796460684
2148	56.20267796460684
2149	56.20267796460684
2150	56.20267796460684
2151	56.20267796460684
2152	56.20267796460684
2153	49.91402905759819
2154	49.91402905759819
2155	49.91402905759819
2156	49.91402905759819
2157	49.91402905759819
2158	49.91402905759819
2159	49.91402905759819
2160	49.91402905759819
2161	49.91402905759819
2162	49.91402905759819
2163	55.15668672979761
2164	55.15668672979761
2165	55.15668672979761
2166	55.15668672979761
2167	55.15668672979761
2168	55.15668672979761
2169	55.15668672979761
2170	55.15668672979761
2171	55.15668672979761
2172	55.15668672979761
2173	82.05168856604381
2174	82.05168856604381
2175	82.05168856604381
2176	82.05168856604381
2177	82.05168856604381
2178	82.05168856604381
2179	82.05168856604381
2180	82.05168856604381
2181	82.05168856604381
2182	82.05168856604381
2183	65.83449364974582
2184	65.83449364974582
2185	65.83449364974582
2186	65.83449364974582
2187	65.83449364974582
2188	65.83449364974582
2189	65.83449364974582
2190	65.83449364974582
2191	65.83449364974582
2192	65.83449364974582
2193	72.92738388325724
2194	72.92738388325724
2195	72.92738388325724
2196	72.92738388325724
2197	72.92738388325724
2198	72.92738388325724
2199	72.92738388325724
2200	72.92738388325724
2201	72.92738388325724
2202	72.92738388325724
2203	27.918140193857777
2204	27.918140193857777
2205	27.918140193857777
2206	27.918140193857777
2207	27.918140193857777
2208	27.918140193857777
2209	27.918140193857777
2210	27.918140193857777
2211	27.918140193857777
2212	27.918140193857777
2213	8.171581865610158
2214	8.171581865610158
2215	8.171581865610158
2216	8.171581865610158
2217	8.171581865610158
2218	8.171581865610158
2219	8.171581865610158
2220	8.171581865610158
2221	8.171581865610158
2222	8.171581865610158
2223	52.57823674365362
2224	52.57823674365362
2225	52.57823674365362
2226	52.57823674365362
2227	52.57823674365362
2228	52.57823674365362
2229	52.57823674365362
2230	52.57823674365362
2231	52.57823674365362
2232	52.57823674365362
2233	38.90196419724887
2234	38.90196419724887
2235	38.90196419724887
2236	38.90196419724887
2237	38.90196419724887
2238	38.90196419724887
2239	38.90196419724887
2240	38.90196419724887
2241	38.90196419724887
2242	38.90196419724887
2243	84.8386653901737
2244	84.8386653901737
2245	84.8386653901737
2246	84.8386653901737
2247	84.8386653901737
2248	84.8386653901737
2249	84.8386653901737
2250	84.8386653901737
2251	84.8386653901737
2252	84.8386653901737
2253	61.194739700387586
2254	61.194739700387586
2255	61.194739700387586
2256	61.194739700387586
2257	61.194739700387586
2258	61.194739700387586
2259	61.194739700387586
2260	61.194739700387586
2261	61.194739700387586
2262	61.194739700387586
2263	48.95705674740614
2264	48.95705674740614
2265	48.95705674740614
2266	48.95705674740614
2267	48.95705674740614
2268	48.95705674740614
2269	48.95705674740614
2270	48.95705674740614
2271	48.95705674740614
2272	48.95705674740614
2273	97.66277857321748
2274	97.66277857321748
2275	97.66277857321748
2276	97.66277857321748
2277	97.66277857321748
2278	97.66277857321748
2279	97.66277857321748
2280	97.66277857321748
2281	97.66277857321748
2282	97.66277857321748
2283	63.98038548519563
2284	63.98038548519563
2285	63.98038548519563
2286	63.98038548519563
2287	63.98038548519563
2288	63.98038548519563
2289	63.98038548519563
2290	63.98038548519563
2291	63.98038548519563
2292	63.98038548519563
2293	51.7482697244494
2294	51.7482697244494
2295	51.7482697244494
2296	51.7482697244494
2297	51.7482697244494
2298	51.7482697244494
2299	51.7482697244494
2300	51.7482697244494
2301	51.7482697244494
2302	51.7482697244494
2303	39.65872714938308
2304	39.65872714938308
2305	39.65872714938308
2306	39.65872714938308
2307	39.65872714938308
2308	39.65872714938308
2309	39.65872714938308
2310	78.94610412250786
2311	78.94610412250786
2312	78.94610412250786
2313	78.94610412250786
2314	78.94610412250786
2315	78.94610412250786
2316	78.94610412250786
2317	78.94610412250786
2318	78.94610412250786
2319	78.94610412250786
2320	54.065693935701184
2321	54.065693935701184
2322	54.065693935701184
2323	54.065693935701184
2324	54.065693935701184
2325	54.065693935701184
2326	54.065693935701184
2327	54.065693935701184
2328	54.065693935701184
2329	54.065693935701184
2330	37.927640926908
2331	37.927640926908
2332	37.927640926908
2333	37.927640926908
2334	37.927640926908
2335	37.927640926908
2336	37.927640926908
2337	37.927640926908
2338	37.927640926908
2339	37.927640926908
2340	97.49904613581373
2341	97.49904613581373
2342	97.49904613581373
2343	97.49904613581373
2344	97.49904613581373
2345	97.49904613581373
2346	97.49904613581373
2347	97.49904613581373
2348	97.49904613581373
2349	97.49904613581373
2350	56.25192510738555
2351	56.25192510738555
2352	56.25192510738555
2353	56.25192510738555
2354	56.25192510738555
2355	56.25192510738555
2356	56.25192510738555
2357	56.25192510738555
2358	56.25192510738555
2359	56.25192510738555
2360	66.12777067836956
2361	66.12777067836956
2362	66.12777067836956
2363	66.12777067836956
2364	66.12777067836956
2365	66.12777067836956
2366	66.12777067836956
2367	66.12777067836956
2368	66.12777067836956
2369	66.12777067836956
2370	70.01554378068877
2371	70.01554378068877
2372	70.01554378068877
2373	70.01554378068877
2374	70.01554378068877
2375	70.01554378068877
2376	70.01554378068877
2377	70.01554378068877
2378	70.01554378068877
2379	70.01554378068877
2380	62.95877740208765
2381	62.95877740208765
2382	62.95877740208765
2383	62.95877740208765
2384	62.95877740208765
2385	62.95877740208765
2386	62.95877740208765
2387	62.95877740208765
2388	62.95877740208765
2389	62.95877740208765
2390	66.53689178356628
2391	66.53689178356628
2392	66.53689178356628
2393	66.53689178356628
2394	66.53689178356628
2395	66.53689178356628
2396	66.53689178356628
2397	66.53689178356628
2398	66.53689178356628
2399	66.53689178356628
2400	31.688441708512293
2401	31.688441708512293
2402	31.688441708512293
2403	31.688441708512293
2404	31.688441708512293
2405	31.688441708512293
2406	31.688441708512293
2407	31.688441708512293
2408	31.688441708512293
2409	31.688441708512293
2410	32.85508120492743
2411	32.85508120492743
2412	32.85508120492743
2413	32.85508120492743
2414	32.85508120492743
2415	32.85508120492743
2416	32.85508120492743
2417	32.85508120492743
2418	32.85508120492743
2419	32.85508120492743
2420	85.79801995966324
2421	85.79801995966324
2422	85.79801995966324
2423	85.79801995966324
2424	85.79801995966324
2425	85.79801995966324
2426	85.79801995966324
2427	85.79801995966324
2428	85.79801995966324
2429	85.79801995966324
2430	36.42201910525754
2431	36.42201910525754
2432	36.42201910525754
2433	36.42201910525754
2434	36.42201910525754
2435	36.42201910525754
2436	36.42201910525754
2437	36.42201910525754
2438	36.42201910525754
2439	36.42201910525754
2440	80.71600289312181
2441	80.71600289312181
2442	80.71600289312181
2443	80.71600289312181
2444	80.71600289312181
2445	80.71600289312181
2446	80.71600289312181
2447	80.71600289312181
2448	80.71600289312181
2449	80.71600289312181
2450	74.35570100497937
2451	74.35570100497937
2452	48.27991743213609
2453	48.27991743213609
2454	48.27991743213609
2455	48.27991743213609
2456	48.27991743213609
2457	48.27991743213609
2458	48.27991743213609
2459	48.27991743213609
2460	48.27991743213609
2461	48.27991743213609
2462	60.78556496882533
2463	60.78556496882533
2464	60.78556496882533
2465	60.78556496882533
2466	60.78556496882533
2467	60.78556496882533
2468	60.78556496882533
2469	60.78556496882533
2470	60.78556496882533
2471	60.78556496882533
2472	67.8343530433105
2473	67.8343530433105
2474	67.8343530433105
2475	67.8343530433105
2476	67.8343530433105
2477	67.8343530433105
2478	67.8343530433105
2479	67.8343530433105
2480	67.8343530433105
2481	67.8343530433105
2482	37.87770289991878
2483	37.87770289991878
2484	37.87770289991878
2485	37.87770289991878
2486	37.87770289991878
2487	37.87770289991878
2488	37.87770289991878
2489	37.87770289991878
2490	37.87770289991878
2491	37.87770289991878
2492	54.08558051596268
2493	54.08558051596268
2494	54.08558051596268
2495	11.367043806123462
2496	11.367043806123462
2497	11.367043806123462
2498	11.367043806123462
2499	11.367043806123462
2500	11.367043806123462
2501	11.367043806123462
2502	11.367043806123462
2503	11.367043806123462
2504	11.367043806123462
2505	60.00710544747327
2506	60.00710544747327
2507	60.00710544747327
2508	60.00710544747327
2509	60.00710544747327
2510	60.00710544747327
2511	60.00710544747327
2512	60.00710544747327
2513	60.00710544747327
2514	60.00710544747327
2515	12.176629480853265
2516	12.176629480853265
2517	12.176629480853265
2518	12.176629480853265
2519	12.176629480853265
2520	12.176629480853265
2521	12.176629480853265
2522	12.176629480853265
2523	12.176629480853265
2524	12.176629480853265
2525	44.05014938966188
2526	44.05014938966188
2527	44.05014938966188
2528	44.05014938966188
2529	44.05014938966188
2530	44.05014938966188
2531	44.05014938966188
2532	44.05014938966188
2533	44.05014938966188
2534	44.05014938966188
2535	67.57210524081667
2536	67.57210524081667
2537	67.57210524081667
2538	67.57210524081667
2539	67.57210524081667
2540	67.57210524081667
2541	67.57210524081667
2542	67.57210524081667
2543	67.57210524081667
2544	67.57210524081667
2545	37.185245759964005
2546	37.185245759964005
2547	37.185245759964005
2548	37.185245759964005
2549	37.185245759964005
2550	37.185245759964005
2551	37.185245759964005
2552	37.185245759964005
2553	37.185245759964005
2554	37.185245759964005
2555	65.97755301390794
2556	65.97755301390794
2557	65.97755301390794
2558	65.97755301390794
2559	65.97755301390794
2560	65.97755301390794
2561	65.97755301390794
2562	65.97755301390794
2563	65.97755301390794
2564	65.97755301390794
2565	23.564055554871643
2566	23.564055554871643
2567	23.564055554871643
2568	23.564055554871643
