0	0.1
1	0.1
2	0.1
3	0.1
4	0.1
5	0.1
6	0.1
7	57.06750742306858
8	57.06750742306858
9	57.06750742306858
10	57.06750742306858
11	57.06750742306858
12	57.06750742306858
13	57.06750742306858
14	64.04568487969969
15	64.04568487969969
16	64.04568487969969
17	64.04568487969969
18	64.04568487969969
19	64.04568487969969
20	64.04568487969969
21	86.96889480804293
22	86.96889480804293
23	86.96889480804293
24	86.96889480804293
25	86.96889480804293
26	86.96889480804293
27	86.96889480804293
28	38.55765174772722
29	38.55765174772722
30	38.55765174772722
31	38.55765174772722
32	38.55765174772722
33	38.55765174772722
34	38.55765174772722
35	64.66987976447408
36	64.66987976447408
37	64.66987976447408
38	64.66987976447408
39	64.66987976447408
40	64.66987976447408
41	64.66987976447408
42	84.64129529659282
43	84.64129529659282
44	84.64129529659282
45	84.64129529659282
46	84.64129529659282
47	84.64129529659282
48	84.64129529659282
49	59.975747074829066
50	59.975747074829066
51	59.975747074829066
52	59.975747074829066
53	59.975747074829066
54	59.975747074829066
55	59.975747074829066
56	55.872407689309085
57	55.872407689309085
58	55.872407689309085
59	55.872407689309085
60	55.872407689309085
61	55.872407689309085
62	55.872407689309085
63	60.89234892703463
64	60.89234892703463
65	60.89234892703463
66	60.89234892703463
67	60.89234892703463
68	60.89234892703463
69	60.89234892703463
70	83.88191560234787
71	83.88191560234787
72	83.88191560234787
73	83.88191560234787
74	83.88191560234787
75	83.88191560234787
76	83.88191560234787
77	76.31704649767387
78	76.31704649767387
79	76.31704649767387
80	76.31704649767387
81	76.31704649767387
82	76.31704649767387
83	76.31704649767387
84	74.27602428380658
85	74.27602428380658
86	74.27602428380658
87	74.27602428380658
88	74.27602428380658
89	74.27602428380658
90	74.27602428380658
91	78.30648878521549
92	78.30648878521549
93	78.30648878521549
94	78.30648878521549
95	78.30648878521549
96	78.30648878521549
97	78.30648878521549
98	40.23302732443973
99	40.23302732443973
100	40.23302732443973
101	40.23302732443973
102	40.23302732443973
103	40.23302732443973
104	40.23302732443973
105	36.36880552751553
106	36.36880552751553
107	36.36880552751553
108	36.36880552751553
109	36.36880552751553
110	36.36880552751553
111	36.36880552751553
112	46.8526116843524
113	46.8526116843524
114	46.8526116843524
115	46.8526116843524
116	46.8526116843524
117	46.8526116843524
118	46.8526116843524
119	37.910350915935595
120	37.910350915935595
121	37.910350915935595
122	37.910350915935595
123	37.910350915935595
124	37.910350915935595
125	37.910350915935595
126	74.00822593661681
127	74.00822593661681
128	74.00822593661681
129	74.00822593661681
130	74.00822593661681
131	74.00822593661681
132	74.00822593661681
133	103.24695477358608
134	103.24695477358608
135	103.24695477358608
136	103.24695477358608
137	103.24695477358608
138	103.24695477358608
139	103.24695477358608
140	40.307978141007744
141	40.307978141007744
142	40.307978141007744
143	40.307978141007744
144	40.307978141007744
145	40.307978141007744
146	40.307978141007744
147	72.28618924733064
148	72.28618924733064
149	72.28618924733064
150	72.28618924733064
151	72.28618924733064
152	72.28618924733064
153	72.28618924733064
154	60.985898049069924
155	60.985898049069924
156	60.985898049069924
157	60.985898049069924
158	60.985898049069924
159	60.985898049069924
160	60.985898049069924
161	57.07300620790559
162	57.07300620790559
163	57.07300620790559
164	57.07300620790559
165	57.07300620790559
166	57.07300620790559
167	57.07300620790559
168	100.69833378060062
169	100.69833378060062
170	100.69833378060062
171	100.69833378060062
172	100.69833378060062
173	100.69833378060062
174	100.69833378060062
175	79.59369658677466
176	79.59369658677466
177	79.59369658677466
178	79.59369658677466
179	79.59369658677466
180	79.59369658677466
181	79.59369658677466
182	56.80377343797052
183	56.80377343797052
184	56.80377343797052
185	56.80377343797052
186	56.80377343797052
187	56.80377343797052
188	56.80377343797052
189	76.31311861638095
190	76.31311861638095
191	76.31311861638095
192	76.31311861638095
193	76.31311861638095
194	76.31311861638095
195	76.31311861638095
196	58.59528961145671
197	58.59528961145671
198	58.59528961145671
199	58.59528961145671
200	58.59528961145671
201	58.59528961145671
202	58.59528961145671
203	59.310056261263846
204	59.310056261263846
205	59.310056261263846
206	59.310056261263846
207	59.310056261263846
208	59.310056261263846
209	59.310056261263846
210	74.42686334367896
211	74.42686334367896
212	74.42686334367896
213	74.42686334367896
214	74.42686334367896
215	74.42686334367896
216	74.42686334367896
217	46.73063948878542
218	46.73063948878542
219	46.73063948878542
220	46.73063948878542
221	46.73063948878542
222	46.73063948878542
223	46.73063948878542
224	82.52008417218237
225	82.52008417218237
226	82.52008417218237
227	82.52008417218237
228	82.52008417218237
229	82.52008417218237
230	82.52008417218237
231	21.672894821456786
232	21.672894821456786
233	21.672894821456786
234	21.672894821456786
235	21.672894821456786
236	21.672894821456786
237	21.672894821456786
238	55.237361897393285
239	55.237361897393285
240	55.237361897393285
241	55.237361897393285
242	55.237361897393285
243	55.237361897393285
244	55.237361897393285
245	98.43976774941196
246	98.43976774941196
247	98.43976774941196
248	98.43976774941196
249	98.43976774941196
250	98.43976774941196
251	98.43976774941196
252	16.336697698716343
253	16.336697698716343
254	16.336697698716343
255	16.336697698716343
256	16.336697698716343
257	16.336697698716343
258	16.336697698716343
259	57.39554242651029
260	57.39554242651029
261	57.39554242651029
262	57.39554242651029
263	57.39554242651029
264	57.39554242651029
265	57.39554242651029
266	43.68524145002553
267	43.68524145002553
268	43.68524145002553
269	43.68524145002553
270	43.68524145002553
271	43.68524145002553
272	43.68524145002553
273	71.05635361137067
274	71.05635361137067
275	71.05635361137067
276	71.05635361137067
277	71.05635361137067
278	71.05635361137067
279	71.05635361137067
280	63.71555509695051
281	63.71555509695051
282	63.71555509695051
283	63.71555509695051
284	63.71555509695051
285	63.71555509695051
286	63.71555509695051
287	91.83504471001405
288	91.83504471001405
289	91.83504471001405
290	91.83504471001405
291	91.83504471001405
292	91.83504471001405
293	91.83504471001405
294	62.27929311706911
295	62.27929311706911
296	62.27929311706911
297	62.27929311706911
298	62.27929311706911
299	62.27929311706911
300	62.27929311706911
301	73.90218552218207
302	73.90218552218207
303	73.90218552218207
304	73.90218552218207
305	73.90218552218207
306	73.90218552218207
307	73.90218552218207
308	103.11030910731853
309	103.11030910731853
310	103.11030910731853
311	103.11030910731853
312	103.11030910731853
313	103.11030910731853
314	103.11030910731853
315	75.5454391544026
316	75.5454391544026
317	75.5454391544026
318	75.5454391544026
319	75.5454391544026
320	75.5454391544026
321	75.5454391544026
322	106.08289358957799
323	106.08289358957799
324	106.08289358957799
325	106.08289358957799
326	106.08289358957799
327	106.08289358957799
328	106.08289358957799
329	65.58520559970948
330	65.58520559970948
331	65.58520559970948
332	65.58520559970948
333	65.58520559970948
334	65.58520559970948
335	65.58520559970948
336	29.82644329725545
337	29.82644329725545
338	29.82644329725545
339	29.82644329725545
340	29.82644329725545
341	29.82644329725545
342	29.82644329725545
343	110.48332177076676
344	110.48332177076676
345	110.48332177076676
346	110.48332177076676
347	110.48332177076676
348	110.48332177076676
349	110.48332177076676
350	83.50143947900897
351	83.50143947900897
352	83.50143947900897
353	83.50143947900897
354	83.50143947900897
355	83.50143947900897
356	83.50143947900897
357	83.13088725027119
358	83.13088725027119
359	83.13088725027119
360	83.13088725027119
361	83.13088725027119
362	83.13088725027119
363	83.13088725027119
364	70.77659948928203
365	70.77659948928203
366	70.77659948928203
367	70.77659948928203
368	70.77659948928203
369	70.77659948928203
370	70.77659948928203
371	49.08225968033224
372	49.08225968033224
373	49.08225968033224
374	49.08225968033224
375	49.08225968033224
376	49.08225968033224
377	49.08225968033224
378	120.43785429721692
379	120.43785429721692
380	120.43785429721692
381	120.43785429721692
382	120.43785429721692
383	120.43785429721692
384	120.43785429721692
385	54.48989742903285
386	54.48989742903285
387	54.48989742903285
388	54.48989742903285
389	54.48989742903285
390	54.48989742903285
391	54.48989742903285
392	98.05256409184122
393	98.05256409184122
394	98.05256409184122
395	98.05256409184122
396	98.05256409184122
397	98.05256409184122
398	98.05256409184122
399	46.192853324368116
400	46.192853324368116
401	46.192853324368116
402	46.192853324368116
403	46.192853324368116
404	46.192853324368116
405	46.192853324368116
406	45.37744695632193
407	45.37744695632193
408	45.37744695632193
409	45.37744695632193
410	45.37744695632193
411	45.37744695632193
412	45.37744695632193
413	110.20425603303838
414	110.20425603303838
415	110.20425603303838
416	110.20425603303838
417	110.20425603303838
418	110.20425603303838
419	110.20425603303838
420	111.59359501954256
421	111.59359501954256
422	111.59359501954256
423	111.59359501954256
424	111.59359501954256
425	111.59359501954256
426	111.59359501954256
427	60.56584118375793
428	60.56584118375793
429	61.98150169476526
430	61.98150169476526
431	61.98150169476526
432	61.98150169476526
433	61.98150169476526
434	61.98150169476526
435	61.98150169476526
436	30.60445876377869
437	30.60445876377869
438	30.60445876377869
439	30.60445876377869
440	30.60445876377869
441	30.60445876377869
442	30.60445876377869
443	64.41633813204096
444	64.41633813204096
445	64.41633813204096
446	64.41633813204096
447	64.41633813204096
448	64.41633813204096
449	64.41633813204096
450	46.10839852202053
451	46.10839852202053
452	46.10839852202053
453	46.10839852202053
454	46.10839852202053
455	46.10839852202053
456	46.10839852202053
457	46.83191082228433
458	46.83191082228433
459	46.83191082228433
460	46.83191082228433
461	46.83191082228433
462	46.83191082228433
463	47.56049787609444
464	47.56049787609444
465	47.56049787609444
466	47.56049787609444
467	47.56049787609444
468	47.56049787609444
469	47.56049787609444
470	48.52111654871291
471	48.52111654871291
472	48.52111654871291
473	48.52111654871291
474	48.52111654871291
475	48.52111654871291
476	48.52111654871291
477	10.124150989701484
478	18.967765693892556
479	18.967765693892556
480	18.967765693892556
481	18.967765693892556
482	18.967765693892556
483	18.967765693892556
484	18.967765693892556
485	12.267689778563648
486	12.267689778563648
487	12.267689778563648
488	12.267689778563648
489	12.267689778563648
490	12.267689778563648
491	12.267689778563648
492	4.218795746420772
493	4.218795746420772
494	4.218795746420772
495	4.218795746420772
496	4.218795746420772
497	4.218795746420772
498	4.218795746420772
499	5.966723250712393
500	5.966723250712393
501	5.966723250712393
502	5.966723250712393
503	5.966723250712393
504	5.966723250712393
505	5.966723250712393
506	12.340655792626162
507	12.340655792626162
508	12.340655792626162
509	12.340655792626162
510	12.340655792626162
511	12.340655792626162
512	12.340655792626162
513	13.787743929929993
514	13.787743929929993
515	13.787743929929993
516	13.787743929929993
517	13.787743929929993
518	13.787743929929993
519	13.787743929929993
520	23.190647065862642
521	23.190647065862642
522	23.190647065862642
523	23.190647065862642
524	23.190647065862642
525	23.190647065862642
526	23.190647065862642
527	14.071801481477522
528	14.071801481477522
529	14.071801481477522
530	14.071801481477522
531	14.071801481477522
532	14.071801481477522
533	14.071801481477522
534	11.532555351294224
535	11.532555351294224
536	11.532555351294224
537	11.532555351294224
538	11.532555351294224
539	11.532555351294224
540	11.532555351294224
541	16.77160147432716
542	16.77160147432716
543	16.77160147432716
544	16.77160147432716
545	16.77160147432716
546	16.77160147432716
547	16.77160147432716
548	5.633659623153728
549	5.633659623153728
550	5.633659623153728
551	5.633659623153728
552	5.633659623153728
553	5.633659623153728
554	5.633659623153728
555	17.524008547589386
556	17.524008547589386
557	17.524008547589386
558	17.524008547589386
559	17.524008547589386
560	17.524008547589386
561	17.524008547589386
562	16.762481975916394
563	16.762481975916394
564	16.762481975916394
565	16.762481975916394
566	16.762481975916394
567	16.762481975916394
568	16.762481975916394
569	7.139598330832543
570	7.139598330832543
571	7.139598330832543
572	7.139598330832543
573	7.139598330832543
574	7.139598330832543
575	7.139598330832543
576	18.345397147262894
577	18.345397147262894
578	18.345397147262894
579	18.345397147262894
580	18.345397147262894
581	18.345397147262894
582	18.345397147262894
583	11.734959754184725
584	11.734959754184725
585	11.734959754184725
586	11.734959754184725
587	11.734959754184725
588	11.734959754184725
589	11.734959754184725
590	11.969887980597523
591	11.969887980597523
592	11.969887980597523
593	11.969887980597523
594	11.969887980597523
595	11.969887980597523
596	11.969887980597523
597	10.521043742292154
598	10.521043742292154
599	10.521043742292154
600	10.521043742292154
601	10.521043742292154
602	10.521043742292154
603	10.521043742292154
604	15.123700092215916
605	15.123700092215916
606	15.123700092215916
607	15.123700092215916
608	15.123700092215916
609	15.123700092215916
610	15.123700092215916
611	8.414398874678728
612	8.414398874678728
613	8.414398874678728
614	8.414398874678728
615	8.414398874678728
616	8.414398874678728
617	8.414398874678728
618	9.73144908873498
619	9.73144908873498
620	9.73144908873498
621	9.73144908873498
622	9.73144908873498
623	9.73144908873498
624	9.73144908873498
625	15.165822226835258
626	15.165822226835258
627	15.165822226835258
628	15.165822226835258
629	15.165822226835258
630	15.165822226835258
631	15.165822226835258
632	18.930354105148176
633	18.930354105148176
634	18.930354105148176
635	18.930354105148176
636	18.930354105148176
637	18.930354105148176
638	18.930354105148176
639	15.081545238446052
640	15.081545238446052
641	15.081545238446052
642	15.081545238446052
643	15.081545238446052
644	15.081545238446052
645	15.081545238446052
646	19.437918858293
647	19.437918858293
648	19.437918858293
649	19.437918858293
650	19.437918858293
651	19.437918858293
652	19.437918858293
653	5.031957753418299
654	5.031957753418299
655	5.031957753418299
656	5.031957753418299
657	5.031957753418299
658	5.031957753418299
659	5.031957753418299
660	9.096413565043921
661	9.096413565043921
662	9.096413565043921
663	9.096413565043921
664	9.096413565043921
665	9.096413565043921
666	9.096413565043921
667	9.999613310629154
668	9.999613310629154
669	9.999613310629154
670	9.999613310629154
671	9.999613310629154
672	9.999613310629154
673	9.999613310629154
674	13.161708207162903
675	13.161708207162903
676	13.161708207162903
677	13.161708207162903
678	13.161708207162903
679	13.161708207162903
680	13.161708207162903
681	7.905403229851547
682	7.905403229851547
683	7.905403229851547
684	7.905403229851547
685	7.905403229851547
686	7.905403229851547
687	7.905403229851547
688	16.179923614335163
689	16.179923614335163
690	16.179923614335163
691	16.179923614335163
692	16.179923614335163
693	16.179923614335163
694	16.179923614335163
695	19.221195255095996
696	19.221195255095996
697	19.221195255095996
698	19.221195255095996
699	19.221195255095996
700	19.221195255095996
701	19.221195255095996
702	10.008327436565699
703	10.008327436565699
704	10.008327436565699
705	10.008327436565699
706	10.008327436565699
707	10.008327436565699
708	10.008327436565699
709	14.07539734485512
710	14.07539734485512
711	14.07539734485512
712	14.07539734485512
713	14.07539734485512
714	14.07539734485512
715	14.07539734485512
716	12.62682218459796
717	12.62682218459796
718	12.62682218459796
719	12.62682218459796
720	12.62682218459796
721	12.62682218459796
722	12.62682218459796
723	0.1
724	0.1
725	0.1
726	0.1
727	0.1
728	0.1
729	0.1
730	19.503601414012145
731	19.503601414012145
732	19.503601414012145
733	19.503601414012145
734	19.503601414012145
735	19.503601414012145
736	19.503601414012145
737	3.804249159340012
738	3.804249159340012
739	3.804249159340012
740	3.804249159340012
741	3.804249159340012
742	3.804249159340012
743	3.804249159340012
744	13.518170601354818
745	13.518170601354818
746	13.518170601354818
747	13.518170601354818
748	13.518170601354818
749	13.518170601354818
750	13.518170601354818
751	7.469001617244564
752	7.469001617244564
753	7.469001617244564
754	7.469001617244564
755	7.469001617244564
756	7.469001617244564
757	7.469001617244564
758	7.935292464463235
759	7.935292464463235
760	7.935292464463235
761	7.935292464463235
762	7.935292464463235
763	7.935292464463235
764	7.935292464463235
765	13.237635903529977
766	13.237635903529977
767	13.237635903529977
768	13.237635903529977
769	13.237635903529977
770	13.237635903529977
771	13.237635903529977
772	10.458344976394734
773	10.458344976394734
774	10.458344976394734
775	10.458344976394734
776	10.458344976394734
777	10.458344976394734
778	10.458344976394734
779	10.897421845095018
780	10.897421845095018
781	10.897421845095018
782	10.897421845095018
783	10.897421845095018
784	10.897421845095018
785	10.897421845095018
786	11.020624441250163
787	11.020624441250163
788	11.020624441250163
789	11.020624441250163
790	11.020624441250163
791	11.020624441250163
792	11.020624441250163
793	4.746123885508849
794	4.746123885508849
795	4.746123885508849
796	4.746123885508849
797	4.746123885508849
798	4.746123885508849
799	4.746123885508849
800	17.963915810844398
801	17.963915810844398
802	17.963915810844398
803	17.963915810844398
804	17.963915810844398
805	17.963915810844398
806	17.963915810844398
807	14.728374995060042
808	14.728374995060042
809	14.728374995060042
810	14.728374995060042
811	14.728374995060042
812	14.728374995060042
813	14.728374995060042
814	10.6636563326642
815	10.6636563326642
816	10.6636563326642
817	10.6636563326642
818	10.6636563326642
819	10.6636563326642
820	10.6636563326642
821	18.980475738174473
822	18.980475738174473
823	18.980475738174473
824	18.980475738174473
825	18.980475738174473
826	18.980475738174473
827	18.980475738174473
828	15.050169250220847
829	15.050169250220847
830	15.050169250220847
831	15.050169250220847
832	15.050169250220847
833	15.050169250220847
834	15.050169250220847
835	6.901963903047012
836	6.901963903047012
837	6.901963903047012
838	6.901963903047012
839	6.901963903047012
840	6.901963903047012
841	6.901963903047012
842	19.179276672993108
843	19.179276672993108
844	19.179276672993108
845	19.179276672993108
846	19.179276672993108
847	19.179276672993108
848	19.179276672993108
849	15.189250109194312
850	15.189250109194312
851	15.189250109194312
852	15.189250109194312
853	15.189250109194312
854	15.189250109194312
855	15.189250109194312
856	9.851282986374887
857	9.851282986374887
858	9.851282986374887
859	9.851282986374887
860	9.851282986374887
861	9.851282986374887
862	9.851282986374887
863	10.058853384160235
864	10.058853384160235
865	10.058853384160235
866	10.058853384160235
867	10.058853384160235
868	10.058853384160235
869	10.058853384160235
870	20.786159005583563
871	20.786159005583563
872	20.786159005583563
873	20.786159005583563
874	20.786159005583563
875	20.786159005583563
876	20.786159005583563
877	16.53070444245553
878	16.53070444245553
879	16.53070444245553
880	16.53070444245553
881	16.53070444245553
882	16.53070444245553
883	16.53070444245553
884	16.49464300837977
885	16.49464300837977
886	16.49464300837977
887	16.49464300837977
888	16.49464300837977
889	16.49464300837977
890	16.49464300837977
891	8.234097479105458
892	8.234097479105458
893	8.234097479105458
894	8.234097479105458
895	8.234097479105458
896	8.234097479105458
897	8.234097479105458
898	22.58702187764773
899	22.58702187764773
900	22.58702187764773
901	22.58702187764773
902	22.58702187764773
903	22.58702187764773
904	22.58702187764773
905	8.702757405756358
906	8.702757405756358
907	8.702757405756358
908	8.702757405756358
909	8.702757405756358
910	8.702757405756358
911	8.702757405756358
912	9.586566517361463
913	9.586566517361463
914	9.586566517361463
915	9.586566517361463
916	9.586566517361463
917	9.586566517361463
918	9.586566517361463
919	13.922841517133513
920	13.922841517133513
921	13.922841517133513
922	13.922841517133513
923	13.922841517133513
924	13.922841517133513
925	13.922841517133513
926	24.01042068762345
927	24.01042068762345
928	24.01042068762345
929	24.01042068762345
930	24.01042068762345
931	24.01042068762345
932	24.01042068762345
933	13.839564097648385
934	13.839564097648385
935	13.839564097648385
936	13.839564097648385
937	13.839564097648385
938	13.839564097648385
939	13.839564097648385
940	7.108121709800143
941	7.108121709800143
942	7.108121709800143
943	7.108121709800143
944	7.108121709800143
945	7.108121709800143
946	7.108121709800143
947	15.743757387852378
948	15.743757387852378
949	15.743757387852378
950	15.743757387852378
951	15.743757387852378
952	15.743757387852378
953	15.743757387852378
954	4.80406708360368
955	4.80406708360368
956	4.80406708360368
957	4.80406708360368
958	4.80406708360368
959	4.80406708360368
960	4.80406708360368
961	13.537115693400505
962	13.537115693400505
963	13.537115693400505
964	13.537115693400505
965	13.537115693400505
966	13.537115693400505
967	13.537115693400505
968	14.991421739633614
969	14.991421739633614
970	14.991421739633614
971	14.991421739633614
972	14.991421739633614
973	14.991421739633614
974	14.991421739633614
975	17.76127953514121
976	17.76127953514121
977	17.76127953514121
978	17.76127953514121
979	17.76127953514121
980	17.76127953514121
981	17.76127953514121
982	15.206121807661056
983	15.206121807661056
984	15.206121807661056
985	15.206121807661056
986	15.206121807661056
987	15.206121807661056
988	15.206121807661056
989	13.392181611447327
990	13.392181611447327
991	13.392181611447327
992	13.392181611447327
993	13.392181611447327
994	13.392181611447327
995	13.392181611447327
996	7.553636711600139
997	7.553636711600139
998	7.553636711600139
999	7.553636711600139
1000	7.553636711600139
1001	7.553636711600139
1002	7.553636711600139
1003	10.05182747751161
1004	10.05182747751161
1005	10.05182747751161
1006	10.05182747751161
1007	10.05182747751161
1008	10.05182747751161
1009	10.05182747751161
1010	0.6036977563812425
1011	0.6036977563812425
1012	0.6036977563812425
1013	0.6036977563812425
1014	0.6036977563812425
1015	0.6036977563812425
1016	0.6036977563812425
1017	16.758529227364363
1018	16.758529227364363
1019	16.758529227364363
1020	16.758529227364363
1021	16.758529227364363
1022	16.758529227364363
1023	16.758529227364363
1024	11.392519665228953
1025	11.392519665228953
1026	11.392519665228953
1027	11.392519665228953
1028	11.392519665228953
1029	11.392519665228953
1030	11.392519665228953
1031	10.004363927087711
1032	10.004363927087711
1033	10.004363927087711
1034	10.004363927087711
1035	10.004363927087711
1036	10.004363927087711
1037	10.004363927087711
1038	14.528627551601502
1039	14.528627551601502
1040	14.528627551601502
1041	14.528627551601502
1042	14.528627551601502
1043	14.528627551601502
1044	14.528627551601502
1045	10.144714436409433
1046	10.144714436409433
1047	10.144714436409433
1048	10.144714436409433
1049	10.144714436409433
1050	10.144714436409433
1051	10.144714436409433
1052	8.101025309983081
1053	8.101025309983081
1054	8.101025309983081
1055	8.101025309983081
1056	8.101025309983081
1057	8.101025309983081
1058	8.101025309983081
1059	5.148665560701154
1060	5.148665560701154
1061	5.148665560701154
1062	5.148665560701154
1063	5.148665560701154
1064	5.148665560701154
1065	5.148665560701154
1066	10.68861478802513
1067	10.68861478802513
1068	10.68861478802513
1069	10.68861478802513
1070	10.68861478802513
1071	10.68861478802513
1072	10.68861478802513
1073	21.395833093502105
1074	21.395833093502105
1075	21.395833093502105
1076	21.395833093502105
1077	21.395833093502105
1078	21.395833093502105
1079	21.395833093502105
1080	11.228646247315583
1081	11.228646247315583
1082	11.228646247315583
1083	11.228646247315583
1084	11.228646247315583
1085	11.228646247315583
1086	11.228646247315583
1087	13.58266842868344
1088	13.58266842868344
1089	13.58266842868344
1090	13.58266842868344
1091	13.58266842868344
1092	13.58266842868344
1093	13.58266842868344
1094	15.976503930996223
1095	15.976503930996223
1096	15.976503930996223
1097	15.976503930996223
1098	15.976503930996223
1099	15.976503930996223
1100	15.976503930996223
1101	11.158781179412058
1102	11.158781179412058
1103	11.158781179412058
1104	11.158781179412058
1105	11.158781179412058
1106	11.158781179412058
1107	11.158781179412058
1108	8.72832462649146
1109	8.72832462649146
1110	8.72832462649146
1111	8.72832462649146
1112	8.72832462649146
1113	8.72832462649146
1114	8.72832462649146
1115	12.546533375173235
1116	12.546533375173235
1117	12.546533375173235
1118	12.546533375173235
1119	12.546533375173235
1120	12.546533375173235
1121	12.546533375173235
1122	17.787354870200424
1123	17.787354870200424
1124	17.787354870200424
1125	17.787354870200424
1126	17.787354870200424
1127	17.787354870200424
1128	17.787354870200424
1129	2.0040479595352387
1130	2.0040479595352387
1131	2.0040479595352387
1132	2.0040479595352387
1133	2.0040479595352387
1134	2.0040479595352387
1135	2.0040479595352387
1136	15.955413310105031
1137	15.955413310105031
1138	15.955413310105031
1139	15.955413310105031
1140	15.955413310105031
1141	15.955413310105031
1142	15.955413310105031
1143	9.790557353144646
1144	9.790557353144646
1145	9.790557353144646
1146	9.790557353144646
1147	9.790557353144646
1148	9.790557353144646
1149	9.790557353144646
1150	7.041542481541804
1151	7.041542481541804
1152	7.041542481541804
1153	7.041542481541804
1154	7.041542481541804
1155	7.041542481541804
1156	7.041542481541804
1157	15.256953222996023
1158	15.256953222996023
1159	15.256953222996023
1160	15.256953222996023
1161	15.256953222996023
1162	15.256953222996023
1163	15.256953222996023
1164	13.758907676143691
1165	13.758907676143691
1166	13.758907676143691
1167	13.758907676143691
1168	13.758907676143691
1169	13.758907676143691
1170	13.758907676143691
1171	6.381650734588186
1172	6.381650734588186
1173	6.381650734588186
1174	6.381650734588186
1175	6.381650734588186
1176	6.381650734588186
1177	6.381650734588186
1178	3.824689636099526
1179	3.824689636099526
1180	3.824689636099526
1181	3.824689636099526
1182	3.824689636099526
1183	3.824689636099526
1184	3.824689636099526
1185	3.6552626433734954
1186	3.6552626433734954
1187	3.6552626433734954
1188	3.6552626433734954
1189	3.6552626433734954
1190	3.6552626433734954
1191	3.6552626433734954
1192	9.967608339275834
1193	9.967608339275834
1194	9.967608339275834
1195	9.967608339275834
1196	9.967608339275834
1197	9.967608339275834
1198	9.967608339275834
1199	15.02342003189704
1200	15.02342003189704
1201	15.02342003189704
1202	15.02342003189704
1203	15.02342003189704
1204	15.02342003189704
1205	15.02342003189704
1206	21.65061164962421
1207	21.65061164962421
1208	21.65061164962421
1209	21.65061164962421
1210	21.65061164962421
1211	21.65061164962421
1212	21.65061164962421
1213	11.798514850880085
1214	11.798514850880085
1215	11.798514850880085
1216	11.798514850880085
1217	11.798514850880085
1218	11.798514850880085
1219	11.798514850880085
1220	13.758363640705031
1221	13.758363640705031
1222	13.758363640705031
1223	13.758363640705031
1224	13.758363640705031
1225	13.758363640705031
1226	13.758363640705031
1227	15.97831969224789
1228	15.97831969224789
1229	15.97831969224789
1230	15.97831969224789
1231	15.97831969224789
1232	15.97831969224789
1233	15.97831969224789
1234	11.579146023234232
1235	11.579146023234232
1236	11.579146023234232
1237	11.579146023234232
1238	11.579146023234232
1239	11.579146023234232
1240	11.579146023234232
1241	9.813977063096683
1242	9.813977063096683
1243	9.813977063096683
1244	9.813977063096683
1245	9.813977063096683
1246	9.813977063096683
1247	9.813977063096683
1248	16.35003423785638
1249	16.35003423785638
1250	16.35003423785638
1251	16.35003423785638
1252	16.35003423785638
1253	16.35003423785638
1254	16.35003423785638
1255	13.976613763923192
1256	13.976613763923192
1257	13.976613763923192
1258	13.976613763923192
1259	13.976613763923192
1260	13.976613763923192
1261	13.976613763923192
1262	19.826835982260484
1263	19.826835982260484
1264	19.826835982260484
1265	19.826835982260484
1266	19.826835982260484
1267	19.826835982260484
1268	19.826835982260484
1269	16.150344145202027
1270	16.150344145202027
1271	16.150344145202027
1272	16.150344145202027
1273	16.150344145202027
1274	16.150344145202027
1275	16.150344145202027
1276	7.928185134956258
1277	7.928185134956258
1278	7.928185134956258
1279	7.928185134956258
1280	7.928185134956258
1281	7.928185134956258
1282	7.928185134956258
1283	21.24261237729457
1284	21.24261237729457
1285	21.24261237729457
1286	21.24261237729457
1287	21.24261237729457
1288	21.24261237729457
1289	21.24261237729457
1290	6.348799251347988
1291	6.348799251347988
1292	6.348799251347988
1293	6.348799251347988
1294	6.348799251347988
1295	6.348799251347988
1296	6.348799251347988
1297	23.707033746412925
1298	23.707033746412925
1299	23.707033746412925
1300	23.707033746412925
1301	23.707033746412925
1302	23.707033746412925
1303	23.707033746412925
1304	9.02811257265525
1305	9.02811257265525
1306	9.02811257265525
1307	9.02811257265525
1308	9.02811257265525
1309	9.02811257265525
1310	9.02811257265525
1311	9.900375836278375
1312	9.900375836278375
1313	9.900375836278375
1314	9.900375836278375
1315	9.900375836278375
1316	9.900375836278375
1317	9.900375836278375
1318	8.90682260167197
1319	8.90682260167197
1320	8.90682260167197
1321	8.90682260167197
1322	8.90682260167197
1323	8.90682260167197
1324	8.90682260167197
1325	13.13605313550619
1326	13.13605313550619
1327	13.13605313550619
1328	13.13605313550619
1329	13.13605313550619
1330	13.13605313550619
1331	13.13605313550619
1332	5.674560281923438
1333	5.674560281923438
1334	5.674560281923438
1335	5.674560281923438
1336	5.674560281923438
1337	5.674560281923438
1338	5.674560281923438
1339	6.721552861164916
1340	6.721552861164916
1341	6.721552861164916
1342	6.721552861164916
1343	6.721552861164916
1344	6.721552861164916
1345	6.721552861164916
1346	21.273394264345907
1347	21.273394264345907
1348	21.273394264345907
1349	21.273394264345907
1350	21.273394264345907
1351	21.273394264345907
1352	21.273394264345907
1353	18.390166685228774
1354	18.390166685228774
1355	18.390166685228774
1356	18.390166685228774
1357	18.390166685228774
1358	18.390166685228774
1359	18.390166685228774
1360	18.653981542097306
1361	18.653981542097306
1362	18.653981542097306
1363	18.653981542097306
1364	18.653981542097306
1365	18.653981542097306
1366	18.653981542097306
1367	14.372964252288986
1368	14.372964252288986
1369	14.372964252288986
1370	14.372964252288986
1371	14.372964252288986
1372	14.372964252288986
1373	14.372964252288986
1374	17.37300091132847
1375	17.37300091132847
1376	17.37300091132847
1377	17.37300091132847
1378	17.37300091132847
1379	17.37300091132847
1380	17.37300091132847
1381	12.807101837729489
1382	12.807101837729489
1383	12.807101837729489
1384	12.807101837729489
1385	12.807101837729489
1386	12.807101837729489
1387	12.807101837729489
1388	8.7460997177057
1389	8.7460997177057
1390	8.7460997177057
1391	8.7460997177057
1392	8.7460997177057
1393	8.7460997177057
1394	8.7460997177057
1395	6.748010820691102
1396	6.748010820691102
1397	6.748010820691102
1398	6.748010820691102
1399	6.748010820691102
1400	6.748010820691102
1401	6.748010820691102
1402	17.035810045551624
1403	17.035810045551624
1404	17.035810045551624
1405	17.035810045551624
1406	17.035810045551624
1407	17.035810045551624
1408	17.035810045551624
1409	8.287351869241865
1410	8.287351869241865
1411	8.287351869241865
1412	8.287351869241865
1413	8.287351869241865
1414	8.287351869241865
1415	8.287351869241865
1416	12.971404275529109
1417	12.971404275529109
1418	12.971404275529109
1419	12.971404275529109
1420	12.971404275529109
1421	12.971404275529109
1422	12.971404275529109
1423	15.527236040202162
1424	15.527236040202162
1425	15.527236040202162
1426	15.527236040202162
1427	15.527236040202162
1428	15.527236040202162
1429	15.527236040202162
1430	5.608127109499561
1431	5.608127109499561
1432	5.608127109499561
1433	5.608127109499561
1434	5.608127109499561
1435	5.608127109499561
1436	5.608127109499561
1437	11.071389840187493
1438	11.071389840187493
1439	11.071389840187493
1440	11.071389840187493
1441	11.071389840187493
1442	11.071389840187493
1443	11.071389840187493
1444	7.317526203606638
1445	7.317526203606638
1446	7.317526203606638
1447	7.317526203606638
1448	7.317526203606638
1449	7.317526203606638
1450	7.317526203606638
1451	18.57104449848829
1452	18.57104449848829
1453	18.57104449848829
1454	18.57104449848829
1455	18.57104449848829
1456	18.57104449848829
1457	18.57104449848829
1458	11.733834335916356
1459	11.733834335916356
1460	11.733834335916356
1461	11.733834335916356
1462	11.733834335916356
1463	11.733834335916356
1464	11.733834335916356
1465	16.06695720576527
1466	16.06695720576527
1467	16.06695720576527
1468	16.06695720576527
1469	16.06695720576527
1470	16.06695720576527
1471	16.06695720576527
1472	26.061917054109614
1473	26.061917054109614
1474	26.061917054109614
1475	26.061917054109614
1476	26.061917054109614
1477	26.061917054109614
1478	26.061917054109614
1479	12.496318340091676
1480	12.496318340091676
1481	12.496318340091676
1482	27.788116640413826
1483	27.788116640413826
1484	27.788116640413826
1485	27.788116640413826
1486	27.788116640413826
1487	27.788116640413826
1488	27.788116640413826
1489	25.445852976418365
1490	25.445852976418365
1491	25.445852976418365
1492	25.445852976418365
1493	25.445852976418365
1494	25.445852976418365
1495	25.445852976418365
1496	14.67259617223111
1497	14.67259617223111
1498	14.67259617223111
1499	14.67259617223111
1500	14.67259617223111
1501	14.67259617223111
1502	14.67259617223111
1503	25.99800147969439
1504	25.99800147969439
1505	25.99800147969439
1506	25.99800147969439
1507	25.99800147969439
1508	25.99800147969439
1509	25.99800147969439
1510	20.768672373544298
1511	20.768672373544298
1512	20.768672373544298
1513	20.768672373544298
1514	20.768672373544298
1515	20.768672373544298
1516	20.768672373544298
1517	39.284384088453194
1518	39.284384088453194
1519	39.284384088453194
1520	39.284384088453194
1521	39.284384088453194
1522	39.284384088453194
1523	39.284384088453194
1524	20.719719993687935
1525	20.719719993687935
1526	20.719719993687935
1527	20.719719993687935
1528	20.719719993687935
1529	20.719719993687935
1530	20.719719993687935
1531	17.214266108611493
1532	17.214266108611493
1533	17.214266108611493
1534	17.214266108611493
1535	17.214266108611493
1536	17.214266108611493
1537	17.214266108611493
1538	20.223787097886074
1539	20.223787097886074
1540	20.223787097886074
1541	20.223787097886074
1542	20.223787097886074
1543	20.223787097886074
1544	20.223787097886074
1545	36.79607667888054
1546	36.79607667888054
1547	36.79607667888054
1548	36.79607667888054
1549	36.79607667888054
1550	36.79607667888054
1551	36.79607667888054
1552	38.16707569370057
1553	38.16707569370057
1554	38.16707569370057
1555	38.16707569370057
1556	38.16707569370057
1557	38.16707569370057
1558	38.16707569370057
1559	13.4374493224068
1560	13.4374493224068
1561	13.4374493224068
1562	13.4374493224068
1563	13.4374493224068
1564	13.4374493224068
1565	13.4374493224068
1566	17.458832274031362
1567	17.458832274031362
1568	17.458832274031362
1569	17.458832274031362
1570	17.458832274031362
1571	17.458832274031362
1572	17.458832274031362
1573	15.2913762489679
1574	15.2913762489679
1575	15.2913762489679
1576	15.2913762489679
1577	15.2913762489679
1578	15.2913762489679
1579	15.2913762489679
1580	27.095536757875873
1581	27.095536757875873
1582	27.095536757875873
1583	27.095536757875873
1584	27.095536757875873
1585	27.095536757875873
1586	27.095536757875873
1587	33.02074284376763
1588	33.02074284376763
1589	33.02074284376763
1590	33.02074284376763
1591	33.02074284376763
1592	33.02074284376763
1593	33.02074284376763
1594	33.575649021553374
1595	33.575649021553374
1596	33.575649021553374
1597	33.575649021553374
1598	33.575649021553374
1599	33.575649021553374
1600	33.575649021553374
1601	25.579248982421714
1602	25.579248982421714
1603	25.579248982421714
1604	25.579248982421714
1605	25.579248982421714
1606	25.579248982421714
1607	25.579248982421714
1608	0.1
1609	0.1
1610	0.1
1611	0.1
1612	0.1
1613	0.1
1614	0.1
1615	17.102359409691623
1616	17.102359409691623
1617	17.102359409691623
1618	17.102359409691623
1619	17.102359409691623
1620	17.102359409691623
1621	17.102359409691623
1622	22.32782959921748
1623	22.32782959921748
1624	22.32782959921748
1625	22.32782959921748
1626	22.32782959921748
1627	22.32782959921748
1628	22.32782959921748
1629	14.251884034083837
1630	14.251884034083837
1631	14.251884034083837
1632	14.251884034083837
1633	14.251884034083837
1634	14.251884034083837
1635	14.251884034083837
1636	35.38747947414304
1637	35.38747947414304
1638	35.38747947414304
1639	35.38747947414304
1640	35.38747947414304
1641	35.38747947414304
1642	35.38747947414304
1643	13.616525731236607
1644	13.616525731236607
1645	13.616525731236607
1646	13.616525731236607
1647	13.616525731236607
1648	13.616525731236607
1649	13.616525731236607
1650	23.486755508121792
1651	23.486755508121792
1652	23.486755508121792
1653	23.486755508121792
1654	23.486755508121792
1655	23.486755508121792
1656	23.486755508121792
1657	1.4954338990020197
1658	1.4954338990020197
1659	1.4954338990020197
1660	1.4954338990020197
1661	1.4954338990020197
1662	1.4954338990020197
1663	1.4954338990020197
1664	21.17661072058851
1665	21.17661072058851
1666	21.17661072058851
1667	21.17661072058851
1668	21.17661072058851
1669	21.17661072058851
1670	21.17661072058851
1671	22.00875021989549
1672	22.00875021989549
1673	22.00875021989549
1674	22.00875021989549
1675	22.00875021989549
1676	22.00875021989549
1677	22.00875021989549
1678	18.795790369881395
1679	18.795790369881395
1680	18.795790369881395
1681	18.795790369881395
1682	18.795790369881395
1683	18.795790369881395
1684	18.795790369881395
1685	16.797621331319377
1686	16.797621331319377
1687	16.797621331319377
1688	16.797621331319377
1689	16.797621331319377
1690	16.797621331319377
1691	16.797621331319377
1692	24.12126344263064
1693	24.12126344263064
1694	24.12126344263064
1695	24.12126344263064
1696	24.12126344263064
1697	24.12126344263064
1698	24.12126344263064
1699	26.996807416830304
1700	26.996807416830304
1701	26.996807416830304
1702	26.996807416830304
1703	26.996807416830304
1704	26.996807416830304
1705	26.996807416830304
1706	27.14872116939359
1707	27.14872116939359
1708	27.14872116939359
1709	27.14872116939359
1710	27.14872116939359
1711	27.14872116939359
1712	27.14872116939359
1713	18.964880267647295
1714	18.964880267647295
1715	18.964880267647295
1716	18.964880267647295
1717	18.964880267647295
1718	18.964880267647295
1719	18.964880267647295
1720	16.50105749254333
1721	16.50105749254333
1722	16.50105749254333
1723	16.50105749254333
1724	16.50105749254333
1725	16.50105749254333
1726	16.50105749254333
1727	27.109468682928316
1728	27.109468682928316
1729	27.109468682928316
1730	27.109468682928316
1731	27.109468682928316
1732	27.109468682928316
1733	27.109468682928316
1734	30.429329393732353
1735	30.429329393732353
1736	30.429329393732353
1737	30.429329393732353
1738	30.429329393732353
1739	30.429329393732353
1740	30.429329393732353
1741	21.45304880552944
1742	21.45304880552944
1743	21.45304880552944
1744	21.45304880552944
1745	21.45304880552944
1746	21.45304880552944
1747	21.45304880552944
1748	13.346371094620274
1749	13.346371094620274
1750	13.346371094620274
1751	13.346371094620274
1752	13.346371094620274
1753	13.346371094620274
1754	13.346371094620274
1755	25.979245084206912
1756	25.979245084206912
1757	25.979245084206912
1758	25.979245084206912
1759	25.979245084206912
1760	25.979245084206912
1761	25.979245084206912
1762	16.16318641845286
1763	16.16318641845286
1764	16.16318641845286
1765	16.16318641845286
1766	16.16318641845286
1767	16.16318641845286
1768	16.16318641845286
1769	26.695273130200075
1770	26.695273130200075
1771	26.695273130200075
1772	26.695273130200075
1773	26.695273130200075
1774	26.695273130200075
1775	26.695273130200075
1776	15.498568667207763
1777	15.498568667207763
1778	15.498568667207763
1779	15.498568667207763
1780	15.498568667207763
1781	15.498568667207763
1782	15.498568667207763
1783	19.988259434428155
1784	19.988259434428155
1785	19.988259434428155
1786	19.988259434428155
1787	19.988259434428155
1788	19.988259434428155
1789	19.988259434428155
1790	18.37813301351456
1791	18.37813301351456
1792	18.37813301351456
1793	18.37813301351456
1794	18.37813301351456
1795	18.37813301351456
1796	18.37813301351456
1797	18.075152058173824
1798	18.075152058173824
1799	18.075152058173824
1800	18.075152058173824
1801	18.075152058173824
1802	18.075152058173824
1803	18.075152058173824
1804	16.373563765975433
1805	16.373563765975433
1806	16.373563765975433
1807	16.373563765975433
1808	16.373563765975433
1809	16.373563765975433
1810	16.373563765975433
1811	17.26564449601292
1812	17.26564449601292
1813	17.26564449601292
1814	17.26564449601292
1815	17.26564449601292
1816	17.26564449601292
1817	17.26564449601292
1818	19.74705197797437
1819	19.74705197797437
1820	19.74705197797437
1821	19.74705197797437
1822	19.74705197797437
1823	19.74705197797437
1824	19.74705197797437
1825	23.495633483384577
1826	23.495633483384577
1827	23.495633483384577
1828	23.495633483384577
1829	23.495633483384577
1830	23.495633483384577
1831	23.495633483384577
1832	10.474820981441146
1833	10.474820981441146
1834	10.474820981441146
1835	10.474820981441146
1836	10.474820981441146
1837	10.474820981441146
1838	10.474820981441146
1839	14.746532625675087
1840	14.746532625675087
1841	14.746532625675087
1842	14.746532625675087
1843	14.746532625675087
1844	14.746532625675087
1845	14.746532625675087
1846	24.652296786599265
1847	24.652296786599265
1848	24.652296786599265
1849	24.652296786599265
1850	24.652296786599265
1851	24.652296786599265
1852	24.652296786599265
1853	29.062669425124977
1854	29.062669425124977
1855	29.062669425124977
1856	29.062669425124977
1857	29.062669425124977
1858	29.062669425124977
1859	29.062669425124977
1860	31.21745181219505
1861	31.21745181219505
1862	31.21745181219505
1863	31.21745181219505
1864	31.21745181219505
1865	31.21745181219505
1866	31.21745181219505
1867	36.29709894327524
1868	36.29709894327524
1869	36.29709894327524
1870	36.29709894327524
1871	36.29709894327524
1872	36.29709894327524
1873	36.29709894327524
1874	14.574022833185374
1875	14.574022833185374
1876	14.574022833185374
1877	14.574022833185374
1878	14.574022833185374
1879	14.574022833185374
1880	14.574022833185374
1881	30.75640219311086
1882	30.75640219311086
1883	30.75640219311086
1884	30.75640219311086
1885	30.75640219311086
1886	30.75640219311086
1887	30.75640219311086
1888	27.834934815088985
1889	27.834934815088985
1890	27.834934815088985
1891	27.834934815088985
1892	27.834934815088985
1893	27.834934815088985
1894	27.834934815088985
1895	15.55616126171287
1896	15.55616126171287
1897	15.55616126171287
1898	15.55616126171287
1899	15.55616126171287
1900	15.55616126171287
1901	15.55616126171287
1902	18.51958269087731
1903	18.51958269087731
1904	18.51958269087731
1905	18.51958269087731
1906	18.51958269087731
1907	18.51958269087731
1908	18.51958269087731
1909	30.529553893854487
1910	30.529553893854487
1911	30.529553893854487
1912	30.529553893854487
1913	30.529553893854487
1914	30.529553893854487
1915	30.529553893854487
1916	22.089742337406904
1917	22.089742337406904
1918	22.089742337406904
1919	22.089742337406904
1920	22.089742337406904
1921	22.089742337406904
1922	22.089742337406904
1923	28.034402124509167
1924	28.034402124509167
1925	28.034402124509167
1926	28.034402124509167
1927	28.034402124509167
1928	28.034402124509167
1929	28.034402124509167
1930	19.371361771548987
1931	19.371361771548987
1932	19.371361771548987
1933	19.371361771548987
1934	19.371361771548987
1935	19.371361771548987
1936	19.371361771548987
1937	18.900617925226417
1938	18.900617925226417
1939	18.900617925226417
1940	18.900617925226417
1941	18.900617925226417
1942	18.900617925226417
1943	18.900617925226417
1944	19.2558420642687
1945	19.2558420642687
1946	19.2558420642687
1947	19.2558420642687
1948	19.2558420642687
1949	19.2558420642687
1950	19.2558420642687
1951	12.13351983489205
1952	12.13351983489205
1953	12.13351983489205
1954	12.13351983489205
1955	12.13351983489205
1956	12.13351983489205
1957	12.13351983489205
1958	26.463367825870588
1959	26.463367825870588
1960	26.463367825870588
1961	26.463367825870588
1962	26.463367825870588
1963	26.463367825870588
1964	26.463367825870588
1965	9.006835435236876
1966	9.006835435236876
1967	9.006835435236876
1968	9.006835435236876
1969	9.006835435236876
1970	9.006835435236876
1971	9.006835435236876
1972	17.9738473434769
1973	17.9738473434769
1974	17.9738473434769
1975	17.9738473434769
1976	17.9738473434769
1977	17.9738473434769
1978	17.9738473434769
1979	25.428371456012734
1980	25.428371456012734
1981	25.428371456012734
1982	25.428371456012734
1983	25.428371456012734
1984	25.428371456012734
1985	25.428371456012734
1986	15.934568776884197
1987	15.934568776884197
1988	15.934568776884197
1989	15.934568776884197
1990	15.934568776884197
1991	15.934568776884197
1992	15.934568776884197
1993	17.373134736598125
1994	17.373134736598125
1995	17.373134736598125
1996	17.373134736598125
1997	17.373134736598125
1998	17.373134736598125
1999	17.373134736598125
2000	20.12055277745639
2001	20.12055277745639
2002	20.12055277745639
2003	20.12055277745639
2004	20.12055277745639
2005	20.12055277745639
2006	6.263576015752601
2007	6.263576015752601
2008	6.263576015752601
2009	6.263576015752601
2010	6.263576015752601
2011	6.263576015752601
2012	6.263576015752601
2013	12.679916546318726
2014	12.679916546318726
2015	12.679916546318726
2016	12.679916546318726
2017	12.679916546318726
2018	12.679916546318726
2019	12.679916546318726
2020	14.331396819326168
2021	14.331396819326168
2022	14.331396819326168
2023	14.331396819326168
2024	14.331396819326168
2025	14.331396819326168
2026	14.331396819326168
2027	3.4153584224825035
2028	3.4153584224825035
2029	3.4153584224825035
2030	3.4153584224825035
2031	3.4153584224825035
2032	3.4153584224825035
2033	3.4153584224825035
2034	14.92408079618046
2035	14.92408079618046
2036	14.92408079618046
2037	14.92408079618046
2038	14.92408079618046
2039	14.92408079618046
2040	14.92408079618046
2041	17.51478010765795
2042	17.51478010765795
2043	17.51478010765795
2044	17.51478010765795
2045	17.51478010765795
2046	17.51478010765795
2047	17.51478010765795
2048	21.24582326184462
2049	21.24582326184462
2050	21.24582326184462
2051	21.24582326184462
2052	21.24582326184462
2053	21.24582326184462
2054	21.24582326184462
2055	10.039340635398027
2056	10.039340635398027
2057	10.039340635398027
2058	10.039340635398027
2059	10.039340635398027
2060	10.039340635398027
2061	10.039340635398027
2062	12.520756714260004
2063	12.520756714260004
2064	12.520756714260004
2065	12.520756714260004
2066	12.520756714260004
2067	12.520756714260004
2068	12.520756714260004
2069	7.137479417755798
2070	7.137479417755798
2071	7.137479417755798
2072	7.137479417755798
2073	7.137479417755798
2074	7.137479417755798
2075	7.137479417755798
2076	8.506379926479374
2077	8.506379926479374
2078	8.506379926479374
2079	8.506379926479374
2080	8.506379926479374
2081	8.506379926479374
2082	8.506379926479374
2083	5.185914135897306
2084	5.185914135897306
2085	5.185914135897306
2086	5.185914135897306
2087	5.185914135897306
2088	5.185914135897306
2089	5.185914135897306
2090	20.377348921025927
2091	20.377348921025927
2092	20.377348921025927
2093	20.377348921025927
2094	20.377348921025927
2095	20.377348921025927
2096	20.377348921025927
2097	12.18568148370852
2098	12.18568148370852
2099	12.18568148370852
2100	12.18568148370852
2101	12.18568148370852
2102	12.18568148370852
2103	12.18568148370852
2104	17.73727047473173
2105	17.73727047473173
2106	17.73727047473173
2107	17.73727047473173
2108	17.73727047473173
2109	17.73727047473173
2110	17.73727047473173
2111	13.91541956242572
2112	13.91541956242572
2113	13.91541956242572
2114	13.91541956242572
2115	13.91541956242572
2116	13.91541956242572
2117	13.91541956242572
2118	2.5921485197973517
2119	2.5921485197973517
2120	2.5921485197973517
2121	2.5921485197973517
2122	2.5921485197973517
2123	2.5921485197973517
2124	2.5921485197973517
2125	9.111023742132657
2126	9.111023742132657
2127	9.111023742132657
2128	9.111023742132657
2129	9.111023742132657
2130	9.111023742132657
2131	9.111023742132657
2132	8.47730131712132
2133	8.47730131712132
2134	8.47730131712132
2135	8.47730131712132
2136	8.47730131712132
2137	8.47730131712132
2138	8.47730131712132
2139	19.828019174594427
2140	19.828019174594427
2141	19.828019174594427
2142	19.828019174594427
2143	19.828019174594427
2144	19.828019174594427
2145	19.828019174594427
2146	19.29985033789498
2147	19.29985033789498
2148	19.29985033789498
2149	19.29985033789498
2150	19.29985033789498
2151	19.29985033789498
2152	19.29985033789498
2153	8.090555447202787
2154	8.090555447202787
2155	8.090555447202787
2156	8.090555447202787
2157	8.090555447202787
2158	8.090555447202787
2159	8.090555447202787
2160	7.618876260129495
2161	7.618876260129495
2162	7.618876260129495
2163	7.618876260129495
2164	7.618876260129495
2165	7.618876260129495
2166	7.618876260129495
2167	20.60530771311796
2168	20.60530771311796
2169	20.60530771311796
2170	20.60530771311796
2171	20.60530771311796
2172	20.60530771311796
2173	20.60530771311796
2174	11.394368257568235
2175	11.394368257568235
2176	11.394368257568235
2177	11.394368257568235
2178	11.394368257568235
2179	11.394368257568235
2180	11.394368257568235
2181	10.224453013478904
2182	10.224453013478904
2183	10.224453013478904
2184	10.224453013478904
2185	10.224453013478904
2186	10.224453013478904
2187	10.224453013478904
2188	16.079091570649382
2189	16.079091570649382
2190	16.079091570649382
2191	16.079091570649382
2192	16.079091570649382
2193	16.079091570649382
2194	16.079091570649382
2195	20.90000516192027
2196	20.90000516192027
2197	20.90000516192027
2198	20.90000516192027
2199	20.90000516192027
2200	20.90000516192027
2201	20.90000516192027
2202	11.292721753825576
2203	11.292721753825576
2204	11.292721753825576
2205	11.292721753825576
2206	11.292721753825576
2207	11.292721753825576
2208	11.292721753825576
2209	17.678656718221927
2210	17.678656718221927
2211	17.678656718221927
2212	17.678656718221927
2213	17.678656718221927
2214	17.678656718221927
2215	17.678656718221927
2216	13.103014441727629
2217	13.103014441727629
2218	13.103014441727629
2219	13.103014441727629
2220	13.103014441727629
2221	13.103014441727629
2222	13.103014441727629
2223	21.410450337650822
2224	21.410450337650822
2225	21.410450337650822
2226	21.410450337650822
2227	21.410450337650822
2228	21.410450337650822
2229	21.410450337650822
2230	22.181466307960683
2231	22.181466307960683
2232	22.181466307960683
2233	22.181466307960683
2234	22.181466307960683
2235	22.181466307960683
2236	22.181466307960683
2237	13.284934242220164
2238	13.284934242220164
2239	13.284934242220164
2240	13.284934242220164
2241	13.284934242220164
2242	13.284934242220164
2243	13.284934242220164
2244	18.536858259879207
2245	18.536858259879207
2246	18.536858259879207
2247	18.536858259879207
2248	18.536858259879207
2249	18.536858259879207
2250	18.536858259879207
2251	5.109870920007479
2252	5.109870920007479
2253	5.109870920007479
2254	5.109870920007479
2255	5.109870920007479
2256	5.109870920007479
2257	5.109870920007479
2258	4.8739373341175956
2259	4.8739373341175956
2260	4.8739373341175956
2261	4.8739373341175956
2262	4.8739373341175956
2263	4.8739373341175956
2264	4.8739373341175956
2265	15.158065632229981
2266	15.158065632229981
2267	15.158065632229981
2268	15.158065632229981
2269	15.158065632229981
2270	15.158065632229981
2271	15.158065632229981
2272	7.173832044813778
2273	7.173832044813778
2274	7.173832044813778
2275	7.173832044813778
2276	7.173832044813778
2277	7.173832044813778
2278	7.173832044813778
2279	7.752166542767056
2280	7.752166542767056
2281	7.752166542767056
2282	7.752166542767056
2283	7.752166542767056
2284	7.752166542767056
2285	7.752166542767056
2286	14.608958167556715
2287	14.608958167556715
2288	14.608958167556715
2289	14.608958167556715
2290	14.608958167556715
2291	14.608958167556715
2292	14.608958167556715
2293	19.447272870835903
2294	19.447272870835903
2295	19.447272870835903
2296	19.447272870835903
2297	19.447272870835903
2298	19.447272870835903
2299	19.447272870835903
2300	15.493339965378123
2301	25.201085525031992
2302	25.201085525031992
2303	25.201085525031992
2304	25.201085525031992
2305	25.201085525031992
2306	25.201085525031992
2307	25.201085525031992
2308	14.135004453458944
2309	14.135004453458944
2310	14.135004453458944
2311	14.135004453458944
2312	14.135004453458944
2313	14.135004453458944
2314	14.135004453458944
2315	8.112760364117207
2316	8.112760364117207
2317	8.112760364117207
2318	8.112760364117207
2319	8.112760364117207
2320	8.112760364117207
2321	8.112760364117207
2322	20.023933106975896
2323	20.023933106975896
2324	20.023933106975896
2325	20.023933106975896
2326	20.023933106975896
2327	20.023933106975896
2328	20.023933106975896
2329	23.73112604356821
2330	23.73112604356821
2331	23.73112604356821
2332	23.73112604356821
2333	23.73112604356821
2334	23.73112604356821
2335	23.73112604356821
2336	26.555858486007764
2337	26.555858486007764
2338	26.555858486007764
2339	26.555858486007764
2340	26.555858486007764
2341	26.555858486007764
2342	26.555858486007764
2343	18.712902295252746
2344	18.712902295252746
2345	18.712902295252746
2346	18.712902295252746
2347	18.712902295252746
2348	18.712902295252746
2349	18.712902295252746
2350	24.22207779822733
2351	24.22207779822733
2352	24.22207779822733
2353	24.22207779822733
2354	24.22207779822733
2355	24.22207779822733
2356	24.22207779822733
2357	28.767886395626597
2358	28.767886395626597
2359	28.767886395626597
2360	28.767886395626597
2361	28.767886395626597
2362	28.767886395626597
2363	28.767886395626597
2364	64.4442127519653
2365	64.4442127519653
2366	64.4442127519653
2367	64.4442127519653
2368	64.4442127519653
2369	64.4442127519653
2370	64.4442127519653
2371	29.794247212199913
2372	29.794247212199913
2373	29.794247212199913
2374	29.794247212199913
2375	29.794247212199913
2376	29.794247212199913
2377	29.794247212199913
2378	31.486911273321024
2379	31.486911273321024
2380	31.486911273321024
2381	31.486911273321024
2382	31.486911273321024
2383	31.486911273321024
2384	31.486911273321024
2385	21.032979809520864
2386	21.032979809520864
2387	21.032979809520864
2388	21.032979809520864
2389	21.032979809520864
2390	21.032979809520864
2391	21.032979809520864
2392	25.541956480311093
2393	25.541956480311093
2394	25.541956480311093
2395	25.541956480311093
2396	25.541956480311093
2397	25.541956480311093
2398	25.541956480311093
2399	39.67934516563048
2400	39.67934516563048
2401	39.67934516563048
2402	39.67934516563048
2403	39.67934516563048
2404	39.67934516563048
2405	39.67934516563048
2406	23.00674574840986
2407	23.00674574840986
2408	23.00674574840986
2409	23.00674574840986
2410	23.00674574840986
2411	23.00674574840986
2412	23.00674574840986
2413	37.43573490249737
2414	37.43573490249737
2415	37.43573490249737
2416	37.43573490249737
2417	37.43573490249737
2418	37.43573490249737
2419	37.43573490249737
2420	29.043197432840294
2421	29.043197432840294
2422	29.043197432840294
2423	29.043197432840294
2424	29.043197432840294
2425	29.043197432840294
2426	29.043197432840294
2427	42.79823269097713
2428	42.79823269097713
2429	42.79823269097713
2430	42.79823269097713
2431	42.79823269097713
2432	42.79823269097713
2433	42.79823269097713
2434	26.066567124397583
2435	26.066567124397583
2436	26.066567124397583
2437	26.066567124397583
2438	26.066567124397583
2439	26.066567124397583
2440	26.066567124397583
2441	23.075883046156587
2442	23.075883046156587
2443	23.075883046156587
2444	23.075883046156587
2445	23.075883046156587
2446	23.075883046156587
2447	23.075883046156587
2448	35.23078028925122
2449	35.23078028925122
2450	35.23078028925122
2451	35.23078028925122
2452	35.23078028925122
2453	35.23078028925122
2454	35.23078028925122
2455	44.07366474445946
2456	44.07366474445946
2457	44.07366474445946
2458	44.07366474445946
2459	44.07366474445946
2460	44.07366474445946
2461	44.07366474445946
2462	28.754691353709788
2463	28.754691353709788
2464	28.754691353709788
2465	28.754691353709788
2466	28.754691353709788
2467	28.754691353709788
2468	28.754691353709788
2469	28.967360608540453
2470	28.967360608540453
2471	28.967360608540453
2472	28.967360608540453
2473	28.967360608540453
2474	28.967360608540453
2475	28.967360608540453
2476	20.540861151239746
2477	20.540861151239746
2478	20.540861151239746
2479	20.540861151239746
2480	20.540861151239746
2481	20.540861151239746
2482	20.540861151239746
2483	42.36287453798262
2484	42.36287453798262
2485	42.36287453798262
2486	42.36287453798262
2487	42.36287453798262
2488	42.36287453798262
2489	42.36287453798262
2490	25.07397944301399
2491	25.07397944301399
2492	25.07397944301399
2493	25.07397944301399
2494	25.07397944301399
2495	25.07397944301399
2496	25.07397944301399
2497	38.97441954447522
2498	38.97441954447522
2499	38.97441954447522
2500	38.97441954447522
2501	38.97441954447522
2502	38.97441954447522
2503	38.97441954447522
2504	32.34696921363499
2505	32.34696921363499
2506	32.34696921363499
2507	32.34696921363499
2508	32.34696921363499
2509	32.34696921363499
2510	32.34696921363499
2511	41.4364658622745
2512	41.4364658622745
2513	41.4364658622745
2514	41.4364658622745
2515	41.4364658622745
2516	41.4364658622745
2517	41.4364658622745
2518	34.97567710908442
2519	34.97567710908442
2520	34.97567710908442
2521	34.97567710908442
2522	34.97567710908442
2523	34.97567710908442
2524	34.97567710908442
2525	24.37046093726214
2526	24.37046093726214
2527	24.37046093726214
2528	24.37046093726214
2529	24.37046093726214
2530	24.37046093726214
2531	24.37046093726214
2532	21.842588747716402
2533	21.842588747716402
2534	21.842588747716402
2535	21.842588747716402
2536	21.842588747716402
2537	21.842588747716402
2538	21.842588747716402
2539	35.702024851105605
2540	35.702024851105605
2541	35.702024851105605
2542	35.702024851105605
2543	35.702024851105605
2544	35.702024851105605
2545	35.702024851105605
2546	27.509162888020672
2547	27.509162888020672
2548	27.509162888020672
2549	27.509162888020672
2550	27.509162888020672
2551	27.509162888020672
2552	27.509162888020672
2553	19.06314394048417
2554	19.06314394048417
2555	19.06314394048417
2556	19.06314394048417
2557	19.06314394048417
2558	19.06314394048417
2559	19.06314394048417
2560	19.76043751415203
2561	19.76043751415203
2562	19.76043751415203
2563	19.76043751415203
2564	19.76043751415203
2565	19.76043751415203
2566	19.76043751415203
2567	25.918037016280728
2568	25.918037016280728
2569	25.918037016280728
2570	25.918037016280728
2571	25.918037016280728
2572	25.918037016280728
2573	25.918037016280728
2574	33.31303166474287
2575	33.31303166474287
2576	33.31303166474287
2577	33.31303166474287
2578	33.31303166474287
2579	33.31303166474287
2580	33.31303166474287
2581	5.3731655733139405
2582	5.3731655733139405
2583	5.3731655733139405
2584	5.3731655733139405
2585	5.3731655733139405
2586	5.3731655733139405
2587	5.3731655733139405
2588	13.86093143864306
2589	13.86093143864306
2590	13.86093143864306
2591	13.86093143864306
2592	13.86093143864306
2593	13.86093143864306
2594	13.86093143864306
2595	35.831808934118214
2596	35.831808934118214
2597	35.831808934118214
2598	35.831808934118214
2599	35.831808934118214
2600	35.831808934118214
2601	35.831808934118214
2602	44.468234007316184
2603	44.468234007316184
2604	44.468234007316184
2605	44.468234007316184
2606	44.468234007316184
2607	44.468234007316184
2608	44.468234007316184
2609	40.44450538035949
2610	40.44450538035949
2611	40.44450538035949
2612	40.44450538035949
2613	40.44450538035949
2614	40.44450538035949
2615	40.44450538035949
2616	35.27497452052136
2617	35.27497452052136
2618	35.27497452052136
2619	35.27497452052136
2620	35.27497452052136
2621	35.27497452052136
2622	35.27497452052136
2623	20.183344669889706
2624	20.183344669889706
2625	20.183344669889706
2626	20.183344669889706
2627	20.183344669889706
2628	20.183344669889706
2629	20.183344669889706
2630	20.711094591139712
2631	20.711094591139712
2632	20.711094591139712
2633	20.711094591139712
2634	20.711094591139712
2635	20.711094591139712
2636	20.711094591139712
2637	8.11764789145235
2638	8.11764789145235
2639	8.11764789145235
2640	8.11764789145235
2641	8.11764789145235
2642	8.11764789145235
2643	8.11764789145235
2644	31.29146530794562
2645	31.29146530794562
2646	31.29146530794562
2647	31.29146530794562
2648	31.29146530794562
2649	31.29146530794562
2650	31.29146530794562
2651	21.76560685636364
2652	21.76560685636364
2653	21.76560685636364
2654	21.76560685636364
2655	21.76560685636364
2656	21.76560685636364
2657	21.76560685636364
2658	28.408527774509786
2659	28.408527774509786
2660	28.408527774509786
2661	28.408527774509786
2662	28.408527774509786
2663	28.408527774509786
2664	28.408527774509786
2665	29.197023637708174
2666	29.197023637708174
2667	29.197023637708174
2668	29.197023637708174
2669	29.197023637708174
2670	29.197023637708174
2671	29.197023637708174
2672	30.651518546858583
2673	30.651518546858583
2674	30.651518546858583
2675	30.651518546858583
2676	30.651518546858583
2677	30.651518546858583
2678	30.651518546858583
2679	30.30450887538143
2680	30.30450887538143
2681	30.30450887538143
2682	30.30450887538143
2683	30.30450887538143
2684	30.30450887538143
2685	30.30450887538143
2686	36.4802820906569
2687	36.4802820906569
2688	36.4802820906569
2689	36.4802820906569
2690	36.4802820906569
2691	36.4802820906569
2692	36.4802820906569
2693	32.547940275634176
2694	32.547940275634176
2695	32.547940275634176
2696	32.547940275634176
2697	32.547940275634176
2698	32.547940275634176
2699	32.547940275634176
2700	8.383659958096239
2701	8.383659958096239
2702	8.383659958096239
2703	8.383659958096239
2704	8.383659958096239
2705	8.383659958096239
2706	8.383659958096239
2707	42.98469218051627
2708	42.98469218051627
2709	42.98469218051627
2710	42.98469218051627
2711	42.98469218051627
2712	42.98469218051627
2713	42.98469218051627
2714	27.939273600823277
2715	27.939273600823277
2716	27.939273600823277
2717	27.939273600823277
2718	27.939273600823277
2719	27.939273600823277
2720	27.939273600823277
2721	40.242458913310315
2722	40.242458913310315
2723	40.242458913310315
2724	40.242458913310315
2725	40.242458913310315
2726	40.242458913310315
2727	40.242458913310315
2728	25.974433419442676
2729	25.974433419442676
2730	25.974433419442676
2731	25.974433419442676
2732	25.974433419442676
2733	25.974433419442676
2734	25.974433419442676
2735	18.028113470845874
2736	18.028113470845874
2737	18.028113470845874
2738	18.028113470845874
2739	18.028113470845874
2740	18.028113470845874
2741	18.028113470845874
2742	38.8625415234972
2743	38.8625415234972
2744	38.8625415234972
2745	38.8625415234972
2746	38.8625415234972
2747	38.8625415234972
2748	38.8625415234972
2749	29.931387541973983
2750	29.931387541973983
2751	29.931387541973983
2752	29.931387541973983
2753	29.931387541973983
2754	29.931387541973983
2755	29.931387541973983
2756	28.3029427228422
2757	28.3029427228422
2758	28.3029427228422
2759	28.3029427228422
2760	28.3029427228422
2761	28.3029427228422
2762	28.3029427228422
2763	26.425488612551487
2764	26.425488612551487
2765	26.425488612551487
2766	26.425488612551487
2767	26.425488612551487
2768	26.425488612551487
2769	26.425488612551487
2770	30.01880272071307
2771	30.01880272071307
2772	30.01880272071307
2773	30.01880272071307
2774	30.01880272071307
2775	30.01880272071307
2776	30.01880272071307
2777	29.837038967896827
2778	29.837038967896827
2779	29.837038967896827
2780	29.837038967896827
2781	29.837038967896827
2782	29.837038967896827
2783	29.837038967896827
2784	42.303290945436025
2785	42.303290945436025
2786	42.303290945436025
2787	42.303290945436025
2788	42.303290945436025
2789	42.303290945436025
2790	42.303290945436025
2791	38.258723040912486
2792	38.258723040912486
2793	38.258723040912486
2794	38.258723040912486
2795	38.258723040912486
2796	38.258723040912486
2797	38.258723040912486
2798	29.2536976057973
2799	29.2536976057973
2800	29.2536976057973
2801	29.2536976057973
2802	29.2536976057973
2803	29.2536976057973
2804	29.2536976057973
2805	44.82835801552431
2806	44.82835801552431
2807	44.82835801552431
2808	44.82835801552431
2809	44.82835801552431
2810	44.82835801552431
2811	44.82835801552431
2812	27.681366408675302
2813	27.681366408675302
2814	27.681366408675302
2815	27.681366408675302
2816	27.681366408675302
2817	27.681366408675302
2818	27.681366408675302
2819	26.949844195658418
2820	26.949844195658418
2821	26.949844195658418
2822	26.949844195658418
2823	26.949844195658418
2824	26.949844195658418
2825	26.949844195658418
2826	22.77086208756908
2827	22.77086208756908
2828	22.77086208756908
2829	22.77086208756908
2830	22.77086208756908
2831	22.77086208756908
2832	22.77086208756908
2833	24.273670799621794
2834	24.273670799621794
2835	24.273670799621794
2836	24.273670799621794
2837	24.273670799621794
2838	24.273670799621794
2839	24.273670799621794
2840	32.903560495495235
2841	32.903560495495235
2842	32.903560495495235
2843	32.903560495495235
2844	32.903560495495235
2845	32.903560495495235
2846	32.903560495495235
2847	20.363793293394885
2848	20.363793293394885
2849	20.363793293394885
2850	20.363793293394885
2851	20.363793293394885
2852	20.363793293394885
2853	20.363793293394885
2854	29.26056231738486
2855	29.26056231738486
2856	29.26056231738486
2857	29.26056231738486
2858	29.26056231738486
2859	29.26056231738486
2860	29.26056231738486
2861	37.02798511325331
2862	37.02798511325331
2863	37.02798511325331
2864	37.02798511325331
2865	37.02798511325331
2866	37.02798511325331
2867	37.02798511325331
2868	12.147128823505625
2869	12.147128823505625
2870	12.147128823505625
2871	12.147128823505625
2872	12.147128823505625
2873	12.147128823505625
2874	12.147128823505625
2875	45.61592211692029
2876	45.61592211692029
2877	45.61592211692029
2878	45.61592211692029
2879	45.61592211692029
2880	45.61592211692029
2881	45.61592211692029
2882	12.724286902790151
2883	12.724286902790151
2884	12.724286902790151
2885	12.724286902790151
2886	12.724286902790151
2887	12.724286902790151
2888	12.724286902790151
2889	8.110104689566008
2890	8.110104689566008
2891	8.110104689566008
2892	8.110104689566008
2893	8.110104689566008
2894	8.110104689566008
2895	8.110104689566008
2896	31.20000416638899
