0	66.50707255141518
1	66.50707255141518
2	66.50707255141518
3	84.14009546114559
4	84.14009546114559
5	84.14009546114559
6	107.20682029417266
7	107.20682029417266
8	107.20682029417266
9	68.94976005323093
10	68.94976005323093
11	68.94976005323093
12	139.78964202907054
13	139.78964202907054
14	139.78964202907054
15	84.25714138907642
16	84.25714138907642
17	84.25714138907642
18	128.81477654860552
19	128.81477654860552
20	128.81477654860552
21	103.6880411724281
22	103.6880411724281
23	103.6880411724281
24	117.45160421018215
25	117.45160421018215
26	117.45160421018215
27	112.3699969136635
28	112.3699969136635
29	112.3699969136635
30	113.25637327425507
31	113.25637327425507
32	113.25637327425507
33	79.45860389730493
34	79.45860389730493
35	79.45860389730493
36	121.03011288137915
37	121.03011288137915
38	121.03011288137915
39	41.365980811656165
40	41.365980811656165
41	41.365980811656165
42	123.49069093778809
43	123.49069093778809
44	123.49069093778809
45	97.65239930982827
46	97.65239930982827
47	97.65239930982827
48	115.15005394921155
49	115.15005394921155
50	115.15005394921155
51	92.44034299888322
52	92.44034299888322
53	92.44034299888322
54	72.51894516535656
55	72.51894516535656
56	72.51894516535656
57	107.22549484620917
58	107.22549484620917
59	107.22549484620917
60	45.59415130634276
61	45.59415130634276
62	45.59415130634276
63	139.5841099662294
64	139.5841099662294
65	139.5841099662294
66	116.13203251590588
67	116.13203251590588
68	116.13203251590588
69	125.31685695990195
70	125.31685695990195
71	125.31685695990195
72	114.1117935415442
73	114.1117935415442
74	114.1117935415442
75	71.48644515101921
76	71.48644515101921
77	71.48644515101921
78	68.45222411056777
79	68.45222411056777
80	68.45222411056777
81	109.52333205884277
82	109.52333205884277
83	109.52333205884277
84	91.386828314851
85	91.386828314851
86	91.386828314851
87	55.559066234074805
88	55.559066234074805
89	55.559066234074805
90	33.362923147417284
91	33.362923147417284
92	33.362923147417284
93	51.5420721755246
94	51.5420721755246
95	51.5420721755246
96	62.31326568716605
97	62.31326568716605
98	62.31326568716605
99	109.89501905614533
100	109.89501905614533
101	109.89501905614533
102	93.73909422577931
103	93.73909422577931
104	93.73909422577931
105	33.30409236809806
106	33.30409236809806
107	33.30409236809806
108	70.71689813557104
109	70.71689813557104
110	70.71689813557104
111	1.4335522116499817
112	1.4335522116499817
113	1.4335522116499817
114	68.0804840142028
115	123.50140663898958
116	123.50140663898958
117	123.50140663898958
118	95.16496414768976
119	95.16496414768976
120	95.16496414768976
121	71.50967950301497
122	71.50967950301497
123	71.50967950301497
124	59.739301507524885
125	59.739301507524885
126	59.739301507524885
127	46.78358584002749
128	46.78358584002749
129	46.78358584002749
130	73.39340966407958
131	73.39340966407958
132	73.39340966407958
133	3.3067696454052253
134	3.3067696454052253
135	3.3067696454052253
136	51.10852663016276
137	51.10852663016276
138	51.10852663016276
139	126.50939255305454
140	126.50939255305454
141	126.50939255305454
142	50.57299739514798
143	50.57299739514798
144	50.57299739514798
145	63.664833729263606
146	63.664833729263606
147	63.664833729263606
148	116.45431301172263
149	116.45431301172263
150	116.45431301172263
151	95.16483906432418
152	95.16483906432418
153	95.16483906432418
154	175.20364016240296
155	175.20364016240296
156	175.20364016240296
157	78.56722427004716
158	78.56722427004716
159	78.56722427004716
160	82.07276095497409
161	82.07276095497409
162	82.07276095497409
163	181.19863777701974
164	181.19863777701974
165	181.19863777701974
166	74.22683906182402
167	74.22683906182402
168	74.22683906182402
169	170.81725097037247
170	170.81725097037247
171	170.81725097037247
172	74.57374592679685
173	74.57374592679685
174	74.57374592679685
175	104.32684166615094
176	104.32684166615094
177	104.32684166615094
178	107.79350884073695
179	107.79350884073695
180	107.79350884073695
181	27.333119904535288
182	27.333119904535288
183	27.333119904535288
184	95.66599033983123
185	95.66599033983123
186	95.66599033983123
187	82.97346434430402
188	82.97346434430402
189	82.97346434430402
190	117.48672326340238
191	117.48672326340238
192	117.48672326340238
193	116.13945044594776
194	116.13945044594776
195	116.13945044594776
196	162.6104498488865
197	162.6104498488865
198	162.6104498488865
199	134.14848081835717
200	134.14848081835717
201	134.14848081835717
202	120.58717977786836
203	120.58717977786836
204	120.58717977786836
205	140.72186417780583
206	140.72186417780583
207	140.72186417780583
208	132.90461510616345
209	132.90461510616345
210	132.90461510616345
211	82.18761160932254
212	82.18761160932254
213	82.18761160932254
214	41.602743759406614
215	41.602743759406614
216	41.602743759406614
217	37.86443989790692
218	37.86443989790692
219	37.86443989790692
220	106.75938940566444
221	106.75938940566444
222	106.75938940566444
223	126.76344435549275
224	126.76344435549275
225	126.76344435549275
226	96.2068202127176
227	96.2068202127176
228	96.2068202127176
229	124.92993728216982
230	124.92993728216982
231	124.92993728216982
232	126.53972554778426
233	126.53972554778426
234	126.53972554778426
235	93.43571552717962
236	93.43571552717962
237	93.43571552717962
238	117.75255465364667
239	117.75255465364667
240	117.75255465364667
241	64.84405303635953
242	64.84405303635953
243	64.84405303635953
244	111.08937189677437
245	111.08937189677437
246	111.08937189677437
247	60.75160762112036
248	60.75160762112036
249	60.75160762112036
250	35.680730883464065
251	35.680730883464065
252	35.680730883464065
253	28.894688112395137
254	28.894688112395137
255	28.894688112395137
256	57.401234566967005
257	57.401234566967005
258	57.401234566967005
259	72.79105047082078
260	72.79105047082078
261	72.79105047082078
262	19.813443033357657
263	19.813443033357657
264	19.813443033357657
265	122.38771425045434
266	122.38771425045434
267	122.38771425045434
268	109.30529583793333
269	109.30529583793333
270	109.30529583793333
271	134.09675571336754
272	134.09675571336754
273	134.09675571336754
274	119.03058119237011
275	119.03058119237011
276	119.03058119237011
277	122.44366075054603
278	122.44366075054603
279	122.44366075054603
280	102.91166646787039
281	102.91166646787039
282	102.91166646787039
283	77.25065178461647
284	77.25065178461647
285	77.25065178461647
286	48.12941855680778
287	48.12941855680778
288	48.12941855680778
289	90.94933510035627
290	90.94933510035627
291	90.94933510035627
292	129.29523687830664
293	129.29523687830664
294	129.29523687830664
295	20.438154403110673
296	20.438154403110673
297	20.438154403110673
298	88.97174908271205
299	88.97174908271205
300	88.97174908271205
301	100.24184286672106
302	100.24184286672106
303	100.24184286672106
304	109.76135581996486
305	109.76135581996486
306	109.76135581996486
307	115.73255986172515
308	115.73255986172515
309	115.73255986172515
310	105.90405600317558
311	105.90405600317558
312	105.90405600317558
313	137.0318061013581
314	137.0318061013581
315	137.0318061013581
316	141.4673612173799
317	141.4673612173799
318	141.4673612173799
319	77.74795395707453
320	77.74795395707453
321	77.74795395707453
322	103.09575171493849
323	103.09575171493849
324	103.09575171493849
325	34.010210904657065
326	34.010210904657065
327	34.010210904657065
328	34.9296447822025
329	34.9296447822025
330	34.9296447822025
331	82.81224166274605
332	82.81224166274605
333	82.81224166274605
334	148.11266112856856
335	148.11266112856856
336	148.11266112856856
337	143.99317439107347
338	143.99317439107347
339	143.99317439107347
340	106.68002318127607
341	106.68002318127607
342	106.68002318127607
343	144.26084290297734
344	144.26084290297734
345	144.26084290297734
346	96.54598799701245
347	96.54598799701245
348	96.54598799701245
349	91.23052625359595
350	91.23052625359595
351	91.23052625359595
352	79.08357723406282
353	79.08357723406282
354	79.08357723406282
355	133.66640706114913
356	133.66640706114913
357	133.66640706114913
358	94.47751816966618
359	94.47751816966618
360	94.47751816966618
361	95.04479672907556
362	95.04479672907556
363	95.04479672907556
364	127.12254075061739
365	127.12254075061739
366	127.12254075061739
367	77.85258941106801
368	77.85258941106801
369	77.85258941106801
370	88.53340549974871
371	88.53340549974871
372	88.53340549974871
373	94.14955165682622
374	94.14955165682622
375	94.14955165682622
376	57.58291132201869
377	57.58291132201869
378	57.58291132201869
379	60.30049580460883
380	60.30049580460883
381	60.30049580460883
382	99.36235263876223
383	99.36235263876223
384	99.36235263876223
385	57.072701029995095
386	57.072701029995095
387	57.072701029995095
388	93.19075604317955
389	93.19075604317955
390	93.19075604317955
391	115.33219972443439
392	115.33219972443439
393	115.33219972443439
394	47.49845284639048
395	47.49845284639048
396	47.49845284639048
397	46.69404053491754
398	46.69404053491754
399	46.69404053491754
400	73.97154149709962
401	73.97154149709962
402	73.97154149709962
403	87.32411383909964
404	87.32411383909964
405	87.32411383909964
406	49.58687224239639
407	49.58687224239639
408	49.58687224239639
409	41.5245675473963
410	41.5245675473963
411	41.5245675473963
412	61.80898148235552
413	61.80898148235552
414	61.80898148235552
415	106.41477448908964
416	106.41477448908964
417	106.41477448908964
418	85.30676756448494
419	85.30676756448494
420	85.30676756448494
421	56.780092183877294
422	56.780092183877294
423	56.780092183877294
424	81.56817725540735
425	81.56817725540735
426	81.56817725540735
427	94.16389276137495
428	94.16389276137495
429	94.16389276137495
430	161.6391689003996
431	161.6391689003996
432	161.6391689003996
433	107.500982008043
434	107.500982008043
435	107.500982008043
436	31.95752447210019
437	31.95752447210019
438	31.95752447210019
439	46.08577477493512
440	46.08577477493512
441	46.08577477493512
442	83.82490413405823
443	83.82490413405823
444	83.82490413405823
445	63.669491542570995
446	63.669491542570995
447	63.669491542570995
448	95.03562499129063
449	95.03562499129063
450	95.03562499129063
451	113.99904813641356
452	113.99904813641356
453	113.99904813641356
454	52.336630889204756
455	52.336630889204756
456	52.336630889204756
457	104.63346504158835
458	104.63346504158835
459	104.63346504158835
460	63.7463227542796
461	63.7463227542796
462	63.7463227542796
463	62.62937109346173
464	62.62937109346173
465	62.62937109346173
466	90.83324405451164
467	90.83324405451164
468	90.83324405451164
469	0.1
470	0.1
471	0.1
472	163.76339889452925
473	163.76339889452925
474	163.76339889452925
475	117.54911749818127
476	117.54911749818127
477	117.54911749818127
478	52.0158992502948
479	52.0158992502948
480	52.0158992502948
481	54.23080141196175
482	54.23080141196175
483	54.23080141196175
484	22.743116690737992
485	22.743116690737992
486	22.743116690737992
487	103.68144182596706
488	103.68144182596706
489	103.68144182596706
490	88.89985014568721
491	88.89985014568721
492	88.89985014568721
493	56.11307481956476
494	56.11307481956476
495	56.11307481956476
496	64.03660147513305
497	64.03660147513305
498	64.03660147513305
499	132.8462229529361
500	132.8462229529361
501	132.8462229529361
502	134.58334563136265
503	134.58334563136265
504	134.58334563136265
505	77.10633275844772
506	77.10633275844772
507	77.10633275844772
508	50.20900959023557
509	50.20900959023557
510	50.20900959023557
511	49.28461496773479
512	49.28461496773479
513	49.28461496773479
514	120.88824999883494
515	120.88824999883494
516	120.88824999883494
517	127.07083706147039
518	127.07083706147039
519	127.07083706147039
520	159.8752058962915
521	159.8752058962915
522	159.8752058962915
523	81.9454961232051
524	81.9454961232051
525	81.9454961232051
526	121.30322010225913
527	121.30322010225913
528	121.30322010225913
529	49.47934332442393
530	49.47934332442393
531	49.47934332442393
532	78.26476975967088
533	78.26476975967088
534	78.26476975967088
535	95.98898683565011
536	95.98898683565011
537	95.98898683565011
538	116.61321289926722
539	116.61321289926722
540	116.61321289926722
541	114.221720206798
542	114.221720206798
543	114.221720206798
544	132.1017610992403
545	132.1017610992403
546	132.1017610992403
547	184.95269383246062
548	184.95269383246062
549	184.95269383246062
550	57.589642295979054
551	57.589642295979054
552	57.589642295979054
553	145.38293151135306
554	145.38293151135306
555	145.38293151135306
556	50.02461373469974
557	50.02461373469974
558	50.02461373469974
559	104.88862605844815
560	104.88862605844815
561	104.88862605844815
562	97.00133278723914
563	97.00133278723914
564	97.00133278723914
565	96.3377195590213
566	96.3377195590213
567	96.3377195590213
568	77.042832318962
569	77.042832318962
570	77.042832318962
571	121.34992359686203
572	121.34992359686203
573	121.34992359686203
574	71.64805991843076
575	71.64805991843076
576	71.64805991843076
577	150.909529031282
578	150.909529031282
579	150.909529031282
580	47.44422780029257
581	47.44422780029257
582	47.44422780029257
583	27.331882911297008
584	27.331882911297008
585	27.331882911297008
586	84.44883823350904
587	84.44883823350904
588	84.44883823350904
589	98.03562625261947
590	98.03562625261947
591	98.03562625261947
592	98.67527832369713
593	98.67527832369713
594	98.67527832369713
595	101.93523661406464
596	101.93523661406464
597	101.93523661406464
598	105.88090706420476
599	105.88090706420476
600	105.88090706420476
601	115.68944759990961
602	115.68944759990961
603	115.68944759990961
604	125.20814673273702
605	125.20814673273702
606	125.20814673273702
607	101.69135350944089
608	101.69135350944089
609	101.69135350944089
610	60.79011717892972
611	60.79011717892972
612	60.79011717892972
613	68.7870420723093
614	68.7870420723093
615	68.7870420723093
616	110.41977991465652
617	110.41977991465652
618	110.41977991465652
619	104.64178452460452
620	104.64178452460452
621	104.64178452460452
622	107.66693194162492
623	107.66693194162492
624	107.66693194162492
625	96.65050610226301
626	96.65050610226301
627	96.65050610226301
628	64.15668080923898
629	64.15668080923898
630	64.15668080923898
631	117.19234284002583
632	117.19234284002583
633	117.19234284002583
634	61.075324753187715
635	61.075324753187715
636	61.075324753187715
637	94.35775900770446
638	94.35775900770446
639	94.35775900770446
640	76.10834073131953
641	76.10834073131953
642	76.10834073131953
643	82.07499648049244
644	82.07499648049244
645	82.07499648049244
646	43.337847853987945
647	43.337847853987945
648	43.337847853987945
649	98.90658448227165
650	98.90658448227165
651	98.90658448227165
652	63.41825371621211
653	63.41825371621211
654	63.41825371621211
655	95.02061752086034
656	95.02061752086034
657	95.02061752086034
658	138.90786455117274
659	138.90786455117274
660	138.90786455117274
661	79.9015839243497
662	79.9015839243497
663	79.9015839243497
664	93.98440012126075
665	93.98440012126075
666	93.98440012126075
667	74.30626565543582
668	74.30626565543582
669	74.30626565543582
670	60.51677494140268
671	60.51677494140268
672	60.51677494140268
673	109.69166598171988
674	109.69166598171988
675	109.69166598171988
676	66.87482556539678
677	66.87482556539678
678	66.87482556539678
679	119.95197881895035
680	119.95197881895035
681	119.95197881895035
682	58.32891424823117
683	58.32891424823117
684	58.32891424823117
685	107.04541608543231
686	107.04541608543231
687	107.04541608543231
688	89.90620224824971
689	89.90620224824971
690	89.90620224824971
691	38.733043196978635
692	38.733043196978635
693	38.733043196978635
694	113.03903639132744
695	113.03903639132744
696	113.03903639132744
697	113.03310177831611
698	113.03310177831611
699	113.03310177831611
700	69.2265806971902
701	69.2265806971902
702	69.2265806971902
703	66.71240868952188
704	66.71240868952188
705	66.71240868952188
706	89.97049893298775
707	89.97049893298775
708	89.97049893298775
709	73.49114129908806
710	73.49114129908806
711	73.49114129908806
712	50.30970409655719
713	50.30970409655719
714	50.30970409655719
715	89.79739448789154
716	89.79739448789154
717	89.79739448789154
718	63.1598379467211
719	63.1598379467211
720	63.1598379467211
721	91.95305831253096
722	91.95305831253096
723	91.95305831253096
724	97.07920806615603
725	97.07920806615603
726	97.07920806615603
727	65.70150926285747
728	65.70150926285747
729	65.70150926285747
730	69.23676147976819
731	69.23676147976819
732	69.23676147976819
733	69.14784070415772
734	69.14784070415772
735	69.14784070415772
736	172.69397457378398
737	172.69397457378398
738	172.69397457378398
739	77.53901944257244
740	77.53901944257244
741	77.53901944257244
742	90.79990368281689
743	90.79990368281689
744	130.33731066910542
745	130.33731066910542
746	130.33731066910542
747	86.39849913081245
748	86.39849913081245
749	86.39849913081245
750	117.25170506611246
751	117.25170506611246
752	117.25170506611246
753	119.40854116560598
754	119.40854116560598
755	119.40854116560598
756	166.78703589353637
757	166.78703589353637
758	98.51431320245486
759	98.51431320245486
760	98.51431320245486
761	105.24795968087311
762	105.24795968087311
763	105.24795968087311
764	103.45382279263066
765	103.45382279263066
766	103.45382279263066
767	71.10470657251312
768	71.10470657251312
769	71.10470657251312
770	58.73776968219595
771	58.73776968219595
772	58.73776968219595
773	117.398516865066
774	117.398516865066
775	117.398516865066
776	94.16937196122116
777	94.16937196122116
778	94.16937196122116
779	124.36915148175443
780	124.36915148175443
781	124.36915148175443
782	72.40825096015372
783	72.40825096015372
784	72.40825096015372
785	97.40888446625162
786	97.40888446625162
787	97.40888446625162
788	174.82572347365675
789	174.82572347365675
790	174.82572347365675
791	84.94239682476503
792	84.94239682476503
793	84.94239682476503
794	195.76779865897527
795	195.76779865897527
796	195.76779865897527
797	79.47280182434552
798	79.47280182434552
799	79.47280182434552
800	70.50144423077373
801	70.50144423077373
802	70.50144423077373
803	62.83438949463965
804	62.83438949463965
805	62.83438949463965
806	73.42438515135566
807	73.42438515135566
808	73.42438515135566
809	105.57583931069915
810	105.57583931069915
811	105.57583931069915
812	115.40303153036402
813	115.40303153036402
814	115.40303153036402
815	118.96727603229476
816	118.96727603229476
817	118.96727603229476
818	48.15545964112836
819	48.15545964112836
820	48.15545964112836
821	98.89430090894966
822	98.89430090894966
823	98.89430090894966
824	86.39320552027439
825	86.39320552027439
826	86.39320552027439
827	45.12105917898479
828	45.12105917898479
829	45.12105917898479
830	100.33011191151878
831	100.33011191151878
832	100.33011191151878
833	48.761326429495796
834	48.761326429495796
835	48.761326429495796
836	137.64837479758896
837	137.64837479758896
838	137.64837479758896
839	70.55285013534368
840	70.55285013534368
841	70.55285013534368
842	140.78556234078772
843	140.78556234078772
844	140.78556234078772
845	113.05084712986911
846	113.05084712986911
847	113.05084712986911
848	57.077375992442605
849	57.077375992442605
850	57.077375992442605
851	102.48991498874965
852	102.48991498874965
853	102.48991498874965
854	189.5391210173325
855	189.5391210173325
856	189.5391210173325
857	130.29769691485532
858	130.29769691485532
859	130.29769691485532
860	101.28675301656845
861	101.28675301656845
862	101.28675301656845
863	104.84194336051058
864	104.84194336051058
865	104.84194336051058
866	85.384688025555
867	85.384688025555
868	85.384688025555
869	127.40544208872855
870	127.40544208872855
871	127.40544208872855
872	64.28489454769488
873	64.28489454769488
874	64.28489454769488
875	23.322125456051708
876	23.322125456051708
877	23.322125456051708
878	79.718346469008
879	79.718346469008
880	79.718346469008
881	75.87734262621494
882	75.87734262621494
883	75.87734262621494
884	158.98033418693296
885	158.98033418693296
886	158.98033418693296
887	74.71306566360383
888	74.71306566360383
889	74.71306566360383
890	92.71768454531218
891	92.71768454531218
892	92.71768454531218
893	135.56785109651912
894	135.56785109651912
895	135.56785109651912
896	50.154301326191224
897	50.154301326191224
898	50.154301326191224
899	135.51558467387292
900	135.51558467387292
901	135.51558467387292
902	140.2852249659921
903	140.2852249659921
904	140.2852249659921
905	36.561165583307165
906	36.561165583307165
907	36.561165583307165
908	82.21590471031136
909	82.21590471031136
910	82.21590471031136
911	122.64861555457908
912	122.64861555457908
913	122.64861555457908
914	132.63485565247336
915	132.63485565247336
916	132.63485565247336
917	145.1353007982263
918	145.1353007982263
919	145.1353007982263
920	86.12202775096308
921	86.12202775096308
922	86.12202775096308
923	0.1
924	0.1
925	0.1
926	60.94713583463672
927	60.94713583463672
928	60.94713583463672
929	107.57393407159435
930	107.57393407159435
931	107.57393407159435
932	53.46504268718534
933	53.46504268718534
934	53.46504268718534
935	52.57671513616322
936	52.57671513616322
937	52.57671513616322
938	124.54275897396724
939	124.54275897396724
940	124.54275897396724
941	134.55186853040254
942	134.55186853040254
943	134.55186853040254
944	91.04360107375754
945	91.04360107375754
946	91.04360107375754
947	60.452835337405105
948	60.452835337405105
949	60.452835337405105
950	102.78191171445478
951	102.78191171445478
952	102.78191171445478
953	46.2975716070494
954	46.2975716070494
955	46.2975716070494
956	68.77639542303088
957	68.77639542303088
958	68.77639542303088
959	72.32801099704244
960	72.32801099704244
961	72.32801099704244
962	150.3441882186089
963	150.3441882186089
964	150.3441882186089
965	126.12758208554695
966	126.12758208554695
967	126.12758208554695
968	58.25612836058403
969	58.25612836058403
970	58.25612836058403
971	135.88433064536244
972	135.88433064536244
973	135.88433064536244
974	77.36686815933275
975	77.36686815933275
976	77.36686815933275
977	58.08850544804462
978	58.08850544804462
979	58.08850544804462
980	32.60540650899201
981	32.60540650899201
982	32.60540650899201
983	116.58101236719367
984	116.58101236719367
985	116.58101236719367
986	33.12796474144979
987	33.12796474144979
988	33.12796474144979
989	134.12924897468642
990	134.12924897468642
991	134.12924897468642
992	85.12340715786277
993	85.12340715786277
994	85.12340715786277
995	93.24964920747482
996	93.24964920747482
997	93.24964920747482
998	84.06217468689968
999	84.06217468689968
1000	84.06217468689968
1001	84.9834583450561
1002	84.9834583450561
1003	84.9834583450561
1004	50.61009754592687
1005	50.61009754592687
1006	50.61009754592687
1007	93.81787745806957
1008	93.81787745806957
1009	93.81787745806957
1010	68.29547740062296
1011	68.29547740062296
1012	68.29547740062296
1013	106.77390535732688
1014	106.77390535732688
1015	106.77390535732688
1016	38.91190740463691
1017	38.91190740463691
1018	38.91190740463691
1019	83.9991565803724
1020	83.9991565803724
1021	83.9991565803724
1022	88.36987637388145
1023	88.36987637388145
1024	88.36987637388145
1025	103.57623770100774
1026	103.57623770100774
1027	103.57623770100774
1028	126.08414607535728
1029	126.08414607535728
1030	126.08414607535728
1031	122.14759475214765
1032	122.14759475214765
1033	122.14759475214765
1034	100.54774765350999
1035	100.54774765350999
1036	100.54774765350999
1037	63.399804165698725
1038	63.399804165698725
1039	63.399804165698725
1040	128.61605008334712
1041	128.61605008334712
1042	128.61605008334712
1043	60.5553157162046
1044	60.5553157162046
1045	60.5553157162046
1046	128.7750941980216
1047	128.7750941980216
1048	128.7750941980216
1049	100.7981299613129
1050	100.7981299613129
1051	100.7981299613129
1052	87.33886339471111
1053	87.33886339471111
1054	87.33886339471111
1055	165.60372092636732
1056	165.60372092636732
1057	165.60372092636732
1058	83.41363146426598
1059	83.41363146426598
1060	83.41363146426598
1061	60.718353145576955
1062	60.718353145576955
1063	60.718353145576955
1064	79.11384236818819
1065	79.11384236818819
1066	79.11384236818819
1067	106.49142255789924
1068	106.49142255789924
1069	106.49142255789924
1070	102.42608356795148
1071	102.42608356795148
1072	102.42608356795148
1073	49.58858093431654
1074	49.58858093431654
1075	49.58858093431654
1076	92.97923535905201
1077	92.97923535905201
1078	92.97923535905201
1079	141.57331957941983
1080	141.57331957941983
1081	141.57331957941983
1082	88.1600466143853
1083	88.1600466143853
1084	88.1600466143853
1085	96.30587047211863
1086	96.30587047211863
1087	96.30587047211863
1088	96.4290669190081
1089	96.4290669190081
1090	96.4290669190081
1091	77.53365369051096
1092	77.53365369051096
1093	77.53365369051096
1094	106.78556176779531
1095	106.78556176779531
1096	106.78556176779531
1097	124.67040385348734
1098	124.67040385348734
1099	124.67040385348734
1100	97.54299454040483
1101	97.54299454040483
1102	97.54299454040483
1103	195.86032570529466
1104	195.86032570529466
1105	195.86032570529466
1106	54.450232436130456
1107	54.450232436130456
1108	54.450232436130456
1109	97.48503192399154
1110	97.48503192399154
1111	97.48503192399154
1112	120.11530051367741
1113	120.11530051367741
1114	120.11530051367741
1115	109.9565894924425
1116	109.9565894924425
1117	109.9565894924425
1118	40.173680948287405
1119	40.173680948287405
1120	40.173680948287405
1121	53.40489649581151
1122	53.40489649581151
1123	53.40489649581151
1124	78.31708659399949
1125	78.31708659399949
1126	78.31708659399949
1127	136.56816434864206
1128	136.56816434864206
1129	136.56816434864206
1130	114.99614916734681
1131	114.99614916734681
1132	114.99614916734681
1133	60.38720934557179
1134	60.38720934557179
1135	60.38720934557179
1136	58.75249108752756
1137	58.75249108752756
1138	58.75249108752756
1139	84.13307711981722
1140	84.13307711981722
1141	84.13307711981722
1142	26.967213220947002
1143	26.967213220947002
1144	26.967213220947002
1145	24.622275385986626
1146	24.622275385986626
1147	24.622275385986626
1148	53.988199265025486
1149	53.988199265025486
1150	53.988199265025486
1151	64.91696643193929
1152	64.91696643193929
1153	64.91696643193929
1154	107.01892491901981
1155	107.01892491901981
1156	107.01892491901981
1157	87.2434738574199
1158	87.2434738574199
1159	87.2434738574199
1160	54.85527844796755
1161	54.85527844796755
1162	54.85527844796755
1163	108.54005167017154
1164	108.54005167017154
1165	108.54005167017154
1166	63.58175712077936
1167	63.58175712077936
1168	63.58175712077936
1169	89.05669067498307
1170	89.05669067498307
1171	89.05669067498307
1172	133.49440656128692
1173	133.49440656128692
1174	133.49440656128692
1175	60.26182212095854
1176	60.26182212095854
1177	60.26182212095854
1178	120.64163684011993
1179	120.64163684011993
1180	120.64163684011993
1181	80.08243007155774
1182	80.08243007155774
1183	80.08243007155774
1184	114.23762733313026
1185	114.23762733313026
1186	114.23762733313026
1187	173.18936467195428
1188	173.18936467195428
1189	173.18936467195428
1190	30.442623118504244
1191	30.442623118504244
1192	30.442623118504244
1193	146.29971200408443
1194	146.29971200408443
1195	146.29971200408443
1196	110.44861397063565
1197	110.44861397063565
1198	110.44861397063565
1199	89.58223630549563
1200	89.58223630549563
1201	89.58223630549563
1202	143.3238952859228
1203	143.3238952859228
1204	143.3238952859228
1205	116.01575838802893
1206	116.01575838802893
1207	116.01575838802893
1208	77.60272426304681
1209	77.60272426304681
1210	77.60272426304681
1211	63.93170207782285
1212	63.93170207782285
1213	63.93170207782285
1214	94.72019795180333
1215	94.72019795180333
1216	94.72019795180333
1217	24.390067124365665
1218	24.390067124365665
1219	24.390067124365665
1220	98.63716159821664
1221	98.63716159821664
1222	98.63716159821664
1223	152.4682058444988
1224	152.4682058444988
1225	152.4682058444988
1226	87.6250355646302
1227	87.6250355646302
1228	87.6250355646302
1229	100.82441377532797
1230	100.82441377532797
1231	100.82441377532797
1232	32.064305896458634
1233	32.064305896458634
1234	32.064305896458634
1235	45.612782985046515
1236	45.612782985046515
1237	45.612782985046515
1238	32.095733134688004
1239	32.095733134688004
1240	32.095733134688004
1241	68.0016631039168
1242	68.0016631039168
1243	68.0016631039168
1244	103.22751989986259
1245	103.22751989986259
1246	103.22751989986259
1247	82.54750311885086
1248	82.54750311885086
1249	82.54750311885086
1250	114.68166372009775
1251	114.68166372009775
1252	114.68166372009775
1253	67.54766080127874
1254	67.54766080127874
1255	67.54766080127874
1256	65.80806058744952
1257	65.80806058744952
1258	65.80806058744952
1259	64.23127793343518
1260	64.23127793343518
1261	64.23127793343518
1262	78.41263157182024
1263	78.41263157182024
1264	78.41263157182024
1265	124.72770614931329
1266	124.72770614931329
1267	124.72770614931329
1268	68.60077018629944
1269	68.60077018629944
1270	68.60077018629944
1271	81.28624003159146
1272	81.28624003159146
1273	81.28624003159146
1274	155.05710765305383
1275	155.05710765305383
1276	155.05710765305383
1277	69.2366273486728
1278	69.2366273486728
1279	69.2366273486728
1280	115.37266363321395
1281	115.37266363321395
1282	115.37266363321395
1283	115.85251870345216
1284	115.85251870345216
1285	115.85251870345216
1286	105.9024931814847
1287	105.9024931814847
1288	105.9024931814847
1289	67.41787699584003
1290	67.41787699584003
1291	67.41787699584003
1292	56.00188338575106
1293	56.00188338575106
1294	56.00188338575106
1295	43.35682944383218
1296	43.35682944383218
1297	43.35682944383218
1298	52.26510561095635
1299	52.26510561095635
1300	52.26510561095635
1301	29.03997473952184
1302	29.03997473952184
1303	29.03997473952184
1304	119.55321913814548
1305	119.55321913814548
1306	119.55321913814548
1307	6.014773783201079
1308	6.014773783201079
1309	6.014773783201079
1310	90.80093135470003
1311	90.80093135470003
1312	90.80093135470003
1313	0.1
1314	0.1
1315	0.1
1316	97.56543423500882
1317	97.56543423500882
1318	97.56543423500882
1319	102.48996567256034
1320	102.48996567256034
1321	102.48996567256034
1322	35.301665792257005
1323	35.301665792257005
1324	35.301665792257005
1325	85.54644064231205
1326	85.54644064231205
1327	85.54644064231205
1328	93.05706247138703
1329	93.05706247138703
1330	93.05706247138703
1331	87.92054846210029
1332	87.92054846210029
1333	87.92054846210029
1334	85.56494469651054
1335	85.56494469651054
1336	85.56494469651054
1337	76.48646731192144
1338	76.48646731192144
1339	76.48646731192144
1340	74.70587794918247
1341	74.70587794918247
1342	74.70587794918247
1343	50.01162913074675
1344	50.01162913074675
1345	50.01162913074675
1346	107.00071405101428
1347	107.00071405101428
1348	107.00071405101428
1349	76.06649198926786
1350	76.06649198926786
1351	76.06649198926786
1352	106.29339604333805
1353	106.29339604333805
1354	106.29339604333805
1355	156.13871104227238
1356	156.13871104227238
1357	156.13871104227238
1358	120.00699133026924
1359	120.00699133026924
1360	120.00699133026924
1361	97.80938814319025
1362	97.80938814319025
1363	97.80938814319025
1364	81.6598441802853
1365	81.6598441802853
1366	81.6598441802853
1367	142.96861085296683
1368	142.96861085296683
1369	142.96861085296683
1370	57.216342056432524
1371	57.216342056432524
1372	57.216342056432524
1373	103.30157519993313
1374	103.30157519993313
1375	103.30157519993313
1376	50.975581988128816
1377	50.975581988128816
1378	50.975581988128816
1379	104.28592629175353
1380	104.28592629175353
1381	104.28592629175353
1382	131.99301238839297
1383	131.99301238839297
1384	131.99301238839297
1385	104.50571695695959
1386	104.50571695695959
1387	104.50571695695959
1388	81.87881098083743
1389	81.87881098083743
1390	81.87881098083743
1391	44.96122011649248
1392	44.96122011649248
1393	44.96122011649248
1394	49.22090350710042
1395	49.22090350710042
1396	49.22090350710042
1397	54.487486217843525
1398	54.487486217843525
1399	54.487486217843525
1400	64.91693970136865
1401	64.91693970136865
1402	64.91693970136865
1403	98.2341906891768
1404	98.2341906891768
1405	98.2341906891768
1406	84.62048359432092
1407	84.62048359432092
1408	84.62048359432092
1409	66.96607062597991
1410	66.96607062597991
1411	66.96607062597991
1412	93.2611890449466
1413	93.2611890449466
1414	93.2611890449466
1415	28.26758274078081
1416	28.26758274078081
1417	28.26758274078081
1418	47.106276739138465
1419	47.106276739138465
1420	47.106276739138465
1421	104.68502992698329
1422	104.68502992698329
1423	104.68502992698329
1424	85.85650389000018
1425	85.85650389000018
1426	85.85650389000018
1427	50.01721686487196
1428	50.01721686487196
1429	50.01721686487196
1430	70.5180622628232
1431	70.5180622628232
1432	70.5180622628232
1433	128.0040230873414
1434	128.0040230873414
1435	128.0040230873414
1436	37.94451847312734
1437	37.94451847312734
1438	37.94451847312734
1439	30.899890433525826
1440	30.899890433525826
1441	30.899890433525826
1442	35.28472884077415
1443	35.28472884077415
1444	35.28472884077415
1445	117.84276044721224
1446	117.84276044721224
1447	117.84276044721224
1448	123.0429655276408
1449	123.0429655276408
1450	123.0429655276408
1451	107.38960602028351
1452	107.38960602028351
1453	107.38960602028351
1454	80.28733402295727
1455	80.28733402295727
1456	80.28733402295727
1457	118.44441507357732
1458	118.44441507357732
1459	118.44441507357732
1460	37.74139455377083
1461	37.74139455377083
1462	37.74139455377083
1463	14.379555330786346
1464	14.379555330786346
1465	14.379555330786346
1466	101.30060375263346
1467	101.30060375263346
1468	101.30060375263346
1469	111.62479655342457
1470	111.62479655342457
1471	111.62479655342457
1472	91.9001128209132
1473	91.9001128209132
1474	91.9001128209132
1475	103.49543738774499
1476	103.49543738774499
1477	103.49543738774499
1478	80.14882688932126
1479	80.14882688932126
1480	80.14882688932126
1481	39.95484746955641
1482	39.95484746955641
1483	39.95484746955641
1484	131.94749076764427
1485	131.94749076764427
1486	131.94749076764427
1487	115.74474964361937
1488	115.74474964361937
1489	115.74474964361937
1490	127.45595622310658
1491	127.45595622310658
1492	127.45595622310658
1493	3.3717275579380726
1494	3.3717275579380726
1495	3.3717275579380726
1496	56.21779843123652
1497	56.21779843123652
1498	56.21779843123652
1499	83.52730652667385
1500	83.52730652667385
1501	83.52730652667385
1502	110.45524275742686
1503	110.45524275742686
1504	110.45524275742686
1505	155.96312249759995
1506	155.96312249759995
1507	155.96312249759995
1508	123.67602598472341
1509	123.67602598472341
1510	123.67602598472341
1511	149.2057376688715
1512	149.2057376688715
1513	149.2057376688715
1514	62.00325379803254
1515	62.00325379803254
1516	62.00325379803254
1517	105.91743538403277
1518	105.91743538403277
1519	105.91743538403277
1520	107.73066054233864
1521	107.73066054233864
1522	107.73066054233864
1523	99.1827998107032
1524	99.1827998107032
1525	99.1827998107032
1526	160.29493314130912
1527	160.29493314130912
1528	160.29493314130912
1529	101.13315857480126
1530	101.13315857480126
1531	101.13315857480126
1532	84.9773131059988
1533	84.9773131059988
1534	84.9773131059988
1535	41.45112300202751
1536	41.45112300202751
1537	41.45112300202751
1538	87.92386006147065
1539	87.92386006147065
1540	87.92386006147065
1541	75.63608064684173
1542	75.63608064684173
1543	75.63608064684173
1544	183.88246834490928
1545	183.88246834490928
1546	183.88246834490928
1547	60.99297584543608
1548	60.99297584543608
1549	60.99297584543608
1550	59.412992488271456
1551	59.412992488271456
1552	59.412992488271456
1553	130.3948375700836
1554	130.3948375700836
1555	130.3948375700836
1556	130.35432015613364
1557	130.35432015613364
1558	130.35432015613364
1559	34.93429828780535
1560	34.93429828780535
1561	34.93429828780535
1562	129.04329513162736
1563	129.04329513162736
1564	129.04329513162736
1565	69.20510849964768
1566	69.20510849964768
1567	69.20510849964768
1568	75.33050534956276
1569	75.33050534956276
1570	75.33050534956276
1571	56.32263285527057
1572	56.32263285527057
1573	56.32263285527057
1574	135.82442358998694
1575	135.82442358998694
1576	135.82442358998694
1577	147.60582470479676
1578	147.60582470479676
1579	147.60582470479676
1580	84.29420580721954
1581	84.29420580721954
1582	84.29420580721954
1583	66.70971595771645
1584	66.70971595771645
1585	66.70971595771645
1586	127.73055755239315
1587	127.73055755239315
1588	127.73055755239315
1589	82.60331712953652
1590	82.60331712953652
1591	82.60331712953652
1592	139.8388466453452
1593	139.8388466453452
1594	139.8388466453452
1595	54.34302876684162
1596	54.34302876684162
1597	54.34302876684162
1598	90.43621233230076
1599	90.43621233230076
1600	90.43621233230076
1601	83.9971737296107
1602	83.9971737296107
1603	83.9971737296107
1604	95.02369817827052
1605	95.02369817827052
1606	95.02369817827052
1607	51.417028999222715
1608	51.417028999222715
1609	51.417028999222715
1610	59.69243398696338
1611	59.69243398696338
1612	59.69243398696338
1613	77.49164394985749
1614	77.49164394985749
1615	77.49164394985749
1616	36.86907044482455
1617	36.86907044482455
1618	36.86907044482455
1619	95.6239136638483
1620	95.6239136638483
1621	95.6239136638483
1622	104.28167152008153
1623	104.28167152008153
1624	104.28167152008153
1625	18.297262342591267
1626	18.297262342591267
1627	18.297262342591267
1628	80.11430348870906
1629	80.11430348870906
1630	80.11430348870906
1631	0.1
1632	0.1
1633	0.1
1634	58.97009282856132
1635	58.97009282856132
1636	58.97009282856132
1637	86.19898594422756
1638	86.19898594422756
1639	86.19898594422756
1640	109.58040121855495
1641	109.58040121855495
1642	109.58040121855495
1643	82.5196848334317
1644	82.5196848334317
1645	82.5196848334317
1646	92.83847284839935
1647	92.83847284839935
1648	92.83847284839935
1649	73.49146129160458
1650	73.49146129160458
1651	73.49146129160458
1652	19.57053821609027
1653	19.57053821609027
1654	19.57053821609027
1655	71.55702439892401
1656	71.55702439892401
1657	71.55702439892401
1658	89.67305252247681
1659	89.67305252247681
1660	89.67305252247681
1661	68.6089233376886
1662	68.6089233376886
1663	68.6089233376886
1664	52.636312030491304
1665	52.636312030491304
1666	52.636312030491304
1667	101.55457293382109
1668	101.55457293382109
1669	101.55457293382109
1670	59.35616930744224
1671	59.35616930744224
1672	59.35616930744224
1673	83.76326873822525
1674	83.76326873822525
1675	83.76326873822525
1676	65.54132909575475
1677	65.54132909575475
1678	65.54132909575475
1679	72.4756065549636
1680	72.4756065549636
1681	72.4756065549636
1682	109.83235735928696
1683	109.83235735928696
1684	109.83235735928696
1685	91.54658918301155
1686	91.54658918301155
1687	91.54658918301155
1688	133.865287232895
1689	133.865287232895
1690	133.865287232895
1691	85.69331934227309
1692	85.69331934227309
1693	85.69331934227309
1694	39.272471462383265
1695	39.272471462383265
1696	39.272471462383265
1697	63.69822001498886
1698	63.69822001498886
1699	63.69822001498886
1700	97.74261052306768
1701	97.74261052306768
1702	97.74261052306768
1703	130.17931889880302
1704	130.17931889880302
1705	130.17931889880302
1706	50.79779510151498
1707	50.79779510151498
1708	50.79779510151498
1709	79.94944520234844
1710	79.94944520234844
1711	79.94944520234844
1712	20.2003561332491
1713	20.2003561332491
1714	20.2003561332491
1715	79.54298689646117
1716	79.54298689646117
1717	79.54298689646117
1718	47.380673014367005
1719	47.380673014367005
1720	47.380673014367005
1721	24.59446794531938
1722	24.59446794531938
1723	24.59446794531938
1724	33.4835125554609
1725	33.4835125554609
1726	33.4835125554609
1727	97.22922652417564
1728	97.22922652417564
1729	97.22922652417564
1730	157.58219597910167
1731	157.58219597910167
1732	157.58219597910167
1733	43.80276277794066
1734	43.80276277794066
1735	43.80276277794066
1736	127.52449698446614
1737	127.52449698446614
1738	127.52449698446614
1739	108.6052478739837
1740	108.6052478739837
1741	108.6052478739837
1742	6.414124053089168
1743	6.414124053089168
1744	6.414124053089168
1745	136.76501803393774
1746	136.76501803393774
1747	136.76501803393774
1748	101.23591870218908
1749	101.23591870218908
1750	101.23591870218908
1751	73.18398349035989
1752	73.18398349035989
1753	73.18398349035989
1754	38.025193244101175
1755	38.025193244101175
1756	38.025193244101175
1757	76.73321862058951
1758	76.73321862058951
1759	76.73321862058951
1760	156.9462562979179
1761	156.9462562979179
1762	156.9462562979179
1763	109.86794797607683
1764	109.86794797607683
1765	109.86794797607683
1766	81.11669992307472
1767	81.11669992307472
1768	81.11669992307472
1769	76.51307061220791
1770	76.51307061220791
1771	76.51307061220791
1772	65.47230799077424
1773	65.47230799077424
1774	65.47230799077424
1775	61.52095145623774
1776	61.52095145623774
1777	61.52095145623774
1778	59.12575606592246
1779	59.12575606592246
1780	59.12575606592246
1781	148.89357193893235
1782	148.89357193893235
1783	148.89357193893235
1784	104.10318681700838
1785	104.10318681700838
1786	104.10318681700838
1787	134.53505150426437
1788	134.53505150426437
1789	134.53505150426437
1790	99.11906118792548
1791	99.11906118792548
1792	99.11906118792548
1793	107.82409101544695
1794	107.82409101544695
1795	107.82409101544695
1796	32.9104894460497
1797	32.9104894460497
1798	32.9104894460497
1799	86.63215140641154
1800	86.63215140641154
1801	86.63215140641154
1802	101.58363564738895
1803	101.58363564738895
1804	101.58363564738895
1805	79.44152267730787
1806	79.44152267730787
1807	79.44152267730787
1808	56.28482753289154
1809	56.28482753289154
1810	56.28482753289154
1811	66.90931227689174
1812	66.90931227689174
1813	66.90931227689174
1814	80.61320132152623
1815	80.61320132152623
1816	80.61320132152623
1817	156.32610023856512
1818	156.32610023856512
1819	156.32610023856512
1820	130.46677212280906
1821	130.46677212280906
1822	130.46677212280906
1823	74.55540950268251
1824	74.55540950268251
1825	74.55540950268251
1826	28.703373587278122
1827	28.703373587278122
1828	28.703373587278122
1829	117.46386339571055
1830	117.46386339571055
1831	117.46386339571055
1832	99.8044777906711
1833	99.8044777906711
1834	99.8044777906711
1835	95.10758933858196
1836	95.10758933858196
1837	95.10758933858196
1838	108.0783657861925
1839	108.0783657861925
1840	108.0783657861925
1841	24.31014077735822
1842	24.31014077735822
1843	24.31014077735822
1844	93.53491673165608
1845	93.53491673165608
1846	93.53491673165608
1847	140.35233021177055
1848	140.35233021177055
1849	140.35233021177055
1850	84.03603670989344
1851	84.03603670989344
1852	84.03603670989344
1853	42.14579655571585
1854	42.14579655571585
1855	42.14579655571585
1856	96.01020659603445
1857	96.01020659603445
1858	96.01020659603445
1859	141.96904952922338
1860	141.96904952922338
1861	141.96904952922338
1862	123.70039134924193
1863	123.70039134924193
1864	123.70039134924193
1865	150.23218767567042
1866	150.23218767567042
1867	150.23218767567042
1868	88.66459622819185
1869	88.66459622819185
1870	88.66459622819185
1871	113.36125448561187
1872	113.36125448561187
1873	113.36125448561187
1874	104.51936179273314
1875	104.51936179273314
1876	104.51936179273314
1877	45.2151491578684
1878	45.2151491578684
1879	45.2151491578684
1880	72.93256817107512
1881	72.93256817107512
1882	72.93256817107512
1883	89.27117608313897
1884	89.27117608313897
1885	89.27117608313897
1886	81.0087524475998
1887	81.0087524475998
1888	81.0087524475998
1889	151.3960645293305
1890	151.3960645293305
1891	151.3960645293305
1892	73.68194302997192
1893	73.68194302997192
1894	73.68194302997192
1895	66.15339819882479
1896	66.15339819882479
1897	66.15339819882479
1898	33.69750676626208
1899	33.69750676626208
1900	33.69750676626208
1901	4.998469452511685
1902	4.998469452511685
1903	4.998469452511685
1904	64.52700859618326
