0	45.14701882110717
1	45.14701882110717
2	45.14701882110717
3	45.14701882110717
4	45.14701882110717
5	45.14701882110717
6	49.35756238762025
7	49.35756238762025
8	49.35756238762025
9	49.35756238762025
10	49.35756238762025
11	49.35756238762025
12	47.05564051327824
13	47.05564051327824
14	47.05564051327824
15	40.36971382253196
16	40.36971382253196
17	40.36971382253196
18	40.36971382253196
19	40.36971382253196
20	40.36971382253196
21	43.456107908513616
22	43.456107908513616
23	43.456107908513616
24	43.456107908513616
25	43.456107908513616
26	43.456107908513616
27	38.587194641424475
28	38.587194641424475
29	38.587194641424475
30	38.587194641424475
31	38.587194641424475
32	38.587194641424475
33	49.56127390396813
34	49.56127390396813
35	49.56127390396813
36	49.56127390396813
37	49.56127390396813
38	49.56127390396813
39	44.33899720275906
40	44.33899720275906
41	44.33899720275906
42	44.33899720275906
43	44.33899720275906
44	44.33899720275906
45	46.175960408851864
46	46.175960408851864
47	46.175960408851864
48	46.175960408851864
49	46.175960408851864
50	46.175960408851864
51	40.9823742022848
52	40.9823742022848
53	40.9823742022848
54	40.9823742022848
55	40.9823742022848
56	40.9823742022848
57	41.820036445066975
58	41.820036445066975
59	41.820036445066975
60	41.820036445066975
61	41.820036445066975
62	41.820036445066975
63	47.08506811626107
64	47.08506811626107
65	47.08506811626107
66	47.08506811626107
67	47.08506811626107
68	47.08506811626107
69	45.524102573162764
70	45.524102573162764
71	45.524102573162764
72	45.524102573162764
73	45.524102573162764
74	45.524102573162764
75	43.31093080959254
76	43.31093080959254
77	43.31093080959254
78	43.31093080959254
79	43.31093080959254
80	43.31093080959254
81	44.74531328702205
82	44.74531328702205
83	44.74531328702205
84	44.74531328702205
85	44.74531328702205
86	44.74531328702205
87	44.32432155768521
88	44.32432155768521
89	44.32432155768521
90	44.32432155768521
91	44.32432155768521
92	44.32432155768521
93	49.71011977057386
94	49.71011977057386
95	49.71011977057386
96	49.71011977057386
97	49.71011977057386
98	49.71011977057386
99	49.603399197517355
100	49.603399197517355
101	49.603399197517355
102	49.603399197517355
103	49.603399197517355
104	49.603399197517355
105	42.52977703828732
106	42.52977703828732
107	42.52977703828732
108	42.52977703828732
109	42.52977703828732
110	42.52977703828732
111	45.1761292033252
112	45.1761292033252
113	45.1761292033252
114	45.1761292033252
115	45.1761292033252
116	45.1761292033252
117	37.91343861827121
118	37.91343861827121
119	37.91343861827121
120	37.91343861827121
121	37.91343861827121
122	37.91343861827121
123	43.23941831657958
124	43.23941831657958
125	43.23941831657958
126	43.23941831657958
127	43.23941831657958
128	43.23941831657958
129	37.58838257306331
130	37.58838257306331
131	37.58838257306331
132	37.58838257306331
133	37.58838257306331
134	37.58838257306331
135	49.320367991240715
136	49.320367991240715
137	49.320367991240715
138	49.320367991240715
139	49.320367991240715
140	49.320367991240715
141	45.89808989646521
142	45.89808989646521
143	45.89808989646521
144	45.89808989646521
145	45.89808989646521
146	45.89808989646521
147	39.26183435207071
148	39.26183435207071
149	39.26183435207071
150	39.26183435207071
151	39.26183435207071
152	39.26183435207071
153	44.09323982815023
154	44.09323982815023
155	44.09323982815023
156	44.09323982815023
157	44.09323982815023
158	44.09323982815023
159	45.91683644535843
160	45.91683644535843
161	45.91683644535843
162	45.91683644535843
163	45.91683644535843
164	45.91683644535843
165	46.48087820528655
166	46.48087820528655
167	46.48087820528655
168	46.48087820528655
169	46.48087820528655
170	46.48087820528655
171	40.24466619664811
172	40.24466619664811
173	40.24466619664811
174	40.24466619664811
175	40.24466619664811
176	40.24466619664811
177	37.68304119754713
178	37.68304119754713
179	37.68304119754713
180	37.68304119754713
181	37.68304119754713
182	37.68304119754713
183	43.65052372918868
184	43.65052372918868
185	43.65052372918868
186	43.65052372918868
187	43.65052372918868
188	43.65052372918868
189	41.71973281704102
190	41.71973281704102
191	41.71973281704102
192	41.71973281704102
193	41.71973281704102
194	41.71973281704102
195	41.82823937800641
196	41.82823937800641
197	41.82823937800641
198	41.82823937800641
199	41.82823937800641
200	41.82823937800641
201	37.99899505279732
202	37.99899505279732
203	37.99899505279732
204	37.99899505279732
205	37.99899505279732
206	37.99899505279732
207	40.0328203059167
208	40.0328203059167
209	40.0328203059167
210	40.0328203059167
211	40.0328203059167
212	40.0328203059167
213	45.207111950660284
214	45.207111950660284
215	45.207111950660284
216	45.207111950660284
217	45.207111950660284
218	45.207111950660284
219	41.88312362062213
220	41.88312362062213
221	41.88312362062213
222	41.88312362062213
223	44.78972148355609
224	44.78972148355609
225	44.78972148355609
226	44.78972148355609
227	44.78972148355609
228	44.78972148355609
229	53.1528827247149
230	53.1528827247149
231	53.1528827247149
232	53.1528827247149
233	53.1528827247149
234	53.1528827247149
235	48.37758459600886
236	48.37758459600886
237	48.37758459600886
238	48.37758459600886
239	48.37758459600886
240	48.37758459600886
241	48.61764175872944
242	48.61764175872944
243	48.61764175872944
244	48.61764175872944
245	48.61764175872944
246	48.61764175872944
247	49.22196220508781
248	49.22196220508781
249	49.22196220508781
250	49.22196220508781
251	49.22196220508781
252	49.22196220508781
253	48.603789860270716
254	48.603789860270716
255	48.603789860270716
256	48.603789860270716
257	48.603789860270716
258	48.603789860270716
259	44.59268833369797
260	44.59268833369797
261	44.59268833369797
262	44.59268833369797
263	44.59268833369797
264	44.59268833369797
265	50.33941982612351
266	50.33941982612351
267	50.33941982612351
268	50.33941982612351
269	50.33941982612351
270	50.33941982612351
271	42.22803468115123
272	42.22803468115123
273	42.22803468115123
274	42.22803468115123
275	42.22803468115123
276	42.22803468115123
277	45.98169863437663
278	45.98169863437663
279	45.98169863437663
280	45.98169863437663
281	45.98169863437663
282	45.98169863437663
283	45.55143951293348
284	45.55143951293348
285	45.55143951293348
286	45.55143951293348
287	45.55143951293348
288	45.55143951293348
289	43.29632255744679
290	43.29632255744679
291	43.29632255744679
292	43.29632255744679
293	43.29632255744679
294	43.29632255744679
295	40.00100320189519
296	40.00100320189519
297	40.00100320189519
298	40.00100320189519
299	40.00100320189519
300	40.00100320189519
301	51.77742458904243
302	51.77742458904243
303	51.77742458904243
304	51.77742458904243
305	51.77742458904243
306	51.77742458904243
307	46.142678988078195
308	46.142678988078195
309	46.142678988078195
310	46.142678988078195
311	46.142678988078195
312	46.142678988078195
313	47.46634934104412
314	47.46634934104412
315	47.46634934104412
316	47.46634934104412
317	47.46634934104412
318	47.46634934104412
319	50.979130152023465
320	50.979130152023465
321	50.979130152023465
322	50.979130152023465
323	50.979130152023465
324	50.979130152023465
325	54.20142627228822
326	54.20142627228822
327	54.20142627228822
328	54.20142627228822
329	54.20142627228822
330	54.20142627228822
331	46.16261289003757
332	46.16261289003757
333	46.16261289003757
334	46.16261289003757
335	46.16261289003757
336	52.81112407820537
337	52.81112407820537
338	52.81112407820537
339	52.81112407820537
340	52.81112407820537
341	52.81112407820537
342	52.89614976108808
343	52.89614976108808
344	52.89614976108808
345	52.89614976108808
346	52.89614976108808
347	52.89614976108808
348	46.63338922882583
349	46.63338922882583
350	46.63338922882583
351	46.63338922882583
352	46.63338922882583
353	46.63338922882583
354	57.92047630702452
355	57.92047630702452
356	57.92047630702452
357	57.92047630702452
358	57.92047630702452
359	57.92047630702452
360	54.959524690816295
361	54.959524690816295
362	54.959524690816295
363	54.959524690816295
364	54.959524690816295
365	54.959524690816295
366	60.85692219187533
367	60.85692219187533
368	60.85692219187533
369	60.85692219187533
370	60.85692219187533
371	60.85692219187533
372	49.66858157276379
373	49.66858157276379
374	49.66858157276379
375	49.66858157276379
376	49.66858157276379
377	49.66858157276379
378	57.08137219006963
379	57.08137219006963
380	57.08137219006963
381	57.08137219006963
382	57.08137219006963
383	57.08137219006963
384	55.145308445163934
385	55.145308445163934
386	55.145308445163934
387	55.145308445163934
388	55.145308445163934
389	55.145308445163934
390	48.987362998704974
391	48.987362998704974
392	48.987362998704974
393	48.987362998704974
394	48.987362998704974
395	48.987362998704974
396	51.760773932589366
397	51.760773932589366
398	51.760773932589366
399	51.760773932589366
400	51.760773932589366
401	51.760773932589366
402	54.72227701969632
403	54.72227701969632
404	54.72227701969632
405	54.72227701969632
406	54.72227701969632
407	54.72227701969632
408	50.339717465509175
409	50.339717465509175
410	50.339717465509175
411	50.339717465509175
412	50.339717465509175
413	50.339717465509175
414	54.35255793708169
415	54.35255793708169
416	54.35255793708169
417	54.35255793708169
418	54.35255793708169
419	54.35255793708169
420	50.813808383898916
421	50.813808383898916
422	50.813808383898916
423	50.813808383898916
424	50.813808383898916
425	50.813808383898916
426	46.720056491621364
427	46.720056491621364
428	46.720056491621364
429	46.720056491621364
430	46.720056491621364
431	46.720056491621364
432	53.99105401128984
433	53.99105401128984
434	53.99105401128984
435	53.99105401128984
436	53.99105401128984
437	53.99105401128984
438	46.70661186007198
439	46.70661186007198
440	46.70661186007198
441	46.70661186007198
442	46.70661186007198
443	46.70661186007198
444	62.971505400856714
445	62.971505400856714
446	62.971505400856714
447	62.971505400856714
448	62.971505400856714
449	62.971505400856714
450	55.55894487008725
451	55.55894487008725
452	55.55894487008725
453	55.55894487008725
454	55.55894487008725
455	55.55894487008725
456	56.08136428840601
457	56.08136428840601
458	56.08136428840601
459	56.08136428840601
460	56.08136428840601
461	56.08136428840601
462	52.21532293465942
463	52.21532293465942
464	52.21532293465942
465	52.21532293465942
466	52.21532293465942
467	52.21532293465942
468	51.31494213768117
469	51.31494213768117
470	51.31494213768117
471	51.31494213768117
472	51.31494213768117
473	51.31494213768117
474	53.43026724344314
475	53.43026724344314
476	53.43026724344314
477	53.43026724344314
478	53.43026724344314
479	53.43026724344314
480	55.30899556128075
481	55.30899556128075
482	55.30899556128075
483	55.30899556128075
484	55.30899556128075
485	55.30899556128075
486	56.01898000238511
487	56.01898000238511
488	56.01898000238511
489	56.01898000238511
490	56.01898000238511
491	56.01898000238511
492	51.82969467763028
493	51.82969467763028
494	51.82969467763028
495	51.82969467763028
496	51.82969467763028
497	51.82969467763028
498	55.99079697700578
499	55.99079697700578
500	55.99079697700578
501	55.99079697700578
502	55.99079697700578
503	55.99079697700578
504	52.10874034912965
505	52.10874034912965
506	52.10874034912965
507	52.10874034912965
508	52.10874034912965
509	52.10874034912965
510	55.691332206209985
511	55.691332206209985
512	55.691332206209985
513	55.691332206209985
514	55.691332206209985
515	55.691332206209985
516	47.990140078676504
517	47.990140078676504
518	47.990140078676504
519	47.990140078676504
520	47.990140078676504
521	47.990140078676504
522	44.68504452634904
523	44.68504452634904
524	44.68504452634904
525	44.68504452634904
526	44.68504452634904
527	44.68504452634904
528	54.9786782187812
529	54.9786782187812
530	54.9786782187812
531	54.9786782187812
532	54.9786782187812
533	54.9786782187812
534	51.251154730021774
535	51.251154730021774
536	51.251154730021774
537	51.251154730021774
538	51.251154730021774
539	51.251154730021774
540	51.65354961172521
541	51.65354961172521
542	51.65354961172521
543	51.65354961172521
544	51.65354961172521
545	51.65354961172521
546	51.63150158945986
547	51.63150158945986
548	51.63150158945986
549	51.63150158945986
550	51.63150158945986
551	51.63150158945986
552	46.73147043213894
553	46.73147043213894
554	46.73147043213894
555	46.73147043213894
556	46.73147043213894
557	46.73147043213894
558	51.28254727663635
559	51.28254727663635
560	51.28254727663635
561	51.28254727663635
562	51.28254727663635
563	51.28254727663635
564	50.803037392264834
565	50.803037392264834
566	50.803037392264834
567	50.803037392264834
568	50.803037392264834
569	50.803037392264834
570	56.76628713242954
571	56.76628713242954
572	56.76628713242954
573	56.76628713242954
574	56.76628713242954
575	56.76628713242954
576	46.88695416157009
577	46.88695416157009
578	46.88695416157009
579	46.88695416157009
580	46.88695416157009
581	46.88695416157009
582	53.97370980934626
583	53.97370980934626
584	53.97370980934626
585	53.97370980934626
586	53.97370980934626
587	53.97370980934626
588	51.54398748008242
589	51.54398748008242
590	51.54398748008242
591	51.54398748008242
592	51.54398748008242
593	51.54398748008242
594	46.92024973852594
595	46.92024973852594
596	46.92024973852594
597	46.92024973852594
598	46.92024973852594
599	46.92024973852594
600	63.75812934577675
601	63.75812934577675
602	63.75812934577675
603	63.75812934577675
604	63.75812934577675
605	63.75812934577675
606	39.50214273048896
607	39.50214273048896
608	50.89653516215485
609	50.89653516215485
610	50.89653516215485
611	50.89653516215485
612	50.89653516215485
613	50.89653516215485
614	61.8943832429205
615	61.8943832429205
616	61.8943832429205
617	61.8943832429205
618	61.8943832429205
619	61.8943832429205
620	51.841493291643765
621	51.841493291643765
622	51.841493291643765
623	51.841493291643765
624	51.841493291643765
625	51.841493291643765
626	60.46303947934336
627	60.46303947934336
628	60.46303947934336
629	60.46303947934336
630	60.46303947934336
631	60.46303947934336
632	58.75092745685479
633	58.75092745685479
634	58.75092745685479
635	58.75092745685479
636	58.75092745685479
637	58.75092745685479
638	62.86582830526921
639	62.86582830526921
640	62.86582830526921
641	62.86582830526921
642	62.86582830526921
643	62.86582830526921
644	57.57287219282796
645	57.57287219282796
646	57.57287219282796
647	57.57287219282796
648	57.57287219282796
649	57.57287219282796
650	55.58072876316315
651	55.58072876316315
652	55.58072876316315
653	55.58072876316315
654	55.58072876316315
655	55.58072876316315
656	46.923418788007176
657	46.923418788007176
658	46.923418788007176
659	46.923418788007176
660	46.923418788007176
661	46.923418788007176
662	59.28638689222255
663	59.28638689222255
664	59.28638689222255
665	59.28638689222255
666	59.28638689222255
667	59.28638689222255
668	55.07344713092348
669	55.07344713092348
670	55.07344713092348
671	55.07344713092348
672	55.07344713092348
673	55.07344713092348
674	53.7420401892103
675	53.7420401892103
676	53.7420401892103
677	53.7420401892103
678	53.7420401892103
679	53.7420401892103
680	65.64582563886904
681	65.64582563886904
682	65.64582563886904
683	65.64582563886904
684	65.64582563886904
685	65.64582563886904
686	57.587234682204915
687	57.587234682204915
688	57.587234682204915
689	57.587234682204915
690	57.587234682204915
691	57.587234682204915
692	59.891708377450655
693	59.891708377450655
694	59.891708377450655
695	59.891708377450655
696	59.891708377450655
697	59.891708377450655
698	53.31770448547008
699	53.31770448547008
700	53.31770448547008
701	53.31770448547008
702	53.31770448547008
703	53.31770448547008
704	62.29866416135726
705	62.29866416135726
706	62.29866416135726
707	62.29866416135726
708	62.29866416135726
709	62.29866416135726
710	53.755287364159784
711	53.755287364159784
712	53.755287364159784
713	53.755287364159784
714	53.755287364159784
715	53.755287364159784
716	53.02848798797882
717	53.02848798797882
718	53.02848798797882
719	53.02848798797882
720	53.02848798797882
721	53.02848798797882
722	61.31949858448218
723	61.31949858448218
724	61.31949858448218
725	61.31949858448218
726	61.31949858448218
727	61.31949858448218
728	58.4062435851081
729	58.4062435851081
730	58.4062435851081
731	58.4062435851081
732	58.4062435851081
733	58.4062435851081
734	61.75190208150276
735	61.75190208150276
736	61.75190208150276
737	61.75190208150276
738	61.75190208150276
739	61.75190208150276
740	61.14848805428669
741	61.14848805428669
742	61.14848805428669
743	61.14848805428669
744	61.14848805428669
745	61.14848805428669
746	54.915048579013664
747	54.915048579013664
748	54.915048579013664
749	54.915048579013664
750	54.915048579013664
751	54.915048579013664
752	46.50716448420375
753	46.50716448420375
754	46.50716448420375
755	46.50716448420375
756	46.50716448420375
757	46.50716448420375
758	61.491714284594856
759	61.491714284594856
760	61.491714284594856
761	61.491714284594856
762	61.491714284594856
763	61.491714284594856
764	57.80273153843423
765	57.80273153843423
766	57.80273153843423
767	57.80273153843423
768	57.80273153843423
769	57.80273153843423
770	64.7612304034685
771	64.7612304034685
772	64.7612304034685
773	64.7612304034685
774	64.7612304034685
775	64.7612304034685
776	55.019494003047576
777	55.019494003047576
778	55.019494003047576
779	55.019494003047576
780	55.019494003047576
781	55.019494003047576
782	61.606028524773635
783	61.606028524773635
784	61.606028524773635
785	61.606028524773635
786	61.606028524773635
787	61.606028524773635
788	58.503351664494154
789	58.503351664494154
790	58.503351664494154
791	58.503351664494154
792	58.503351664494154
793	58.503351664494154
794	52.117929193079874
795	52.117929193079874
796	52.117929193079874
797	52.117929193079874
798	52.117929193079874
799	52.117929193079874
800	59.215005359586925
801	59.215005359586925
802	59.215005359586925
803	59.215005359586925
804	59.215005359586925
805	59.215005359586925
806	57.2247864112021
807	57.2247864112021
808	57.2247864112021
809	57.2247864112021
810	57.2247864112021
811	57.2247864112021
812	57.73437674565988
813	57.73437674565988
814	57.73437674565988
815	57.73437674565988
816	57.73437674565988
817	57.73437674565988
818	54.979101514971454
819	54.979101514971454
820	54.979101514971454
821	54.979101514971454
822	54.979101514971454
823	54.979101514971454
824	61.523204035167076
825	61.523204035167076
826	61.523204035167076
827	61.523204035167076
828	61.523204035167076
829	61.523204035167076
830	65.44455260109488
831	65.44455260109488
832	65.44455260109488
833	65.44455260109488
834	65.44455260109488
835	65.44455260109488
836	54.46934748760873
837	54.46934748760873
838	54.46934748760873
839	54.46934748760873
840	54.46934748760873
841	54.46934748760873
842	52.10383936349062
843	52.10383936349062
844	52.10383936349062
845	52.10383936349062
846	52.10383936349062
847	52.10383936349062
848	51.5419753313873
849	51.5419753313873
850	51.5419753313873
851	51.5419753313873
852	51.5419753313873
853	51.5419753313873
854	59.6424268054175
855	59.6424268054175
856	59.6424268054175
857	59.6424268054175
858	59.6424268054175
859	59.6424268054175
860	59.41471202493397
861	59.41471202493397
862	59.41471202493397
863	59.41471202493397
864	59.41471202493397
865	59.41471202493397
866	58.84496342486693
867	58.84496342486693
868	58.84496342486693
869	58.84496342486693
870	58.84496342486693
871	58.84496342486693
872	54.37451776453589
873	54.37451776453589
874	54.37451776453589
875	54.37451776453589
876	54.37451776453589
877	54.37451776453589
878	47.69031587080389
879	47.69031587080389
880	47.69031587080389
881	47.69031587080389
882	47.69031587080389
883	47.69031587080389
884	57.841335078153364
885	57.841335078153364
886	57.841335078153364
887	57.841335078153364
888	57.841335078153364
889	57.841335078153364
890	55.909895209779144
891	55.909895209779144
892	55.909895209779144
893	55.909895209779144
894	55.909895209779144
895	55.909895209779144
896	52.99306305149877
897	52.99306305149877
898	52.99306305149877
899	52.99306305149877
900	52.99306305149877
901	52.99306305149877
902	57.5361895394535
903	57.5361895394535
904	57.5361895394535
905	57.5361895394535
906	57.5361895394535
907	57.5361895394535
908	61.443543724940405
909	61.443543724940405
910	61.443543724940405
911	61.443543724940405
912	61.443543724940405
913	61.443543724940405
914	59.1053970278758
915	59.1053970278758
916	59.1053970278758
917	59.1053970278758
918	59.1053970278758
919	59.1053970278758
920	58.409986314251945
921	58.409986314251945
922	58.409986314251945
923	58.409986314251945
924	58.409986314251945
925	58.409986314251945
926	51.46143681662192
927	51.46143681662192
928	51.46143681662192
929	51.46143681662192
930	51.46143681662192
931	51.46143681662192
932	58.51185307047126
933	58.51185307047126
934	58.51185307047126
935	58.51185307047126
936	58.51185307047126
937	58.51185307047126
938	61.500021705270036
939	61.500021705270036
940	61.500021705270036
941	61.500021705270036
942	61.500021705270036
943	61.500021705270036
944	60.23368501161311
945	60.23368501161311
946	60.23368501161311
947	60.23368501161311
948	60.23368501161311
949	60.23368501161311
950	58.701182986952034
951	58.701182986952034
952	58.701182986952034
953	58.701182986952034
954	58.701182986952034
955	58.701182986952034
956	69.87438926919401
957	69.87438926919401
958	69.87438926919401
959	69.87438926919401
960	69.87438926919401
961	69.87438926919401
962	58.94304154020807
963	58.94304154020807
964	58.94304154020807
965	58.94304154020807
966	58.94304154020807
967	58.94304154020807
968	56.57120471704541
969	56.57120471704541
970	56.57120471704541
971	56.57120471704541
972	56.57120471704541
973	56.57120471704541
974	55.22996858977206
975	55.22996858977206
976	55.22996858977206
977	55.22996858977206
978	55.22996858977206
979	55.22996858977206
980	58.45805868014206
981	58.45805868014206
982	58.45805868014206
983	58.45805868014206
984	58.45805868014206
985	58.45805868014206
986	55.311009142357484
987	55.311009142357484
988	55.311009142357484
989	55.311009142357484
990	55.311009142357484
991	55.311009142357484
992	55.90777532808387
993	55.90777532808387
994	55.90777532808387
995	55.90777532808387
996	55.90777532808387
997	55.90777532808387
998	45.509435272010364
999	45.509435272010364
1000	45.509435272010364
1001	45.509435272010364
1002	45.509435272010364
1003	45.509435272010364
1004	57.37168955724638
1005	57.37168955724638
1006	57.37168955724638
1007	57.37168955724638
1008	57.37168955724638
1009	57.37168955724638
1010	53.98445294681299
1011	53.98445294681299
1012	53.98445294681299
1013	53.98445294681299
1014	53.98445294681299
1015	53.98445294681299
1016	53.425913100424395
1017	53.425913100424395
1018	53.425913100424395
1019	53.425913100424395
1020	53.425913100424395
1021	53.425913100424395
1022	58.246664629385954
1023	58.246664629385954
1024	58.246664629385954
1025	58.246664629385954
1026	58.246664629385954
1027	58.246664629385954
1028	57.603730398086455
1029	57.603730398086455
1030	57.603730398086455
1031	57.603730398086455
1032	57.603730398086455
1033	57.603730398086455
1034	55.19439174962512
1035	55.19439174962512
1036	55.19439174962512
1037	55.19439174962512
1038	55.19439174962512
1039	55.19439174962512
1040	56.14097942378384
1041	56.14097942378384
1042	56.14097942378384
1043	56.14097942378384
1044	56.14097942378384
1045	56.14097942378384
1046	51.12313391711001
1047	51.12313391711001
1048	51.12313391711001
1049	51.12313391711001
1050	51.12313391711001
1051	51.12313391711001
1052	55.93560236878141
1053	55.93560236878141
1054	55.93560236878141
1055	55.93560236878141
1056	55.93560236878141
1057	55.93560236878141
1058	55.478069919506616
1059	55.478069919506616
1060	55.478069919506616
1061	55.478069919506616
1062	55.478069919506616
1063	55.478069919506616
1064	71.6033480334232
1065	71.6033480334232
1066	71.6033480334232
1067	71.6033480334232
1068	71.6033480334232
1069	71.6033480334232
1070	56.52090854186318
1071	56.52090854186318
1072	56.52090854186318
1073	56.52090854186318
1074	56.52090854186318
1075	56.52090854186318
1076	60.7988675904942
1077	60.7988675904942
1078	60.7988675904942
1079	60.7988675904942
1080	60.7988675904942
1081	60.7988675904942
1082	65.76172860007853
1083	65.76172860007853
1084	65.76172860007853
1085	65.76172860007853
1086	65.76172860007853
1087	65.76172860007853
1088	56.56091034620086
1089	56.56091034620086
1090	56.56091034620086
1091	56.56091034620086
1092	56.56091034620086
1093	56.56091034620086
1094	57.90208215344194
1095	57.90208215344194
1096	57.90208215344194
1097	57.90208215344194
1098	57.90208215344194
1099	57.90208215344194
1100	47.93539054901466
1101	47.93539054901466
1102	47.93539054901466
1103	47.93539054901466
1104	47.93539054901466
1105	47.93539054901466
1106	63.57206992933085
1107	63.57206992933085
1108	63.57206992933085
1109	63.57206992933085
1110	63.57206992933085
1111	63.57206992933085
1112	68.58392594945262
1113	68.58392594945262
1114	68.58392594945262
1115	68.58392594945262
1116	68.58392594945262
1117	68.58392594945262
1118	61.25871932676894
1119	61.25871932676894
1120	61.25871932676894
1121	61.25871932676894
1122	61.25871932676894
1123	61.25871932676894
1124	55.936057689152385
1125	55.936057689152385
1126	55.936057689152385
1127	55.936057689152385
1128	55.936057689152385
1129	55.936057689152385
1130	56.971121192419645
1131	56.971121192419645
1132	63.63164196080224
1133	63.63164196080224
1134	63.63164196080224
1135	63.63164196080224
1136	63.63164196080224
1137	63.63164196080224
1138	51.49491135027714
1139	51.49491135027714
1140	51.49491135027714
1141	51.49491135027714
1142	51.49491135027714
1143	51.49491135027714
1144	56.3899172506762
1145	56.3899172506762
1146	56.3899172506762
1147	56.3899172506762
1148	56.3899172506762
1149	56.3899172506762
1150	61.06191174998487
1151	61.06191174998487
1152	61.06191174998487
1153	61.06191174998487
1154	61.06191174998487
1155	61.06191174998487
1156	51.4796848524142
1157	51.4796848524142
1158	51.4796848524142
1159	51.4796848524142
1160	51.4796848524142
1161	51.4796848524142
1162	48.46131980612893
1163	48.46131980612893
1164	48.46131980612893
1165	48.46131980612893
1166	48.46131980612893
1167	48.46131980612893
1168	51.687474415017896
1169	51.687474415017896
1170	51.687474415017896
1171	51.687474415017896
1172	51.687474415017896
1173	51.687474415017896
1174	50.5204244416865
1175	50.5204244416865
1176	50.5204244416865
1177	50.5204244416865
1178	50.5204244416865
1179	50.5204244416865
1180	51.41665828904114
1181	51.41665828904114
1182	51.41665828904114
1183	51.41665828904114
1184	51.41665828904114
1185	51.41665828904114
1186	53.61101589331617
1187	53.61101589331617
1188	53.61101589331617
1189	53.61101589331617
1190	53.61101589331617
1191	53.61101589331617
1192	46.889585838567626
1193	46.889585838567626
1194	46.889585838567626
1195	46.889585838567626
1196	46.889585838567626
1197	46.889585838567626
1198	48.09342441809531
1199	48.09342441809531
1200	48.09342441809531
1201	48.09342441809531
1202	48.09342441809531
1203	48.09342441809531
1204	55.39968292406892
1205	55.39968292406892
1206	55.39968292406892
1207	55.39968292406892
1208	55.39968292406892
1209	55.39968292406892
1210	57.44070378400955
1211	57.44070378400955
1212	57.44070378400955
1213	57.44070378400955
1214	57.44070378400955
1215	57.44070378400955
1216	57.709136083843134
1217	57.709136083843134
1218	57.709136083843134
1219	57.709136083843134
1220	57.709136083843134
1221	57.709136083843134
1222	54.19284865849955
1223	54.19284865849955
1224	54.19284865849955
1225	45.10493238534926
1226	45.10493238534926
1227	45.10493238534926
1228	45.10493238534926
1229	45.10493238534926
1230	45.10493238534926
1231	53.06447660750039
1232	53.06447660750039
1233	53.06447660750039
1234	53.06447660750039
1235	53.06447660750039
1236	53.06447660750039
1237	48.7497500384646
1238	48.7497500384646
1239	48.7497500384646
1240	48.7497500384646
1241	48.7497500384646
1242	48.7497500384646
1243	50.0275265265771
1244	50.0275265265771
1245	50.0275265265771
1246	50.0275265265771
1247	50.0275265265771
1248	50.0275265265771
1249	50.20502658358885
1250	50.20502658358885
1251	50.20502658358885
1252	50.20502658358885
1253	50.20502658358885
1254	50.20502658358885
1255	48.79310291114013
1256	48.79310291114013
1257	48.79310291114013
1258	48.79310291114013
1259	48.79310291114013
1260	48.79310291114013
1261	49.61207898853965
1262	49.61207898853965
1263	49.61207898853965
1264	49.61207898853965
1265	49.61207898853965
1266	49.61207898853965
1267	51.984131483922035
1268	51.984131483922035
1269	51.984131483922035
1270	51.984131483922035
1271	51.984131483922035
1272	51.984131483922035
1273	41.942052178547094
1274	41.942052178547094
1275	41.942052178547094
1276	41.942052178547094
1277	41.942052178547094
1278	41.942052178547094
1279	50.710810859618235
1280	50.710810859618235
1281	50.710810859618235
1282	50.710810859618235
1283	50.710810859618235
1284	50.710810859618235
1285	49.213270237283275
1286	49.213270237283275
1287	49.213270237283275
1288	49.213270237283275
1289	49.213270237283275
1290	49.213270237283275
1291	51.966071129591704
1292	51.966071129591704
1293	51.966071129591704
1294	51.966071129591704
1295	51.966071129591704
1296	51.966071129591704
1297	45.10998454448999
1298	45.10998454448999
1299	45.10998454448999
1300	45.10998454448999
1301	45.10998454448999
1302	45.10998454448999
1303	43.30197762185648
1304	43.30197762185648
1305	43.30197762185648
1306	43.30197762185648
1307	43.30197762185648
1308	43.30197762185648
1309	40.98843510702151
1310	40.98843510702151
1311	40.98843510702151
1312	40.98843510702151
1313	40.98843510702151
1314	40.98843510702151
1315	46.82565082481481
1316	46.82565082481481
1317	46.82565082481481
1318	46.82565082481481
1319	46.82565082481481
1320	46.82565082481481
1321	46.19732223424828
1322	46.19732223424828
1323	46.19732223424828
1324	46.19732223424828
1325	46.19732223424828
1326	46.19732223424828
1327	44.75485725824015
1328	44.75485725824015
1329	44.75485725824015
1330	44.75485725824015
1331	44.75485725824015
1332	44.75485725824015
1333	49.4836138998419
1334	49.4836138998419
1335	49.4836138998419
1336	49.4836138998419
1337	49.4836138998419
1338	49.4836138998419
1339	51.065324817499935
1340	51.065324817499935
1341	51.065324817499935
1342	51.065324817499935
1343	51.065324817499935
1344	51.065324817499935
1345	52.06954728792252
1346	52.06954728792252
1347	52.06954728792252
1348	52.06954728792252
1349	52.06954728792252
1350	52.06954728792252
1351	44.61704290852647
1352	44.61704290852647
1353	44.61704290852647
1354	44.61704290852647
1355	44.61704290852647
1356	44.61704290852647
1357	43.85061349847783
1358	43.85061349847783
1359	43.85061349847783
1360	43.85061349847783
1361	43.85061349847783
1362	43.85061349847783
1363	55.30062850320992
1364	55.30062850320992
1365	55.30062850320992
1366	55.30062850320992
1367	55.30062850320992
1368	55.30062850320992
1369	48.88836089357243
1370	48.88836089357243
1371	48.88836089357243
1372	48.88836089357243
1373	48.88836089357243
1374	48.88836089357243
1375	52.69272294027541
1376	52.69272294027541
1377	52.69272294027541
1378	52.69272294027541
1379	52.69272294027541
1380	52.69272294027541
1381	52.1888571208795
1382	52.1888571208795
1383	52.1888571208795
1384	52.1888571208795
1385	52.1888571208795
1386	52.1888571208795
1387	50.85861477431588
1388	50.85861477431588
1389	50.85861477431588
1390	50.85861477431588
1391	50.85861477431588
1392	50.85861477431588
1393	47.61078673499155
1394	47.61078673499155
1395	47.61078673499155
1396	47.61078673499155
1397	47.61078673499155
1398	47.61078673499155
1399	48.20462644210359
1400	48.20462644210359
1401	48.20462644210359
1402	48.20462644210359
1403	34.342875776868986
1404	34.342875776868986
1405	34.342875776868986
1406	34.342875776868986
1407	34.342875776868986
1408	34.342875776868986
1409	36.68276988381349
1410	36.68276988381349
1411	36.68276988381349
1412	36.68276988381349
1413	36.68276988381349
1414	36.68276988381349
1415	36.45524156239322
1416	36.45524156239322
1417	36.45524156239322
1418	36.45524156239322
1419	36.45524156239322
1420	36.45524156239322
1421	33.44117356067789
1422	33.44117356067789
1423	33.44117356067789
1424	33.44117356067789
1425	33.44117356067789
1426	33.44117356067789
1427	38.53847752543169
1428	38.53847752543169
1429	38.53847752543169
1430	38.53847752543169
1431	38.53847752543169
1432	38.53847752543169
1433	34.79289233378509
1434	34.79289233378509
1435	34.79289233378509
1436	34.79289233378509
1437	34.79289233378509
1438	34.79289233378509
1439	35.017584061104
1440	35.017584061104
1441	35.017584061104
1442	35.017584061104
1443	35.017584061104
1444	35.017584061104
1445	34.800046364185725
1446	34.800046364185725
1447	34.800046364185725
1448	34.800046364185725
1449	34.800046364185725
1450	34.800046364185725
1451	37.108607402396174
1452	37.108607402396174
1453	37.108607402396174
1454	37.108607402396174
1455	37.108607402396174
1456	37.108607402396174
1457	34.26842670415739
1458	34.26842670415739
1459	34.26842670415739
1460	34.26842670415739
1461	34.26842670415739
1462	34.26842670415739
1463	36.62504550430155
1464	36.62504550430155
1465	36.62504550430155
1466	36.62504550430155
1467	36.62504550430155
1468	36.62504550430155
1469	32.48616539805478
1470	32.48616539805478
1471	32.48616539805478
1472	32.48616539805478
1473	32.48616539805478
1474	32.48616539805478
1475	33.759228088330104
1476	33.759228088330104
1477	33.759228088330104
1478	33.759228088330104
1479	33.759228088330104
1480	33.759228088330104
1481	41.430969126429005
1482	41.430969126429005
1483	41.430969126429005
1484	41.430969126429005
1485	41.430969126429005
1486	41.430969126429005
1487	33.991925403405446
1488	33.991925403405446
1489	33.991925403405446
1490	33.991925403405446
1491	33.991925403405446
1492	33.991925403405446
1493	34.26572810781574
1494	34.26572810781574
1495	34.26572810781574
1496	34.26572810781574
1497	34.26572810781574
1498	34.26572810781574
1499	34.680264682867666
1500	34.680264682867666
1501	34.680264682867666
1502	34.680264682867666
1503	34.680264682867666
1504	34.680264682867666
1505	24.797688040762463
1506	24.797688040762463
1507	24.797688040762463
1508	24.797688040762463
1509	24.797688040762463
1510	24.797688040762463
1511	36.382735927533105
1512	36.382735927533105
1513	36.382735927533105
1514	36.382735927533105
1515	36.382735927533105
1516	36.382735927533105
1517	38.952508648834375
1518	38.952508648834375
1519	38.952508648834375
1520	38.952508648834375
1521	38.952508648834375
1522	38.952508648834375
1523	38.55157778465387
1524	38.55157778465387
1525	38.55157778465387
1526	38.55157778465387
1527	38.55157778465387
1528	38.55157778465387
1529	34.112537131069395
1530	34.112537131069395
1531	34.112537131069395
1532	34.112537131069395
1533	34.112537131069395
1534	34.112537131069395
1535	39.13323750165372
1536	39.13323750165372
1537	39.13323750165372
1538	39.13323750165372
1539	39.13323750165372
1540	39.13323750165372
1541	31.133671897448206
1542	31.133671897448206
1543	31.133671897448206
1544	31.133671897448206
1545	31.133671897448206
1546	31.133671897448206
1547	32.82162261803782
1548	32.82162261803782
1549	32.82162261803782
1550	32.82162261803782
1551	32.82162261803782
1552	32.82162261803782
1553	37.22075773721465
1554	37.22075773721465
1555	37.22075773721465
1556	37.22075773721465
1557	37.22075773721465
1558	37.22075773721465
1559	34.94639556934292
1560	34.94639556934292
1561	34.94639556934292
1562	34.94639556934292
1563	34.94639556934292
1564	34.94639556934292
1565	34.72048535525029
1566	34.72048535525029
1567	34.72048535525029
1568	34.72048535525029
1569	34.72048535525029
1570	34.72048535525029
1571	37.162104225800505
1572	37.162104225800505
1573	37.162104225800505
1574	37.162104225800505
1575	37.162104225800505
1576	37.162104225800505
1577	36.03843320603583
1578	36.03843320603583
1579	36.03843320603583
1580	36.03843320603583
1581	36.03843320603583
1582	36.03843320603583
1583	32.49194416286199
1584	32.49194416286199
1585	32.49194416286199
1586	32.49194416286199
1587	32.49194416286199
1588	32.49194416286199
1589	32.59963833850714
1590	32.59963833850714
1591	32.59963833850714
1592	32.59963833850714
1593	32.59963833850714
1594	32.59963833850714
1595	36.511059900525446
1596	36.511059900525446
1597	36.511059900525446
1598	36.511059900525446
1599	36.511059900525446
1600	36.511059900525446
1601	36.14768036963374
1602	36.14768036963374
1603	36.14768036963374
1604	36.14768036963374
1605	36.14768036963374
1606	36.14768036963374
1607	37.327351188846244
1608	37.327351188846244
1609	37.327351188846244
1610	37.327351188846244
1611	37.327351188846244
1612	37.327351188846244
1613	35.841778733082336
1614	35.841778733082336
1615	35.841778733082336
1616	35.841778733082336
1617	35.841778733082336
1618	35.841778733082336
1619	34.844543612777784
1620	34.844543612777784
1621	34.844543612777784
1622	34.844543612777784
1623	34.844543612777784
1624	34.844543612777784
1625	29.214107712804623
1626	29.214107712804623
1627	29.214107712804623
1628	29.214107712804623
1629	29.214107712804623
1630	29.214107712804623
1631	31.824395560711597
1632	31.824395560711597
1633	31.824395560711597
1634	31.824395560711597
1635	31.824395560711597
1636	31.824395560711597
1637	28.23559592263291
1638	28.23559592263291
1639	28.23559592263291
1640	28.23559592263291
1641	28.23559592263291
1642	28.23559592263291
1643	27.235276629814177
1644	27.235276629814177
1645	27.235276629814177
1646	27.235276629814177
1647	27.235276629814177
1648	27.235276629814177
1649	27.682863233843012
1650	27.682863233843012
1651	27.682863233843012
1652	27.682863233843012
1653	27.682863233843012
1654	27.682863233843012
1655	30.7414897310181
1656	30.7414897310181
1657	30.7414897310181
1658	30.7414897310181
1659	30.7414897310181
1660	30.7414897310181
1661	29.042112535634214
1662	29.042112535634214
1663	29.042112535634214
1664	29.042112535634214
1665	29.042112535634214
1666	29.042112535634214
1667	26.161677977229303
1668	26.161677977229303
1669	26.161677977229303
1670	26.161677977229303
1671	26.161677977229303
1672	26.161677977229303
1673	33.271718813395836
1674	33.271718813395836
1675	33.271718813395836
1676	33.271718813395836
1677	33.271718813395836
1678	33.271718813395836
1679	27.688864815341955
1680	27.688864815341955
1681	27.688864815341955
1682	27.688864815341955
1683	27.688864815341955
1684	27.688864815341955
1685	29.795991244225426
1686	29.795991244225426
1687	29.795991244225426
1688	29.795991244225426
1689	29.795991244225426
1690	29.795991244225426
1691	25.93717056039955
1692	25.93717056039955
1693	25.93717056039955
1694	25.93717056039955
1695	25.93717056039955
1696	25.93717056039955
1697	27.88370112436837
1698	27.88370112436837
1699	27.88370112436837
1700	27.88370112436837
1701	27.88370112436837
1702	27.88370112436837
1703	27.418055422412674
1704	27.418055422412674
1705	27.418055422412674
1706	27.418055422412674
1707	27.418055422412674
1708	27.418055422412674
1709	27.98525339908406
1710	27.98525339908406
1711	27.98525339908406
1712	27.98525339908406
1713	27.98525339908406
1714	27.98525339908406
1715	26.476867954331066
1716	26.476867954331066
1717	26.476867954331066
1718	26.476867954331066
1719	26.476867954331066
1720	26.476867954331066
1721	27.25364909067481
1722	27.25364909067481
1723	27.25364909067481
1724	27.25364909067481
1725	27.25364909067481
1726	27.25364909067481
1727	26.646967183956765
1728	26.646967183956765
1729	26.646967183956765
1730	26.646967183956765
1731	26.646967183956765
1732	26.646967183956765
1733	26.47617987914058
1734	26.47617987914058
1735	26.47617987914058
1736	26.47617987914058
1737	26.47617987914058
1738	26.47617987914058
1739	32.79715302616333
1740	32.79715302616333
1741	32.79715302616333
1742	32.79715302616333
1743	32.79715302616333
1744	32.79715302616333
1745	29.24597998177393
1746	29.24597998177393
1747	29.24597998177393
1748	29.24597998177393
1749	29.24597998177393
1750	29.24597998177393
1751	32.2153324727378
1752	32.2153324727378
1753	32.2153324727378
1754	32.2153324727378
1755	32.2153324727378
1756	32.2153324727378
1757	29.222474212702554
1758	29.222474212702554
1759	29.222474212702554
1760	29.222474212702554
1761	29.222474212702554
1762	29.222474212702554
1763	27.64026133117199
1764	27.64026133117199
1765	27.64026133117199
1766	27.64026133117199
1767	27.64026133117199
1768	27.64026133117199
1769	23.71671977029738
1770	23.71671977029738
1771	23.71671977029738
1772	23.71671977029738
1773	23.71671977029738
1774	23.71671977029738
1775	27.178025484184367
1776	27.178025484184367
1777	27.178025484184367
1778	27.178025484184367
1779	27.178025484184367
1780	27.178025484184367
1781	25.653196514045277
1782	25.653196514045277
1783	25.653196514045277
1784	25.653196514045277
1785	25.653196514045277
1786	25.653196514045277
1787	29.59074707541368
1788	29.59074707541368
1789	29.59074707541368
1790	29.59074707541368
1791	29.59074707541368
1792	29.59074707541368
1793	28.271585001504278
1794	28.271585001504278
1795	28.271585001504278
1796	28.271585001504278
1797	28.271585001504278
1798	28.271585001504278
1799	29.731241211127518
1800	29.731241211127518
1801	29.731241211127518
1802	29.731241211127518
1803	29.731241211127518
1804	29.731241211127518
1805	26.127023385409615
1806	26.127023385409615
1807	26.127023385409615
1808	26.127023385409615
1809	26.127023385409615
1810	26.127023385409615
1811	29.42172458336208
1812	29.42172458336208
1813	29.42172458336208
1814	29.42172458336208
1815	29.42172458336208
1816	29.42172458336208
1817	26.267094177387964
1818	26.267094177387964
1819	26.267094177387964
1820	26.267094177387964
1821	26.267094177387964
1822	26.267094177387964
1823	31.35504747905146
1824	31.35504747905146
1825	31.35504747905146
1826	31.35504747905146
1827	31.35504747905146
1828	31.35504747905146
1829	29.25568818217204
1830	29.25568818217204
1831	29.25568818217204
1832	29.25568818217204
1833	29.25568818217204
1834	29.25568818217204
1835	30.683936718408273
1836	30.683936718408273
1837	30.683936718408273
1838	30.683936718408273
1839	30.683936718408273
1840	30.683936718408273
1841	30.665523021983116
1842	30.665523021983116
1843	30.665523021983116
1844	30.665523021983116
1845	30.665523021983116
1846	30.665523021983116
1847	27.78269331445596
1848	27.78269331445596
1849	27.78269331445596
1850	27.78269331445596
1851	32.50633023549197
1852	32.50633023549197
1853	32.50633023549197
1854	32.50633023549197
1855	32.50633023549197
1856	32.50633023549197
1857	29.56278482212083
1858	29.56278482212083
1859	29.56278482212083
1860	29.56278482212083
1861	29.56278482212083
1862	29.56278482212083
1863	28.24413648216701
1864	28.24413648216701
1865	28.24413648216701
1866	28.24413648216701
1867	28.24413648216701
1868	28.24413648216701
1869	34.37774395860724
1870	34.37774395860724
1871	34.37774395860724
1872	34.37774395860724
1873	34.37774395860724
1874	34.37774395860724
1875	26.49929679199566
1876	26.49929679199566
1877	26.49929679199566
1878	26.49929679199566
1879	26.49929679199566
1880	26.49929679199566
1881	27.913854899498972
1882	27.913854899498972
1883	27.913854899498972
1884	27.913854899498972
1885	27.913854899498972
1886	27.913854899498972
1887	32.03329546909038
1888	32.03329546909038
1889	32.03329546909038
1890	32.03329546909038
1891	32.03329546909038
1892	32.03329546909038
1893	30.977366377311277
1894	30.977366377311277
1895	30.977366377311277
1896	30.977366377311277
1897	30.977366377311277
1898	30.977366377311277
1899	34.236693035053335
1900	34.236693035053335
1901	34.236693035053335
1902	34.236693035053335
1903	34.236693035053335
1904	34.236693035053335
1905	34.57867574244505
1906	34.57867574244505
1907	34.57867574244505
1908	34.57867574244505
1909	34.57867574244505
1910	34.57867574244505
1911	32.07646893016549
1912	32.07646893016549
1913	32.07646893016549
1914	32.07646893016549
1915	32.07646893016549
1916	32.07646893016549
1917	33.113970794693145
1918	33.113970794693145
1919	33.113970794693145
1920	33.113970794693145
1921	33.113970794693145
1922	33.113970794693145
1923	32.816324807902866
1924	32.816324807902866
1925	32.816324807902866
1926	32.816324807902866
1927	32.816324807902866
1928	32.816324807902866
1929	24.449710563348564
1930	24.449710563348564
1931	24.449710563348564
1932	24.449710563348564
1933	24.449710563348564
1934	24.449710563348564
1935	29.361363649084208
1936	29.361363649084208
1937	29.361363649084208
1938	29.361363649084208
1939	29.361363649084208
1940	29.361363649084208
1941	25.919314828710764
1942	25.919314828710764
1943	25.919314828710764
1944	25.919314828710764
1945	25.919314828710764
1946	25.919314828710764
1947	30.014386352816107
1948	30.014386352816107
1949	30.014386352816107
1950	30.014386352816107
1951	30.014386352816107
1952	30.014386352816107
1953	28.568371022751165
1954	28.568371022751165
1955	28.568371022751165
1956	28.568371022751165
1957	28.568371022751165
1958	28.568371022751165
1959	31.7599744320238
1960	31.7599744320238
1961	31.7599744320238
1962	31.7599744320238
1963	31.7599744320238
1964	31.7599744320238
1965	27.980575515935968
1966	27.980575515935968
1967	27.980575515935968
1968	27.980575515935968
1969	27.980575515935968
1970	27.980575515935968
1971	28.949719148274635
1972	28.949719148274635
1973	28.949719148274635
1974	28.949719148274635
1975	28.949719148274635
1976	28.949719148274635
1977	33.912595378128636
1978	33.912595378128636
1979	33.912595378128636
1980	33.912595378128636
1981	33.912595378128636
1982	33.912595378128636
1983	29.24087317166755
1984	29.24087317166755
1985	29.24087317166755
1986	29.24087317166755
1987	29.24087317166755
1988	29.24087317166755
1989	32.57835571533784
1990	32.57835571533784
1991	32.57835571533784
1992	32.57835571533784
1993	32.57835571533784
1994	32.57835571533784
1995	28.61572387375996
1996	28.61572387375996
1997	28.61572387375996
1998	28.61572387375996
1999	28.61572387375996
2000	28.61572387375996
2001	34.050469964439806
2002	34.050469964439806
2003	34.050469964439806
2004	34.050469964439806
2005	34.050469964439806
2006	34.050469964439806
2007	34.30773555096799
2008	34.30773555096799
2009	34.30773555096799
2010	34.30773555096799
2011	34.30773555096799
2012	34.30773555096799
2013	31.78293201367023
2014	31.78293201367023
2015	31.78293201367023
2016	31.78293201367023
2017	31.78293201367023
2018	31.78293201367023
2019	28.810901879868684
2020	28.810901879868684
2021	28.810901879868684
2022	28.810901879868684
2023	28.810901879868684
2024	28.810901879868684
2025	31.295498201596374
2026	31.295498201596374
2027	31.295498201596374
2028	31.295498201596374
2029	31.295498201596374
2030	31.295498201596374
2031	26.048678865553967
2032	26.048678865553967
2033	26.048678865553967
2034	26.048678865553967
2035	26.048678865553967
2036	26.048678865553967
2037	28.785434515770685
2038	28.785434515770685
2039	28.785434515770685
2040	28.785434515770685
2041	28.785434515770685
2042	28.785434515770685
2043	34.55982791206528
2044	34.55982791206528
2045	34.55982791206528
2046	34.55982791206528
2047	34.55982791206528
2048	34.55982791206528
2049	32.233373279340704
2050	32.233373279340704
2051	32.233373279340704
2052	32.233373279340704
2053	32.233373279340704
2054	32.233373279340704
2055	31.085928365337114
2056	31.085928365337114
2057	31.085928365337114
2058	31.085928365337114
2059	31.085928365337114
2060	31.085928365337114
2061	31.209554349475432
2062	31.209554349475432
2063	31.209554349475432
2064	31.209554349475432
2065	31.209554349475432
2066	31.209554349475432
2067	33.45786733289482
2068	33.45786733289482
2069	33.45786733289482
2070	33.45786733289482
2071	33.45786733289482
2072	33.45786733289482
2073	29.491885549085627
2074	29.491885549085627
2075	29.491885549085627
2076	29.491885549085627
2077	29.491885549085627
2078	29.491885549085627
2079	33.44418803510192
2080	33.44418803510192
2081	33.44418803510192
2082	33.44418803510192
2083	34.90774105914136
2084	34.90774105914136
2085	34.90774105914136
2086	34.90774105914136
2087	34.90774105914136
2088	34.90774105914136
2089	32.72897594728984
2090	32.72897594728984
2091	32.72897594728984
2092	32.72897594728984
2093	32.72897594728984
2094	32.72897594728984
2095	28.61810071811834
2096	28.61810071811834
2097	28.61810071811834
2098	28.61810071811834
2099	28.61810071811834
2100	28.61810071811834
2101	33.00683856100407
2102	33.00683856100407
2103	33.00683856100407
2104	33.00683856100407
2105	33.00683856100407
2106	33.00683856100407
2107	32.173324042978976
2108	32.173324042978976
2109	32.173324042978976
2110	33.96457806620804
2111	33.96457806620804
2112	33.96457806620804
2113	33.96457806620804
2114	33.96457806620804
2115	33.96457806620804
2116	36.04341265571446
2117	36.04341265571446
2118	36.04341265571446
2119	36.04341265571446
2120	36.04341265571446
2121	36.04341265571446
2122	36.49860247972716
2123	36.49860247972716
2124	36.49860247972716
2125	36.49860247972716
2126	36.49860247972716
2127	36.49860247972716
2128	38.72554617736052
2129	38.72554617736052
2130	38.72554617736052
2131	38.72554617736052
2132	38.72554617736052
2133	38.72554617736052
2134	41.29279801656773
2135	41.29279801656773
2136	41.29279801656773
2137	41.29279801656773
2138	41.29279801656773
2139	41.29279801656773
2140	39.20615579665181
2141	39.20615579665181
2142	39.20615579665181
2143	39.20615579665181
2144	39.20615579665181
2145	39.20615579665181
2146	42.93454819143541
2147	42.93454819143541
2148	42.93454819143541
2149	42.93454819143541
2150	42.93454819143541
2151	42.93454819143541
2152	43.61608213230457
2153	43.61608213230457
2154	43.61608213230457
2155	43.61608213230457
2156	43.61608213230457
2157	43.61608213230457
2158	35.408720280031204
2159	35.408720280031204
2160	35.408720280031204
2161	35.408720280031204
2162	35.408720280031204
2163	35.408720280031204
2164	36.5901342917599
2165	36.5901342917599
2166	36.5901342917599
2167	36.5901342917599
2168	36.5901342917599
2169	36.5901342917599
2170	49.027913566903436
2171	49.027913566903436
2172	49.027913566903436
2173	49.027913566903436
2174	49.027913566903436
2175	49.027913566903436
2176	41.74119622433314
2177	41.74119622433314
2178	41.74119622433314
2179	41.74119622433314
2180	41.74119622433314
2181	41.74119622433314
2182	45.92249910373981
2183	45.92249910373981
2184	45.92249910373981
2185	45.92249910373981
2186	45.92249910373981
2187	45.92249910373981
2188	39.38185114472908
2189	39.38185114472908
2190	39.38185114472908
2191	39.38185114472908
2192	39.38185114472908
2193	39.38185114472908
2194	39.537890013086866
2195	39.537890013086866
2196	39.537890013086866
2197	39.537890013086866
2198	39.537890013086866
2199	39.537890013086866
2200	40.80795814225067
2201	40.80795814225067
2202	40.80795814225067
2203	40.80795814225067
2204	40.80795814225067
2205	40.80795814225067
2206	43.136449906295454
2207	43.136449906295454
2208	43.136449906295454
2209	43.136449906295454
2210	43.136449906295454
2211	43.136449906295454
2212	42.69940848830585
2213	42.69940848830585
2214	42.69940848830585
2215	42.69940848830585
2216	42.69940848830585
2217	42.69940848830585
2218	40.60077327897953
2219	40.60077327897953
2220	40.60077327897953
2221	40.60077327897953
2222	40.60077327897953
2223	40.60077327897953
2224	39.40516869394015
2225	39.40516869394015
2226	39.40516869394015
2227	39.40516869394015
2228	39.40516869394015
2229	39.40516869394015
2230	44.238706379783565
2231	44.238706379783565
2232	44.238706379783565
2233	44.238706379783565
2234	44.238706379783565
2235	44.238706379783565
2236	44.169762007651755
2237	44.169762007651755
2238	44.169762007651755
2239	44.169762007651755
2240	44.169762007651755
2241	44.169762007651755
2242	48.172904421336646
2243	48.172904421336646
2244	48.172904421336646
2245	48.172904421336646
2246	48.172904421336646
2247	48.172904421336646
2248	51.96535004998573
2249	51.96535004998573
2250	51.96535004998573
2251	51.96535004998573
2252	51.96535004998573
2253	51.96535004998573
2254	40.81843827957858
2255	40.81843827957858
2256	40.81843827957858
2257	40.81843827957858
2258	40.81843827957858
2259	40.81843827957858
2260	46.05630559675001
2261	46.05630559675001
2262	46.05630559675001
2263	46.05630559675001
2264	46.05630559675001
2265	46.05630559675001
2266	42.23042755241646
2267	42.23042755241646
2268	42.23042755241646
2269	42.23042755241646
2270	42.23042755241646
2271	42.23042755241646
2272	40.1812248466653
2273	40.1812248466653
2274	40.1812248466653
2275	40.1812248466653
2276	40.1812248466653
2277	40.1812248466653
2278	46.50355200130176
2279	46.50355200130176
2280	46.50355200130176
2281	46.50355200130176
2282	46.50355200130176
2283	46.50355200130176
2284	48.47092953188442
2285	48.47092953188442
2286	48.47092953188442
2287	48.47092953188442
2288	48.47092953188442
2289	48.47092953188442
2290	48.17502486473111
2291	48.17502486473111
2292	48.17502486473111
2293	48.17502486473111
2294	48.17502486473111
2295	48.17502486473111
2296	45.472929714619205
2297	45.472929714619205
2298	45.472929714619205
2299	45.472929714619205
2300	45.472929714619205
2301	45.472929714619205
2302	44.450214380504455
2303	44.450214380504455
2304	44.450214380504455
2305	44.450214380504455
2306	44.450214380504455
2307	44.450214380504455
2308	42.598452502734936
2309	42.598452502734936
2310	42.598452502734936
2311	42.598452502734936
2312	42.598452502734936
2313	42.598452502734936
2314	48.90444332097747
2315	48.90444332097747
2316	48.90444332097747
2317	48.90444332097747
2318	48.90444332097747
2319	48.90444332097747
2320	42.596670576005
2321	42.596670576005
2322	42.596670576005
2323	42.596670576005
2324	42.596670576005
2325	42.596670576005
2326	42.28875175985756
2327	42.28875175985756
2328	42.28875175985756
2329	42.28875175985756
2330	42.28875175985756
2331	42.28875175985756
2332	44.21327546900954
2333	44.21327546900954
2334	44.21327546900954
2335	44.21327546900954
2336	44.21327546900954
2337	44.21327546900954
2338	45.60625771830734
2339	45.60625771830734
2340	45.60625771830734
2341	45.60625771830734
2342	45.60625771830734
2343	45.60625771830734
2344	39.219852656277496
2345	39.219852656277496
2346	39.219852656277496
2347	39.219852656277496
2348	39.219852656277496
2349	39.219852656277496
2350	45.22699003057083
2351	45.22699003057083
2352	45.22699003057083
2353	45.22699003057083
2354	45.22699003057083
2355	45.22699003057083
2356	47.18654906615923
2357	47.18654906615923
2358	47.18654906615923
2359	47.18654906615923
