0	18.194672125399197
1	18.194672125399197
2	18.194672125399197
3	18.194672125399197
4	18.194672125399197
5	18.194672125399197
6	11.795425682015507
7	11.795425682015507
8	11.795425682015507
9	11.795425682015507
10	11.795425682015507
11	11.795425682015507
12	20.962430555492585
13	20.962430555492585
14	20.962430555492585
15	20.962430555492585
16	20.962430555492585
17	20.962430555492585
18	21.68561519506682
19	21.68561519506682
20	21.68561519506682
21	21.68561519506682
22	21.68561519506682
23	21.68561519506682
24	29.653375494956876
25	29.653375494956876
26	29.653375494956876
27	29.653375494956876
28	29.653375494956876
29	29.653375494956876
30	30.633977633860972
31	30.633977633860972
32	30.633977633860972
33	30.633977633860972
34	30.633977633860972
35	30.633977633860972
36	24.58792097781228
37	24.58792097781228
38	24.58792097781228
39	24.58792097781228
40	24.58792097781228
41	24.58792097781228
42	23.350133703217523
43	23.350133703217523
44	23.350133703217523
45	23.350133703217523
46	23.350133703217523
47	23.350133703217523
48	16.13326229083275
49	16.13326229083275
50	16.13326229083275
51	16.13326229083275
52	16.13326229083275
53	16.13326229083275
54	17.945231085010715
55	17.945231085010715
56	17.945231085010715
57	17.945231085010715
58	17.945231085010715
59	17.945231085010715
60	19.716877937976765
61	19.716877937976765
62	19.716877937976765
63	19.716877937976765
64	19.716877937976765
65	19.716877937976765
66	29.372792747603373
67	29.372792747603373
68	29.372792747603373
69	29.372792747603373
70	29.372792747603373
71	29.372792747603373
72	17.899625578554126
73	17.899625578554126
74	17.899625578554126
75	17.899625578554126
76	17.899625578554126
77	17.899625578554126
78	9.278742927162467
79	9.278742927162467
80	9.278742927162467
81	9.278742927162467
82	9.278742927162467
83	9.278742927162467
84	23.385668658505715
85	23.385668658505715
86	23.385668658505715
87	23.385668658505715
88	23.385668658505715
89	23.385668658505715
90	17.20653597483648
91	17.20653597483648
92	17.20653597483648
93	17.20653597483648
94	17.20653597483648
95	17.20653597483648
96	16.735115769328328
97	16.735115769328328
98	16.735115769328328
99	16.735115769328328
100	16.735115769328328
101	16.735115769328328
102	24.931346839720145
103	24.931346839720145
104	24.931346839720145
105	24.931346839720145
106	24.931346839720145
107	24.931346839720145
108	17.404196038866015
109	17.404196038866015
110	17.404196038866015
111	17.404196038866015
112	17.404196038866015
113	17.404196038866015
114	12.082036943650309
115	12.082036943650309
116	12.082036943650309
117	12.082036943650309
118	12.082036943650309
119	12.082036943650309
120	21.091233773232556
121	21.091233773232556
122	21.091233773232556
123	24.748121562668636
124	24.748121562668636
125	24.748121562668636
126	24.748121562668636
127	24.748121562668636
128	24.748121562668636
129	24.35034747106252
130	24.35034747106252
131	24.35034747106252
132	24.35034747106252
133	24.35034747106252
134	24.35034747106252
135	15.551425779238684
136	15.551425779238684
137	15.551425779238684
138	15.551425779238684
139	15.551425779238684
140	15.551425779238684
141	16.542532307409907
142	16.542532307409907
143	16.542532307409907
144	16.542532307409907
145	16.542532307409907
146	16.542532307409907
147	20.2342288886422
148	20.2342288886422
149	20.2342288886422
150	20.2342288886422
151	20.2342288886422
152	20.2342288886422
153	16.96466283555374
154	16.96466283555374
155	16.96466283555374
156	16.96466283555374
157	16.96466283555374
158	16.96466283555374
159	17.815605927979696
160	17.815605927979696
161	17.815605927979696
162	17.815605927979696
163	17.815605927979696
164	17.815605927979696
165	23.097853113728025
166	23.097853113728025
167	23.097853113728025
168	23.097853113728025
169	23.097853113728025
170	23.097853113728025
171	22.159860926132563
172	22.159860926132563
173	22.159860926132563
174	22.159860926132563
175	22.159860926132563
176	22.159860926132563
177	20.642531884794355
178	20.642531884794355
179	20.642531884794355
180	18.316377640412014
181	18.316377640412014
182	18.316377640412014
183	18.316377640412014
184	18.316377640412014
185	18.316377640412014
186	24.00728519990363
187	24.00728519990363
188	24.00728519990363
189	24.00728519990363
190	24.00728519990363
191	24.00728519990363
192	21.25860982003162
193	21.25860982003162
194	21.25860982003162
195	21.25860982003162
196	21.25860982003162
197	21.25860982003162
198	19.408278502236016
199	19.408278502236016
200	19.408278502236016
201	19.408278502236016
202	19.408278502236016
203	19.408278502236016
204	17.71069133686963
205	17.71069133686963
206	17.71069133686963
207	17.71069133686963
208	17.71069133686963
209	17.71069133686963
210	19.43494987755706
211	19.43494987755706
212	19.43494987755706
213	19.43494987755706
214	19.43494987755706
215	19.43494987755706
216	18.276791500341204
217	18.276791500341204
218	18.276791500341204
219	18.276791500341204
220	18.276791500341204
221	18.276791500341204
222	14.912087727336022
223	14.912087727336022
224	14.912087727336022
225	14.912087727336022
226	14.912087727336022
227	14.912087727336022
228	10.199514159682831
229	10.199514159682831
230	10.199514159682831
231	10.199514159682831
232	10.199514159682831
233	10.199514159682831
234	27.61167541318464
235	27.61167541318464
236	27.61167541318464
237	27.61167541318464
238	27.61167541318464
239	27.61167541318464
240	10.535762826652332
241	10.535762826652332
242	10.535762826652332
243	10.535762826652332
244	10.535762826652332
245	10.535762826652332
246	27.69496823551965
247	27.69496823551965
248	27.69496823551965
249	27.69496823551965
250	27.69496823551965
251	27.69496823551965
252	20.172005163854067
253	20.172005163854067
254	20.172005163854067
255	20.172005163854067
256	20.172005163854067
257	20.172005163854067
258	23.988447220974276
259	23.988447220974276
260	23.988447220974276
261	23.988447220974276
262	23.988447220974276
263	23.988447220974276
264	21.058314922597194
265	21.058314922597194
266	21.058314922597194
267	21.058314922597194
268	21.058314922597194
269	21.058314922597194
270	16.727110568553755
271	16.727110568553755
272	16.727110568553755
273	16.727110568553755
274	16.727110568553755
275	16.727110568553755
276	19.126046423973293
277	19.126046423973293
278	19.126046423973293
279	19.126046423973293
280	19.126046423973293
281	19.126046423973293
282	19.706197299352283
283	19.706197299352283
284	19.706197299352283
285	19.706197299352283
286	19.706197299352283
287	19.706197299352283
288	24.92372552737197
289	24.92372552737197
290	24.92372552737197
291	24.92372552737197
292	24.92372552737197
293	24.92372552737197
294	19.710999869503492
295	19.710999869503492
296	19.710999869503492
297	19.710999869503492
298	19.710999869503492
299	19.710999869503492
300	21.178811139125155
301	21.178811139125155
302	21.178811139125155
303	21.178811139125155
304	21.178811139125155
305	21.178811139125155
306	24.34710158257481
307	24.34710158257481
308	24.34710158257481
309	24.34710158257481
310	24.34710158257481
311	24.34710158257481
312	22.037086907147206
313	22.037086907147206
314	22.037086907147206
315	22.037086907147206
316	22.037086907147206
317	22.037086907147206
318	15.86069956434795
319	15.86069956434795
320	15.86069956434795
321	15.86069956434795
322	15.86069956434795
323	15.86069956434795
324	23.88513174423466
325	23.88513174423466
326	23.88513174423466
327	23.88513174423466
328	23.88513174423466
329	23.88513174423466
330	11.48009112917629
331	11.48009112917629
332	11.48009112917629
333	11.48009112917629
334	11.48009112917629
335	11.48009112917629
336	23.55201528268056
337	23.55201528268056
338	23.55201528268056
339	23.55201528268056
340	23.55201528268056
341	23.55201528268056
342	28.276766752815423
343	28.276766752815423
344	28.276766752815423
345	28.276766752815423
346	28.276766752815423
347	28.276766752815423
348	15.55217196141477
349	15.55217196141477
350	15.55217196141477
351	15.55217196141477
352	15.55217196141477
353	15.55217196141477
354	18.659397913986783
355	18.659397913986783
356	18.659397913986783
357	18.659397913986783
358	18.659397913986783
359	18.659397913986783
360	12.4803906914134
361	27.499957490033196
362	27.499957490033196
363	27.499957490033196
364	27.499957490033196
365	27.499957490033196
366	27.499957490033196
367	21.90896048231525
368	21.90896048231525
369	21.90896048231525
370	21.90896048231525
371	21.90896048231525
372	21.90896048231525
373	23.890126377846233
374	23.890126377846233
375	23.890126377846233
376	23.890126377846233
377	23.890126377846233
378	23.890126377846233
379	27.005750727055297
380	27.005750727055297
381	27.005750727055297
382	27.005750727055297
383	27.005750727055297
384	27.005750727055297
385	22.431917241174222
386	22.431917241174222
387	22.431917241174222
388	22.431917241174222
389	22.431917241174222
390	22.431917241174222
391	21.67306188655512
392	21.67306188655512
393	21.67306188655512
394	21.67306188655512
395	21.67306188655512
396	21.67306188655512
397	16.22727001053882
398	16.22727001053882
399	16.22727001053882
400	16.22727001053882
401	16.22727001053882
402	16.22727001053882
403	25.31724580669406
404	25.31724580669406
405	25.31724580669406
406	25.31724580669406
407	25.31724580669406
408	25.31724580669406
409	24.33382597502743
410	24.33382597502743
411	24.33382597502743
412	24.33382597502743
413	24.33382597502743
414	24.33382597502743
415	20.320460043761287
416	20.320460043761287
417	20.320460043761287
418	20.320460043761287
419	20.320460043761287
420	20.320460043761287
421	25.351823185861026
422	25.351823185861026
423	25.351823185861026
424	25.351823185861026
425	25.351823185861026
426	25.351823185861026
427	17.621540380973002
428	17.621540380973002
429	17.621540380973002
430	17.621540380973002
431	17.621540380973002
432	17.621540380973002
433	21.325929974512142
434	21.325929974512142
435	21.325929974512142
436	21.325929974512142
437	21.325929974512142
438	21.325929974512142
439	20.413749843390185
440	20.413749843390185
441	20.413749843390185
442	20.413749843390185
443	20.413749843390185
444	20.413749843390185
445	21.39946094809331
446	21.39946094809331
447	21.39946094809331
448	21.39946094809331
449	21.39946094809331
450	21.39946094809331
451	26.31309569380562
452	26.31309569380562
453	26.31309569380562
454	26.31309569380562
455	26.31309569380562
456	26.31309569380562
457	28.374661601344208
458	28.374661601344208
459	28.374661601344208
460	28.374661601344208
461	28.374661601344208
462	28.374661601344208
463	13.97096095821194
464	13.97096095821194
465	13.97096095821194
466	13.97096095821194
467	13.97096095821194
468	13.97096095821194
469	20.956736288144008
470	20.956736288144008
471	20.956736288144008
472	20.956736288144008
473	20.956736288144008
474	20.956736288144008
475	17.81156578296199
476	17.81156578296199
477	17.81156578296199
478	17.81156578296199
479	17.81156578296199
480	17.81156578296199
481	24.072393647489402
482	24.072393647489402
483	24.072393647489402
484	24.072393647489402
485	24.072393647489402
486	24.072393647489402
487	26.11558676964751
488	26.11558676964751
489	26.11558676964751
490	26.11558676964751
491	26.11558676964751
492	26.11558676964751
493	23.16073173055712
494	23.16073173055712
495	23.16073173055712
496	23.16073173055712
497	23.16073173055712
498	23.16073173055712
499	19.50151139596609
500	19.50151139596609
501	19.50151139596609
502	19.50151139596609
503	19.50151139596609
504	19.50151139596609
505	16.801229056170552
506	16.801229056170552
507	16.801229056170552
508	16.801229056170552
509	16.801229056170552
510	16.801229056170552
511	20.027683761633913
512	20.027683761633913
513	20.027683761633913
514	20.027683761633913
515	20.027683761633913
516	20.027683761633913
517	16.32477536505447
518	16.32477536505447
519	16.32477536505447
520	16.32477536505447
521	16.32477536505447
522	16.32477536505447
523	21.086694587467942
524	21.086694587467942
525	21.086694587467942
526	21.086694587467942
527	21.086694587467942
528	21.086694587467942
529	18.839946263951635
530	18.839946263951635
531	18.839946263951635
532	18.839946263951635
533	18.839946263951635
534	18.839946263951635
535	28.49766941332467
536	28.49766941332467
537	28.49766941332467
538	28.49766941332467
539	28.49766941332467
540	28.49766941332467
541	18.887794181490328
542	18.887794181490328
543	18.887794181490328
544	18.887794181490328
545	18.887794181490328
546	18.887794181490328
547	13.632664155472966
548	13.632664155472966
549	13.632664155472966
550	13.632664155472966
551	13.632664155472966
552	13.632664155472966
553	19.366962484361274
554	19.366962484361274
555	19.366962484361274
556	19.366962484361274
557	19.366962484361274
558	19.366962484361274
559	24.39940836451062
560	24.39940836451062
561	24.39940836451062
562	24.39940836451062
563	24.39940836451062
564	24.39940836451062
565	22.83595720982341
566	22.83595720982341
567	22.83595720982341
568	22.83595720982341
569	22.83595720982341
570	22.83595720982341
571	20.278552883738094
572	20.278552883738094
573	20.278552883738094
574	20.278552883738094
575	20.278552883738094
576	20.278552883738094
577	19.55749983460183
578	19.55749983460183
579	19.55749983460183
580	19.55749983460183
581	19.55749983460183
582	19.55749983460183
583	13.924383127896494
584	13.924383127896494
585	13.924383127896494
586	13.924383127896494
587	13.924383127896494
588	13.924383127896494
589	23.838995352828988
590	23.838995352828988
591	23.838995352828988
592	23.838995352828988
593	23.838995352828988
594	23.838995352828988
595	20.025008154368575
596	20.025008154368575
597	20.025008154368575
598	20.025008154368575
599	20.025008154368575
600	20.025008154368575
601	22.25522205421521
602	22.25522205421521
603	22.25522205421521
604	22.25522205421521
605	22.25522205421521
606	22.25522205421521
607	26.072424164187343
608	26.072424164187343
609	26.072424164187343
610	26.072424164187343
611	26.072424164187343
612	26.072424164187343
613	22.926042872201972
614	22.926042872201972
615	22.926042872201972
616	22.38469786609074
617	22.38469786609074
618	22.38469786609074
619	22.38469786609074
620	22.38469786609074
621	22.38469786609074
622	20.38200102815277
623	20.38200102815277
624	20.38200102815277
625	20.38200102815277
626	20.38200102815277
627	20.38200102815277
628	27.26475427831427
629	27.26475427831427
630	27.26475427831427
631	27.26475427831427
632	27.26475427831427
633	27.26475427831427
634	19.47736569563824
635	19.47736569563824
636	19.47736569563824
637	19.47736569563824
638	19.47736569563824
639	19.47736569563824
640	22.040126476679152
641	22.040126476679152
642	22.040126476679152
643	22.040126476679152
644	22.040126476679152
645	22.040126476679152
646	14.848176917271845
647	14.848176917271845
648	14.848176917271845
649	14.848176917271845
650	14.848176917271845
651	14.848176917271845
652	18.564604537182955
653	18.564604537182955
654	18.564604537182955
655	18.564604537182955
656	18.564604537182955
657	18.564604537182955
658	27.078970593141815
659	27.078970593141815
660	27.078970593141815
661	27.078970593141815
662	27.078970593141815
663	27.078970593141815
664	13.664420463644259
665	13.664420463644259
666	13.664420463644259
667	13.664420463644259
668	13.664420463644259
669	13.664420463644259
670	28.776359345351395
671	28.776359345351395
672	28.776359345351395
673	28.776359345351395
674	28.776359345351395
675	28.776359345351395
676	15.446408479710232
677	15.446408479710232
678	15.446408479710232
679	15.446408479710232
680	15.446408479710232
681	15.446408479710232
682	27.755580153524647
683	27.755580153524647
684	27.755580153524647
685	27.755580153524647
686	27.755580153524647
687	27.755580153524647
688	14.69055360318942
689	14.69055360318942
690	14.69055360318942
691	14.69055360318942
692	14.69055360318942
693	14.69055360318942
694	21.444457944422286
695	21.444457944422286
696	21.444457944422286
697	21.444457944422286
698	21.444457944422286
699	21.444457944422286
700	20.777408251146344
701	20.777408251146344
702	20.777408251146344
703	20.777408251146344
704	20.777408251146344
705	20.777408251146344
706	19.64817053762333
707	19.64817053762333
708	19.64817053762333
709	19.64817053762333
710	19.64817053762333
711	19.64817053762333
712	27.837254873591633
713	27.837254873591633
714	27.837254873591633
715	27.837254873591633
716	27.837254873591633
717	27.837254873591633
718	21.501969854257446
719	21.501969854257446
720	21.501969854257446
721	21.501969854257446
722	21.501969854257446
723	21.501969854257446
724	20.164844798202694
725	20.164844798202694
726	20.164844798202694
727	20.164844798202694
728	20.164844798202694
729	20.164844798202694
730	21.260151069469316
731	21.260151069469316
732	21.260151069469316
733	21.260151069469316
734	21.260151069469316
735	21.260151069469316
736	23.124818978195538
737	23.124818978195538
738	23.124818978195538
739	23.124818978195538
740	23.124818978195538
741	23.124818978195538
742	28.461559826527683
743	28.461559826527683
744	28.461559826527683
745	28.461559826527683
746	28.461559826527683
747	28.461559826527683
748	13.703640353403648
749	13.703640353403648
750	13.703640353403648
751	13.703640353403648
752	13.703640353403648
753	13.703640353403648
754	27.2588562321938
755	27.2588562321938
756	27.2588562321938
757	27.2588562321938
758	27.2588562321938
759	27.2588562321938
760	22.223963376982386
761	22.223963376982386
762	22.223963376982386
763	22.223963376982386
764	22.223963376982386
765	22.223963376982386
766	21.67538254336097
767	21.67538254336097
768	21.67538254336097
769	21.67538254336097
770	21.67538254336097
771	21.67538254336097
772	10.64427552726802
773	10.64427552726802
774	10.64427552726802
775	10.64427552726802
776	10.64427552726802
777	10.64427552726802
778	26.3562255240711
779	26.3562255240711
780	26.3562255240711
781	26.3562255240711
782	26.3562255240711
783	26.3562255240711
784	22.448913322414956
785	22.448913322414956
786	22.448913322414956
787	22.448913322414956
788	22.448913322414956
789	22.448913322414956
790	6.950032704821602
791	6.950032704821602
792	6.950032704821602
793	6.950032704821602
794	6.950032704821602
795	6.950032704821602
796	40.00497471865001
797	40.00497471865001
798	40.00497471865001
799	40.00497471865001
800	40.00497471865001
801	40.00497471865001
802	24.908506826867054
803	24.908506826867054
804	24.908506826867054
805	24.908506826867054
806	24.908506826867054
807	24.908506826867054
808	20.325422083717253
809	20.325422083717253
810	20.325422083717253
811	20.325422083717253
812	20.325422083717253
813	20.325422083717253
814	25.214496440971935
815	25.214496440971935
816	25.214496440971935
817	25.214496440971935
818	25.214496440971935
819	25.214496440971935
820	18.87783093503983
821	18.87783093503983
822	18.87783093503983
823	18.87783093503983
824	18.87783093503983
825	18.87783093503983
826	25.045639568733097
827	25.045639568733097
828	25.045639568733097
829	25.045639568733097
830	25.045639568733097
831	25.045639568733097
832	31.720931827540216
833	31.720931827540216
834	31.720931827540216
835	31.720931827540216
836	31.720931827540216
837	31.720931827540216
838	25.417724082981525
839	25.417724082981525
840	25.417724082981525
841	25.417724082981525
842	25.417724082981525
843	25.417724082981525
844	18.713391762796327
845	18.713391762796327
846	18.713391762796327
847	18.713391762796327
848	18.713391762796327
849	18.713391762796327
850	24.97426276876168
851	24.97426276876168
852	24.97426276876168
853	24.97426276876168
854	24.97426276876168
855	24.97426276876168
856	18.87989282676964
857	18.87989282676964
858	18.87989282676964
859	18.87989282676964
860	18.87989282676964
861	18.87989282676964
862	22.45073456807438
863	22.45073456807438
864	22.45073456807438
865	22.45073456807438
866	22.45073456807438
867	22.45073456807438
868	27.59095740428422
869	27.59095740428422
870	27.59095740428422
871	27.59095740428422
872	27.59095740428422
873	27.59095740428422
874	20.51168955151768
875	20.51168955151768
876	20.51168955151768
877	20.51168955151768
878	20.51168955151768
879	20.51168955151768
880	21.16890622049173
881	21.16890622049173
882	21.16890622049173
883	21.16890622049173
884	21.16890622049173
885	21.16890622049173
886	20.222215941189198
887	20.222215941189198
888	20.222215941189198
889	20.222215941189198
890	20.222215941189198
891	20.222215941189198
892	17.030582376761295
893	17.030582376761295
894	17.030582376761295
895	17.030582376761295
896	17.030582376761295
897	17.030582376761295
898	30.64920079883857
899	30.64920079883857
900	30.64920079883857
901	30.64920079883857
902	30.64920079883857
903	30.64920079883857
904	24.115087857153664
905	24.115087857153664
906	24.115087857153664
907	24.115087857153664
908	24.115087857153664
909	24.115087857153664
910	16.842053066176316
911	16.842053066176316
912	16.842053066176316
913	16.842053066176316
914	16.842053066176316
915	16.842053066176316
916	16.56517282184413
917	16.56517282184413
918	16.56517282184413
919	16.56517282184413
920	16.56517282184413
921	16.56517282184413
922	19.001948427601754
923	19.001948427601754
924	19.001948427601754
925	19.001948427601754
926	19.001948427601754
927	19.001948427601754
928	14.423170763446338
929	14.423170763446338
930	14.423170763446338
931	14.423170763446338
932	14.423170763446338
933	14.423170763446338
934	23.47099108537288
935	23.47099108537288
936	23.47099108537288
937	23.47099108537288
938	23.47099108537288
939	23.47099108537288
940	14.80194834874746
941	14.80194834874746
942	14.80194834874746
943	14.80194834874746
944	14.80194834874746
945	14.80194834874746
946	13.408762997891833
947	13.408762997891833
948	13.408762997891833
949	13.408762997891833
950	13.408762997891833
951	13.408762997891833
952	20.524520523867167
953	20.524520523867167
954	20.524520523867167
955	20.524520523867167
956	20.524520523867167
957	20.524520523867167
958	15.012843082468187
959	15.012843082468187
960	15.012843082468187
961	15.012843082468187
962	15.012843082468187
963	15.012843082468187
964	23.223832961112418
965	23.223832961112418
966	23.223832961112418
967	23.223832961112418
968	23.223832961112418
969	23.223832961112418
970	16.3998851757081
971	16.3998851757081
972	16.3998851757081
973	16.3998851757081
974	16.3998851757081
975	16.3998851757081
976	25.019161665348744
977	25.019161665348744
978	25.019161665348744
979	25.019161665348744
980	25.019161665348744
981	25.019161665348744
982	25.898619001360736
983	25.898619001360736
984	25.898619001360736
985	25.898619001360736
986	25.898619001360736
987	25.898619001360736
988	19.49542526662309
989	19.49542526662309
990	19.49542526662309
991	19.49542526662309
992	19.49542526662309
993	19.49542526662309
994	33.8372135787478
995	33.8372135787478
996	33.8372135787478
997	33.8372135787478
998	33.8372135787478
999	33.8372135787478
1000	27.191793427045717
1001	27.191793427045717
1002	27.191793427045717
1003	27.191793427045717
1004	27.191793427045717
1005	27.191793427045717
1006	20.8800127444945
1007	20.8800127444945
1008	20.8800127444945
1009	20.8800127444945
1010	20.8800127444945
1011	20.8800127444945
1012	18.607763522964778
1013	18.607763522964778
1014	18.607763522964778
1015	18.607763522964778
1016	18.607763522964778
1017	18.607763522964778
1018	18.555245173136534
1019	18.555245173136534
1020	18.555245173136534
1021	18.555245173136534
1022	18.555245173136534
1023	18.555245173136534
1024	20.531201660196977
1025	20.531201660196977
1026	20.531201660196977
1027	20.531201660196977
1028	20.531201660196977
1029	20.531201660196977
1030	28.63543562389136
1031	28.63543562389136
1032	28.63543562389136
1033	28.63543562389136
1034	28.63543562389136
1035	28.63543562389136
1036	15.430267733833674
1037	15.430267733833674
1038	15.430267733833674
1039	15.430267733833674
1040	15.430267733833674
1041	15.430267733833674
1042	11.852039511864538
1043	11.852039511864538
1044	11.852039511864538
1045	11.852039511864538
1046	11.852039511864538
1047	11.852039511864538
1048	22.442953130815827
1049	22.442953130815827
1050	22.442953130815827
1051	22.442953130815827
1052	22.442953130815827
1053	22.442953130815827
1054	27.117327616557635
1055	27.117327616557635
1056	27.117327616557635
1057	27.117327616557635
1058	27.117327616557635
1059	27.117327616557635
1060	24.356155903828174
1061	24.356155903828174
1062	24.356155903828174
1063	24.356155903828174
1064	24.356155903828174
1065	24.356155903828174
1066	21.353828819196075
1067	21.353828819196075
1068	21.353828819196075
1069	21.353828819196075
1070	21.353828819196075
1071	21.353828819196075
1072	21.083763353348488
1073	21.083763353348488
1074	21.083763353348488
1075	21.083763353348488
1076	21.083763353348488
1077	21.083763353348488
1078	20.927674739774055
1079	20.927674739774055
1080	20.927674739774055
1081	20.927674739774055
1082	20.927674739774055
1083	20.927674739774055
1084	23.029292411359357
1085	23.029292411359357
1086	23.029292411359357
1087	23.029292411359357
1088	23.029292411359357
1089	23.029292411359357
1090	27.095160074548886
1091	27.095160074548886
1092	27.095160074548886
1093	27.095160074548886
1094	27.095160074548886
1095	27.095160074548886
1096	27.280082104970102
1097	27.280082104970102
1098	27.280082104970102
1099	27.280082104970102
1100	27.280082104970102
1101	27.280082104970102
1102	21.15406961564019
1103	21.15406961564019
1104	21.15406961564019
1105	21.15406961564019
1106	21.15406961564019
1107	21.15406961564019
1108	15.242277638495512
1109	15.242277638495512
1110	15.242277638495512
1111	15.242277638495512
1112	15.242277638495512
1113	15.242277638495512
1114	20.92812923045873
1115	20.92812923045873
1116	20.92812923045873
1117	20.92812923045873
1118	20.92812923045873
1119	20.92812923045873
1120	29.21266092199177
1121	29.21266092199177
1122	29.21266092199177
1123	29.21266092199177
1124	29.21266092199177
1125	29.21266092199177
1126	19.477633128470302
1127	19.477633128470302
1128	19.477633128470302
1129	19.477633128470302
1130	19.477633128470302
1131	19.477633128470302
1132	16.709548336370773
1133	16.709548336370773
1134	16.709548336370773
1135	16.709548336370773
1136	16.709548336370773
1137	16.709548336370773
1138	20.57777002031064
1139	20.57777002031064
1140	20.57777002031064
1141	20.57777002031064
1142	20.57777002031064
1143	20.57777002031064
1144	30.328500551260795
1145	30.328500551260795
1146	30.328500551260795
1147	30.328500551260795
1148	30.328500551260795
1149	30.328500551260795
1150	22.52843972522105
1151	22.52843972522105
1152	22.52843972522105
1153	22.52843972522105
1154	22.52843972522105
1155	22.52843972522105
1156	18.177403974200075
1157	18.177403974200075
1158	18.177403974200075
1159	18.177403974200075
1160	18.177403974200075
1161	18.177403974200075
1162	28.501190663888387
1163	28.501190663888387
1164	28.501190663888387
1165	28.501190663888387
1166	28.501190663888387
1167	28.501190663888387
1168	16.3909894893305
1169	16.3909894893305
1170	16.3909894893305
1171	16.3909894893305
1172	16.3909894893305
1173	16.3909894893305
1174	25.79416548159591
1175	25.79416548159591
1176	25.79416548159591
1177	25.79416548159591
1178	25.79416548159591
1179	25.79416548159591
1180	20.066196516563778
1181	20.066196516563778
1182	20.066196516563778
1183	20.066196516563778
1184	20.066196516563778
1185	20.066196516563778
1186	22.283573762911416
1187	22.283573762911416
1188	22.283573762911416
1189	22.283573762911416
1190	22.283573762911416
1191	22.283573762911416
1192	15.429665737252035
1193	15.429665737252035
1194	15.429665737252035
1195	15.429665737252035
1196	15.429665737252035
1197	15.429665737252035
1198	22.92309376567821
1199	22.92309376567821
1200	22.92309376567821
1201	22.92309376567821
1202	22.92309376567821
1203	22.92309376567821
1204	19.800940316484724
1205	19.800940316484724
1206	19.800940316484724
1207	19.800940316484724
1208	19.800940316484724
1209	19.800940316484724
1210	21.948972386321323
1211	21.948972386321323
1212	21.948972386321323
1213	21.948972386321323
1214	21.948972386321323
1215	21.948972386321323
1216	22.810868529193602
1217	22.810868529193602
1218	22.810868529193602
1219	22.810868529193602
1220	22.810868529193602
1221	22.810868529193602
1222	12.418535199009268
1223	12.418535199009268
1224	12.418535199009268
1225	12.418535199009268
1226	12.418535199009268
1227	12.418535199009268
1228	16.842737763994975
1229	16.842737763994975
1230	16.842737763994975
1231	16.842737763994975
1232	16.842737763994975
1233	16.842737763994975
1234	25.378283393368438
1235	25.378283393368438
1236	25.378283393368438
1237	25.378283393368438
1238	25.378283393368438
1239	25.378283393368438
1240	25.957209207292454
1241	25.957209207292454
1242	25.957209207292454
1243	25.957209207292454
1244	25.957209207292454
1245	25.957209207292454
1246	25.144251136035535
1247	25.144251136035535
1248	25.144251136035535
1249	25.144251136035535
1250	25.144251136035535
1251	25.144251136035535
1252	19.857748205095696
1253	19.857748205095696
1254	19.857748205095696
1255	19.857748205095696
1256	19.857748205095696
1257	19.857748205095696
1258	27.7633488893292
1259	27.7633488893292
1260	27.7633488893292
1261	27.7633488893292
1262	27.7633488893292
1263	27.7633488893292
1264	27.525226161985895
1265	27.525226161985895
1266	27.525226161985895
1267	27.525226161985895
1268	27.525226161985895
1269	27.525226161985895
1270	24.09046881063968
1271	24.09046881063968
1272	24.09046881063968
1273	24.09046881063968
1274	24.09046881063968
1275	24.09046881063968
1276	20.139704146500073
1277	20.139704146500073
1278	20.139704146500073
1279	20.139704146500073
1280	20.139704146500073
1281	20.139704146500073
1282	17.599852446561837
1283	17.599852446561837
1284	17.599852446561837
1285	17.599852446561837
1286	17.599852446561837
1287	17.599852446561837
1288	28.888991344188625
1289	28.888991344188625
1290	28.888991344188625
1291	28.888991344188625
1292	28.888991344188625
1293	28.888991344188625
1294	29.14475545249668
1295	29.14475545249668
1296	29.14475545249668
1297	29.14475545249668
1298	29.14475545249668
1299	29.14475545249668
1300	24.046347415698268
1301	24.046347415698268
1302	24.046347415698268
1303	24.046347415698268
1304	24.046347415698268
1305	24.046347415698268
1306	22.188091969290152
1307	22.188091969290152
1308	22.188091969290152
1309	22.188091969290152
1310	22.188091969290152
1311	22.188091969290152
1312	26.658441947003144
1313	26.658441947003144
1314	26.658441947003144
1315	26.658441947003144
1316	26.658441947003144
1317	26.658441947003144
1318	18.89428209422801
1319	18.89428209422801
1320	18.89428209422801
1321	18.89428209422801
1322	18.89428209422801
1323	18.89428209422801
1324	21.402038773106156
1325	21.402038773106156
1326	21.402038773106156
1327	21.402038773106156
1328	21.402038773106156
1329	21.402038773106156
1330	17.422268074228175
1331	17.422268074228175
1332	17.422268074228175
1333	17.422268074228175
1334	17.422268074228175
1335	17.422268074228175
1336	24.202684571627962
1337	24.202684571627962
1338	24.202684571627962
1339	24.202684571627962
1340	24.202684571627962
1341	24.202684571627962
1342	26.54733609480178
1343	26.54733609480178
1344	26.54733609480178
1345	26.54733609480178
1346	26.54733609480178
1347	26.54733609480178
1348	20.41604271365273
1349	20.41604271365273
1350	20.41604271365273
1351	20.41604271365273
1352	20.41604271365273
1353	20.41604271365273
1354	20.378695264643817
1355	20.378695264643817
1356	20.378695264643817
1357	20.378695264643817
1358	20.378695264643817
1359	20.378695264643817
1360	27.49952765423206
1361	27.49952765423206
1362	27.49952765423206
1363	27.49952765423206
1364	27.49952765423206
1365	27.49952765423206
1366	23.953691542360538
1367	23.953691542360538
1368	23.953691542360538
1369	23.953691542360538
1370	23.953691542360538
1371	23.953691542360538
1372	22.642096273278632
1373	22.642096273278632
1374	22.642096273278632
1375	22.642096273278632
1376	22.642096273278632
1377	22.642096273278632
1378	23.70383390131343
1379	23.70383390131343
1380	23.70383390131343
1381	23.70383390131343
1382	23.70383390131343
1383	23.70383390131343
1384	16.50877380215813
1385	16.50877380215813
1386	16.50877380215813
1387	16.50877380215813
1388	16.50877380215813
1389	16.50877380215813
1390	22.762022308010287
1391	22.762022308010287
1392	22.762022308010287
1393	22.762022308010287
1394	22.762022308010287
1395	22.762022308010287
1396	23.195838311505355
1397	23.195838311505355
1398	23.195838311505355
1399	23.195838311505355
1400	23.195838311505355
1401	23.195838311505355
1402	25.561236567291278
1403	25.561236567291278
1404	25.561236567291278
1405	25.561236567291278
1406	25.561236567291278
1407	25.561236567291278
1408	18.403870138581656
1409	18.403870138581656
1410	18.403870138581656
1411	18.403870138581656
1412	18.403870138581656
1413	18.403870138581656
1414	27.263671652161058
1415	27.263671652161058
1416	27.263671652161058
1417	27.263671652161058
1418	27.263671652161058
1419	27.263671652161058
1420	25.458604731969583
1421	25.458604731969583
1422	25.458604731969583
1423	25.458604731969583
1424	25.458604731969583
1425	25.458604731969583
1426	14.656767995856221
1427	14.656767995856221
1428	14.656767995856221
1429	14.656767995856221
1430	14.656767995856221
1431	14.656767995856221
1432	15.629695579327883
1433	15.629695579327883
1434	15.629695579327883
1435	15.629695579327883
1436	15.629695579327883
1437	15.629695579327883
1438	27.09396533028615
1439	27.09396533028615
1440	27.09396533028615
1441	27.09396533028615
1442	27.09396533028615
1443	27.09396533028615
1444	17.706367950217015
1445	17.706367950217015
1446	17.706367950217015
1447	17.706367950217015
1448	17.706367950217015
1449	17.706367950217015
1450	21.913305521125928
1451	21.913305521125928
1452	21.913305521125928
1453	21.913305521125928
1454	21.913305521125928
1455	21.913305521125928
1456	18.19298705867793
1457	18.19298705867793
1458	18.19298705867793
1459	18.19298705867793
1460	18.19298705867793
1461	18.19298705867793
1462	17.824289910668067
1463	17.824289910668067
1464	17.824289910668067
1465	17.824289910668067
1466	17.824289910668067
1467	17.824289910668067
1468	18.12879550932909
1469	18.12879550932909
1470	18.12879550932909
1471	18.12879550932909
1472	18.12879550932909
1473	18.12879550932909
1474	20.15150854958553
1475	20.15150854958553
1476	20.15150854958553
1477	20.15150854958553
1478	20.15150854958553
1479	20.15150854958553
1480	28.943567305406606
1481	28.943567305406606
1482	28.943567305406606
1483	28.943567305406606
1484	28.943567305406606
1485	28.943567305406606
1486	32.502799979830364
1487	32.502799979830364
1488	32.502799979830364
1489	32.502799979830364
1490	32.502799979830364
1491	32.502799979830364
1492	19.677026275686078
1493	19.677026275686078
1494	19.677026275686078
1495	19.677026275686078
1496	19.677026275686078
1497	19.677026275686078
1498	22.70101362494846
1499	22.70101362494846
1500	22.70101362494846
1501	22.70101362494846
1502	22.70101362494846
1503	22.70101362494846
1504	31.75195550312154
1505	31.75195550312154
1506	31.75195550312154
1507	31.75195550312154
1508	31.75195550312154
1509	31.75195550312154
1510	20.580014227598642
1511	20.580014227598642
1512	20.580014227598642
1513	20.580014227598642
1514	20.580014227598642
1515	20.580014227598642
1516	18.992567889342652
1517	18.992567889342652
1518	18.992567889342652
1519	18.992567889342652
1520	18.992567889342652
1521	18.992567889342652
1522	27.363475325332573
1523	27.363475325332573
1524	27.363475325332573
1525	27.363475325332573
1526	27.363475325332573
1527	27.363475325332573
1528	18.482476317351257
1529	18.482476317351257
1530	18.482476317351257
1531	18.482476317351257
1532	18.482476317351257
1533	18.482476317351257
1534	29.798443576242953
1535	29.798443576242953
1536	29.798443576242953
1537	29.798443576242953
1538	29.798443576242953
1539	29.798443576242953
1540	19.21877213369299
1541	19.21877213369299
1542	19.21877213369299
1543	19.21877213369299
1544	19.21877213369299
1545	19.21877213369299
1546	16.450837091761752
1547	16.450837091761752
1548	16.450837091761752
1549	16.450837091761752
1550	16.919173617354986
1551	16.919173617354986
1552	16.919173617354986
1553	16.919173617354986
1554	16.919173617354986
1555	16.919173617354986
1556	18.886271233472165
1557	18.886271233472165
1558	18.886271233472165
1559	18.886271233472165
1560	18.886271233472165
1561	18.886271233472165
1562	20.222956124063007
1563	20.222956124063007
1564	20.222956124063007
1565	20.222956124063007
1566	20.222956124063007
1567	20.222956124063007
1568	29.86878747549107
1569	29.86878747549107
1570	29.86878747549107
1571	29.86878747549107
1572	29.86878747549107
1573	29.86878747549107
1574	16.586497641642648
1575	16.586497641642648
1576	16.586497641642648
1577	16.586497641642648
1578	16.586497641642648
1579	16.586497641642648
1580	24.29292801568343
1581	24.29292801568343
1582	24.29292801568343
1583	24.29292801568343
1584	24.29292801568343
1585	24.29292801568343
1586	14.665455833995733
1587	14.665455833995733
1588	14.665455833995733
1589	14.665455833995733
1590	14.665455833995733
1591	14.665455833995733
1592	21.480977874062976
1593	21.480977874062976
1594	21.480977874062976
1595	21.480977874062976
1596	21.480977874062976
1597	21.480977874062976
1598	12.897803240678186
1599	20.784689609320925
1600	20.784689609320925
1601	20.784689609320925
1602	20.784689609320925
1603	20.784689609320925
1604	20.784689609320925
1605	16.80970575840763
1606	16.80970575840763
1607	16.80970575840763
1608	16.80970575840763
1609	16.80970575840763
1610	16.80970575840763
1611	26.642940769888
1612	26.642940769888
1613	26.642940769888
1614	26.642940769888
1615	26.642940769888
1616	26.642940769888
1617	15.623662467575482
1618	15.623662467575482
1619	15.623662467575482
1620	15.623662467575482
1621	15.623662467575482
1622	15.623662467575482
1623	29.058079081511885
1624	29.058079081511885
1625	29.058079081511885
1626	29.058079081511885
1627	29.058079081511885
1628	29.058079081511885
1629	32.309478985987596
1630	32.309478985987596
1631	32.309478985987596
1632	32.309478985987596
1633	32.309478985987596
1634	32.309478985987596
1635	19.662086183695074
1636	19.662086183695074
1637	19.662086183695074
1638	19.662086183695074
1639	19.662086183695074
1640	19.662086183695074
1641	23.19917072924031
1642	23.19917072924031
1643	23.19917072924031
1644	23.19917072924031
1645	23.19917072924031
1646	23.19917072924031
1647	18.7381998043342
1648	18.7381998043342
1649	18.7381998043342
1650	18.7381998043342
1651	18.7381998043342
1652	18.7381998043342
1653	18.272322080871323
1654	18.272322080871323
1655	18.272322080871323
1656	18.272322080871323
1657	18.272322080871323
1658	18.272322080871323
1659	16.082856327217343
1660	16.082856327217343
1661	16.082856327217343
1662	16.082856327217343
1663	16.082856327217343
1664	16.082856327217343
1665	16.261147547802526
1666	16.261147547802526
1667	16.261147547802526
1668	16.261147547802526
1669	16.261147547802526
1670	16.261147547802526
1671	22.295943598994395
1672	22.295943598994395
1673	22.295943598994395
1674	22.295943598994395
1675	22.295943598994395
1676	22.295943598994395
1677	18.562176307076477
1678	18.562176307076477
1679	18.562176307076477
1680	18.562176307076477
1681	18.562176307076477
1682	18.562176307076477
1683	19.80708254526345
1684	19.80708254526345
1685	19.80708254526345
1686	19.80708254526345
1687	19.80708254526345
1688	19.80708254526345
1689	23.095857546674235
1690	23.095857546674235
1691	23.095857546674235
1692	23.095857546674235
1693	23.095857546674235
1694	23.095857546674235
1695	21.760230794403302
1696	21.760230794403302
1697	21.760230794403302
1698	21.760230794403302
1699	21.760230794403302
1700	21.760230794403302
1701	19.333069572377333
1702	19.333069572377333
1703	19.333069572377333
1704	19.333069572377333
1705	19.333069572377333
1706	19.333069572377333
1707	17.20896082657442
1708	17.20896082657442
1709	17.20896082657442
1710	17.20896082657442
1711	17.20896082657442
1712	17.20896082657442
1713	17.61134420653067
1714	17.61134420653067
1715	17.61134420653067
1716	17.61134420653067
1717	17.61134420653067
1718	17.61134420653067
1719	22.200910928344303
1720	22.200910928344303
1721	22.200910928344303
1722	22.200910928344303
1723	22.200910928344303
1724	22.200910928344303
1725	14.28346790066588
1726	14.28346790066588
1727	14.28346790066588
1728	14.28346790066588
1729	14.28346790066588
1730	14.28346790066588
1731	21.617424163709014
1732	21.617424163709014
1733	21.617424163709014
1734	21.617424163709014
1735	21.617424163709014
1736	21.617424163709014
1737	19.80487515591129
1738	19.80487515591129
1739	19.80487515591129
1740	19.80487515591129
1741	19.80487515591129
1742	19.80487515591129
1743	18.227728226647205
1744	18.227728226647205
1745	18.227728226647205
1746	18.227728226647205
1747	18.227728226647205
1748	18.227728226647205
1749	21.169188359737454
1750	21.169188359737454
1751	21.169188359737454
1752	21.169188359737454
1753	21.169188359737454
1754	21.169188359737454
1755	17.26317691139564
1756	17.26317691139564
1757	17.26317691139564
1758	17.26317691139564
1759	17.26317691139564
1760	17.26317691139564
1761	17.820486517144666
1762	17.820486517144666
1763	17.820486517144666
1764	17.820486517144666
1765	17.820486517144666
1766	17.820486517144666
1767	22.215783014292853
1768	22.215783014292853
1769	22.215783014292853
1770	22.215783014292853
1771	22.215783014292853
1772	22.215783014292853
1773	18.908433228836813
1774	18.908433228836813
1775	18.908433228836813
1776	18.908433228836813
1777	18.908433228836813
1778	18.908433228836813
1779	19.468915049251766
1780	19.468915049251766
1781	19.468915049251766
1782	19.468915049251766
1783	19.468915049251766
1784	19.468915049251766
1785	23.147076041906637
1786	23.147076041906637
1787	23.147076041906637
1788	23.147076041906637
1789	23.147076041906637
1790	23.147076041906637
1791	18.035023745126516
1792	20.452037541180545
1793	20.452037541180545
1794	20.452037541180545
1795	20.452037541180545
1796	20.452037541180545
1797	20.452037541180545
1798	20.51451684456399
1799	20.51451684456399
1800	20.51451684456399
1801	20.51451684456399
1802	20.51451684456399
1803	20.51451684456399
1804	18.64640398818866
1805	18.64640398818866
1806	18.64640398818866
1807	18.64640398818866
1808	18.64640398818866
1809	18.64640398818866
1810	25.56612978586803
1811	25.56612978586803
1812	25.56612978586803
1813	25.56612978586803
1814	25.56612978586803
1815	25.56612978586803
1816	22.83244332436838
1817	22.83244332436838
1818	22.83244332436838
1819	22.83244332436838
1820	22.83244332436838
1821	22.83244332436838
1822	25.459663623448385
1823	25.459663623448385
1824	25.459663623448385
1825	25.459663623448385
1826	25.459663623448385
1827	25.459663623448385
1828	21.5964353344044
1829	21.5964353344044
1830	21.5964353344044
1831	21.5964353344044
1832	21.5964353344044
1833	21.5964353344044
1834	21.413325202883403
1835	21.413325202883403
1836	21.413325202883403
1837	21.413325202883403
1838	21.413325202883403
1839	21.413325202883403
1840	23.4678907610193
1841	23.4678907610193
1842	23.4678907610193
1843	23.4678907610193
1844	23.4678907610193
1845	23.4678907610193
1846	21.699957366237214
1847	21.699957366237214
1848	21.699957366237214
1849	21.699957366237214
1850	21.699957366237214
1851	21.699957366237214
1852	10.555971884349555
1853	10.555971884349555
1854	10.555971884349555
1855	10.555971884349555
1856	10.555971884349555
1857	10.555971884349555
1858	24.46175125174847
1859	24.46175125174847
1860	24.46175125174847
1861	24.46175125174847
1862	24.46175125174847
1863	24.46175125174847
1864	20.06278545437598
1865	20.06278545437598
1866	20.06278545437598
1867	20.06278545437598
1868	20.06278545437598
1869	20.06278545437598
1870	15.37156633887243
1871	15.37156633887243
1872	15.37156633887243
1873	15.37156633887243
1874	15.37156633887243
1875	15.37156633887243
1876	18.781798820737993
1877	18.781798820737993
1878	18.781798820737993
1879	18.781798820737993
1880	18.781798820737993
1881	18.781798820737993
1882	25.562378922208516
1883	25.562378922208516
1884	25.562378922208516
1885	25.562378922208516
1886	25.562378922208516
1887	25.562378922208516
1888	25.57797259772905
1889	25.57797259772905
1890	25.57797259772905
1891	25.57797259772905
1892	25.57797259772905
1893	25.57797259772905
1894	28.993088258946365
1895	28.993088258946365
1896	28.993088258946365
1897	28.993088258946365
1898	28.993088258946365
1899	28.993088258946365
1900	23.51954243416672
1901	23.51954243416672
1902	23.51954243416672
1903	23.51954243416672
1904	23.51954243416672
1905	23.51954243416672
1906	17.88202736051114
1907	17.88202736051114
1908	17.88202736051114
1909	17.88202736051114
1910	17.88202736051114
1911	17.88202736051114
1912	16.574710903620264
1913	16.574710903620264
1914	16.574710903620264
1915	16.574710903620264
1916	16.574710903620264
1917	16.574710903620264
1918	27.502628746713413
1919	27.502628746713413
1920	27.502628746713413
1921	27.502628746713413
1922	27.502628746713413
1923	27.502628746713413
1924	17.327433024473397
1925	17.327433024473397
1926	17.327433024473397
1927	17.327433024473397
1928	17.327433024473397
1929	17.327433024473397
1930	16.071566469613824
1931	16.071566469613824
1932	16.071566469613824
1933	16.071566469613824
1934	16.071566469613824
1935	16.071566469613824
1936	31.98382972770677
1937	31.98382972770677
1938	31.98382972770677
1939	31.98382972770677
1940	31.98382972770677
1941	31.98382972770677
1942	18.507774389531097
1943	18.507774389531097
1944	18.507774389531097
1945	18.507774389531097
1946	18.507774389531097
1947	18.507774389531097
1948	20.142954871416244
1949	20.142954871416244
1950	20.142954871416244
1951	20.142954871416244
1952	20.142954871416244
1953	20.142954871416244
1954	26.202185845802635
1955	26.202185845802635
1956	26.202185845802635
1957	26.202185845802635
1958	26.202185845802635
1959	26.202185845802635
1960	25.189546726270823
1961	25.189546726270823
1962	25.189546726270823
1963	25.189546726270823
1964	25.189546726270823
1965	25.189546726270823
1966	25.525843699750194
1967	25.525843699750194
1968	25.525843699750194
1969	25.525843699750194
1970	25.525843699750194
1971	25.525843699750194
1972	16.524492921177956
1973	16.524492921177956
1974	16.524492921177956
1975	16.524492921177956
1976	16.524492921177956
1977	16.524492921177956
1978	30.78863355631855
1979	30.78863355631855
1980	30.78863355631855
1981	30.78863355631855
1982	30.78863355631855
1983	30.78863355631855
1984	31.40700130286417
1985	31.40700130286417
1986	31.40700130286417
1987	31.40700130286417
1988	31.40700130286417
1989	31.40700130286417
1990	11.190391787501612
1991	11.190391787501612
1992	11.190391787501612
1993	11.190391787501612
1994	11.190391787501612
1995	11.190391787501612
1996	8.597394850585678
1997	8.597394850585678
1998	8.597394850585678
1999	8.597394850585678
2000	8.597394850585678
2001	8.597394850585678
2002	23.68949185257732
2003	23.68949185257732
2004	23.68949185257732
2005	23.68949185257732
2006	23.68949185257732
2007	23.68949185257732
2008	30.538206399011393
2009	30.538206399011393
2010	30.538206399011393
2011	30.538206399011393
2012	30.538206399011393
2013	30.538206399011393
2014	30.72140441181771
2015	30.72140441181771
2016	30.72140441181771
2017	30.72140441181771
2018	30.72140441181771
2019	30.72140441181771
2020	24.858156094945095
2021	24.858156094945095
2022	24.858156094945095
2023	24.858156094945095
2024	24.858156094945095
2025	24.858156094945095
2026	25.46387654289986
2027	25.46387654289986
2028	25.46387654289986
2029	25.46387654289986
2030	25.46387654289986
2031	25.46387654289986
2032	17.30814953770523
2033	17.30814953770523
2034	17.30814953770523
2035	17.30814953770523
2036	17.30814953770523
2037	17.30814953770523
2038	19.718189964342365
2039	19.718189964342365
2040	19.718189964342365
2041	19.718189964342365
2042	19.718189964342365
2043	19.718189964342365
2044	21.36102171345752
2045	21.36102171345752
2046	21.36102171345752
2047	21.36102171345752
2048	21.36102171345752
2049	21.36102171345752
2050	18.816134541613604
2051	18.816134541613604
2052	18.816134541613604
2053	18.816134541613604
2054	18.816134541613604
2055	18.816134541613604
2056	26.710014422967163
2057	26.710014422967163
2058	26.710014422967163
2059	26.710014422967163
2060	26.710014422967163
2061	26.710014422967163
2062	25.829935750177732
2063	25.829935750177732
2064	25.829935750177732
2065	25.829935750177732
2066	25.829935750177732
2067	25.829935750177732
2068	19.193598744140438
2069	19.193598744140438
2070	19.193598744140438
2071	19.193598744140438
2072	19.193598744140438
2073	19.193598744140438
2074	18.530619545283095
2075	18.530619545283095
2076	18.530619545283095
2077	18.530619545283095
2078	18.530619545283095
2079	18.530619545283095
2080	16.805304701070014
2081	16.805304701070014
2082	16.805304701070014
2083	16.805304701070014
2084	16.805304701070014
2085	16.805304701070014
2086	24.670091164195554
2087	24.670091164195554
2088	24.670091164195554
2089	24.670091164195554
2090	24.670091164195554
2091	24.670091164195554
2092	19.643271578276586
2093	19.643271578276586
2094	19.643271578276586
2095	19.643271578276586
2096	19.643271578276586
2097	19.643271578276586
2098	22.274558411228426
2099	22.274558411228426
2100	22.274558411228426
2101	22.274558411228426
2102	22.274558411228426
2103	22.274558411228426
2104	10.5918813293942
2105	10.5918813293942
2106	10.5918813293942
2107	10.5918813293942
2108	10.5918813293942
2109	10.5918813293942
2110	17.284526926001952
2111	17.284526926001952
2112	17.284526926001952
2113	17.284526926001952
2114	17.284526926001952
2115	17.284526926001952
2116	25.305628895509436
2117	25.305628895509436
2118	25.305628895509436
2119	25.305628895509436
2120	25.305628895509436
2121	25.305628895509436
2122	19.42231840760918
2123	19.42231840760918
2124	19.42231840760918
2125	19.42231840760918
2126	19.42231840760918
2127	19.42231840760918
2128	23.080645846555086
2129	23.080645846555086
2130	23.080645846555086
2131	23.080645846555086
2132	23.080645846555086
2133	23.080645846555086
2134	25.49514241937444
2135	25.49514241937444
2136	25.49514241937444
2137	25.49514241937444
2138	25.49514241937444
2139	25.49514241937444
2140	29.21315652376658
2141	29.21315652376658
2142	29.21315652376658
2143	29.21315652376658
2144	29.21315652376658
2145	29.21315652376658
2146	7.271121891423748
2147	7.271121891423748
2148	7.271121891423748
2149	7.271121891423748
2150	7.271121891423748
2151	7.271121891423748
2152	19.24966992724253
2153	19.24966992724253
2154	19.24966992724253
2155	19.24966992724253
2156	19.24966992724253
2157	19.24966992724253
2158	27.42078373741015
2159	27.42078373741015
2160	27.42078373741015
2161	27.42078373741015
2162	27.42078373741015
2163	27.42078373741015
2164	24.915912873167162
2165	24.915912873167162
2166	24.915912873167162
2167	24.915912873167162
2168	24.915912873167162
2169	24.915912873167162
2170	18.685601651206433
2171	18.685601651206433
2172	18.685601651206433
2173	18.685601651206433
2174	18.685601651206433
2175	18.685601651206433
2176	30.898764343679428
2177	30.898764343679428
2178	30.898764343679428
2179	30.898764343679428
2180	30.898764343679428
2181	30.898764343679428
2182	21.76372547165126
2183	21.76372547165126
2184	21.76372547165126
2185	21.76372547165126
2186	21.76372547165126
2187	21.76372547165126
2188	15.83871816297335
2189	15.83871816297335
2190	15.83871816297335
2191	15.83871816297335
2192	15.83871816297335
2193	15.83871816297335
2194	20.67879815795047
2195	20.67879815795047
2196	20.67879815795047
2197	20.67879815795047
2198	20.67879815795047
2199	20.67879815795047
2200	22.68264495728555
2201	22.68264495728555
2202	22.68264495728555
2203	22.68264495728555
2204	22.68264495728555
2205	22.68264495728555
2206	9.53001087675044
2207	9.53001087675044
2208	9.53001087675044
2209	9.53001087675044
2210	9.53001087675044
2211	9.53001087675044
2212	20.982447241918013
2213	20.982447241918013
2214	20.982447241918013
2215	20.982447241918013
2216	20.982447241918013
2217	20.982447241918013
2218	24.95585375719343
2219	24.95585375719343
2220	24.95585375719343
2221	24.95585375719343
2222	24.95585375719343
2223	24.95585375719343
2224	23.883362907591984
2225	23.883362907591984
2226	23.883362907591984
2227	23.883362907591984
2228	23.883362907591984
2229	23.883362907591984
2230	19.681352438797695
2231	19.681352438797695
2232	19.681352438797695
2233	19.681352438797695
2234	19.681352438797695
2235	19.681352438797695
2236	16.628447711505935
2237	16.628447711505935
2238	16.628447711505935
2239	16.628447711505935
2240	16.628447711505935
2241	16.628447711505935
2242	20.024162577356538
2243	20.024162577356538
2244	20.024162577356538
2245	20.024162577356538
2246	20.024162577356538
2247	20.024162577356538
2248	24.858169864121884
2249	24.858169864121884
2250	24.858169864121884
2251	24.858169864121884
2252	24.858169864121884
2253	24.858169864121884
2254	15.940878704237804
2255	15.940878704237804
2256	15.940878704237804
2257	15.940878704237804
2258	15.940878704237804
2259	15.940878704237804
2260	24.673998466920583
2261	24.673998466920583
2262	24.673998466920583
2263	24.673998466920583
2264	24.673998466920583
2265	24.673998466920583
2266	12.469893181704496
2267	12.469893181704496
2268	12.469893181704496
2269	12.469893181704496
2270	12.469893181704496
2271	12.469893181704496
2272	22.80439621778666
2273	22.80439621778666
2274	22.80439621778666
2275	22.80439621778666
2276	22.80439621778666
2277	22.80439621778666
2278	14.606685412649071
2279	14.606685412649071
2280	14.606685412649071
2281	14.606685412649071
2282	14.606685412649071
2283	14.606685412649071
2284	25.090813688620578
2285	25.090813688620578
2286	25.090813688620578
2287	25.090813688620578
2288	25.090813688620578
2289	25.090813688620578
2290	27.622646411323608
2291	27.622646411323608
2292	27.622646411323608
2293	27.622646411323608
2294	27.622646411323608
2295	27.622646411323608
2296	15.259894886665005
2297	15.259894886665005
2298	15.259894886665005
2299	15.259894886665005
2300	15.259894886665005
2301	15.259894886665005
2302	21.28759025978918
2303	21.28759025978918
2304	21.28759025978918
2305	21.28759025978918
2306	21.28759025978918
2307	21.28759025978918
2308	18.603895045233344
2309	18.603895045233344
2310	18.603895045233344
2311	18.603895045233344
2312	18.603895045233344
2313	18.603895045233344
2314	18.67528134791561
2315	18.67528134791561
2316	18.67528134791561
2317	18.67528134791561
2318	18.67528134791561
2319	18.67528134791561
2320	19.66584400971536
2321	19.66584400971536
2322	19.66584400971536
2323	19.66584400971536
2324	19.66584400971536
2325	19.66584400971536
2326	25.040007212545913
2327	25.040007212545913
2328	25.040007212545913
2329	25.040007212545913
2330	25.040007212545913
2331	25.040007212545913
2332	25.47468148244987
2333	25.47468148244987
2334	25.47468148244987
2335	25.47468148244987
2336	25.47468148244987
2337	25.47468148244987
2338	21.0341156864651
2339	21.0341156864651
2340	21.0341156864651
2341	21.0341156864651
2342	21.0341156864651
2343	21.0341156864651
2344	15.672763272553826
2345	15.672763272553826
2346	15.672763272553826
2347	15.672763272553826
2348	15.672763272553826
2349	15.672763272553826
2350	16.135548382505544
2351	16.135548382505544
2352	16.135548382505544
2353	16.135548382505544
2354	16.135548382505544
2355	16.135548382505544
2356	14.655815037610605
2357	14.655815037610605
2358	14.655815037610605
2359	14.655815037610605
2360	14.655815037610605
2361	14.655815037610605
2362	21.929170751735654
2363	21.929170751735654
2364	21.929170751735654
2365	21.929170751735654
2366	21.929170751735654
2367	21.929170751735654
2368	24.044246055461794
2369	24.044246055461794
2370	24.044246055461794
2371	24.044246055461794
2372	24.044246055461794
2373	24.044246055461794
2374	24.134024279801938
2375	24.134024279801938
2376	24.134024279801938
2377	24.134024279801938
2378	24.134024279801938
2379	24.134024279801938
2380	20.848387499850972
2381	20.848387499850972
2382	20.848387499850972
2383	20.848387499850972
2384	20.848387499850972
2385	20.848387499850972
2386	27.876648792670657
2387	27.876648792670657
2388	27.876648792670657
2389	27.876648792670657
2390	27.876648792670657
2391	27.876648792670657
2392	31.41370000900358
2393	31.41370000900358
2394	31.41370000900358
2395	31.41370000900358
2396	31.41370000900358
2397	31.41370000900358
2398	25.112945487996573
2399	25.112945487996573
2400	25.112945487996573
2401	25.112945487996573
2402	25.112945487996573
2403	25.112945487996573
2404	23.18499392022186
2405	23.18499392022186
2406	23.18499392022186
2407	23.18499392022186
2408	23.18499392022186
2409	23.18499392022186
2410	21.437277296486148
2411	21.437277296486148
2412	21.437277296486148
2413	21.437277296486148
2414	21.437277296486148
2415	21.437277296486148
2416	12.802960197527032
2417	12.802960197527032
2418	12.802960197527032
2419	12.802960197527032
2420	12.802960197527032
2421	12.802960197527032
2422	25.93876072391462
2423	25.93876072391462
2424	25.93876072391462
2425	25.93876072391462
2426	25.93876072391462
2427	25.93876072391462
2428	23.29367271893537
2429	23.29367271893537
2430	23.29367271893537
2431	23.29367271893537
2432	23.29367271893537
2433	23.29367271893537
2434	13.78856373918795
2435	13.78856373918795
2436	13.78856373918795
2437	13.78856373918795
2438	13.78856373918795
2439	13.78856373918795
2440	20.940004984889423
2441	20.940004984889423
2442	20.940004984889423
2443	20.940004984889423
2444	20.940004984889423
2445	20.940004984889423
2446	15.528213772615374
2447	15.528213772615374
2448	15.528213772615374
2449	15.528213772615374
2450	15.528213772615374
2451	15.528213772615374
2452	20.652402138745867
2453	20.652402138745867
2454	20.652402138745867
2455	20.652402138745867
2456	20.652402138745867
2457	20.652402138745867
2458	19.522675440827918
2459	19.522675440827918
2460	19.522675440827918
2461	19.522675440827918
2462	19.522675440827918
2463	19.522675440827918
2464	28.639339417054877
2465	28.639339417054877
2466	28.639339417054877
2467	28.639339417054877
2468	28.639339417054877
2469	28.639339417054877
2470	31.11018277780066
2471	31.11018277780066
2472	31.11018277780066
2473	31.11018277780066
2474	31.11018277780066
2475	31.11018277780066
2476	27.786918711146768
2477	27.786918711146768
2478	27.786918711146768
2479	27.786918711146768
2480	27.786918711146768
2481	27.786918711146768
2482	16.062758855559
2483	16.062758855559
2484	16.062758855559
2485	16.062758855559
2486	16.062758855559
2487	16.062758855559
2488	19.205396738399056
2489	19.205396738399056
2490	19.205396738399056
2491	12.260220086057936
2492	12.260220086057936
2493	12.260220086057936
2494	12.260220086057936
2495	12.260220086057936
2496	12.260220086057936
2497	31.809397009289253
2498	31.809397009289253
2499	31.809397009289253
2500	31.809397009289253
2501	31.809397009289253
2502	31.809397009289253
2503	30.528984590725873
2504	30.528984590725873
2505	30.528984590725873
2506	30.528984590725873
2507	30.528984590725873
2508	30.528984590725873
2509	24.123886523466986
2510	24.123886523466986
2511	24.123886523466986
2512	24.123886523466986
2513	24.123886523466986
2514	24.123886523466986
2515	21.85521720955708
2516	21.85521720955708
2517	21.85521720955708
2518	21.85521720955708
2519	21.85521720955708
2520	21.85521720955708
2521	20.661961715289817
2522	20.661961715289817
2523	20.661961715289817
2524	20.661961715289817
2525	20.661961715289817
2526	20.661961715289817
2527	22.591236871917598
2528	22.591236871917598
2529	22.591236871917598
2530	22.591236871917598
2531	22.591236871917598
2532	22.591236871917598
2533	25.949659371999402
2534	25.949659371999402
2535	25.949659371999402
2536	25.949659371999402
2537	25.949659371999402
2538	25.949659371999402
2539	19.52797173162066
2540	19.52797173162066
2541	19.52797173162066
2542	19.52797173162066
2543	19.52797173162066
2544	19.52797173162066
2545	18.12919469241766
2546	18.12919469241766
2547	18.12919469241766
2548	18.12919469241766
2549	18.12919469241766
2550	18.12919469241766
2551	20.644780065282824
2552	20.644780065282824
2553	20.644780065282824
2554	20.644780065282824
2555	20.644780065282824
2556	20.644780065282824
2557	17.107783906266537
2558	17.107783906266537
2559	17.107783906266537
2560	17.107783906266537
2561	17.107783906266537
2562	17.107783906266537
2563	22.014046358330862
2564	22.014046358330862
2565	22.014046358330862
2566	22.014046358330862
2567	22.014046358330862
2568	22.014046358330862
2569	26.49095100493986
2570	26.49095100493986
2571	26.49095100493986
2572	26.49095100493986
2573	26.49095100493986
2574	26.49095100493986
2575	13.420640862764657
2576	13.420640862764657
2577	13.420640862764657
2578	13.420640862764657
2579	13.420640862764657
2580	13.420640862764657
2581	23.456316251624774
2582	23.456316251624774
2583	23.456316251624774
2584	23.456316251624774
2585	23.456316251624774
2586	23.456316251624774
2587	11.244035163456443
2588	11.244035163456443
2589	11.244035163456443
2590	11.244035163456443
2591	11.244035163456443
2592	11.244035163456443
2593	14.995650049208134
2594	14.995650049208134
2595	14.995650049208134
2596	14.995650049208134
2597	14.995650049208134
2598	14.995650049208134
2599	23.006885819994164
2600	23.006885819994164
2601	23.006885819994164
2602	23.006885819994164
2603	23.006885819994164
2604	23.006885819994164
2605	31.201129930895718
2606	31.201129930895718
2607	31.201129930895718
2608	31.201129930895718
2609	31.201129930895718
2610	31.201129930895718
2611	16.581630159869636
2612	16.581630159869636
2613	16.581630159869636
2614	16.581630159869636
2615	16.581630159869636
2616	16.581630159869636
2617	27.311704371950015
2618	27.311704371950015
2619	27.311704371950015
2620	27.311704371950015
2621	27.311704371950015
2622	27.311704371950015
2623	23.695848174950704
2624	23.695848174950704
2625	23.695848174950704
2626	23.695848174950704
2627	23.695848174950704
2628	23.695848174950704
2629	23.402230547067944
2630	23.402230547067944
2631	23.402230547067944
2632	23.402230547067944
2633	23.402230547067944
2634	23.402230547067944
2635	23.085524442114952
2636	23.085524442114952
2637	23.085524442114952
2638	23.085524442114952
2639	23.085524442114952
2640	23.085524442114952
2641	21.470736808271347
2642	21.470736808271347
2643	21.470736808271347
2644	21.470736808271347
2645	21.470736808271347
2646	21.470736808271347
2647	19.219685285413814
2648	19.219685285413814
2649	19.219685285413814
2650	19.219685285413814
2651	19.219685285413814
2652	19.219685285413814
2653	16.08567107657184
2654	16.08567107657184
2655	16.08567107657184
2656	16.08567107657184
2657	16.08567107657184
2658	16.08567107657184
2659	12.974025440605455
2660	12.974025440605455
2661	12.974025440605455
2662	12.974025440605455
2663	12.974025440605455
2664	12.974025440605455
2665	23.063353040315913
2666	23.063353040315913
2667	23.063353040315913
2668	23.063353040315913
2669	23.063353040315913
2670	23.063353040315913
2671	12.314436830469806
2672	12.314436830469806
2673	12.314436830469806
2674	12.314436830469806
