0	19.513320112296128
1	19.513320112296128
2	19.513320112296128
3	19.513320112296128
4	19.513320112296128
5	19.513320112296128
6	19.513320112296128
7	12.493971868974718
8	12.493971868974718
9	12.493971868974718
10	12.493971868974718
11	12.493971868974718
12	12.493971868974718
13	12.493971868974718
14	6.223907529774529
15	6.223907529774529
16	6.223907529774529
17	6.223907529774529
18	6.223907529774529
19	6.223907529774529
20	6.223907529774529
21	7.338292423037122
22	7.338292423037122
23	7.338292423037122
24	7.338292423037122
25	7.338292423037122
26	7.338292423037122
27	7.338292423037122
28	12.42259688691323
29	12.42259688691323
30	12.42259688691323
31	12.42259688691323
32	12.42259688691323
33	12.42259688691323
34	12.42259688691323
35	21.440694376279332
36	21.440694376279332
37	21.440694376279332
38	21.440694376279332
39	21.440694376279332
40	21.440694376279332
41	21.440694376279332
42	7.486454516240923
43	7.486454516240923
44	7.486454516240923
45	7.486454516240923
46	7.486454516240923
47	7.486454516240923
48	7.486454516240923
49	11.548446007041896
50	11.548446007041896
51	11.548446007041896
52	11.548446007041896
53	11.548446007041896
54	11.548446007041896
55	11.548446007041896
56	13.657641952415688
57	13.657641952415688
58	13.657641952415688
59	13.657641952415688
60	13.657641952415688
61	13.657641952415688
62	13.657641952415688
63	9.62862568246464
64	9.62862568246464
65	9.62862568246464
66	9.62862568246464
67	9.62862568246464
68	19.87137053947068
69	19.87137053947068
70	19.87137053947068
71	19.87137053947068
72	19.87137053947068
73	19.87137053947068
74	19.87137053947068
75	9.347011778919185
76	9.347011778919185
77	9.347011778919185
78	9.347011778919185
79	9.347011778919185
80	9.347011778919185
81	9.347011778919185
82	6.735929809271113
83	6.735929809271113
84	6.735929809271113
85	6.735929809271113
86	6.735929809271113
87	6.735929809271113
88	6.735929809271113
89	22.87879407870507
90	22.87879407870507
91	22.87879407870507
92	22.87879407870507
93	22.87879407870507
94	22.87879407870507
95	22.87879407870507
96	26.792286655872378
97	26.792286655872378
98	26.792286655872378
99	26.792286655872378
100	26.792286655872378
101	26.792286655872378
102	26.792286655872378
103	24.98751779174569
104	24.98751779174569
105	24.98751779174569
106	24.98751779174569
107	24.98751779174569
108	24.98751779174569
109	24.98751779174569
110	15.333619079796403
111	15.333619079796403
112	15.333619079796403
113	15.333619079796403
114	15.333619079796403
115	15.333619079796403
116	15.333619079796403
117	15.16620879617101
118	15.16620879617101
119	15.16620879617101
120	15.16620879617101
121	15.16620879617101
122	15.16620879617101
123	15.16620879617101
124	15.088624506748014
125	15.088624506748014
126	15.088624506748014
127	15.088624506748014
128	15.088624506748014
129	15.088624506748014
130	15.088624506748014
131	19.162369270555104
132	19.162369270555104
133	19.162369270555104
134	19.162369270555104
135	19.162369270555104
136	19.162369270555104
137	19.162369270555104
138	30.874567656205485
139	30.874567656205485
140	30.874567656205485
141	30.874567656205485
142	30.874567656205485
143	30.874567656205485
144	30.874567656205485
145	7.753039884985373
146	7.753039884985373
147	7.753039884985373
148	7.753039884985373
149	7.753039884985373
150	7.753039884985373
151	7.753039884985373
152	28.75894599615078
153	28.75894599615078
154	28.75894599615078
155	28.75894599615078
156	28.75894599615078
157	28.75894599615078
158	28.75894599615078
159	16.05440374031366
160	16.05440374031366
161	16.05440374031366
162	16.05440374031366
163	16.05440374031366
164	16.05440374031366
165	16.05440374031366
166	8.576012066234235
167	8.576012066234235
168	8.576012066234235
169	8.576012066234235
170	8.576012066234235
171	8.576012066234235
172	8.576012066234235
173	33.17379259957592
174	33.17379259957592
175	33.17379259957592
176	33.17379259957592
177	33.17379259957592
178	33.17379259957592
179	33.17379259957592
180	18.35896410708316
181	18.35896410708316
182	18.35896410708316
183	18.35896410708316
184	18.35896410708316
185	18.35896410708316
186	18.35896410708316
187	16.504070694131414
188	16.504070694131414
189	16.504070694131414
190	16.504070694131414
191	16.504070694131414
192	16.504070694131414
193	16.504070694131414
194	17.299834928346932
195	17.299834928346932
196	17.299834928346932
197	17.299834928346932
198	17.299834928346932
199	17.299834928346932
200	17.299834928346932
201	5.02533911723504
202	5.02533911723504
203	5.02533911723504
204	5.02533911723504
205	5.02533911723504
206	5.02533911723504
207	5.02533911723504
208	3.8996682748735125
209	3.8996682748735125
210	3.8996682748735125
211	3.8996682748735125
212	3.8996682748735125
213	3.8996682748735125
214	3.8996682748735125
215	0.7006150917669078
216	0.7006150917669078
217	0.7006150917669078
218	0.7006150917669078
219	0.7006150917669078
220	0.7006150917669078
221	0.7006150917669078
222	16.141165616303937
223	16.141165616303937
224	16.141165616303937
225	16.141165616303937
226	16.141165616303937
227	16.141165616303937
228	16.141165616303937
229	18.77016247064483
230	18.77016247064483
231	18.77016247064483
232	18.77016247064483
233	18.77016247064483
234	18.77016247064483
235	18.77016247064483
236	22.543799639791995
237	22.543799639791995
238	22.543799639791995
239	22.543799639791995
240	22.543799639791995
241	22.543799639791995
242	22.543799639791995
243	19.20712861201068
244	19.20712861201068
245	19.20712861201068
246	19.20712861201068
247	19.20712861201068
248	19.20712861201068
249	19.20712861201068
250	26.152061840927466
251	26.152061840927466
252	26.152061840927466
253	26.152061840927466
254	26.152061840927466
255	26.152061840927466
256	26.152061840927466
257	23.492967338578943
258	23.492967338578943
259	23.492967338578943
260	23.492967338578943
261	23.492967338578943
262	23.492967338578943
263	23.492967338578943
264	23.62160731143171
265	23.62160731143171
266	23.62160731143171
267	23.62160731143171
268	23.62160731143171
269	23.62160731143171
270	23.62160731143171
271	10.864420564256537
272	10.864420564256537
273	10.864420564256537
274	10.864420564256537
275	10.864420564256537
276	10.864420564256537
277	10.864420564256537
278	14.824507377607345
279	14.824507377607345
280	14.824507377607345
281	14.824507377607345
282	14.824507377607345
283	14.824507377607345
284	14.824507377607345
285	26.475563587845755
286	26.475563587845755
287	26.475563587845755
288	26.475563587845755
289	26.475563587845755
290	26.475563587845755
291	26.475563587845755
292	18.751017628825846
293	18.751017628825846
294	18.751017628825846
295	18.751017628825846
296	18.751017628825846
297	18.751017628825846
298	18.751017628825846
299	13.180618275150719
300	13.180618275150719
301	13.180618275150719
302	13.180618275150719
303	13.180618275150719
304	13.180618275150719
305	13.180618275150719
306	23.858221300873772
307	23.858221300873772
308	23.858221300873772
309	23.858221300873772
310	23.858221300873772
311	23.858221300873772
312	23.858221300873772
313	16.22287444207833
314	16.22287444207833
315	16.22287444207833
316	16.22287444207833
317	23.394944711450265
318	23.394944711450265
319	23.394944711450265
320	23.394944711450265
321	23.394944711450265
322	23.394944711450265
323	23.394944711450265
324	1.3732164492053585
325	1.3732164492053585
326	1.3732164492053585
327	1.3732164492053585
328	1.3732164492053585
329	1.3732164492053585
330	1.3732164492053585
331	6.631958060830016
332	6.631958060830016
333	6.631958060830016
334	6.631958060830016
335	6.631958060830016
336	6.631958060830016
337	6.631958060830016
338	23.557698418583456
339	23.557698418583456
340	23.557698418583456
341	23.557698418583456
342	23.557698418583456
343	23.557698418583456
344	23.557698418583456
345	20.136643312295714
346	20.136643312295714
347	20.136643312295714
348	20.136643312295714
349	20.136643312295714
350	20.136643312295714
351	20.136643312295714
352	18.181932519496296
353	18.181932519496296
354	18.181932519496296
355	18.181932519496296
356	18.181932519496296
357	18.181932519496296
358	18.181932519496296
359	14.05169304034977
360	14.05169304034977
361	14.05169304034977
362	14.05169304034977
363	14.05169304034977
364	14.05169304034977
365	14.05169304034977
366	26.806725437544564
367	26.806725437544564
368	26.806725437544564
369	26.806725437544564
370	26.806725437544564
371	26.806725437544564
372	26.806725437544564
373	22.919611822361688
374	22.919611822361688
375	22.919611822361688
376	22.919611822361688
377	22.919611822361688
378	22.919611822361688
379	22.919611822361688
380	14.108294081153801
381	14.108294081153801
382	14.108294081153801
383	14.108294081153801
384	14.108294081153801
385	14.108294081153801
386	14.108294081153801
387	5.741326923478653
388	5.741326923478653
389	5.741326923478653
390	5.741326923478653
391	5.741326923478653
392	5.741326923478653
393	5.741326923478653
394	11.823037124547582
395	11.823037124547582
396	11.823037124547582
397	11.823037124547582
398	11.823037124547582
399	11.823037124547582
400	11.823037124547582
401	11.894371748580376
402	11.894371748580376
403	11.894371748580376
404	11.894371748580376
405	11.894371748580376
406	11.894371748580376
407	11.894371748580376
408	14.217307066952802
409	14.217307066952802
410	14.217307066952802
411	14.217307066952802
412	14.217307066952802
413	14.217307066952802
414	14.217307066952802
415	17.55897361563888
416	17.55897361563888
417	17.55897361563888
418	17.55897361563888
419	17.55897361563888
420	17.55897361563888
421	17.55897361563888
422	17.521680350770183
423	17.521680350770183
424	17.521680350770183
425	17.521680350770183
426	17.521680350770183
427	17.521680350770183
428	17.521680350770183
429	13.59858983258437
430	13.59858983258437
431	13.59858983258437
432	13.59858983258437
433	13.59858983258437
434	13.59858983258437
435	13.59858983258437
436	23.467144800957914
437	23.467144800957914
438	23.467144800957914
439	23.467144800957914
440	23.467144800957914
441	29.72312464721205
442	29.72312464721205
443	29.72312464721205
444	29.72312464721205
445	29.72312464721205
446	29.72312464721205
447	29.72312464721205
448	23.229369811110512
449	23.229369811110512
450	23.229369811110512
451	23.229369811110512
452	23.229369811110512
453	23.229369811110512
454	23.229369811110512
455	17.262093101709258
456	17.262093101709258
457	17.262093101709258
458	17.262093101709258
459	17.262093101709258
460	17.262093101709258
461	17.262093101709258
462	13.604139955006286
463	13.604139955006286
464	13.604139955006286
465	13.604139955006286
466	13.604139955006286
467	13.604139955006286
468	13.604139955006286
469	16.934671855840588
470	16.934671855840588
471	16.934671855840588
472	16.934671855840588
473	16.934671855840588
474	16.934671855840588
475	16.934671855840588
476	23.18400474503087
477	23.18400474503087
478	23.18400474503087
479	23.18400474503087
480	23.18400474503087
481	23.18400474503087
482	23.18400474503087
483	16.15447180052874
484	16.15447180052874
485	16.15447180052874
486	16.15447180052874
487	16.15447180052874
488	16.15447180052874
489	16.15447180052874
490	27.255160430253525
491	27.255160430253525
492	27.255160430253525
493	27.255160430253525
494	27.255160430253525
495	27.255160430253525
496	27.255160430253525
497	10.850914473933049
498	10.850914473933049
499	10.850914473933049
500	10.850914473933049
501	10.850914473933049
502	10.850914473933049
503	10.850914473933049
504	23.231002493837526
505	23.231002493837526
506	23.231002493837526
507	23.231002493837526
508	23.231002493837526
509	23.231002493837526
510	23.231002493837526
511	10.507594115440195
512	10.507594115440195
513	10.507594115440195
514	10.507594115440195
515	10.507594115440195
516	10.507594115440195
517	10.507594115440195
518	19.110506009961306
519	19.110506009961306
520	19.110506009961306
521	19.110506009961306
522	19.110506009961306
523	19.110506009961306
524	19.110506009961306
525	24.646481812642946
526	24.646481812642946
527	24.646481812642946
528	24.646481812642946
529	24.646481812642946
530	24.646481812642946
531	24.646481812642946
532	18.389851149639775
533	18.389851149639775
534	18.389851149639775
535	18.389851149639775
536	18.389851149639775
537	18.389851149639775
538	18.389851149639775
539	31.286787403367214
540	31.286787403367214
541	31.286787403367214
542	31.286787403367214
543	31.286787403367214
544	31.286787403367214
545	31.286787403367214
546	0.1
547	0.1
548	0.1
549	0.1
550	0.1
551	0.1
552	0.1
553	6.722933485364031
554	6.722933485364031
555	6.722933485364031
556	6.722933485364031
557	6.722933485364031
558	6.722933485364031
559	6.722933485364031
560	5.80313511237844
561	5.80313511237844
562	5.80313511237844
563	5.80313511237844
564	5.80313511237844
565	5.80313511237844
566	5.80313511237844
567	1.6755711317813464
568	1.6755711317813464
569	1.6755711317813464
570	1.6755711317813464
571	1.6755711317813464
572	1.6755711317813464
573	1.6755711317813464
574	17.248747124635237
575	17.248747124635237
576	17.248747124635237
577	17.248747124635237
578	17.248747124635237
579	17.248747124635237
580	17.248747124635237
581	14.874052623443948
582	14.874052623443948
583	14.874052623443948
584	14.874052623443948
585	14.874052623443948
586	14.874052623443948
587	14.874052623443948
588	11.345378674045303
589	11.345378674045303
590	11.345378674045303
591	11.345378674045303
592	11.345378674045303
593	11.345378674045303
594	11.345378674045303
595	9.294851375550408
596	9.294851375550408
597	9.294851375550408
598	9.294851375550408
599	9.294851375550408
600	9.294851375550408
601	9.294851375550408
602	17.223140506341597
603	17.223140506341597
604	17.223140506341597
605	17.223140506341597
606	17.223140506341597
607	17.223140506341597
608	17.223140506341597
609	0.3076436192167904
610	0.3076436192167904
611	0.3076436192167904
612	0.3076436192167904
613	0.3076436192167904
614	0.3076436192167904
615	0.3076436192167904
616	26.210359591854115
617	26.210359591854115
618	26.210359591854115
619	26.210359591854115
620	26.210359591854115
621	26.210359591854115
622	26.210359591854115
623	14.066120521333037
624	14.066120521333037
625	14.066120521333037
626	14.066120521333037
627	14.066120521333037
628	14.066120521333037
629	14.066120521333037
630	16.868928907533803
631	16.868928907533803
632	16.868928907533803
633	16.868928907533803
634	16.868928907533803
635	16.868928907533803
636	16.868928907533803
637	19.24843165239547
638	19.24843165239547
639	19.24843165239547
640	19.24843165239547
641	19.24843165239547
642	19.24843165239547
643	19.24843165239547
644	19.791580840375943
645	19.791580840375943
646	19.791580840375943
647	19.791580840375943
648	19.791580840375943
649	19.791580840375943
650	19.791580840375943
651	15.840293898912305
652	15.840293898912305
653	15.840293898912305
654	15.840293898912305
655	15.840293898912305
656	15.840293898912305
657	15.840293898912305
658	25.91820576184824
659	25.91820576184824
660	25.91820576184824
661	25.91820576184824
662	25.91820576184824
663	25.91820576184824
664	25.91820576184824
665	14.172204447767914
666	14.172204447767914
667	14.172204447767914
668	14.172204447767914
669	14.172204447767914
670	14.172204447767914
671	14.172204447767914
672	27.119330889327216
673	27.119330889327216
674	27.119330889327216
675	27.119330889327216
676	27.119330889327216
677	27.119330889327216
678	27.119330889327216
679	16.16712300479161
680	16.16712300479161
681	16.16712300479161
682	16.16712300479161
683	16.16712300479161
684	16.16712300479161
685	16.16712300479161
686	28.754163600398357
687	28.754163600398357
688	28.754163600398357
689	28.754163600398357
690	28.754163600398357
691	28.754163600398357
692	28.754163600398357
693	19.662629477452857
694	19.662629477452857
695	19.662629477452857
696	19.662629477452857
697	19.662629477452857
698	19.662629477452857
699	19.662629477452857
700	26.04323789886157
701	26.04323789886157
702	26.04323789886157
703	26.04323789886157
704	26.04323789886157
705	26.04323789886157
706	26.04323789886157
707	14.777403895379646
708	14.777403895379646
709	14.777403895379646
710	14.777403895379646
711	14.777403895379646
712	14.777403895379646
713	14.777403895379646
714	17.886087907531024
715	17.886087907531024
716	17.886087907531024
717	17.886087907531024
718	17.886087907531024
719	17.886087907531024
720	17.886087907531024
721	10.180685830923863
722	10.180685830923863
723	10.180685830923863
724	10.180685830923863
725	10.180685830923863
726	10.180685830923863
727	10.180685830923863
728	13.38779908010817
729	13.38779908010817
730	13.38779908010817
731	13.38779908010817
732	13.38779908010817
733	13.38779908010817
734	13.38779908010817
735	23.19515591910106
736	23.19515591910106
737	23.19515591910106
738	23.19515591910106
739	23.19515591910106
740	23.19515591910106
741	23.19515591910106
742	25.732706014309674
743	25.732706014309674
744	25.732706014309674
745	25.732706014309674
746	25.732706014309674
747	25.732706014309674
748	25.732706014309674
749	20.233516318266727
750	20.233516318266727
751	20.233516318266727
752	20.233516318266727
753	20.233516318266727
754	20.233516318266727
755	20.233516318266727
756	12.16273014015334
757	20.65559038940794
758	20.65559038940794
759	20.65559038940794
760	20.65559038940794
761	20.65559038940794
762	20.65559038940794
763	20.65559038940794
764	16.951005170272207
765	16.951005170272207
766	16.951005170272207
767	16.951005170272207
768	16.951005170272207
769	16.951005170272207
770	16.951005170272207
771	17.500383570822997
772	17.500383570822997
773	17.500383570822997
774	17.500383570822997
775	17.500383570822997
776	17.500383570822997
777	17.500383570822997
778	15.078650116349491
779	15.078650116349491
780	15.078650116349491
781	15.078650116349491
782	15.078650116349491
783	15.078650116349491
784	15.078650116349491
785	16.73747581126457
786	16.73747581126457
787	16.73747581126457
788	16.73747581126457
789	16.73747581126457
790	16.73747581126457
791	16.73747581126457
792	7.650825775033342
793	7.650825775033342
794	7.650825775033342
795	7.650825775033342
796	7.650825775033342
797	7.650825775033342
798	7.650825775033342
799	11.633762534733881
800	11.633762534733881
801	11.633762534733881
802	11.633762534733881
803	11.633762534733881
804	11.633762534733881
805	11.633762534733881
806	6.0913044568472845
807	6.0913044568472845
808	6.0913044568472845
809	6.0913044568472845
810	6.0913044568472845
811	6.0913044568472845
812	6.0913044568472845
813	15.389379145232743
814	15.389379145232743
815	15.389379145232743
816	15.389379145232743
817	15.389379145232743
818	15.389379145232743
819	15.389379145232743
820	18.68924989030451
821	18.68924989030451
822	18.68924989030451
823	18.68924989030451
824	18.68924989030451
825	18.68924989030451
826	18.68924989030451
827	31.090705808976274
828	31.090705808976274
829	31.090705808976274
830	31.090705808976274
831	31.090705808976274
832	31.090705808976274
833	31.090705808976274
834	8.084537243552674
835	8.084537243552674
836	8.084537243552674
837	8.084537243552674
838	8.084537243552674
839	8.084537243552674
840	8.084537243552674
841	14.326816187592692
842	14.326816187592692
843	14.326816187592692
844	11.257656192802415
845	11.257656192802415
846	11.257656192802415
847	11.257656192802415
848	11.257656192802415
849	11.257656192802415
850	11.257656192802415
851	21.120415931544116
852	21.120415931544116
853	21.120415931544116
854	21.120415931544116
855	21.120415931544116
856	21.120415931544116
857	21.120415931544116
858	14.691123181987042
859	14.691123181987042
860	14.691123181987042
861	14.691123181987042
862	14.691123181987042
863	14.691123181987042
864	14.691123181987042
865	15.674037504585408
866	15.674037504585408
867	15.674037504585408
868	15.674037504585408
869	15.674037504585408
870	15.674037504585408
871	15.674037504585408
872	3.038998482460469
873	3.038998482460469
874	3.038998482460469
875	3.038998482460469
876	3.038998482460469
877	3.038998482460469
878	3.038998482460469
879	13.805559740693045
880	13.805559740693045
881	13.805559740693045
882	13.805559740693045
883	13.805559740693045
884	13.805559740693045
885	13.805559740693045
886	7.286967165764786
887	7.286967165764786
888	7.286967165764786
889	7.286967165764786
890	7.286967165764786
891	7.286967165764786
892	7.286967165764786
893	13.214641197252957
894	13.214641197252957
895	13.214641197252957
896	13.214641197252957
897	13.214641197252957
898	13.214641197252957
899	13.214641197252957
900	1.3885747160874864
901	1.3885747160874864
902	1.3885747160874864
903	1.3885747160874864
904	1.3885747160874864
905	1.3885747160874864
906	1.3885747160874864
907	12.172827730455765
908	12.172827730455765
909	12.172827730455765
910	12.172827730455765
911	12.172827730455765
912	12.172827730455765
913	12.172827730455765
914	11.144185392817958
915	11.144185392817958
916	11.144185392817958
917	11.144185392817958
918	11.144185392817958
919	11.144185392817958
920	11.144185392817958
921	16.481902443495784
922	16.481902443495784
923	16.481902443495784
924	19.145252990692427
925	19.145252990692427
926	19.145252990692427
927	19.145252990692427
928	19.145252990692427
929	19.145252990692427
930	19.145252990692427
931	9.357546098329946
932	22.115689648243436
933	22.115689648243436
934	22.115689648243436
935	22.115689648243436
936	22.115689648243436
937	22.115689648243436
938	22.115689648243436
939	12.471481949200276
940	12.471481949200276
941	12.471481949200276
942	12.471481949200276
943	12.471481949200276
944	12.471481949200276
945	12.471481949200276
946	25.189203949107508
947	25.189203949107508
948	25.189203949107508
949	25.189203949107508
950	25.189203949107508
951	25.189203949107508
952	25.189203949107508
953	6.605000454131206
954	6.605000454131206
955	6.605000454131206
956	6.605000454131206
957	6.605000454131206
958	6.605000454131206
959	6.605000454131206
960	22.61517589746832
961	22.61517589746832
962	22.61517589746832
963	22.61517589746832
964	22.61517589746832
965	22.61517589746832
966	22.61517589746832
967	17.773859900132358
968	17.773859900132358
969	17.773859900132358
970	17.773859900132358
971	17.773859900132358
972	17.773859900132358
973	17.773859900132358
974	15.718707514385152
975	15.718707514385152
976	15.718707514385152
977	15.718707514385152
978	15.718707514385152
979	15.718707514385152
980	15.718707514385152
981	14.441950657573702
982	14.441950657573702
983	14.441950657573702
984	14.441950657573702
985	14.441950657573702
986	14.441950657573702
987	14.441950657573702
988	13.231671128790644
989	13.231671128790644
990	13.231671128790644
991	13.231671128790644
992	13.231671128790644
993	13.231671128790644
994	13.231671128790644
995	12.358196057729938
996	12.358196057729938
997	12.358196057729938
998	12.358196057729938
999	12.358196057729938
1000	12.358196057729938
1001	12.358196057729938
1002	19.876481557910264
1003	19.876481557910264
1004	19.876481557910264
1005	19.876481557910264
1006	19.876481557910264
1007	19.876481557910264
1008	19.876481557910264
1009	20.247047525060854
1010	20.247047525060854
1011	20.247047525060854
1012	20.247047525060854
1013	20.247047525060854
1014	20.247047525060854
1015	20.247047525060854
1016	15.797221972185794
1017	15.797221972185794
1018	15.797221972185794
1019	15.797221972185794
1020	15.797221972185794
1021	15.797221972185794
1022	15.797221972185794
1023	27.127054330399783
1024	27.127054330399783
1025	27.127054330399783
1026	27.127054330399783
1027	27.127054330399783
1028	27.127054330399783
1029	27.127054330399783
1030	13.97137629684002
1031	13.97137629684002
1032	13.97137629684002
1033	13.97137629684002
1034	13.97137629684002
1035	13.97137629684002
1036	13.97137629684002
1037	15.514468134283435
1038	6.875121497162963
1039	6.875121497162963
1040	6.875121497162963
1041	6.875121497162963
1042	6.875121497162963
1043	6.875121497162963
1044	6.875121497162963
1045	3.704107556798496
1046	3.704107556798496
1047	3.704107556798496
1048	3.704107556798496
1049	3.704107556798496
1050	3.704107556798496
1051	3.704107556798496
1052	14.780801918388882
1053	14.780801918388882
1054	14.780801918388882
1055	14.780801918388882
1056	14.780801918388882
1057	14.780801918388882
1058	14.780801918388882
1059	14.114215967619511
1060	14.114215967619511
1061	14.114215967619511
1062	14.114215967619511
1063	14.114215967619511
1064	14.114215967619511
1065	14.114215967619511
1066	23.664523072550786
1067	23.664523072550786
1068	23.664523072550786
1069	23.664523072550786
1070	23.664523072550786
1071	23.664523072550786
1072	23.664523072550786
1073	2.104134573626446
1074	2.104134573626446
1075	2.104134573626446
1076	2.104134573626446
1077	2.104134573626446
1078	2.104134573626446
1079	2.104134573626446
1080	22.221224042103184
1081	22.221224042103184
1082	22.221224042103184
1083	22.221224042103184
1084	22.221224042103184
1085	22.221224042103184
1086	22.221224042103184
1087	12.388530410375763
1088	12.388530410375763
1089	12.388530410375763
1090	12.388530410375763
1091	12.388530410375763
1092	12.388530410375763
1093	12.388530410375763
1094	26.712654463608775
1095	26.712654463608775
1096	26.712654463608775
1097	26.712654463608775
1098	26.712654463608775
1099	26.712654463608775
1100	26.712654463608775
1101	22.3910681508172
1102	22.3910681508172
1103	9.95227402027957
1104	9.95227402027957
1105	9.95227402027957
1106	9.95227402027957
1107	9.95227402027957
1108	9.95227402027957
1109	9.95227402027957
1110	15.943332218426013
1111	15.943332218426013
1112	15.943332218426013
1113	15.943332218426013
1114	15.943332218426013
1115	15.943332218426013
1116	15.943332218426013
1117	20.83809512121859
1118	20.83809512121859
1119	20.83809512121859
1120	20.83809512121859
1121	20.83809512121859
1122	20.83809512121859
1123	20.83809512121859
1124	21.476544244861106
1125	21.476544244861106
1126	21.476544244861106
1127	21.476544244861106
1128	21.476544244861106
1129	21.476544244861106
1130	21.476544244861106
1131	24.346749131429668
1132	24.346749131429668
1133	24.346749131429668
1134	24.346749131429668
1135	24.346749131429668
1136	24.346749131429668
1137	24.346749131429668
1138	13.782209653268607
1139	13.782209653268607
1140	13.782209653268607
1141	13.782209653268607
1142	13.782209653268607
1143	13.782209653268607
1144	13.782209653268607
1145	3.0836469038284786
1146	3.0836469038284786
1147	3.0836469038284786
1148	3.0836469038284786
1149	3.0836469038284786
1150	3.0836469038284786
1151	3.0836469038284786
1152	18.014271737224295
1153	18.014271737224295
1154	18.014271737224295
1155	18.014271737224295
1156	18.014271737224295
1157	18.014271737224295
1158	18.014271737224295
1159	10.064532332105628
1160	10.064532332105628
1161	10.064532332105628
1162	10.064532332105628
1163	10.064532332105628
1164	10.064532332105628
1165	10.064532332105628
1166	21.109041746932796
1167	21.109041746932796
1168	21.109041746932796
1169	21.109041746932796
1170	21.109041746932796
1171	21.109041746932796
1172	21.109041746932796
1173	17.525652151825287
1174	17.525652151825287
1175	17.525652151825287
1176	17.525652151825287
1177	17.525652151825287
1178	17.525652151825287
1179	17.525652151825287
1180	6.874063685980077
1181	6.874063685980077
1182	6.874063685980077
1183	6.874063685980077
1184	6.874063685980077
1185	6.874063685980077
1186	6.874063685980077
1187	18.53695338833501
1188	18.53695338833501
1189	18.53695338833501
1190	18.53695338833501
1191	18.53695338833501
1192	18.53695338833501
1193	18.53695338833501
1194	17.726577661640306
1195	17.726577661640306
1196	17.726577661640306
1197	17.726577661640306
1198	17.726577661640306
1199	17.726577661640306
1200	17.726577661640306
1201	9.068993963363193
1202	9.068993963363193
1203	9.068993963363193
1204	9.068993963363193
1205	9.068993963363193
1206	9.068993963363193
1207	9.068993963363193
1208	2.382126672024068
1209	2.382126672024068
1210	2.382126672024068
1211	2.382126672024068
1212	2.382126672024068
1213	2.382126672024068
1214	2.382126672024068
1215	12.351833115200018
1216	12.351833115200018
1217	12.351833115200018
1218	12.351833115200018
1219	12.351833115200018
1220	12.351833115200018
1221	12.351833115200018
1222	15.803821240786256
1223	15.803821240786256
1224	15.803821240786256
1225	15.803821240786256
1226	15.803821240786256
1227	15.803821240786256
1228	15.803821240786256
1229	3.9282904885279795
1230	3.9282904885279795
1231	3.9282904885279795
1232	3.9282904885279795
1233	3.9282904885279795
1234	3.9282904885279795
1235	3.9282904885279795
1236	25.774853663220235
1237	25.774853663220235
1238	25.774853663220235
1239	25.774853663220235
1240	25.774853663220235
1241	25.774853663220235
1242	25.774853663220235
1243	14.841231616577963
1244	14.841231616577963
1245	14.841231616577963
1246	14.841231616577963
1247	14.841231616577963
1248	14.841231616577963
1249	14.841231616577963
1250	8.86301670035278
1251	8.86301670035278
1252	8.86301670035278
1253	8.86301670035278
1254	8.86301670035278
1255	8.86301670035278
1256	8.86301670035278
1257	13.456633713433751
1258	13.456633713433751
1259	13.456633713433751
1260	13.456633713433751
1261	13.456633713433751
1262	13.456633713433751
1263	13.456633713433751
1264	20.628567908523863
1265	20.628567908523863
1266	20.628567908523863
1267	20.628567908523863
1268	20.628567908523863
1269	20.628567908523863
1270	20.628567908523863
1271	3.7157994949212316
1272	3.7157994949212316
1273	3.7157994949212316
1274	3.7157994949212316
1275	3.7157994949212316
1276	3.7157994949212316
1277	3.7157994949212316
1278	3.328722480173374
1279	3.328722480173374
1280	3.328722480173374
1281	3.328722480173374
1282	3.328722480173374
1283	3.328722480173374
1284	3.328722480173374
1285	11.333868292408454
1286	11.333868292408454
1287	11.333868292408454
1288	11.333868292408454
1289	11.333868292408454
1290	11.333868292408454
1291	11.333868292408454
1292	24.398818474442045
1293	24.398818474442045
1294	24.398818474442045
1295	24.398818474442045
1296	24.398818474442045
1297	24.398818474442045
1298	24.398818474442045
1299	2.5666979471918694
1300	2.5666979471918694
1301	2.5666979471918694
1302	2.5666979471918694
1303	2.5666979471918694
1304	2.5666979471918694
1305	2.5666979471918694
1306	14.047482147318913
1307	14.047482147318913
1308	14.047482147318913
1309	14.047482147318913
1310	14.047482147318913
1311	14.047482147318913
1312	14.047482147318913
1313	12.843438947732528
1314	12.843438947732528
1315	12.843438947732528
1316	12.843438947732528
1317	12.843438947732528
1318	12.843438947732528
1319	12.843438947732528
1320	22.397226450087295
1321	22.397226450087295
1322	22.397226450087295
1323	22.397226450087295
1324	22.397226450087295
1325	22.397226450087295
1326	22.397226450087295
1327	18.036094005514478
1328	18.036094005514478
1329	18.036094005514478
1330	18.036094005514478
1331	18.036094005514478
1332	18.036094005514478
1333	18.036094005514478
1334	7.233174658003775
1335	7.233174658003775
1336	7.233174658003775
1337	7.233174658003775
1338	7.233174658003775
1339	7.233174658003775
1340	7.233174658003775
1341	15.893981865092096
1342	15.893981865092096
1343	15.893981865092096
1344	15.893981865092096
1345	15.893981865092096
1346	15.893981865092096
1347	15.893981865092096
1348	18.46751515529258
1349	18.46751515529258
1350	18.46751515529258
1351	18.46751515529258
1352	18.46751515529258
1353	18.46751515529258
1354	18.46751515529258
1355	20.12999817048627
1356	20.12999817048627
1357	20.12999817048627
1358	20.12999817048627
1359	20.12999817048627
1360	20.12999817048627
1361	20.12999817048627
1362	11.689060006394516
1363	11.689060006394516
1364	11.689060006394516
1365	11.689060006394516
1366	11.689060006394516
1367	11.689060006394516
1368	11.689060006394516
1369	21.12543314820137
1370	21.12543314820137
1371	21.12543314820137
1372	21.12543314820137
1373	21.12543314820137
1374	21.12543314820137
1375	21.12543314820137
1376	23.429680792729002
1377	26.630507320076404
1378	26.630507320076404
1379	26.630507320076404
1380	26.630507320076404
1381	26.630507320076404
1382	26.630507320076404
1383	26.630507320076404
1384	9.879935530248744
1385	9.879935530248744
1386	9.879935530248744
1387	9.879935530248744
1388	9.879935530248744
1389	9.879935530248744
1390	9.879935530248744
1391	13.374949436770262
1392	13.374949436770262
1393	13.374949436770262
1394	13.374949436770262
1395	13.374949436770262
1396	13.374949436770262
1397	13.374949436770262
1398	23.222453863454923
1399	23.222453863454923
1400	23.222453863454923
1401	23.222453863454923
1402	23.222453863454923
1403	23.222453863454923
1404	23.222453863454923
1405	12.390757254163711
1406	12.390757254163711
1407	12.390757254163711
1408	12.390757254163711
1409	12.390757254163711
1410	12.390757254163711
1411	12.390757254163711
1412	7.609207161816073
1413	7.609207161816073
1414	7.609207161816073
1415	7.609207161816073
1416	7.609207161816073
1417	7.609207161816073
1418	7.609207161816073
1419	17.874961794605507
1420	17.874961794605507
1421	17.874961794605507
1422	17.874961794605507
1423	5.746054274568477
1424	5.746054274568477
1425	5.746054274568477
1426	5.746054274568477
1427	5.746054274568477
1428	5.746054274568477
1429	5.746054274568477
1430	1.2883388735507673
1431	1.2883388735507673
1432	1.2883388735507673
1433	1.2883388735507673
1434	1.2883388735507673
1435	1.2883388735507673
1436	1.2883388735507673
1437	15.839883946458027
1438	15.839883946458027
1439	15.839883946458027
1440	15.839883946458027
1441	15.839883946458027
1442	15.839883946458027
1443	15.839883946458027
1444	2.4816556793786386
1445	2.4816556793786386
1446	2.4816556793786386
1447	2.4816556793786386
1448	2.4816556793786386
1449	2.4816556793786386
1450	2.4816556793786386
1451	10.98775144028639
1452	10.98775144028639
1453	10.98775144028639
1454	10.98775144028639
1455	10.98775144028639
1456	10.98775144028639
1457	10.98775144028639
1458	14.613037707597519
1459	14.613037707597519
1460	14.613037707597519
1461	14.613037707597519
1462	8.068677454783774
1463	8.068677454783774
1464	8.068677454783774
1465	8.068677454783774
1466	8.068677454783774
1467	8.068677454783774
1468	8.068677454783774
1469	11.733077583542403
1470	11.733077583542403
1471	11.733077583542403
1472	11.733077583542403
1473	11.733077583542403
1474	11.733077583542403
1475	11.733077583542403
1476	11.843541124460067
1477	11.843541124460067
1478	11.843541124460067
1479	11.843541124460067
1480	11.843541124460067
1481	11.843541124460067
1482	11.843541124460067
1483	16.773310100565308
1484	16.773310100565308
1485	16.773310100565308
1486	16.773310100565308
1487	16.773310100565308
1488	16.773310100565308
1489	16.773310100565308
1490	14.480590611326608
1491	14.480590611326608
1492	14.480590611326608
1493	14.480590611326608
1494	14.480590611326608
1495	14.480590611326608
1496	14.480590611326608
1497	8.778999476678438
1498	8.778999476678438
1499	8.778999476678438
1500	8.778999476678438
1501	13.458605550863942
1502	13.458605550863942
1503	13.458605550863942
1504	13.458605550863942
1505	13.458605550863942
1506	13.458605550863942
1507	13.458605550863942
1508	13.69988424652404
1509	13.69988424652404
1510	13.69988424652404
1511	13.69988424652404
1512	13.69988424652404
1513	13.69988424652404
1514	13.69988424652404
1515	17.79458470703389
1516	17.79458470703389
1517	17.79458470703389
1518	17.79458470703389
1519	17.79458470703389
1520	17.79458470703389
1521	17.79458470703389
1522	7.675963711223322
1523	7.675963711223322
1524	7.675963711223322
1525	7.675963711223322
1526	7.675963711223322
1527	7.675963711223322
1528	7.675963711223322
1529	6.997808538683767
1530	6.997808538683767
1531	6.997808538683767
1532	6.997808538683767
1533	6.997808538683767
1534	6.997808538683767
1535	6.997808538683767
1536	12.048627069058965
1537	12.048627069058965
1538	12.048627069058965
1539	12.048627069058965
1540	12.048627069058965
1541	12.048627069058965
1542	12.048627069058965
1543	9.515553166512833
1544	9.515553166512833
1545	9.515553166512833
1546	9.515553166512833
1547	9.515553166512833
1548	9.515553166512833
1549	9.515553166512833
1550	3.3356167418198677
1551	3.3356167418198677
1552	3.3356167418198677
1553	3.3356167418198677
1554	3.3356167418198677
1555	3.3356167418198677
1556	7.33075599009993
1557	7.33075599009993
1558	7.33075599009993
1559	7.33075599009993
1560	7.33075599009993
1561	7.33075599009993
1562	7.33075599009993
1563	12.171339167805634
1564	12.171339167805634
1565	12.171339167805634
1566	12.171339167805634
1567	12.171339167805634
1568	12.171339167805634
1569	12.171339167805634
1570	6.24697891195929
1571	6.24697891195929
1572	6.24697891195929
1573	6.24697891195929
1574	6.24697891195929
1575	6.24697891195929
1576	6.24697891195929
1577	15.80066709145063
1578	15.80066709145063
1579	15.80066709145063
1580	15.80066709145063
1581	15.80066709145063
1582	15.80066709145063
1583	15.80066709145063
1584	6.3588249462655035
1585	6.3588249462655035
1586	6.3588249462655035
1587	6.3588249462655035
1588	6.3588249462655035
1589	6.3588249462655035
1590	6.3588249462655035
1591	6.441227059516461
1592	6.441227059516461
1593	6.441227059516461
1594	6.441227059516461
1595	6.441227059516461
1596	6.441227059516461
1597	6.441227059516461
1598	5.192690038786224
1599	5.192690038786224
1600	5.192690038786224
1601	5.192690038786224
1602	5.192690038786224
1603	5.192690038786224
1604	5.192690038786224
1605	9.397636737045893
1606	9.397636737045893
1607	9.397636737045893
1608	9.397636737045893
1609	9.397636737045893
1610	9.397636737045893
1611	9.397636737045893
1612	8.094422939285183
1613	8.094422939285183
1614	8.094422939285183
1615	8.094422939285183
1616	8.094422939285183
1617	8.094422939285183
1618	8.094422939285183
1619	17.212134088971005
1620	17.212134088971005
1621	17.212134088971005
1622	17.212134088971005
1623	17.212134088971005
1624	17.212134088971005
1625	17.212134088971005
1626	11.73281073951726
1627	11.73281073951726
1628	11.73281073951726
1629	11.73281073951726
1630	11.73281073951726
1631	11.73281073951726
1632	11.73281073951726
1633	13.163176375349517
1634	13.163176375349517
1635	13.163176375349517
1636	13.163176375349517
1637	13.163176375349517
1638	13.163176375349517
1639	13.163176375349517
1640	10.529891839739152
1641	10.529891839739152
1642	10.529891839739152
1643	10.529891839739152
1644	10.529891839739152
1645	10.529891839739152
1646	10.529891839739152
1647	15.359472752268333
1648	15.359472752268333
1649	15.359472752268333
1650	15.359472752268333
1651	15.359472752268333
1652	15.359472752268333
1653	15.359472752268333
1654	7.715670079222194
1655	7.715670079222194
1656	7.715670079222194
1657	7.715670079222194
1658	7.715670079222194
1659	7.715670079222194
1660	7.715670079222194
1661	9.023742720190581
1662	9.023742720190581
1663	9.023742720190581
1664	9.023742720190581
1665	9.023742720190581
1666	9.023742720190581
1667	9.023742720190581
1668	0.7817357437189312
1669	0.7817357437189312
1670	0.7817357437189312
1671	0.7817357437189312
1672	0.7817357437189312
1673	0.7817357437189312
1674	0.7817357437189312
1675	14.412734421520142
1676	14.412734421520142
1677	14.412734421520142
1678	14.412734421520142
1679	14.412734421520142
1680	14.412734421520142
1681	14.412734421520142
1682	2.78114836718313
1683	2.78114836718313
1684	2.78114836718313
1685	2.78114836718313
1686	2.78114836718313
1687	2.78114836718313
1688	2.78114836718313
1689	5.998377406489507
1690	5.998377406489507
1691	5.998377406489507
1692	5.998377406489507
1693	5.998377406489507
1694	5.998377406489507
1695	5.998377406489507
1696	7.358475090982132
1697	7.358475090982132
1698	7.358475090982132
1699	7.358475090982132
1700	7.358475090982132
1701	7.358475090982132
1702	7.358475090982132
1703	15.61321318455975
1704	15.61321318455975
1705	15.61321318455975
1706	15.61321318455975
1707	15.61321318455975
1708	15.61321318455975
1709	15.61321318455975
1710	14.76410043413022
1711	14.76410043413022
1712	14.76410043413022
1713	14.76410043413022
1714	14.76410043413022
1715	14.76410043413022
1716	14.76410043413022
1717	7.626362206552665
1718	7.626362206552665
1719	7.626362206552665
1720	7.626362206552665
1721	7.626362206552665
1722	7.626362206552665
1723	7.626362206552665
1724	13.220573392451929
1725	13.220573392451929
1726	13.220573392451929
1727	13.220573392451929
1728	13.220573392451929
1729	13.220573392451929
1730	13.220573392451929
1731	10.940556800414456
1732	10.940556800414456
1733	10.940556800414456
1734	10.940556800414456
1735	10.940556800414456
1736	10.940556800414456
1737	10.940556800414456
1738	6.625551094783791
1739	6.625551094783791
1740	6.625551094783791
1741	6.625551094783791
1742	6.625551094783791
1743	6.625551094783791
1744	6.625551094783791
1745	8.656299145433849
1746	8.656299145433849
1747	8.656299145433849
1748	8.656299145433849
1749	8.656299145433849
1750	8.656299145433849
1751	8.656299145433849
1752	9.722359204114976
1753	9.722359204114976
1754	9.722359204114976
1755	9.722359204114976
1756	9.722359204114976
1757	9.722359204114976
1758	9.722359204114976
1759	12.753288794273757
1760	12.753288794273757
1761	12.753288794273757
1762	12.753288794273757
1763	12.753288794273757
1764	12.753288794273757
1765	12.753288794273757
1766	20.771759015034945
1767	20.771759015034945
1768	20.771759015034945
1769	20.771759015034945
1770	20.771759015034945
1771	20.771759015034945
1772	20.771759015034945
1773	8.709108849219373
1774	8.709108849219373
1775	8.709108849219373
1776	8.709108849219373
1777	8.709108849219373
1778	8.709108849219373
1779	8.709108849219373
1780	11.863423133644055
1781	11.863423133644055
1782	11.863423133644055
1783	11.863423133644055
1784	11.863423133644055
1785	11.863423133644055
1786	11.863423133644055
1787	9.616588078079209
1788	9.616588078079209
1789	9.616588078079209
1790	9.616588078079209
1791	20.32573086798547
1792	20.32573086798547
1793	20.32573086798547
1794	20.32573086798547
1795	20.32573086798547
1796	20.32573086798547
1797	20.32573086798547
1798	9.549366708475576
1799	9.549366708475576
1800	9.549366708475576
1801	9.549366708475576
1802	9.549366708475576
1803	9.549366708475576
1804	9.549366708475576
1805	6.9137152253067375
1806	6.9137152253067375
1807	6.9137152253067375
1808	6.9137152253067375
1809	6.9137152253067375
1810	6.9137152253067375
1811	6.9137152253067375
1812	3.8726027663134266
1813	3.8726027663134266
1814	3.8726027663134266
1815	3.8726027663134266
1816	3.8726027663134266
1817	3.8726027663134266
1818	3.8726027663134266
1819	15.444162033349034
1820	15.444162033349034
1821	15.444162033349034
1822	15.444162033349034
1823	15.444162033349034
1824	15.444162033349034
1825	15.444162033349034
1826	9.615744610201657
1827	9.615744610201657
1828	9.615744610201657
1829	9.615744610201657
1830	9.615744610201657
1831	9.615744610201657
1832	9.615744610201657
1833	12.372341498165426
1834	12.372341498165426
1835	12.372341498165426
1836	12.372341498165426
1837	12.372341498165426
1838	12.372341498165426
1839	12.372341498165426
1840	17.586945065649928
1841	17.586945065649928
1842	17.586945065649928
1843	17.586945065649928
1844	17.586945065649928
1845	17.586945065649928
1846	17.586945065649928
1847	17.99491118995686
1848	17.99491118995686
1849	17.99491118995686
1850	17.99491118995686
1851	17.99491118995686
1852	17.99491118995686
1853	17.99491118995686
1854	17.837581998794832
1855	17.837581998794832
1856	17.837581998794832
1857	17.837581998794832
1858	17.837581998794832
1859	17.837581998794832
1860	17.837581998794832
1861	9.103325606116849
1862	9.103325606116849
1863	9.103325606116849
1864	9.103325606116849
1865	9.103325606116849
1866	9.103325606116849
1867	9.103325606116849
1868	18.283696142418833
1869	18.283696142418833
1870	18.283696142418833
1871	18.283696142418833
1872	18.283696142418833
1873	18.283696142418833
1874	18.283696142418833
1875	4.36020599513949
1876	4.36020599513949
1877	4.36020599513949
1878	4.36020599513949
1879	4.36020599513949
1880	4.36020599513949
1881	4.36020599513949
1882	25.53709087782231
1883	25.53709087782231
1884	25.53709087782231
1885	25.53709087782231
1886	25.53709087782231
1887	25.53709087782231
1888	25.53709087782231
1889	13.644437175821698
1890	13.644437175821698
1891	13.644437175821698
1892	13.644437175821698
1893	13.644437175821698
1894	13.644437175821698
1895	13.644437175821698
1896	4.648252177414389
1897	4.648252177414389
1898	4.648252177414389
1899	4.648252177414389
1900	4.648252177414389
1901	4.648252177414389
1902	4.648252177414389
1903	13.53052417489386
1904	13.53052417489386
1905	13.53052417489386
1906	13.53052417489386
1907	13.53052417489386
