0	36.49436311326585
1	36.49436311326585
2	106.2692721272775
3	106.2692721272775
4	0.1
5	0.1
6	130.66695354896507
7	130.66695354896507
8	48.965798029282425
9	48.965798029282425
10	103.22813859270391
11	103.22813859270391
12	51.952678507203615
13	51.952678507203615
14	99.39308201479508
15	99.39308201479508
16	41.5546560568304
17	41.5546560568304
18	32.953237575546375
19	32.953237575546375
20	51.06410360759351
21	51.06410360759351
22	56.75948951134736
23	56.75948951134736
24	2.893744988216099
25	2.893744988216099
26	37.37022994422994
27	37.37022994422994
28	1.7612473977423804
29	1.7612473977423804
30	107.5769649614472
31	107.5769649614472
32	58.17194383211807
33	58.17194383211807
34	102.01347594743234
35	102.01347594743234
36	45.562758983468015
37	81.72055532151863
38	81.72055532151863
39	62.26380266706312
40	62.26380266706312
41	51.37221179187709
42	51.37221179187709
43	60.20739501707944
44	60.20739501707944
45	56.80392463645325
46	56.80392463645325
47	59.08852281135115
48	59.08852281135115
49	61.31821638436363
50	61.31821638436363
51	30.363539096169006
52	30.363539096169006
53	28.926070093441385
54	28.926070093441385
55	57.81021152116605
56	57.81021152116605
57	15.365535939912874
58	15.365535939912874
59	34.450202832252
60	34.450202832252
61	68.11969234255264
62	68.11969234255264
63	70.0659341030902
64	70.0659341030902
65	73.93991803381863
66	73.93991803381863
67	37.47540906896883
68	37.47540906896883
69	77.08720502686623
70	77.08720502686623
71	32.76562444625207
72	32.76562444625207
73	37.83031659455733
74	37.83031659455733
75	51.49588194071875
76	51.49588194071875
77	47.340243397957856
78	47.340243397957856
79	96.00856002808635
80	96.00856002808635
81	21.385382295905117
82	21.385382295905117
83	52.58960313228734
84	52.58960313228734
85	32.76078867033913
86	32.76078867033913
87	57.520225281111955
88	57.520225281111955
89	43.88581604140625
90	43.88581604140625
91	54.91279525252422
92	54.91279525252422
93	78.57731765160528
94	78.57731765160528
95	44.19503899094387
96	44.19503899094387
97	84.5019715982466
98	84.5019715982466
99	60.020671286920184
100	60.020671286920184
101	27.583127936612655
102	27.583127936612655
103	66.54372421237993
104	66.54372421237993
105	59.09786052084338
106	59.09786052084338
107	76.74710247988955
108	76.74710247988955
109	64.721704282895
110	64.721704282895
111	84.51058258483232
112	84.51058258483232
113	10.239511618631532
114	10.239511618631532
115	11.283796922027634
116	11.283796922027634
117	30.807020785503752
118	30.807020785503752
119	37.2238972353705
120	37.2238972353705
121	46.1510430890925
122	46.1510430890925
123	47.68329812260863
124	47.68329812260863
125	47.113259751357845
126	47.113259751357845
127	48.466619484903724
128	48.466619484903724
129	30.40599432191196
130	30.40599432191196
131	70.35343014902095
132	70.35343014902095
133	94.13154632701
134	94.13154632701
135	47.041979464372275
136	47.041979464372275
137	85.3591303576422
138	85.3591303576422
139	51.100152659749014
140	51.100152659749014
141	56.286535094287416
142	56.286535094287416
143	42.8034624900787
144	42.8034624900787
145	26.044350176459698
146	26.044350176459698
147	52.03023766886014
148	52.03023766886014
149	25.378620490344055
150	25.378620490344055
151	46.85797714348142
152	46.85797714348142
153	82.20587526309129
154	82.20587526309129
155	29.535395705325865
156	29.535395705325865
157	34.40357063912594
158	34.40357063912594
159	46.71042255771877
160	46.71042255771877
161	74.51690793533793
162	74.51690793533793
163	49.7479426591366
164	49.7479426591366
165	24.19956193581964
166	24.19956193581964
167	75.61852117002337
168	75.61852117002337
169	41.603130053587414
170	41.603130053587414
171	46.10670205678291
172	46.10670205678291
173	52.058161663545825
174	52.058161663545825
175	7.584687253982878
176	7.584687253982878
177	16.28339682982157
178	16.28339682982157
179	54.548482046553936
180	54.548482046553936
181	83.76943118606195
182	83.76943118606195
183	54.090860190106675
184	54.090860190106675
185	44.00147286193196
186	44.00147286193196
187	69.22895499408972
188	69.22895499408972
189	62.525420630352436
190	62.525420630352436
191	32.549313756515645
192	32.549313756515645
193	33.210933849865235
194	33.210933849865235
195	81.20075185137833
196	81.20075185137833
197	71.69595086013787
198	71.69595086013787
199	37.313677541563884
200	37.313677541563884
201	50.24978564405949
202	50.24978564405949
203	63.11288715561075
204	63.11288715561075
205	39.54197637323445
206	39.54197637323445
207	32.85876645831097
208	32.85876645831097
209	59.47970353206113
210	59.47970353206113
211	94.56695847906205
212	94.56695847906205
213	5.4437675266897685
214	5.4437675266897685
215	52.929555908130354
216	52.929555908130354
217	14.815061329282557
218	14.815061329282557
219	87.05691493802627
220	87.05691493802627
221	42.372786456008875
222	42.372786456008875
223	40.73878748939158
224	40.73878748939158
225	40.45871256655319
226	40.45871256655319
227	8.84164985976475
228	8.84164985976475
229	60.76753494573008
230	60.76753494573008
231	42.193299232781385
232	42.193299232781385
233	10.579908567993193
234	10.579908567993193
235	25.494449172953793
236	25.494449172953793
237	35.839023356098195
238	35.839023356098195
239	52.79842714426327
240	52.79842714426327
241	88.2503630745368
242	88.2503630745368
243	12.513440479422172
244	12.513440479422172
245	94.82538604687349
246	94.82538604687349
247	37.0943519748527
248	37.0943519748527
249	34.13983004304029
250	34.13983004304029
251	44.41028531947606
252	44.41028531947606
253	55.67717664656164
254	55.67717664656164
255	50.623914863336026
256	50.623914863336026
257	48.58613799351933
258	48.58613799351933
259	49.88647083941325
260	49.88647083941325
261	41.2187365819145
262	41.2187365819145
263	53.99856067948579
264	53.99856067948579
265	53.86636136084541
266	53.86636136084541
267	17.148090603514962
268	17.148090603514962
269	74.15480132044914
270	74.15480132044914
271	20.432306828575847
272	20.432306828575847
273	20.01829124881139
274	20.01829124881139
275	28.025539442142698
276	28.025539442142698
277	42.4405453528421
278	42.4405453528421
279	62.919844458613966
280	62.919844458613966
281	44.8764051662465
282	44.8764051662465
283	48.283929649417765
284	48.283929649417765
285	22.45577855218832
286	22.45577855218832
287	31.95027232752194
288	31.95027232752194
289	19.222473628853372
290	19.222473628853372
291	48.13438499946351
292	48.13438499946351
293	56.07334315937141
294	56.07334315937141
295	53.80857140408172
296	53.80857140408172
297	37.58016378581328
298	37.58016378581328
299	63.77320067840787
300	63.77320067840787
301	65.96452870577647
302	65.96452870577647
303	58.246524444626374
304	58.246524444626374
305	71.34745008326662
306	71.34745008326662
307	49.43508705797358
308	49.43508705797358
309	32.14006694749885
310	32.14006694749885
311	71.78007232875608
312	71.78007232875608
313	70.28412406294152
314	70.28412406294152
315	40.19614885430698
316	40.19614885430698
317	50.27838107102964
318	50.27838107102964
319	23.52535391937348
320	23.52535391937348
321	13.942767702133324
322	13.942767702133324
323	44.91361538982474
324	44.91361538982474
325	69.400943208649
326	69.400943208649
327	35.299928433417506
328	35.299928433417506
329	80.60624206276975
330	80.60624206276975
331	22.5802372599436
332	22.5802372599436
333	48.115142583495896
334	48.115142583495896
335	85.91637482748565
336	85.91637482748565
337	26.66070825424492
338	26.66070825424492
339	58.100860147474194
340	58.100860147474194
341	36.84131157332202
342	36.84131157332202
343	24.871684885219747
344	24.871684885219747
345	41.15768190194174
346	41.15768190194174
347	42.28256236366576
348	42.28256236366576
349	63.80630805161152
350	63.80630805161152
351	41.38464623095264
352	41.38464623095264
353	16.454115641745098
354	16.454115641745098
355	0.1
356	0.1
357	48.53685421981462
358	48.53685421981462
359	53.170284807657346
360	53.170284807657346
361	33.371541757042415
362	33.371541757042415
363	57.69576107454732
364	57.69576107454732
365	65.88408652373053
366	65.88408652373053
367	58.49118165024426
368	58.49118165024426
369	54.214574354651056
370	54.214574354651056
371	69.80013087568813
372	69.80013087568813
373	71.62103387967919
374	71.62103387967919
375	66.10774796445195
376	66.10774796445195
377	56.052428427149145
378	56.052428427149145
379	54.74637873302504
380	54.74637873302504
381	70.39429230553327
382	70.39429230553327
383	49.46666877220104
384	49.46666877220104
385	28.9580448757458
386	28.9580448757458
387	67.797287108481
388	67.797287108481
389	22.091932176723482
390	22.091932176723482
391	74.23608260715896
392	74.23608260715896
393	45.7973159619479
394	45.7973159619479
395	93.19774285940817
396	93.19774285940817
397	31.061159810718028
398	31.061159810718028
399	60.964231534709114
400	60.964231534709114
401	50.3585958699845
402	50.3585958699845
403	76.72602521336731
404	76.72602521336731
405	39.1355947207023
406	39.1355947207023
407	20.897033307305435
408	20.897033307305435
409	27.87453822128102
410	27.87453822128102
411	80.97219740618267
412	80.97219740618267
413	41.17152791221902
414	41.17152791221902
415	60.68008549796523
416	60.68008549796523
417	24.071600653424717
418	24.071600653424717
419	14.972282207187149
420	14.972282207187149
421	18.624671476096072
422	18.624671476096072
423	30.994805334335545
424	30.994805334335545
425	41.19096961893585
426	41.19096961893585
427	47.10194741115703
428	47.10194741115703
429	41.757610996264916
430	41.757610996264916
431	25.75803501009174
432	25.75803501009174
433	40.172939275921216
434	40.172939275921216
435	47.68956964997695
436	47.68956964997695
437	67.51918897011242
438	67.51918897011242
439	41.987731613701015
440	41.987731613701015
441	44.095585454428985
442	44.095585454428985
443	20.131173209239552
444	20.131173209239552
445	76.15125481550268
446	76.15125481550268
447	44.39432638449462
448	44.39432638449462
449	47.77198386172051
450	47.77198386172051
451	39.418354814761955
452	39.418354814761955
453	44.10547854851714
454	44.10547854851714
455	29.54607434081487
456	29.54607434081487
457	36.62571552313222
458	36.62571552313222
459	25.66550926066328
460	25.66550926066328
461	60.69979901996173
462	60.69979901996173
463	26.290939200628905
464	26.290939200628905
465	29.070846835658106
466	29.070846835658106
467	47.295812294767046
468	47.295812294767046
469	25.58617951133474
470	25.58617951133474
471	94.46100383549498
472	94.46100383549498
473	70.57545095808831
474	70.57545095808831
475	63.33245001022905
476	63.33245001022905
477	28.25174482955356
478	28.25174482955356
479	26.769849910308665
480	26.769849910308665
481	63.2196146413884
482	63.2196146413884
483	47.24236153741713
484	47.24236153741713
485	73.49881983233335
486	73.49881983233335
487	61.01740063710366
488	61.01740063710366
489	84.36217462491776
490	84.36217462491776
491	82.29092586686912
492	82.29092586686912
493	51.13226877894064
494	51.13226877894064
495	51.18973811097991
496	51.18973811097991
497	28.005761727992553
498	28.005761727992553
499	74.29578428244227
500	74.29578428244227
501	87.34581244730029
502	87.34581244730029
503	49.954787402656834
504	49.954787402656834
505	60.72319931214065
506	60.72319931214065
507	61.76497211720214
508	61.76497211720214
509	124.25182166185738
510	124.25182166185738
511	62.9146755224027
512	62.9146755224027
513	0.1
514	0.1
515	55.3892469114388
516	55.3892469114388
517	61.622807828113146
518	61.622807828113146
519	43.143919181290045
520	43.143919181290045
521	54.152648587832104
522	54.152648587832104
523	106.96708236968864
524	106.96708236968864
525	77.24421101933928
526	77.24421101933928
527	112.15043069559007
528	112.15043069559007
529	80.72792617918537
530	80.72792617918537
531	102.6132753784182
532	102.6132753784182
533	62.20537694931578
534	62.20537694931578
535	28.309098459943634
536	28.309098459943634
537	0.1
538	0.1
539	31.47937699726819
540	31.47937699726819
541	26.990140419887005
542	26.990140419887005
543	60.76190611324165
544	60.76190611324165
545	74.39128107162561
546	74.39128107162561
547	53.37645184895045
548	53.37645184895045
549	41.05441103486823
550	41.05441103486823
551	43.25089558960599
552	43.25089558960599
553	74.1415851018613
554	74.1415851018613
555	93.18793466569556
556	93.18793466569556
557	10.22045902409517
558	10.22045902409517
559	42.5664272596527
560	42.5664272596527
561	61.549363888915444
562	61.549363888915444
563	81.67498437703023
564	81.67498437703023
565	45.63063714677904
566	45.63063714677904
567	97.24572397624343
568	97.24572397624343
569	70.4815876026946
570	70.4815876026946
571	66.15333323422904
572	66.15333323422904
573	4.587621051993331
574	4.587621051993331
575	49.37590672602771
576	49.37590672602771
577	47.851288533179016
578	47.851288533179016
579	39.856416862113235
580	39.856416862113235
581	10.017022948885483
582	10.017022948885483
583	65.94843778691356
584	65.94843778691356
585	24.991308397661555
586	24.991308397661555
587	98.06492020916114
588	98.06492020916114
589	55.520434101871345
590	55.520434101871345
591	88.87999923704925
592	88.87999923704925
593	69.96140567910786
594	69.96140567910786
595	66.12421408202997
596	66.12421408202997
597	0.1
598	0.1
599	37.933624055387405
600	37.933624055387405
601	74.94391153994484
602	74.94391153994484
603	64.26124480099007
604	64.26124480099007
605	66.58542447703798
606	66.58542447703798
607	63.13537272642229
608	63.13537272642229
609	24.111590892591003
610	24.111590892591003
611	38.660506754200874
612	38.660506754200874
613	63.76726590943588
614	63.76726590943588
615	32.268305974917254
616	32.268305974917254
617	71.59108829158048
618	71.59108829158048
619	82.4773139559203
620	82.4773139559203
621	104.9010839882984
622	104.9010839882984
623	105.64110077164356
624	105.64110077164356
625	25.93207936329243
626	25.93207936329243
627	85.26432532683107
628	85.26432532683107
629	48.347970629942424
630	48.347970629942424
631	88.47967864871335
632	88.47967864871335
633	21.746866258646925
634	21.746866258646925
635	25.170386162994085
636	25.170386162994085
637	59.70665306174074
638	59.70665306174074
639	0.1
640	0.1
641	59.72747860670167
642	59.72747860670167
643	60.396848492268134
644	60.396848492268134
645	94.40055870918248
646	94.40055870918248
647	45.01048101432771
648	45.01048101432771
649	72.11506000286764
650	72.11506000286764
651	42.08508491182788
652	42.08508491182788
653	76.50866092942067
654	76.50866092942067
655	58.62567851379028
656	58.62567851379028
657	57.99068376783598
658	57.99068376783598
659	84.7425572813836
660	84.7425572813836
661	62.97897024334282
662	62.97897024334282
663	47.744452125749746
664	47.744452125749746
665	76.51348391784285
666	76.51348391784285
667	59.61912530126058
668	59.61912530126058
669	43.82628033650373
670	43.82628033650373
671	49.35360025286607
672	49.35360025286607
673	54.12481658070785
674	54.12481658070785
675	80.45294326430815
676	80.45294326430815
677	65.7570822798078
678	65.7570822798078
679	95.95516346023432
680	95.95516346023432
681	18.79816536453233
682	18.79816536453233
683	59.041536383058485
684	59.041536383058485
685	81.69635874227914
686	81.69635874227914
687	123.61868836517611
688	123.61868836517611
689	82.16518876633874
690	82.16518876633874
691	105.7388069541881
692	105.7388069541881
693	36.22252189997926
694	36.22252189997926
695	79.38930589964242
696	79.38930589964242
697	76.60345997529625
698	76.60345997529625
699	35.68062946092582
700	35.68062946092582
701	79.0692331240408
702	79.0692331240408
703	91.96389601410205
704	91.96389601410205
705	100.15666996322102
706	100.15666996322102
707	139.1517692855562
708	139.1517692855562
709	63.485092835906215
710	63.485092835906215
711	73.12900114587306
712	73.12900114587306
713	80.5847566101018
714	80.5847566101018
715	66.82212745526476
716	66.82212745526476
717	78.03536874575927
718	78.03536874575927
719	41.01260832157609
720	41.01260832157609
721	85.44247129472387
722	85.44247129472387
723	78.49888248941049
724	78.49888248941049
725	19.353151484363586
726	19.353151484363586
727	88.07170505122176
728	88.07170505122176
729	89.13117748324038
730	89.13117748324038
731	62.84789902963176
732	62.84789902963176
733	39.67280156711399
734	39.67280156711399
735	101.81491345290249
736	101.81491345290249
737	93.79365427393861
738	93.79365427393861
739	71.33484068205377
740	71.33484068205377
741	16.449358146125043
742	16.449358146125043
743	63.13907333987193
744	63.13907333987193
745	28.57081619850642
746	28.57081619850642
747	47.2945986163056
748	47.2945986163056
749	38.40618703047827
750	38.40618703047827
751	38.975537872916235
752	38.975537872916235
753	21.995675443951683
754	21.995675443951683
755	47.87689378063249
756	47.87689378063249
757	100.12956266594742
758	100.12956266594742
759	22.321520309442306
760	22.321520309442306
761	42.716441424526735
762	42.716441424526735
763	60.12047444738951
764	60.12047444738951
765	68.36036360281885
766	68.36036360281885
767	57.82936474717113
768	57.82936474717113
769	102.64506746321432
770	102.64506746321432
771	71.99670730667034
772	55.89426061944245
773	55.89426061944245
774	58.69152356664148
775	58.69152356664148
776	3.843489828793679
777	3.843489828793679
778	23.943566048237784
779	23.943566048237784
780	52.48835367365214
781	52.48835367365214
782	53.720585522545356
783	53.720585522545356
784	18.859272797954922
785	18.859272797954922
786	72.57044978030675
787	72.57044978030675
788	121.53999487626993
789	121.53999487626993
790	63.255830752468555
791	63.255830752468555
792	35.45007835922533
793	35.45007835922533
794	59.791544684069045
795	59.791544684069045
796	34.006460298471666
797	34.006460298471666
798	54.472282094367124
799	54.472282094367124
800	23.933934281654047
801	23.933934281654047
802	75.68661964430675
803	75.68661964430675
804	61.231476569356026
805	61.231476569356026
806	63.294106312904866
807	63.294106312904866
808	62.028535406917385
809	62.028535406917385
810	35.908741819765034
811	35.908741819765034
812	55.62132611715768
813	55.62132611715768
814	59.86575619522946
815	59.86575619522946
816	84.51001656350786
817	84.51001656350786
818	76.17832547835535
819	76.17832547835535
820	90.23709740742285
821	90.23709740742285
822	46.47575281586879
823	46.47575281586879
824	75.78879878203006
825	75.78879878203006
826	44.3575840696584
827	44.3575840696584
828	75.68366184071073
829	75.68366184071073
830	67.85756399066237
831	67.85756399066237
832	20.985044476054107
833	20.985044476054107
834	23.89901103951064
835	23.89901103951064
836	52.7497844477559
837	52.7497844477559
838	53.769940096661806
839	53.769940096661806
840	41.07519957824649
841	41.07519957824649
842	39.77043487515306
843	39.77043487515306
844	48.950617443155345
845	48.950617443155345
846	19.679251642693572
847	19.679251642693572
848	58.21875744488833
849	58.21875744488833
850	57.35894599666361
851	57.35894599666361
852	5.460578975516732
853	5.460578975516732
854	81.40812367876892
855	81.40812367876892
856	51.14535127530269
857	51.14535127530269
858	83.52680638375871
859	83.52680638375871
860	89.05623616506432
861	89.05623616506432
862	74.74382958550626
863	74.74382958550626
864	73.69581484913276
865	73.69581484913276
866	83.52608776606002
867	83.52608776606002
868	73.55650863446171
869	73.55650863446171
870	74.09584523847737
871	74.09584523847737
872	55.550978353686084
873	55.550978353686084
874	50.6756040378466
875	50.6756040378466
876	55.707169012666995
877	55.707169012666995
878	70.07063773744049
879	70.07063773744049
880	84.21276747301629
881	84.21276747301629
882	74.17168182635488
883	74.17168182635488
884	59.15642598039637
885	59.15642598039637
886	52.81596572849119
887	52.81596572849119
888	114.66701519330019
889	114.66701519330019
890	60.76686919073956
891	60.76686919073956
892	84.92395824200871
893	84.92395824200871
894	75.10347286696467
895	75.10347286696467
896	45.943170935722435
897	45.943170935722435
898	65.82289969058198
899	65.82289969058198
900	34.187681831160035
901	34.187681831160035
902	33.550513029722744
903	33.550513029722744
904	26.70093543840845
905	26.70093543840845
906	92.23215107204214
907	92.23215107204214
908	45.4650261428618
909	45.4650261428618
910	7.782810138636869
911	7.782810138636869
912	54.49926540452848
913	54.49926540452848
914	43.95657947037705
915	43.95657947037705
916	48.77621508374246
917	48.77621508374246
918	78.30701957862274
919	78.30701957862274
920	81.75605233766873
921	81.75605233766873
922	7.53017438804045
923	7.53017438804045
924	49.29555118304826
925	49.29555118304826
926	86.90666658816966
927	86.90666658816966
928	13.464934893317611
929	13.464934893317611
930	4.67534643876067
931	4.67534643876067
932	46.39340511430088
933	46.39340511430088
934	97.98226577321476
935	97.98226577321476
936	42.2473434045434
937	42.2473434045434
938	43.898900829021954
939	43.898900829021954
940	41.8556384286978
941	41.8556384286978
942	64.69483429731007
943	64.69483429731007
944	3.4668423087899427
945	3.4668423087899427
946	55.76314635579367
947	55.76314635579367
948	85.67141903794784
949	85.67141903794784
950	68.5618182645768
951	68.5618182645768
952	46.83020410735962
953	46.83020410735962
954	48.23974871724194
955	48.23974871724194
956	87.86904510727055
957	87.86904510727055
958	52.0081910052089
959	52.0081910052089
960	59.02400176164949
961	59.02400176164949
962	59.897821703977876
963	59.897821703977876
964	77.97782387714057
965	77.97782387714057
966	55.19290380025247
967	55.19290380025247
968	54.15174852247233
969	39.01544332239799
970	39.01544332239799
971	58.67510097687659
972	58.67510097687659
973	44.70197893909972
974	44.70197893909972
975	43.811569094059124
976	43.811569094059124
977	45.71279477772096
978	45.71279477772096
979	43.443253446259
980	43.443253446259
981	58.17321505883836
982	58.17321505883836
983	80.97598722836224
984	80.97598722836224
985	57.159401228704354
986	57.159401228704354
987	8.216787921041409
988	8.216787921041409
989	55.682623584974465
990	55.682623584974465
991	57.586359824570316
992	57.586359824570316
993	70.30499782781621
994	70.30499782781621
995	50.38059601573853
996	50.38059601573853
997	71.6874100215378
998	71.6874100215378
999	82.51341231189649
1000	82.51341231189649
1001	59.84850732575518
1002	59.84850732575518
1003	64.62384014111743
1004	64.62384014111743
1005	80.54619747840928
1006	80.54619747840928
1007	28.37460373141289
1008	28.37460373141289
1009	74.04780836909192
1010	74.04780836909192
1011	85.15652780072418
1012	85.15652780072418
1013	40.18104531353894
1014	40.18104531353894
1015	55.759079251421596
1016	55.759079251421596
1017	79.07168959474583
1018	79.07168959474583
1019	51.781016331969376
1020	51.781016331969376
1021	44.63148312957266
1022	44.63148312957266
1023	52.03643904611474
1024	52.03643904611474
1025	97.06194075278573
1026	97.06194075278573
1027	90.87354740957474
1028	90.87354740957474
1029	91.01764404362639
1030	91.01764404362639
1031	68.89842839316127
1032	68.89842839316127
1033	35.312077000492266
1034	35.312077000492266
1035	66.77773166903579
1036	66.77773166903579
1037	40.50412587569766
1038	40.50412587569766
1039	36.29837817318213
1040	36.29837817318213
1041	32.26440059022892
1042	32.26440059022892
1043	52.80998463846733
1044	52.80998463846733
1045	50.13308174357203
1046	50.13308174357203
1047	78.97066217724254
1048	78.97066217724254
1049	28.147602357986525
1050	28.147602357986525
1051	34.88120541194975
1052	34.88120541194975
1053	26.930652391564973
1054	26.930652391564973
1055	67.40140682664124
1056	67.40140682664124
1057	58.5757580017394
1058	58.5757580017394
1059	110.4158136785209
1060	110.4158136785209
1061	61.62783301769855
1062	61.62783301769855
1063	87.22011418052568
1064	87.22011418052568
1065	16.487058917215386
1066	16.487058917215386
1067	42.73349245149291
1068	42.73349245149291
1069	78.31295036518907
1070	78.31295036518907
1071	66.41862013583456
1072	66.41862013583456
1073	54.12799553548008
1074	54.12799553548008
1075	47.114874006305286
1076	47.114874006305286
1077	46.30328950796438
1078	46.30328950796438
1079	57.81949135924728
1080	57.81949135924728
1081	6.644467233361134
1082	6.644467233361134
1083	73.41658501021108
1084	73.41658501021108
1085	90.07145286307608
1086	90.07145286307608
1087	35.13145215031303
1088	35.13145215031303
1089	65.08149722645203
1090	65.08149722645203
1091	54.23493979274424
1092	54.23493979274424
1093	40.47478941677543
1094	40.47478941677543
1095	44.350743912151565
1096	44.350743912151565
1097	62.597211564520144
1098	62.597211564520144
1099	42.922695955912594
1100	42.922695955912594
1101	41.684065190397305
1102	41.684065190397305
1103	51.60073067856949
1104	51.60073067856949
1105	65.68263174984698
1106	65.68263174984698
1107	69.59811639778384
1108	69.59811639778384
1109	97.87619733810568
1110	97.87619733810568
1111	106.3337542103784
1112	106.3337542103784
1113	43.076476766530746
1114	43.076476766530746
1115	75.37280545054504
1116	75.37280545054504
1117	27.36155674960656
1118	27.36155674960656
1119	69.68580566875559
1120	69.68580566875559
1121	56.633385877026114
1122	56.633385877026114
1123	51.67813008346618
1124	51.67813008346618
1125	28.730174959304744
1126	28.730174959304744
1127	88.79024776669172
1128	88.79024776669172
1129	110.39540763291623
1130	110.39540763291623
1131	52.53863905174023
1132	52.53863905174023
1133	67.47016733884767
1134	67.47016733884767
1135	75.02011028653223
1136	75.02011028653223
1137	36.17423885820453
1138	36.17423885820453
1139	73.22829777708145
1140	73.22829777708145
1141	33.956954066694884
1142	33.956954066694884
1143	70.0068428068566
1144	70.0068428068566
1145	34.70430561438013
1146	34.70430561438013
1147	97.39551635209386
1148	97.39551635209386
1149	61.16638045496606
1150	61.16638045496606
1151	90.14098024803573
1152	90.14098024803573
1153	50.415966704039924
1154	50.415966704039924
1155	56.57123618982148
1156	56.57123618982148
1157	59.9590552564893
1158	59.9590552564893
1159	60.34475299065568
1160	60.34475299065568
1161	5.295354693743761
1162	5.295354693743761
1163	71.11260219458926
1164	71.11260219458926
1165	38.57276732342635
1166	38.57276732342635
1167	48.288775891044004
1168	48.288775891044004
1169	50.22662547765731
1170	50.22662547765731
1171	19.782785953298678
1172	19.782785953298678
1173	61.56234323175242
1174	61.56234323175242
1175	37.30523222968426
1176	37.30523222968426
1177	87.63167574114505
1178	87.63167574114505
1179	56.52242728462347
1180	56.52242728462347
1181	63.64532386803221
1182	63.64532386803221
1183	71.9581834757017
1184	71.9581834757017
1185	48.630696407839935
1186	48.630696407839935
1187	19.93559475055972
1188	19.93559475055972
1189	67.86638111806296
1190	67.86638111806296
1191	20.855546967238176
1192	20.855546967238176
1193	69.77950466285586
1194	69.77950466285586
1195	68.001989118576
1196	68.001989118576
1197	29.764617333928303
1198	29.764617333928303
1199	53.16412945582602
1200	53.16412945582602
1201	26.06019261594791
1202	26.06019261594791
1203	36.830861916587665
1204	36.830861916587665
1205	32.88706814623556
1206	32.88706814623556
1207	26.852369207964824
1208	26.852369207964824
1209	55.45414637411158
1210	55.45414637411158
1211	57.12074819911584
1212	57.12074819911584
1213	23.767005547910557
1214	23.767005547910557
1215	53.711329813012334
1216	53.711329813012334
1217	60.848622519895855
1218	60.848622519895855
1219	42.225803512660036
1220	42.225803512660036
1221	10.323082271352163
1222	10.323082271352163
1223	56.70949852808848
1224	56.70949852808848
1225	43.65353641685216
1226	43.65353641685216
1227	84.20756239661787
1228	84.20756239661787
1229	45.458084621042524
1230	45.458084621042524
1231	51.239535596012516
1232	51.239535596012516
1233	82.66280103105733
1234	82.66280103105733
1235	11.849667454128962
1236	11.849667454128962
1237	57.18676596076101
1238	57.18676596076101
1239	39.21472607367448
1240	39.21472607367448
1241	50.795689414122634
1242	50.795689414122634
1243	66.46456484037624
1244	66.46456484037624
1245	105.78441562871728
1246	105.78441562871728
1247	66.60655620495567
1248	66.60655620495567
1249	44.662003531561055
1250	44.662003531561055
1251	13.362999605208934
1252	13.362999605208934
1253	37.74506243243813
1254	37.74506243243813
1255	47.97886015620754
1256	47.97886015620754
1257	31.753860941567467
1258	31.753860941567467
1259	48.24076040647199
1260	48.24076040647199
1261	32.07628015169401
1262	32.07628015169401
1263	14.000647057354783
1264	14.000647057354783
1265	16.589171535649818
1266	16.589171535649818
1267	74.56718782356805
1268	74.56718782356805
1269	33.53692811344709
1270	33.53692811344709
1271	62.92302675727889
1272	62.92302675727889
1273	73.17602489428171
1274	73.17602489428171
1275	52.06132106031091
1276	52.06132106031091
1277	0.1
1278	0.1
1279	62.40417181533901
1280	62.40417181533901
1281	120.57886323912618
1282	120.57886323912618
1283	18.86283736968774
1284	18.86283736968774
1285	39.164099394402484
1286	39.164099394402484
1287	7.891855883565256
1288	7.891855883565256
1289	17.7332315419737
1290	17.7332315419737
1291	45.349771157563005
1292	45.349771157563005
1293	42.25514618477564
1294	42.25514618477564
1295	50.317374984895714
1296	50.317374984895714
1297	48.28837618545448
1298	48.28837618545448
1299	57.3189336832518
1300	57.3189336832518
1301	44.52500480182985
1302	44.52500480182985
1303	43.08708504007001
1304	43.08708504007001
1305	66.41012413005565
1306	66.41012413005565
1307	14.175191993074584
1308	14.175191993074584
1309	54.87398617440549
1310	54.87398617440549
1311	81.28738255937233
1312	81.28738255937233
1313	60.432118702239734
1314	60.432118702239734
1315	63.04372460454739
1316	63.04372460454739
1317	69.69224240642359
1318	69.69224240642359
1319	93.63170787177663
1320	93.63170787177663
1321	43.37575560325875
1322	43.37575560325875
1323	51.473925706277626
1324	51.473925706277626
1325	54.707353044795504
1326	54.707353044795504
1327	44.431319576427796
1328	44.431319576427796
1329	56.6168088481196
1330	56.6168088481196
1331	61.493935085511794
1332	61.493935085511794
1333	33.129974545356546
1334	33.129974545356546
1335	38.29521402941167
1336	38.29521402941167
1337	65.93451673909043
1338	65.93451673909043
1339	60.1761673031003
1340	60.1761673031003
1341	71.62488402610052
1342	71.62488402610052
1343	80.81623072626587
1344	80.81623072626587
1345	27.74571245047526
1346	27.74571245047526
1347	80.48275383018773
1348	80.48275383018773
1349	74.82940065883714
1350	74.82940065883714
1351	41.50287393581476
1352	41.50287393581476
1353	38.94989942433313
1354	38.94989942433313
1355	34.794983799631325
1356	34.794983799631325
1357	63.03570991631144
1358	63.03570991631144
1359	46.18462546161903
1360	46.18462546161903
1361	88.691730636296
1362	88.691730636296
1363	29.58991752774194
1364	29.58991752774194
1365	9.904791946270976
1366	9.904791946270976
1367	57.72432191407135
1368	43.79790828383428
1369	43.79790828383428
1370	70.05758832843142
1371	70.05758832843142
1372	32.888673428253824
1373	32.888673428253824
1374	59.553521868561106
1375	59.553521868561106
1376	58.69226143689116
1377	58.69226143689116
1378	58.76490159489779
1379	58.76490159489779
1380	59.93872488431452
1381	59.93872488431452
1382	32.03195808804666
1383	32.03195808804666
1384	60.47153995072711
1385	60.47153995072711
1386	0.1
1387	0.1
1388	12.351487245279635
1389	12.351487245279635
1390	36.36263788144125
1391	36.36263788144125
1392	46.61429161630923
1393	46.61429161630923
1394	97.34851622132996
1395	97.34851622132996
1396	35.11094652633867
1397	35.11094652633867
1398	54.28105958047844
1399	54.28105958047844
1400	41.81408663092378
1401	41.81408663092378
1402	59.19787938056315
1403	59.19787938056315
1404	73.46055859748056
1405	73.46055859748056
1406	22.135337027681665
1407	22.135337027681665
1408	60.93178995118177
1409	60.93178995118177
1410	71.59892462627758
1411	71.59892462627758
1412	55.40441674417817
1413	55.40441674417817
1414	49.14663177320986
1415	49.14663177320986
1416	36.788012967519016
1417	36.788012967519016
1418	43.065353499288655
1419	43.065353499288655
1420	27.899557037039628
1421	27.899557037039628
1422	55.98000625711767
1423	55.98000625711767
1424	58.15755150567518
1425	58.15755150567518
1426	63.509896072967344
1427	63.509896072967344
1428	67.40120150347238
1429	67.40120150347238
1430	77.28576421843489
1431	77.28576421843489
1432	3.5206180480040246
1433	3.5206180480040246
1434	33.83508414243712
1435	33.83508414243712
1436	33.39792373079888
1437	33.39792373079888
1438	75.74504564117308
1439	75.74504564117308
1440	35.13224108036157
1441	35.13224108036157
1442	25.489819952787087
1443	25.489819952787087
1444	29.497541606942438
1445	29.497541606942438
1446	50.619135817957996
1447	50.619135817957996
1448	70.52196682049791
1449	70.52196682049791
1450	23.837435989127147
1451	23.837435989127147
1452	57.839726371834395
1453	57.839726371834395
1454	53.6419714766074
1455	53.6419714766074
1456	92.52335236126885
1457	92.52335236126885
1458	80.73426320434302
1459	80.73426320434302
1460	26.68606324639623
1461	26.68606324639623
1462	58.96932005782609
1463	58.96932005782609
1464	32.21205540622377
1465	32.21205540622377
1466	42.93724497465271
1467	42.93724497465271
1468	35.006872921100964
1469	35.006872921100964
1470	61.1788174762862
1471	61.1788174762862
1472	70.09823933728708
1473	70.09823933728708
1474	49.24953806219747
1475	49.24953806219747
1476	2.806821283762595
1477	2.806821283762595
1478	62.87015655004937
1479	62.87015655004937
1480	71.14984646608691
1481	71.14984646608691
1482	31.791273516415245
1483	31.791273516415245
1484	74.18147486006177
1485	74.18147486006177
1486	58.27266845866106
1487	58.27266845866106
1488	39.21548853153083
1489	39.21548853153083
1490	62.36772180148736
1491	62.36772180148736
1492	60.11868016348354
1493	60.11868016348354
1494	24.666904454087213
1495	24.666904454087213
1496	61.17898675251328
1497	61.17898675251328
1498	0.1
1499	0.1
1500	7.332568188402206
1501	7.332568188402206
1502	68.30198475277655
1503	68.30198475277655
1504	47.2965184380902
1505	47.2965184380902
1506	55.48665536817903
1507	55.48665536817903
1508	57.23145576904124
1509	57.23145576904124
1510	44.6770076310717
1511	44.6770076310717
1512	59.69494435118271
1513	59.69494435118271
1514	67.16655380867344
1515	67.16655380867344
1516	43.0284710416432
1517	43.0284710416432
1518	66.0941903938375
1519	66.0941903938375
1520	88.62364524314224
1521	88.62364524314224
1522	39.34431525059952
1523	39.34431525059952
1524	100.38702975573631
1525	100.38702975573631
1526	36.82451017556012
1527	36.82451017556012
1528	45.00467223663797
1529	45.00467223663797
1530	18.85326874356967
1531	18.85326874356967
1532	44.75837229962391
1533	44.75837229962391
1534	58.975617452470104
1535	58.975617452470104
1536	46.11116314528208
1537	46.11116314528208
1538	47.912938456532125
1539	47.912938456532125
1540	62.79053926956763
1541	62.79053926956763
1542	93.09120529540326
1543	93.09120529540326
1544	71.53682276308956
1545	71.53682276308956
1546	100.30802017895019
1547	100.30802017895019
1548	40.59695684372329
1549	40.59695684372329
1550	76.38724343236915
1551	76.38724343236915
1552	46.982228486090456
1553	46.982228486090456
1554	40.97868993248863
1555	40.97868993248863
1556	66.19821492811533
1557	66.19821492811533
1558	39.89028774945711
1559	39.89028774945711
1560	60.66550770603611
1561	60.66550770603611
1562	67.57948595346383
1563	67.57948595346383
1564	33.7910304206847
1565	33.7910304206847
1566	28.20449241789057
1567	28.20449241789057
1568	43.139997556731885
1569	43.139997556731885
1570	21.889046040931284
1571	21.889046040931284
1572	29.086921309375274
1573	29.086921309375274
1574	16.481317756209286
1575	16.481317756209286
1576	42.365232774614626
1577	42.365232774614626
1578	28.893762477057837
1579	28.893762477057837
1580	41.41759679472442
1581	65.71992573258467
1582	65.71992573258467
1583	13.710550366395985
1584	13.710550366395985
1585	72.38063267571884
1586	72.38063267571884
1587	72.8400679981911
1588	72.8400679981911
1589	48.072972225824664
1590	48.072972225824664
1591	29.594444819350404
1592	29.594444819350404
1593	42.17627287081369
1594	42.17627287081369
1595	82.75879306347107
1596	82.75879306347107
1597	108.27498100035965
1598	108.27498100035965
1599	103.36040414055459
1600	103.36040414055459
1601	83.10478837577678
1602	83.10478837577678
1603	71.01996721708502
1604	71.01996721708502
1605	70.09656146728825
1606	70.09656146728825
1607	90.11992957067547
1608	90.11992957067547
1609	62.39514036524348
1610	62.39514036524348
1611	111.85665045658237
1612	111.85665045658237
1613	59.47462263256086
1614	59.47462263256086
1615	99.48247035656584
1616	99.48247035656584
1617	90.01393379068439
1618	90.01393379068439
1619	93.86501489715587
1620	93.86501489715587
1621	38.043650810087485
1622	38.043650810087485
1623	31.72784928570746
1624	31.72784928570746
1625	59.716076758941135
1626	59.716076758941135
1627	72.7678594951306
1628	72.7678594951306
1629	34.565259281383035
1630	34.565259281383035
1631	34.54882003342503
1632	34.54882003342503
1633	64.48840195618101
1634	64.48840195618101
1635	72.47082142681826
1636	72.47082142681826
1637	52.02917482069953
1638	52.02917482069953
1639	80.19524425413871
1640	80.19524425413871
1641	76.3036200698094
1642	76.3036200698094
1643	33.31073270253634
1644	33.31073270253634
1645	88.65262067237809
1646	88.65262067237809
1647	36.91320886004141
1648	36.91320886004141
1649	91.52360916488732
1650	91.52360916488732
1651	66.65694679390967
1652	66.65694679390967
1653	0.1
1654	0.1
1655	125.40115293545792
1656	125.40115293545792
1657	99.6396645031547
1658	99.6396645031547
1659	73.57294925500072
1660	73.57294925500072
1661	83.06797751596861
1662	83.06797751596861
1663	74.51979506380471
1664	74.51979506380471
1665	92.97043975069263
1666	92.97043975069263
1667	96.09549381819599
1668	96.09549381819599
1669	71.49392856673211
1670	71.49392856673211
1671	74.65351506706855
1672	74.65351506706855
1673	67.51086849913767
1674	67.51086849913767
1675	66.88976199314642
1676	66.88976199314642
1677	86.1251603561451
1678	86.1251603561451
1679	65.44160683034521
1680	65.44160683034521
1681	101.12189072161536
1682	101.12189072161536
1683	72.63386660103943
1684	72.63386660103943
1685	52.153179064081705
1686	52.153179064081705
1687	57.49756547482353
1688	57.49756547482353
1689	82.79422793239885
1690	82.79422793239885
1691	85.28554594235239
1692	85.28554594235239
1693	42.57614640299535
1694	42.57614640299535
1695	52.84522657634768
1696	52.84522657634768
1697	0.1
1698	0.1
1699	81.83094800642041
1700	81.83094800642041
1701	64.3406878780897
1702	64.3406878780897
1703	1.4472256579466176
1704	1.4472256579466176
1705	132.73674214996058
1706	132.73674214996058
1707	54.32471990016772
1708	54.32471990016772
1709	50.811899248347316
1710	50.811899248347316
1711	43.34143598616116
1712	43.34143598616116
1713	19.332650326929517
1714	19.332650326929517
1715	95.9148150177033
1716	95.9148150177033
1717	54.40588652422835
1718	54.40588652422835
1719	37.62496870331513
1720	37.62496870331513
1721	97.3746946194365
1722	97.3746946194365
1723	70.7424897592424
1724	70.7424897592424
1725	95.45118251790305
1726	95.45118251790305
1727	77.84381055196664
1728	77.84381055196664
1729	63.884263578062516
1730	63.884263578062516
1731	58.485343109047236
1732	58.485343109047236
1733	18.467847044742783
1734	18.467847044742783
1735	73.57645638856219
1736	73.57645638856219
1737	71.6520220545768
1738	71.6520220545768
1739	72.02304662234584
1740	72.02304662234584
1741	71.87428725029385
1742	71.87428725029385
1743	76.63473474759076
1744	76.63473474759076
1745	83.32043153390687
1746	83.32043153390687
1747	76.37166694281022
1748	76.37166694281022
1749	36.27321585324072
1750	36.27321585324072
1751	48.48434765278258
1752	48.48434765278258
1753	17.340508106355394
1754	17.340508106355394
1755	35.54527062271925
1756	35.54527062271925
1757	36.19850191007643
1758	36.19850191007643
1759	61.761511037448635
1760	61.761511037448635
1761	29.736534322202736
1762	29.736534322202736
1763	28.006615124466336
1764	28.006615124466336
1765	22.21100190978317
1766	22.21100190978317
1767	55.636298888025976
1768	55.636298888025976
1769	98.73655643158415
1770	98.73655643158415
1771	58.15805472204856
1772	58.15805472204856
1773	86.81015735498346
1774	86.81015735498346
1775	60.02135705669527
1776	60.02135705669527
1777	82.85713800769497
1778	82.85713800769497
1779	0.1
1780	0.1
1781	65.24712694170374
1782	65.24712694170374
1783	22.779731054100097
1784	22.779731054100097
1785	33.34141132894946
1786	33.34141132894946
1787	68.66448811854704
1788	68.66448811854704
1789	51.46609788033736
1790	51.46609788033736
1791	63.19957895792516
1792	63.19957895792516
1793	56.29648526219451
1794	56.29648526219451
1795	65.69683683056931
1796	65.69683683056931
1797	49.44499908737601
1798	49.44499908737601
1799	61.67459851753825
1800	61.67459851753825
1801	48.399892434158694
1802	48.399892434158694
1803	42.13912139019139
1804	42.13912139019139
1805	49.390283577681416
1806	49.390283577681416
1807	98.79686427777725
1808	98.79686427777725
1809	75.79823905260886
1810	75.79823905260886
1811	81.79594786949838
1812	81.79594786949838
1813	0.1
1814	0.1
1815	72.07983092223671
1816	72.07983092223671
1817	74.17570800854438
1818	74.17570800854438
1819	42.21855329598767
1820	42.21855329598767
1821	22.989405750269853
1822	22.989405750269853
1823	83.82814445202777
1824	83.82814445202777
1825	48.72194309302171
1826	48.72194309302171
1827	32.00151917850139
1828	32.00151917850139
1829	95.08458088565469
1830	95.08458088565469
1831	24.280048043104067
1832	24.280048043104067
1833	86.46367481285314
1834	86.46367481285314
1835	65.3934222025515
1836	65.3934222025515
1837	94.13472163406183
1838	94.13472163406183
1839	78.39795217560481
1840	78.39795217560481
1841	2.8561013399510102
1842	2.8561013399510102
1843	98.4948350684096
1844	98.4948350684096
1845	45.025359846910526
1846	45.025359846910526
1847	65.44400013519308
1848	65.44400013519308
1849	39.84992377753892
1850	39.84992377753892
1851	15.133365601231958
1852	15.133365601231958
1853	87.45225337722565
1854	87.45225337722565
1855	71.02925366500364
1856	71.02925366500364
1857	34.7104834370259
1858	34.7104834370259
1859	88.87745933036203
1860	88.87745933036203
1861	107.27324320394585
1862	107.27324320394585
1863	31.76824918401804
1864	31.76824918401804
1865	96.25250359874636
1866	96.25250359874636
1867	91.1641957897551
1868	91.1641957897551
1869	57.745371037604606
1870	57.745371037604606
1871	82.75731234342803
1872	82.75731234342803
1873	0.1
1874	0.1
1875	40.27827405745911
1876	40.27827405745911
1877	26.023039034186347
1878	26.023039034186347
1879	70.81357453222594
1880	70.81357453222594
1881	77.72818285616152
1882	77.72818285616152
1883	84.04425538432943
1884	84.04425538432943
1885	92.99879314382015
1886	92.99879314382015
1887	104.71439778414106
1888	104.71439778414106
1889	104.3226701711758
1890	104.3226701711758
1891	117.94250819150824
1892	117.94250819150824
1893	92.11338538353505
1894	92.11338538353505
1895	106.81439163138508
1896	106.81439163138508
1897	82.44590978730474
1898	82.44590978730474
1899	63.20218685088334
1900	63.20218685088334
1901	51.721179939685214
1902	51.721179939685214
1903	61.20270148552332
1904	61.20270148552332
1905	51.274343370860116
1906	51.274343370860116
1907	93.589253727006
1908	93.589253727006
1909	82.9465718696995
1910	82.9465718696995
1911	87.77760073907837
1912	87.77760073907837
1913	90.68535979526175
1914	90.68535979526175
1915	71.3606624786298
1916	71.3606624786298
1917	53.082251127748236
1918	53.082251127748236
1919	64.1468272296007
1920	64.1468272296007
1921	38.84847090054271
1922	38.84847090054271
1923	46.18366269806893
1924	46.18366269806893
1925	27.3220807181009
1926	27.3220807181009
1927	33.487014547118136
1928	33.487014547118136
1929	60.17647214675356
1930	60.17647214675356
1931	77.72465448905606
1932	77.72465448905606
1933	76.72421756352156
1934	76.72421756352156
1935	64.34551340278045
1936	64.34551340278045
1937	70.33160639751135
1938	70.33160639751135
1939	27.803157790756586
1940	27.803157790756586
1941	90.85962291410073
1942	90.85962291410073
1943	79.15302802897595
1944	79.15302802897595
1945	66.17781715410189
1946	66.17781715410189
1947	85.22970853079708
1948	85.22970853079708
1949	91.34105109194897
1950	91.34105109194897
1951	142.00261628583448
1952	142.00261628583448
1953	46.99991286979386
1954	46.99991286979386
1955	40.56992497446355
1956	40.56992497446355
1957	74.61633670876363
1958	74.61633670876363
1959	52.43814949831278
1960	52.43814949831278
1961	40.40451954886004
1962	40.40451954886004
1963	57.736885612770536
1964	57.736885612770536
1965	36.061968997573544
1966	36.061968997573544
1967	65.8137056530178
1968	65.8137056530178
1969	57.9119962039113
1970	57.9119962039113
1971	63.47966968083224
1972	63.47966968083224
1973	18.18172790783904
1974	18.18172790783904
1975	74.21323649111355
1976	74.21323649111355
1977	107.5889435772836
1978	107.5889435772836
1979	76.00391486165414
1980	76.00391486165414
1981	49.01448955205236
1982	49.01448955205236
1983	73.40273864236777
1984	73.40273864236777
1985	71.09079872928449
1986	71.09079872928449
1987	49.943282723962135
1988	49.943282723962135
1989	67.73593220155641
1990	67.73593220155641
1991	69.5647164094622
1992	69.5647164094622
1993	46.836381510649055
1994	46.836381510649055
1995	32.33173923092882
1996	32.33173923092882
1997	61.91412835978516
1998	61.91412835978516
1999	69.447503318114
2000	69.447503318114
2001	32.11003980667183
2002	32.11003980667183
2003	30.94372140435888
2004	30.94372140435888
2005	78.27011494400092
2006	78.27011494400092
2007	54.08260891664573
2008	54.08260891664573
2009	44.98911048530496
2010	44.98911048530496
2011	103.68714973581326
2012	103.68714973581326
2013	116.84801437676796
2014	116.84801437676796
2015	129.0223054068553
2016	129.0223054068553
2017	58.73846056835086
2018	58.73846056835086
2019	52.09905439927828
2020	52.09905439927828
2021	121.87796613547744
2022	121.87796613547744
2023	58.033397377390365
2024	58.033397377390365
2025	62.44946470647559
2026	62.44946470647559
2027	30.195381417858133
2028	30.195381417858133
2029	38.2326002836608
2030	38.2326002836608
2031	28.70196263873345
2032	28.70196263873345
2033	48.06344856821943
2034	48.06344856821943
2035	77.14347408153338
2036	77.14347408153338
2037	101.5278800319262
2038	101.5278800319262
2039	46.227655187282714
2040	46.227655187282714
2041	110.10100412561813
2042	110.10100412561813
2043	66.87579200816823
2044	66.87579200816823
2045	33.51206640678049
2046	33.51206640678049
2047	38.26467341150254
2048	38.26467341150254
2049	51.91171035068413
2050	51.91171035068413
2051	78.06579149159442
2052	78.06579149159442
2053	47.777882385002194
2054	47.777882385002194
2055	140.31823876637264
2056	140.31823876637264
2057	26.31768118959785
2058	26.31768118959785
2059	97.36791044508558
2060	97.36791044508558
2061	56.97093738605437
2062	56.97093738605437
2063	66.69460619880049
2064	66.69460619880049
2065	70.6169631044563
2066	70.6169631044563
2067	50.060360824344436
2068	50.060360824344436
2069	76.87336029285905
2070	76.87336029285905
2071	77.68238613231529
2072	77.68238613231529
2073	96.98394687067554
2074	96.98394687067554
2075	141.42780178131326
2076	141.42780178131326
2077	102.1175610379554
2078	102.1175610379554
2079	72.20328523371354
2080	72.20328523371354
2081	55.93667954625052
2082	55.93667954625052
2083	27.339224531791082
2084	27.339224531791082
2085	11.96254416361473
2086	11.96254416361473
2087	44.726482051132784
2088	44.726482051132784
2089	40.257538337100954
2090	40.257538337100954
2091	43.74428373587568
2092	43.74428373587568
2093	47.514407562979905
2094	47.514407562979905
2095	81.82633202559202
2096	81.82633202559202
2097	82.80918007356601
2098	82.80918007356601
2099	83.32463854713376
2100	83.32463854713376
2101	95.02764262740742
2102	95.02764262740742
2103	63.55764365309075
2104	63.55764365309075
2105	82.93779974976725
2106	82.93779974976725
2107	87.8885329296873
2108	87.8885329296873
2109	33.3634085370658
2110	33.3634085370658
2111	82.5824363339017
2112	82.5824363339017
2113	10.738804964127915
2114	10.738804964127915
2115	54.64372556355127
2116	54.64372556355127
2117	9.5811749640596
2118	9.5811749640596
2119	95.44069398529818
2120	95.44069398529818
2121	30.721742117109788
2122	30.721742117109788
2123	41.314478315481956
2124	41.314478315481956
2125	103.6939921367578
2126	103.6939921367578
2127	60.63272640290158
2128	60.63272640290158
2129	28.312430803491466
2130	28.312430803491466
2131	111.48634689232144
2132	111.48634689232144
2133	31.312982530028286
2134	31.312982530028286
2135	35.30179715662057
2136	35.30179715662057
2137	95.52323787120291
2138	95.52323787120291
2139	78.8683935850702
2140	78.8683935850702
2141	36.468364207921496
2142	36.468364207921496
2143	49.54066491312568
2144	49.54066491312568
2145	44.48248190510476
2146	44.48248190510476
2147	51.005233736325216
2148	51.005233736325216
2149	62.43274411227083
2150	62.43274411227083
2151	42.01666149026353
2152	42.01666149026353
2153	57.61544839358981
2154	57.61544839358981
2155	37.43318797762727
2156	37.43318797762727
2157	55.020733841640364
2158	55.020733841640364
2159	75.73726886427542
2160	75.73726886427542
2161	64.19705475342806
2162	64.19705475342806
2163	59.347641207627625
2164	59.347641207627625
2165	24.090838211133974
2166	24.090838211133974
2167	71.96561979966225
2168	71.96561979966225
2169	63.96394117166011
2170	63.96394117166011
2171	46.2803576419889
2172	41.40240845036101
2173	41.40240845036101
2174	77.87485899135717
2175	77.87485899135717
2176	54.18538313033889
2177	41.96694392419805
2178	41.96694392419805
2179	74.49801870627638
2180	74.49801870627638
2181	45.21162291614499
2182	45.21162291614499
2183	68.80942665778694
2184	68.80942665778694
2185	29.962245475172978
2186	29.962245475172978
2187	76.94541293734717
2188	76.94541293734717
2189	53.493202294991065
2190	53.493202294991065
2191	74.43504995439396
2192	74.43504995439396
2193	67.25004866881474
2194	67.25004866881474
2195	14.099784694203876
2196	14.099784694203876
2197	52.64964997422441
2198	52.64964997422441
2199	120.12341286234681
2200	120.12341286234681
2201	64.69095954081698
2202	64.69095954081698
2203	78.87043481756844
2204	78.87043481756844
2205	81.91381816039733
2206	81.91381816039733
2207	52.24806180729133
2208	52.24806180729133
2209	97.3003253594388
2210	97.3003253594388
2211	101.03156903141337
2212	101.03156903141337
2213	82.21085016527178
2214	82.21085016527178
2215	34.81826717816375
2216	34.81826717816375
2217	68.71933439952679
2218	68.71933439952679
2219	48.640684526670846
2220	48.640684526670846
2221	106.5899899650262
2222	106.5899899650262
2223	70.51545072792962
2224	70.51545072792962
2225	79.07164575711667
2226	79.07164575711667
2227	41.17297533548559
2228	41.17297533548559
2229	64.26067372618682
2230	64.26067372618682
2231	50.95939558039448
2232	50.95939558039448
2233	70.90000654588196
2234	70.90000654588196
2235	37.73972457487773
2236	37.73972457487773
2237	61.73482638216357
2238	61.73482638216357
2239	31.225620273515737
2240	31.225620273515737
2241	102.94065510773787
2242	102.94065510773787
2243	60.09888626655966
2244	60.09888626655966
2245	12.08762949586258
2246	12.08762949586258
2247	55.280043245561636
2248	55.280043245561636
2249	80.15460884676524
2250	80.15460884676524
2251	35.27609259566128
2252	35.27609259566128
2253	60.489995401769036
2254	60.489995401769036
2255	22.79287743887383
2256	22.79287743887383
2257	0.1
2258	0.1
2259	38.01274082244906
2260	38.01274082244906
2261	51.793071047096085
2262	51.793071047096085
2263	56.63018669561336
2264	56.63018669561336
2265	42.70990860020991
2266	42.70990860020991
2267	55.30732403228452
2268	55.30732403228452
2269	26.27681819125724
2270	26.27681819125724
2271	125.11846720075552
2272	125.11846720075552
2273	77.91983609076115
2274	77.91983609076115
2275	42.985570383411
2276	42.985570383411
2277	85.4741352215157
2278	85.4741352215157
2279	0.1
2280	0.1
2281	82.27785777072897
2282	82.27785777072897
2283	56.95647797618131
2284	56.95647797618131
2285	32.35502984246998
2286	32.35502984246998
2287	65.01478599702983
2288	65.01478599702983
2289	51.19276219169961
2290	51.19276219169961
2291	10.511951502131296
2292	10.511951502131296
2293	66.73423576874835
2294	66.73423576874835
2295	58.67663307414004
2296	58.67663307414004
2297	64.17533345721966
2298	64.17533345721966
2299	85.79141112221845
2300	85.79141112221845
2301	87.28278712914474
2302	87.28278712914474
2303	117.9401386511561
2304	117.9401386511561
2305	49.64893374501523
2306	66.93792095286288
2307	66.93792095286288
2308	47.51476219735325
2309	47.51476219735325
2310	54.01019665422043
2311	54.01019665422043
2312	88.5873787764804
2313	88.5873787764804
2314	60.9431717669555
2315	60.9431717669555
2316	51.420713944981344
2317	51.420713944981344
2318	101.59079116789951
2319	101.59079116789951
2320	60.836144553258855
2321	60.836144553258855
2322	33.149254509595025
2323	33.149254509595025
2324	25.563647230835702
2325	25.563647230835702
2326	30.863068889514004
2327	30.863068889514004
2328	99.20358719515772
2329	99.20358719515772
2330	23.82312540589802
2331	23.82312540589802
2332	32.97298908593045
2333	32.97298908593045
2334	31.546514752892477
2335	31.546514752892477
2336	50.47153158462431
2337	50.47153158462431
2338	80.44778784509793
2339	80.44778784509793
2340	106.12464329594735
2341	106.12464329594735
2342	60.891591905947756
2343	60.891591905947756
2344	28.53801897745405
2345	28.53801897745405
2346	67.5965198069112
2347	67.5965198069112
2348	73.24452076785136
2349	73.24452076785136
2350	94.34431662266502
2351	94.34431662266502
2352	63.87620502917531
2353	63.87620502917531
2354	73.03157264962138
2355	73.03157264962138
2356	59.71565838420064
2357	59.71565838420064
2358	55.78397105379403
2359	55.78397105379403
2360	37.217281235738625
2361	37.217281235738625
2362	96.48545321496087
2363	96.48545321496087
2364	72.87201869906085
2365	72.87201869906085
2366	88.69998562387345
2367	88.69998562387345
2368	80.28489157563278
2369	80.28489157563278
2370	56.15613523505843
2371	56.15613523505843
2372	106.06704689821694
2373	106.06704689821694
2374	41.44100792301597
2375	41.44100792301597
2376	73.56516640966518
2377	73.56516640966518
2378	46.24128334174638
2379	46.24128334174638
2380	16.093180276971303
2381	16.093180276971303
2382	41.66688837441226
2383	41.66688837441226
2384	94.72908824781692
2385	94.72908824781692
2386	62.84879888279411
2387	62.84879888279411
2388	58.120914973921735
2389	58.120914973921735
2390	82.67317523153982
2391	82.67317523153982
2392	28.494796568103286
2393	28.494796568103286
2394	64.31513048232777
2395	64.31513048232777
2396	92.75584806303183
2397	92.75584806303183
2398	35.31979217795723
2399	35.31979217795723
2400	36.385329159478104
2401	36.385329159478104
2402	55.117769806077625
2403	55.117769806077625
2404	27.925028192300942
2405	27.925028192300942
2406	59.44056274527367
2407	59.44056274527367
2408	32.00375947268042
2409	32.00375947268042
2410	106.03311599124842
2411	106.03311599124842
2412	83.28164688316346
2413	83.28164688316346
2414	46.45142501413207
2415	46.45142501413207
2416	35.01993624901617
2417	35.01993624901617
2418	30.174971259421838
2419	30.174971259421838
2420	71.66097509344968
2421	71.66097509344968
2422	72.62950883631333
2423	72.62950883631333
2424	59.56295693922966
2425	59.56295693922966
2426	99.35822675124828
2427	99.35822675124828
2428	77.61984864120231
2429	77.61984864120231
2430	24.776541369769213
2431	24.776541369769213
2432	85.110780506698
2433	85.110780506698
2434	75.16721779878704
2435	75.16721779878704
2436	88.097859296855
2437	88.097859296855
2438	45.948363807393235
2439	45.948363807393235
2440	67.91036346241727
2441	67.91036346241727
2442	56.13977719935975
2443	56.13977719935975
2444	66.50715994883248
2445	66.50715994883248
2446	44.84577300767366
2447	44.84577300767366
2448	68.16917650200571
2449	68.16917650200571
2450	110.83728857856039
2451	110.83728857856039
2452	80.91415642300208
2453	80.91415642300208
2454	12.08521999689863
2455	12.08521999689863
2456	52.46173721119094
2457	52.46173721119094
2458	56.9962081644734
2459	56.9962081644734
2460	26.818879053267743
2461	26.818879053267743
2462	81.96055834134324
2463	81.96055834134324
2464	21.801451978241907
2465	21.801451978241907
2466	24.253571908128748
2467	24.253571908128748
2468	31.642384208643936
2469	31.642384208643936
2470	65.70460852368116
2471	65.70460852368116
2472	103.40070618443968
2473	103.40070618443968
2474	94.74626922320635
2475	94.74626922320635
2476	79.72066562657197
2477	79.72066562657197
2478	67.39826515184158
2479	67.39826515184158
2480	40.49156206382817
2481	40.49156206382817
2482	40.16838749498964
2483	40.16838749498964
2484	47.44268175106505
2485	47.44268175106505
2486	13.499860040730354
2487	13.499860040730354
2488	27.397740197189542
2489	27.397740197189542
2490	59.53126676968462
2491	59.53126676968462
2492	48.52468725448539
2493	48.52468725448539
2494	46.18149278362496
2495	46.18149278362496
2496	57.242917992352275
2497	57.242917992352275
2498	3.4008383936522364
2499	3.4008383936522364
2500	22.323504338722998
2501	22.323504338722998
2502	69.5811060439516
2503	69.5811060439516
2504	49.47423039079019
2505	49.47423039079019
2506	65.06709523752902
2507	65.06709523752902
2508	47.236712508973355
2509	47.236712508973355
2510	92.70050646863167
2511	92.70050646863167
2512	31.173867244565923
2513	31.173867244565923
2514	35.86707407681048
2515	35.86707407681048
2516	39.961464231155354
2517	39.961464231155354
2518	69.03813274896146
2519	69.03813274896146
2520	51.54467483676939
2521	51.54467483676939
2522	55.66619944880001
2523	55.66619944880001
2524	40.575737720481925
2525	40.575737720481925
2526	23.275192737104145
2527	23.275192737104145
2528	70.79882613415255
2529	70.79882613415255
2530	59.938776324495656
2531	59.938776324495656
2532	54.564072598292505
2533	54.564072598292505
2534	48.27695515338902
2535	48.27695515338902
2536	77.40094595976402
2537	77.40094595976402
2538	61.54587356284719
2539	61.54587356284719
2540	49.991635866917086
2541	49.991635866917086
2542	11.175473248742541
2543	11.175473248742541
2544	64.08200885271782
2545	64.08200885271782
2546	23.1065235579873
2547	23.1065235579873
2548	47.74337417559924
2549	47.74337417559924
2550	18.252528596398356
2551	18.252528596398356
2552	32.281343471782804
2553	32.281343471782804
2554	54.82354971029747
2555	54.82354971029747
2556	84.86774010888624
2557	84.86774010888624
2558	80.84853030697624
2559	80.84853030697624
2560	11.16479939316239
2561	11.16479939316239
2562	63.98188015751738
2563	63.98188015751738
2564	79.73023966962397
2565	79.73023966962397
2566	58.34439109177738
2567	58.34439109177738
2568	81.39299910646525
2569	81.39299910646525
2570	60.4408014943462
2571	60.4408014943462
2572	72.17478014005638
2573	72.17478014005638
2574	82.57004382633318
2575	82.57004382633318
2576	41.52956841777204
2577	41.52956841777204
2578	88.94414057240301
2579	88.94414057240301
2580	76.6490481198357
2581	76.6490481198357
2582	75.51683951998052
2583	75.51683951998052
2584	54.42902332585896
2585	54.42902332585896
2586	70.89868472119846
2587	70.89868472119846
2588	52.57006695427776
2589	52.57006695427776
2590	65.54471285703184
2591	65.54471285703184
2592	64.98782825124111
2593	64.98782825124111
2594	53.46643858037032
2595	53.46643858037032
2596	24.635488259370824
2597	24.635488259370824
2598	23.24265996531902
2599	23.24265996531902
2600	28.47328380403535
2601	28.47328380403535
2602	48.81578589699991
2603	48.81578589699991
2604	78.23274660111079
2605	78.23274660111079
2606	86.43805519047018
2607	86.43805519047018
2608	43.982554060520535
2609	43.982554060520535
2610	42.564529740333484
2611	42.564529740333484
2612	39.428653233256114
2613	39.428653233256114
2614	41.175917825889826
2615	41.175917825889826
2616	72.21068979414403
2617	72.21068979414403
2618	63.858817465838754
2619	63.858817465838754
2620	34.43709667220497
2621	34.43709667220497
2622	74.77415195449063
2623	74.77415195449063
2624	22.82180628932702
2625	22.82180628932702
2626	41.243172275422495
2627	41.243172275422495
2628	51.352663750224096
2629	51.352663750224096
2630	21.98601366864593
2631	21.98601366864593
2632	40.23513360443667
2633	40.23513360443667
2634	50.1737691897437
2635	50.1737691897437
2636	71.66619703751272
2637	71.66619703751272
2638	19.733723404376825
2639	19.733723404376825
2640	33.63300865422374
2641	33.63300865422374
2642	55.91286111624995
2643	55.91286111624995
2644	68.44014384285765
2645	68.44014384285765
2646	51.39931641060838
2647	51.39931641060838
2648	65.84962540446318
2649	65.84962540446318
2650	53.906370669308664
2651	53.906370669308664
2652	55.89668124805606
2653	55.89668124805606
2654	96.7489298376752
2655	96.7489298376752
2656	23.762828280851775
2657	23.762828280851775
2658	8.099691693093042
2659	8.099691693093042
2660	43.44353137825475
2661	43.44353137825475
2662	39.85091925457034
2663	39.85091925457034
2664	28.304930697112596
2665	28.304930697112596
2666	38.63007425622307
2667	38.63007425622307
2668	80.78036554859078
2669	80.78036554859078
2670	66.46963885958277
2671	66.46963885958277
2672	48.196941836200835
2673	48.196941836200835
2674	62.14000230685398
2675	62.14000230685398
2676	107.62800357319495
2677	107.62800357319495
2678	65.33897152719328
2679	65.33897152719328
2680	62.03539617674149
2681	62.03539617674149
2682	27.00674053838009
2683	27.00674053838009
2684	52.09903268068756
2685	52.09903268068756
2686	41.671367637671224
2687	41.671367637671224
2688	66.82868039842444
2689	66.82868039842444
2690	52.23657433577165
2691	52.23657433577165
2692	94.33977183818186
2693	94.33977183818186
2694	78.66177685637409
2695	78.66177685637409
2696	32.49343167564747
2697	32.49343167564747
2698	43.494152148715514
2699	43.494152148715514
2700	29.881886537532875
2701	29.881886537532875
2702	41.43757772519146
2703	41.43757772519146
2704	64.85276747348189
2705	64.85276747348189
2706	89.90262463039844
2707	89.90262463039844
2708	80.64324497119661
2709	80.64324497119661
2710	44.969430312903405
2711	44.969430312903405
2712	49.83065277411765
2713	49.83065277411765
2714	3.7974042932141714
2715	3.7974042932141714
2716	32.314131874534645
2717	32.314131874534645
2718	63.396902516609906
2719	63.396902516609906
2720	42.242029785804405
2721	42.242029785804405
2722	73.25311560720799
2723	73.25311560720799
2724	91.70422101030299
2725	91.70422101030299
2726	56.4723447429363
2727	56.4723447429363
2728	13.224026671986024
2729	13.224026671986024
2730	65.53639031579353
2731	65.53639031579353
2732	13.405193269445519
2733	13.405193269445519
2734	80.96335956482628
2735	80.96335956482628
2736	0.1
2737	0.1
2738	58.03663443955035
2739	58.03663443955035
2740	39.56267554693127
2741	39.56267554693127
2742	57.69832181989066
2743	57.69832181989066
2744	52.05101849681438
2745	52.05101849681438
2746	60.99055944399112
2747	60.99055944399112
2748	42.16660837466426
2749	42.16660837466426
2750	55.389542373678594
2751	55.389542373678594
2752	59.881682490100665
2753	59.881682490100665
2754	55.40438528092662
2755	55.40438528092662
2756	54.87787974255047
2757	54.87787974255047
2758	91.65079050476007
2759	91.65079050476007
2760	14.105208075953911
2761	14.105208075953911
2762	58.11378810405573
2763	58.11378810405573
2764	24.351070916594722
2765	24.351070916594722
2766	45.88515382234651
2767	45.88515382234651
2768	41.167775812276325
2769	41.167775812276325
2770	71.1784493973339
2771	71.1784493973339
2772	14.878212502663182
2773	14.878212502663182
2774	94.68133656564828
2775	94.68133656564828
2776	0.1
2777	0.1
2778	84.88694460843712
2779	84.88694460843712
2780	75.90801560871432
2781	75.90801560871432
2782	32.85029162057446
2783	32.85029162057446
2784	75.81456556632304
2785	75.81456556632304
2786	111.6725827315448
2787	111.6725827315448
2788	61.00616785158898
2789	61.00616785158898
2790	39.15876735804177
2791	39.15876735804177
2792	44.21907164299596
2793	44.21907164299596
2794	78.1301620775357
2795	78.1301620775357
2796	80.60552655836685
2797	80.60552655836685
2798	53.28519093758556
2799	53.28519093758556
2800	45.71001753358057
2801	45.71001753358057
2802	61.34811743217906
2803	61.34811743217906
2804	56.788680536704575
2805	56.788680536704575
2806	48.46100524427802
2807	48.46100524427802
2808	83.12704768752624
2809	83.12704768752624
2810	48.97567746431109
2811	48.97567746431109
2812	50.096403784760284
2813	50.096403784760284
2814	59.02219858521818
2815	59.02219858521818
2816	48.92403045071044
2817	48.92403045071044
2818	41.24910793945967
2819	41.24910793945967
2820	54.81641363242488
2821	54.81641363242488
2822	43.32489269949484
2823	43.32489269949484
2824	22.000973974254492
2825	22.000973974254492
2826	86.56105656458487
2827	86.56105656458487
2828	67.00792314264265
2829	67.00792314264265
2830	70.34171746394742
2831	70.34171746394742
2832	69.84474834696914
2833	69.84474834696914
2834	35.4827508769648
2835	35.4827508769648
2836	65.23132753194417
2837	65.23132753194417
2838	49.949553162154764
2839	49.949553162154764
2840	89.00969033543734
2841	89.00969033543734
2842	44.717423662201035
