0	26.317815027199792
1	26.317815027199792
2	26.317815027199792
3	26.317815027199792
4	26.317815027199792
5	26.317815027199792
6	26.317815027199792
7	26.317815027199792
8	26.317815027199792
9	38.68504968279588
10	38.68504968279588
11	38.68504968279588
12	38.68504968279588
13	38.68504968279588
14	38.68504968279588
15	38.68504968279588
16	38.68504968279588
17	38.68504968279588
18	29.99523406291501
19	29.99523406291501
20	29.99523406291501
21	29.99523406291501
22	29.99523406291501
23	29.99523406291501
24	29.99523406291501
25	29.99523406291501
26	29.99523406291501
27	30.944980962499713
28	30.944980962499713
29	30.944980962499713
30	30.944980962499713
31	30.944980962499713
32	30.944980962499713
33	30.944980962499713
34	30.944980962499713
35	30.944980962499713
36	27.30365160761773
37	27.30365160761773
38	27.30365160761773
39	27.30365160761773
40	27.30365160761773
41	27.30365160761773
42	27.30365160761773
43	27.30365160761773
44	27.30365160761773
45	30.53973693950715
46	30.53973693950715
47	30.53973693950715
48	30.53973693950715
49	30.53973693950715
50	30.53973693950715
51	30.53973693950715
52	30.53973693950715
53	30.53973693950715
54	24.66250046798377
55	24.66250046798377
56	24.66250046798377
57	24.66250046798377
58	24.66250046798377
59	24.66250046798377
60	24.66250046798377
61	24.66250046798377
62	24.66250046798377
63	27.18235427741329
64	27.18235427741329
65	27.18235427741329
66	27.18235427741329
67	27.18235427741329
68	27.18235427741329
69	27.18235427741329
70	27.18235427741329
71	27.18235427741329
72	36.69929157994104
73	36.69929157994104
74	36.69929157994104
75	36.69929157994104
76	36.69929157994104
77	36.69929157994104
78	36.69929157994104
79	36.69929157994104
80	36.69929157994104
81	34.181640527832
82	34.181640527832
83	34.181640527832
84	34.181640527832
85	34.181640527832
86	34.181640527832
87	34.181640527832
88	34.181640527832
89	34.181640527832
90	39.86108233790531
91	39.86108233790531
92	39.86108233790531
93	39.86108233790531
94	39.86108233790531
95	39.86108233790531
96	39.86108233790531
97	39.86108233790531
98	39.86108233790531
99	41.78022491662614
100	41.78022491662614
101	41.78022491662614
102	41.78022491662614
103	41.78022491662614
104	41.78022491662614
105	41.78022491662614
106	41.78022491662614
107	41.78022491662614
108	40.48665294283203
109	40.48665294283203
110	40.48665294283203
111	40.48665294283203
112	40.48665294283203
113	40.48665294283203
114	40.48665294283203
115	40.48665294283203
116	40.48665294283203
117	47.3700932008785
118	47.3700932008785
119	47.3700932008785
120	47.3700932008785
121	47.3700932008785
122	47.3700932008785
123	47.3700932008785
124	47.3700932008785
125	47.3700932008785
126	37.65593993806574
127	37.65593993806574
128	37.65593993806574
129	37.65593993806574
130	37.65593993806574
131	37.65593993806574
132	37.65593993806574
133	37.65593993806574
134	37.65593993806574
135	29.725686671824327
136	29.725686671824327
137	29.725686671824327
138	29.725686671824327
139	29.725686671824327
140	29.725686671824327
141	29.725686671824327
142	29.725686671824327
143	29.725686671824327
144	30.128499275198372
145	30.128499275198372
146	30.128499275198372
147	30.128499275198372
148	30.128499275198372
149	30.128499275198372
150	30.128499275198372
151	30.128499275198372
152	30.128499275198372
153	53.03015806247733
154	53.03015806247733
155	53.03015806247733
156	53.03015806247733
157	53.03015806247733
158	53.03015806247733
159	53.03015806247733
160	53.03015806247733
161	53.03015806247733
162	28.870193459185195
163	28.870193459185195
164	28.870193459185195
165	28.870193459185195
166	28.870193459185195
167	28.870193459185195
168	28.870193459185195
169	28.870193459185195
170	28.870193459185195
171	35.28788956002908
172	35.28788956002908
173	35.28788956002908
174	35.28788956002908
175	35.28788956002908
176	35.28788956002908
177	35.28788956002908
178	35.28788956002908
179	35.28788956002908
180	24.4771757189083
181	24.4771757189083
182	24.4771757189083
183	24.4771757189083
184	24.4771757189083
185	24.4771757189083
186	24.4771757189083
187	24.4771757189083
188	24.4771757189083
189	31.39079973303643
190	31.39079973303643
191	31.39079973303643
192	31.39079973303643
193	31.39079973303643
194	31.39079973303643
195	31.39079973303643
196	31.39079973303643
197	31.39079973303643
198	31.48699842879136
199	31.48699842879136
200	31.48699842879136
201	31.48699842879136
202	31.48699842879136
203	31.48699842879136
204	31.48699842879136
205	31.48699842879136
206	31.48699842879136
207	39.94229078598305
208	39.94229078598305
209	39.94229078598305
210	39.94229078598305
211	39.94229078598305
212	39.94229078598305
213	39.94229078598305
214	39.94229078598305
215	39.94229078598305
216	28.84489153864716
217	28.84489153864716
218	28.84489153864716
219	28.84489153864716
220	28.84489153864716
221	28.84489153864716
222	28.84489153864716
223	28.84489153864716
224	28.84489153864716
225	48.49167382974214
226	48.49167382974214
227	48.49167382974214
228	48.49167382974214
229	48.49167382974214
230	48.49167382974214
231	48.49167382974214
232	48.49167382974214
233	48.49167382974214
234	33.086383941856724
235	33.086383941856724
236	33.086383941856724
237	33.086383941856724
238	33.086383941856724
239	33.086383941856724
240	33.086383941856724
241	33.086383941856724
242	33.086383941856724
243	40.978915856869634
244	40.978915856869634
245	40.978915856869634
246	40.978915856869634
247	40.978915856869634
248	40.978915856869634
249	40.978915856869634
250	40.978915856869634
251	40.978915856869634
252	36.07231910222487
253	36.07231910222487
254	36.07231910222487
255	36.07231910222487
256	36.07231910222487
257	36.07231910222487
258	36.07231910222487
259	36.07231910222487
260	36.07231910222487
261	46.24260660741561
262	46.24260660741561
263	46.24260660741561
264	46.24260660741561
265	46.24260660741561
266	46.24260660741561
267	46.24260660741561
268	46.24260660741561
269	46.24260660741561
270	38.89943235711225
271	38.89943235711225
272	38.89943235711225
273	38.89943235711225
274	38.89943235711225
275	38.89943235711225
276	38.89943235711225
277	38.89943235711225
278	38.89943235711225
279	39.499361494477576
280	39.499361494477576
281	39.499361494477576
282	39.499361494477576
283	39.499361494477576
284	39.499361494477576
285	39.499361494477576
286	39.499361494477576
287	39.499361494477576
288	38.63382976984141
289	38.63382976984141
290	38.63382976984141
291	38.63382976984141
292	38.63382976984141
293	38.63382976984141
294	38.63382976984141
295	38.63382976984141
296	38.63382976984141
297	43.38394518307505
298	43.38394518307505
299	43.38394518307505
300	43.38394518307505
301	43.38394518307505
302	43.38394518307505
303	43.38394518307505
304	43.38394518307505
305	43.38394518307505
306	38.82011741167139
307	38.82011741167139
308	38.82011741167139
309	38.82011741167139
310	38.82011741167139
311	38.82011741167139
312	38.82011741167139
313	38.82011741167139
314	38.82011741167139
315	31.149412776547347
316	31.149412776547347
317	31.149412776547347
318	31.149412776547347
319	31.149412776547347
320	31.149412776547347
321	31.149412776547347
322	31.149412776547347
323	31.149412776547347
324	36.60348092893845
325	36.60348092893845
326	36.60348092893845
327	36.60348092893845
328	36.60348092893845
329	36.60348092893845
330	36.60348092893845
331	36.60348092893845
332	36.60348092893845
333	36.20809609570726
334	36.20809609570726
335	36.20809609570726
336	36.20809609570726
337	36.20809609570726
338	36.20809609570726
339	36.20809609570726
340	36.20809609570726
341	36.20809609570726
342	43.52302255600315
343	43.52302255600315
344	43.52302255600315
345	43.52302255600315
346	43.52302255600315
347	43.52302255600315
348	43.52302255600315
349	43.52302255600315
350	43.52302255600315
351	32.1115540558981
352	32.1115540558981
353	32.1115540558981
354	32.1115540558981
355	32.1115540558981
356	32.1115540558981
357	32.1115540558981
358	32.1115540558981
359	32.1115540558981
360	39.31332293379325
361	39.31332293379325
362	39.31332293379325
363	39.31332293379325
364	39.31332293379325
365	39.31332293379325
366	39.31332293379325
367	39.31332293379325
368	39.31332293379325
369	42.75060095157397
370	42.75060095157397
371	42.75060095157397
372	42.75060095157397
373	42.75060095157397
374	42.75060095157397
375	42.75060095157397
376	42.75060095157397
377	42.75060095157397
378	28.913100295980467
379	28.913100295980467
380	28.913100295980467
381	28.913100295980467
382	28.913100295980467
383	28.913100295980467
384	28.913100295980467
385	28.913100295980467
386	28.913100295980467
387	42.66697101422124
388	42.66697101422124
389	42.66697101422124
390	42.66697101422124
391	42.66697101422124
392	42.66697101422124
393	42.66697101422124
394	42.66697101422124
395	42.66697101422124
396	45.5929367573557
397	45.5929367573557
398	45.5929367573557
399	45.5929367573557
400	45.5929367573557
401	45.5929367573557
402	45.5929367573557
403	45.5929367573557
404	45.5929367573557
405	28.40202750850176
406	28.40202750850176
407	28.40202750850176
408	28.40202750850176
409	28.40202750850176
410	28.40202750850176
411	28.40202750850176
412	28.40202750850176
413	28.40202750850176
414	29.542285740839105
415	29.542285740839105
416	29.542285740839105
417	29.542285740839105
418	29.542285740839105
419	29.542285740839105
420	29.542285740839105
421	29.542285740839105
422	29.542285740839105
423	39.61770822870608
424	39.61770822870608
425	39.61770822870608
426	39.61770822870608
427	39.61770822870608
428	39.61770822870608
429	39.61770822870608
430	39.61770822870608
431	39.61770822870608
432	22.684057459611687
433	22.684057459611687
434	22.684057459611687
435	22.684057459611687
436	22.684057459611687
437	22.684057459611687
438	22.684057459611687
439	22.684057459611687
440	22.684057459611687
441	38.1638643574017
442	38.1638643574017
443	38.1638643574017
444	38.1638643574017
445	38.1638643574017
446	38.1638643574017
447	38.1638643574017
448	38.1638643574017
449	38.1638643574017
450	36.06790312839154
451	36.06790312839154
452	36.06790312839154
453	36.06790312839154
454	36.06790312839154
455	36.06790312839154
456	36.06790312839154
457	36.06790312839154
458	36.06790312839154
459	33.01776321934586
460	33.01776321934586
461	33.01776321934586
462	33.01776321934586
463	33.01776321934586
464	33.01776321934586
465	33.01776321934586
466	33.01776321934586
467	33.01776321934586
468	28.403734736376563
469	28.403734736376563
470	28.403734736376563
471	28.403734736376563
472	28.403734736376563
473	28.403734736376563
474	28.403734736376563
475	28.403734736376563
476	28.403734736376563
477	31.410745653496697
478	31.410745653496697
479	31.410745653496697
480	31.410745653496697
481	31.410745653496697
482	31.410745653496697
483	31.410745653496697
484	31.410745653496697
485	31.410745653496697
486	34.816388948654364
487	34.816388948654364
488	34.816388948654364
489	34.816388948654364
490	34.816388948654364
491	34.816388948654364
492	34.816388948654364
493	34.816388948654364
494	34.816388948654364
495	31.558259748004573
496	31.558259748004573
497	31.558259748004573
498	31.558259748004573
499	31.558259748004573
500	31.558259748004573
501	31.558259748004573
502	31.558259748004573
503	31.558259748004573
504	42.321843322361254
505	42.321843322361254
506	42.321843322361254
507	42.321843322361254
508	42.321843322361254
509	42.321843322361254
510	42.321843322361254
511	42.321843322361254
512	42.321843322361254
513	43.103607412390524
514	43.103607412390524
515	43.103607412390524
516	43.103607412390524
517	43.103607412390524
518	43.103607412390524
519	43.103607412390524
520	43.103607412390524
521	43.103607412390524
522	45.303915544120564
523	45.303915544120564
524	45.303915544120564
525	45.303915544120564
526	45.303915544120564
527	45.303915544120564
528	45.303915544120564
529	45.303915544120564
530	45.303915544120564
531	41.74572349942903
532	41.74572349942903
533	41.74572349942903
534	41.74572349942903
535	41.74572349942903
536	41.74572349942903
537	41.74572349942903
538	41.74572349942903
539	41.74572349942903
540	41.15146032725495
541	41.15146032725495
542	41.15146032725495
543	41.15146032725495
544	41.15146032725495
545	41.15146032725495
546	41.15146032725495
547	41.15146032725495
548	41.15146032725495
549	34.70220144447536
550	34.70220144447536
551	34.70220144447536
552	34.70220144447536
553	34.70220144447536
554	34.70220144447536
555	34.70220144447536
556	34.70220144447536
557	34.70220144447536
558	32.51516179957956
559	32.51516179957956
560	32.51516179957956
561	32.51516179957956
562	32.51516179957956
563	32.51516179957956
564	32.51516179957956
565	32.51516179957956
566	32.51516179957956
567	36.75508287972381
568	36.75508287972381
569	36.75508287972381
570	36.75508287972381
571	36.75508287972381
572	36.75508287972381
573	36.75508287972381
574	36.75508287972381
575	36.75508287972381
576	37.23490507009636
577	37.23490507009636
578	37.23490507009636
579	37.23490507009636
580	37.23490507009636
581	37.23490507009636
582	37.23490507009636
583	37.23490507009636
584	37.23490507009636
585	48.88372537945047
586	48.88372537945047
587	48.88372537945047
588	48.88372537945047
589	48.88372537945047
590	48.88372537945047
591	48.88372537945047
592	48.88372537945047
593	48.88372537945047
594	32.33088335285311
595	32.33088335285311
596	32.33088335285311
597	32.33088335285311
598	32.33088335285311
599	32.33088335285311
600	32.33088335285311
601	32.33088335285311
602	32.33088335285311
603	29.739025216297367
604	29.739025216297367
605	29.739025216297367
606	29.739025216297367
607	29.739025216297367
608	29.739025216297367
609	29.739025216297367
610	29.739025216297367
611	29.739025216297367
612	35.269815868297094
613	35.269815868297094
614	35.269815868297094
615	35.269815868297094
616	35.269815868297094
617	35.269815868297094
618	35.269815868297094
619	35.269815868297094
620	35.269815868297094
621	41.2336389896881
622	41.2336389896881
623	41.2336389896881
624	41.2336389896881
625	41.2336389896881
626	41.2336389896881
627	41.2336389896881
628	41.2336389896881
629	41.2336389896881
630	34.01202872293622
631	34.01202872293622
632	34.01202872293622
633	34.01202872293622
634	34.01202872293622
635	34.01202872293622
636	34.01202872293622
637	34.01202872293622
638	34.01202872293622
639	33.15475562762688
640	33.15475562762688
641	33.15475562762688
642	33.15475562762688
643	33.15475562762688
644	33.15475562762688
645	33.15475562762688
646	33.15475562762688
647	33.15475562762688
648	37.07440394087516
649	37.07440394087516
650	37.07440394087516
651	37.07440394087516
652	37.07440394087516
653	37.07440394087516
654	37.07440394087516
655	37.07440394087516
656	37.07440394087516
657	33.099014681475325
658	33.099014681475325
659	33.099014681475325
660	33.099014681475325
661	33.099014681475325
662	33.099014681475325
663	33.099014681475325
664	33.099014681475325
665	33.099014681475325
666	39.33732725304299
667	39.33732725304299
668	39.33732725304299
669	39.33732725304299
670	39.33732725304299
671	39.33732725304299
672	39.33732725304299
673	39.33732725304299
674	39.33732725304299
675	33.43251927002876
676	33.43251927002876
677	33.43251927002876
678	33.43251927002876
679	33.43251927002876
680	33.43251927002876
681	33.43251927002876
682	33.43251927002876
683	33.43251927002876
684	37.486771343574404
685	37.486771343574404
686	37.486771343574404
687	37.486771343574404
688	37.486771343574404
689	37.486771343574404
690	37.486771343574404
691	37.486771343574404
692	37.486771343574404
693	36.49803573110002
694	36.49803573110002
695	36.49803573110002
696	36.49803573110002
697	36.49803573110002
698	36.49803573110002
699	36.49803573110002
700	36.49803573110002
701	36.49803573110002
702	35.44672197029285
703	35.44672197029285
704	35.44672197029285
705	35.44672197029285
706	35.44672197029285
707	35.44672197029285
708	35.44672197029285
709	35.44672197029285
710	35.44672197029285
711	38.29685000341533
712	38.29685000341533
713	38.29685000341533
714	38.29685000341533
715	38.29685000341533
716	38.29685000341533
717	38.29685000341533
718	38.29685000341533
719	38.29685000341533
720	31.81622369218987
721	31.81622369218987
722	31.81622369218987
723	31.81622369218987
724	31.81622369218987
725	31.81622369218987
726	31.81622369218987
727	31.81622369218987
728	31.81622369218987
729	41.45768352252293
730	41.45768352252293
731	41.45768352252293
732	41.45768352252293
733	41.45768352252293
734	41.45768352252293
735	41.45768352252293
736	41.45768352252293
737	41.45768352252293
738	43.92048730017362
739	43.92048730017362
740	43.92048730017362
741	43.92048730017362
742	43.92048730017362
743	43.92048730017362
744	43.92048730017362
745	43.92048730017362
746	43.92048730017362
747	43.03243351495518
748	43.03243351495518
749	43.03243351495518
750	43.03243351495518
751	43.03243351495518
752	43.03243351495518
753	43.03243351495518
754	43.03243351495518
755	43.03243351495518
756	38.48561069534792
757	38.48561069534792
758	38.48561069534792
759	38.48561069534792
760	38.48561069534792
761	38.48561069534792
762	38.48561069534792
763	38.48561069534792
764	38.48561069534792
765	35.362288002512564
766	35.362288002512564
767	35.362288002512564
768	38.57521299272424
769	38.57521299272424
770	38.57521299272424
771	38.57521299272424
772	38.57521299272424
773	38.57521299272424
774	38.57521299272424
775	38.57521299272424
776	38.57521299272424
777	35.58041199228556
778	35.58041199228556
779	35.58041199228556
780	35.58041199228556
781	35.58041199228556
782	35.58041199228556
783	35.58041199228556
784	35.58041199228556
785	35.58041199228556
786	48.37611642629672
787	48.37611642629672
788	48.37611642629672
789	48.37611642629672
790	48.37611642629672
791	48.37611642629672
792	48.37611642629672
793	48.37611642629672
794	48.37611642629672
795	55.40840833033256
796	55.40840833033256
797	55.40840833033256
798	55.40840833033256
799	55.40840833033256
800	55.40840833033256
801	55.40840833033256
802	55.40840833033256
803	55.40840833033256
804	42.812174494619406
805	42.812174494619406
806	42.812174494619406
807	42.812174494619406
808	42.812174494619406
809	42.812174494619406
810	42.812174494619406
811	42.812174494619406
812	42.812174494619406
813	38.11119170250222
814	38.11119170250222
815	38.11119170250222
816	38.11119170250222
817	38.11119170250222
818	38.11119170250222
819	38.11119170250222
820	38.11119170250222
821	38.11119170250222
822	27.128659916989776
823	27.128659916989776
824	27.128659916989776
825	27.128659916989776
826	27.128659916989776
827	27.128659916989776
828	27.128659916989776
829	27.128659916989776
830	27.128659916989776
831	38.02270521442408
832	38.02270521442408
833	38.02270521442408
834	38.02270521442408
835	38.02270521442408
836	38.02270521442408
837	38.02270521442408
838	38.02270521442408
839	38.02270521442408
840	49.83067069072965
841	49.83067069072965
842	49.83067069072965
843	49.83067069072965
844	49.83067069072965
845	49.83067069072965
846	49.83067069072965
847	49.83067069072965
848	49.83067069072965
849	25.177008924193686
850	25.177008924193686
851	25.177008924193686
852	25.177008924193686
853	25.177008924193686
854	25.177008924193686
855	25.177008924193686
856	25.177008924193686
857	25.177008924193686
858	41.435705948941816
859	41.435705948941816
860	41.435705948941816
861	41.435705948941816
862	41.435705948941816
863	41.435705948941816
864	41.435705948941816
865	41.435705948941816
866	41.435705948941816
867	36.14837251715126
868	36.14837251715126
869	36.14837251715126
870	36.14837251715126
871	36.14837251715126
872	36.14837251715126
873	36.14837251715126
874	36.14837251715126
875	36.14837251715126
876	31.413685819746636
877	31.413685819746636
878	31.413685819746636
879	31.413685819746636
880	31.413685819746636
881	31.413685819746636
882	31.413685819746636
883	31.413685819746636
884	31.413685819746636
885	40.0775033801873
886	40.0775033801873
887	40.0775033801873
888	40.0775033801873
889	40.0775033801873
890	40.0775033801873
891	40.0775033801873
892	40.0775033801873
893	40.0775033801873
894	41.37310567585808
895	41.37310567585808
896	41.37310567585808
897	41.37310567585808
898	41.37310567585808
899	41.37310567585808
900	41.37310567585808
901	41.37310567585808
902	41.37310567585808
903	50.99710729516592
904	50.99710729516592
905	50.99710729516592
906	50.99710729516592
907	50.99710729516592
908	50.99710729516592
909	50.99710729516592
910	50.99710729516592
911	50.99710729516592
912	42.69115273462035
913	42.69115273462035
914	42.69115273462035
915	42.69115273462035
916	42.69115273462035
917	42.69115273462035
918	42.69115273462035
919	42.69115273462035
920	42.69115273462035
921	22.658189433805827
922	22.658189433805827
923	22.658189433805827
924	22.658189433805827
925	22.658189433805827
926	22.658189433805827
927	22.658189433805827
928	22.658189433805827
929	41.11279799768652
930	41.11279799768652
931	41.11279799768652
932	41.11279799768652
933	41.11279799768652
934	41.11279799768652
935	41.11279799768652
936	41.11279799768652
937	41.11279799768652
938	36.083594563100746
939	36.083594563100746
940	36.083594563100746
941	36.083594563100746
942	36.083594563100746
943	36.083594563100746
944	36.083594563100746
945	36.083594563100746
946	36.083594563100746
947	32.70286344155674
948	32.70286344155674
949	32.70286344155674
950	32.70286344155674
951	32.70286344155674
952	32.70286344155674
953	32.70286344155674
954	32.70286344155674
955	32.70286344155674
956	41.55015169540535
957	41.55015169540535
958	41.55015169540535
959	41.55015169540535
960	41.55015169540535
961	41.55015169540535
962	41.55015169540535
963	41.55015169540535
964	41.55015169540535
965	35.950159942200884
966	35.950159942200884
967	35.950159942200884
968	35.950159942200884
969	35.950159942200884
970	35.950159942200884
971	35.950159942200884
972	35.950159942200884
973	35.950159942200884
974	39.08439994728796
975	39.08439994728796
976	39.08439994728796
977	39.08439994728796
978	39.08439994728796
979	39.08439994728796
980	39.08439994728796
981	39.08439994728796
982	39.08439994728796
983	26.826278207204368
984	26.826278207204368
985	26.826278207204368
986	26.826278207204368
987	26.826278207204368
988	26.826278207204368
989	26.826278207204368
990	26.826278207204368
991	26.826278207204368
992	45.0199976607011
993	45.0199976607011
994	45.0199976607011
995	45.0199976607011
996	45.0199976607011
997	45.0199976607011
998	45.0199976607011
999	45.0199976607011
1000	45.0199976607011
1001	47.53184879883445
1002	47.53184879883445
1003	47.53184879883445
1004	47.53184879883445
1005	47.53184879883445
1006	47.53184879883445
1007	47.53184879883445
1008	47.53184879883445
1009	47.53184879883445
1010	30.683510077332436
1011	30.683510077332436
1012	30.683510077332436
1013	30.683510077332436
1014	30.683510077332436
1015	30.683510077332436
1016	30.683510077332436
1017	30.683510077332436
1018	30.683510077332436
1019	27.60472310027532
1020	27.60472310027532
1021	27.60472310027532
1022	27.60472310027532
1023	27.60472310027532
1024	27.60472310027532
1025	27.60472310027532
1026	27.60472310027532
1027	27.60472310027532
1028	41.822945272317895
1029	41.822945272317895
1030	41.822945272317895
1031	41.822945272317895
1032	41.822945272317895
1033	41.822945272317895
1034	41.822945272317895
1035	41.822945272317895
1036	41.822945272317895
1037	38.10874162193363
1038	38.10874162193363
1039	38.10874162193363
1040	38.10874162193363
1041	38.10874162193363
1042	38.10874162193363
1043	38.10874162193363
1044	38.10874162193363
1045	38.10874162193363
1046	40.51197848251038
1047	40.51197848251038
1048	40.51197848251038
1049	40.51197848251038
1050	40.51197848251038
1051	40.51197848251038
1052	40.51197848251038
1053	40.51197848251038
1054	40.51197848251038
1055	35.856825881766646
1056	35.856825881766646
1057	35.856825881766646
1058	35.856825881766646
1059	35.856825881766646
1060	35.856825881766646
1061	35.856825881766646
1062	35.856825881766646
1063	35.856825881766646
1064	40.97994558211646
1065	40.97994558211646
1066	40.97994558211646
1067	40.97994558211646
1068	40.97994558211646
1069	40.97994558211646
1070	40.97994558211646
1071	40.97994558211646
1072	40.97994558211646
1073	30.65578987321226
1074	30.65578987321226
1075	30.65578987321226
1076	30.65578987321226
1077	30.65578987321226
1078	30.65578987321226
1079	30.65578987321226
1080	30.65578987321226
1081	30.65578987321226
1082	49.21883686063181
1083	49.21883686063181
1084	49.21883686063181
1085	49.21883686063181
1086	49.21883686063181
1087	49.21883686063181
1088	49.21883686063181
1089	49.21883686063181
1090	49.21883686063181
1091	32.8504819936775
1092	32.8504819936775
1093	32.8504819936775
1094	32.8504819936775
1095	32.8504819936775
1096	32.8504819936775
1097	32.8504819936775
1098	32.8504819936775
1099	32.8504819936775
1100	35.028642563640894
1101	35.028642563640894
1102	35.028642563640894
1103	35.028642563640894
1104	35.028642563640894
1105	35.028642563640894
1106	35.028642563640894
1107	35.028642563640894
1108	35.028642563640894
1109	36.078405763816505
1110	36.078405763816505
1111	36.078405763816505
1112	36.078405763816505
1113	36.078405763816505
1114	36.078405763816505
1115	36.078405763816505
1116	36.078405763816505
1117	36.078405763816505
1118	39.50097329382312
1119	39.50097329382312
1120	39.50097329382312
1121	39.50097329382312
1122	39.50097329382312
1123	39.50097329382312
1124	39.50097329382312
1125	39.50097329382312
1126	39.50097329382312
1127	30.40033787770578
1128	30.40033787770578
1129	30.40033787770578
1130	30.40033787770578
1131	30.40033787770578
1132	30.40033787770578
1133	30.40033787770578
1134	30.40033787770578
1135	30.40033787770578
1136	29.803345854384094
1137	29.803345854384094
1138	29.803345854384094
1139	29.803345854384094
1140	29.803345854384094
1141	29.803345854384094
1142	29.803345854384094
1143	29.803345854384094
1144	29.803345854384094
1145	34.3338938114047
1146	34.3338938114047
1147	34.3338938114047
1148	34.3338938114047
1149	34.3338938114047
1150	34.3338938114047
1151	34.3338938114047
1152	34.3338938114047
1153	34.3338938114047
1154	36.412619661413814
1155	36.412619661413814
1156	36.412619661413814
1157	36.412619661413814
1158	36.412619661413814
1159	36.412619661413814
1160	36.412619661413814
1161	36.412619661413814
1162	36.412619661413814
1163	38.40540408176565
1164	38.40540408176565
1165	38.40540408176565
1166	38.40540408176565
1167	38.40540408176565
1168	38.40540408176565
1169	38.40540408176565
1170	38.40540408176565
1171	38.40540408176565
1172	28.43364664419233
1173	28.43364664419233
1174	28.43364664419233
1175	28.43364664419233
1176	28.43364664419233
1177	28.43364664419233
1178	28.43364664419233
1179	28.43364664419233
1180	28.43364664419233
1181	42.97194021184913
1182	42.97194021184913
1183	42.97194021184913
1184	42.97194021184913
1185	42.97194021184913
1186	42.97194021184913
1187	42.97194021184913
1188	42.97194021184913
1189	42.97194021184913
1190	33.04379863451159
1191	33.04379863451159
1192	33.04379863451159
1193	33.04379863451159
1194	33.04379863451159
1195	33.04379863451159
1196	33.04379863451159
1197	33.04379863451159
1198	33.04379863451159
1199	39.99469108148269
1200	39.99469108148269
1201	39.99469108148269
1202	39.99469108148269
1203	39.99469108148269
1204	39.99469108148269
1205	39.99469108148269
1206	39.99469108148269
1207	39.99469108148269
1208	20.119887986358336
1209	20.119887986358336
1210	20.119887986358336
1211	20.119887986358336
1212	20.119887986358336
1213	20.119887986358336
1214	20.119887986358336
1215	20.119887986358336
1216	20.119887986358336
1217	26.986126503402424
1218	26.986126503402424
1219	26.986126503402424
1220	26.986126503402424
1221	26.986126503402424
1222	26.986126503402424
1223	26.986126503402424
1224	26.986126503402424
1225	26.986126503402424
1226	27.247325033926533
1227	27.247325033926533
1228	27.247325033926533
1229	27.247325033926533
1230	27.247325033926533
1231	27.247325033926533
1232	27.247325033926533
1233	27.247325033926533
1234	27.247325033926533
1235	35.72608394063178
1236	35.72608394063178
1237	35.72608394063178
1238	35.72608394063178
1239	35.72608394063178
1240	35.72608394063178
1241	35.72608394063178
1242	35.72608394063178
1243	35.72608394063178
1244	29.70181679572334
1245	29.70181679572334
1246	29.70181679572334
1247	29.70181679572334
1248	29.70181679572334
1249	29.70181679572334
1250	29.70181679572334
1251	29.70181679572334
1252	29.70181679572334
1253	41.482429621290734
1254	41.482429621290734
1255	41.482429621290734
1256	41.482429621290734
1257	41.482429621290734
1258	41.482429621290734
1259	41.482429621290734
1260	41.482429621290734
1261	41.482429621290734
1262	40.26084638375514
1263	40.26084638375514
1264	40.26084638375514
1265	40.26084638375514
1266	40.26084638375514
1267	40.26084638375514
1268	40.26084638375514
1269	40.26084638375514
1270	40.26084638375514
1271	35.575193569414836
1272	35.575193569414836
1273	35.575193569414836
1274	35.575193569414836
1275	35.575193569414836
1276	35.575193569414836
1277	35.575193569414836
1278	35.575193569414836
1279	35.575193569414836
1280	29.23395043715056
1281	29.23395043715056
1282	29.23395043715056
1283	29.23395043715056
1284	29.23395043715056
1285	29.23395043715056
1286	29.23395043715056
1287	29.23395043715056
1288	29.23395043715056
1289	36.260406641276745
1290	36.260406641276745
1291	36.260406641276745
1292	36.260406641276745
1293	36.260406641276745
1294	36.260406641276745
1295	36.260406641276745
1296	36.260406641276745
1297	36.260406641276745
1298	34.96576284497585
1299	34.96576284497585
1300	34.96576284497585
1301	34.96576284497585
1302	34.96576284497585
1303	34.96576284497585
1304	34.96576284497585
1305	34.96576284497585
1306	34.96576284497585
1307	29.496169474224068
1308	29.496169474224068
1309	29.496169474224068
1310	29.496169474224068
1311	29.496169474224068
1312	29.496169474224068
1313	29.496169474224068
1314	29.496169474224068
1315	29.496169474224068
1316	24.640914998541312
1317	24.640914998541312
1318	24.640914998541312
1319	24.640914998541312
1320	24.640914998541312
1321	24.640914998541312
1322	24.640914998541312
1323	24.640914998541312
1324	24.640914998541312
1325	32.43749994321924
1326	32.43749994321924
1327	32.43749994321924
1328	32.43749994321924
1329	32.43749994321924
1330	32.43749994321924
1331	32.43749994321924
1332	32.43749994321924
1333	32.43749994321924
1334	34.085063015190684
1335	34.085063015190684
1336	34.085063015190684
1337	34.085063015190684
1338	34.085063015190684
1339	34.085063015190684
1340	34.085063015190684
1341	34.085063015190684
1342	34.085063015190684
1343	39.41682986975943
1344	39.41682986975943
1345	39.41682986975943
1346	39.41682986975943
1347	39.41682986975943
1348	39.41682986975943
1349	39.41682986975943
1350	39.41682986975943
1351	39.41682986975943
1352	30.319228726123384
1353	30.319228726123384
1354	30.319228726123384
1355	30.319228726123384
1356	30.319228726123384
1357	30.319228726123384
1358	30.319228726123384
1359	30.319228726123384
1360	30.319228726123384
1361	44.42187307539412
1362	44.42187307539412
1363	44.42187307539412
1364	44.42187307539412
1365	44.42187307539412
1366	44.42187307539412
1367	44.42187307539412
1368	44.42187307539412
1369	44.42187307539412
1370	42.356898082450485
1371	42.356898082450485
1372	42.356898082450485
1373	42.356898082450485
1374	42.356898082450485
1375	42.356898082450485
1376	42.356898082450485
1377	42.356898082450485
1378	42.356898082450485
1379	35.95856285607935
1380	35.95856285607935
1381	35.95856285607935
1382	35.95856285607935
1383	35.95856285607935
1384	35.95856285607935
1385	35.95856285607935
1386	35.95856285607935
1387	35.95856285607935
1388	33.40631292500437
1389	33.40631292500437
1390	33.40631292500437
1391	33.40631292500437
1392	33.40631292500437
1393	33.40631292500437
1394	33.40631292500437
1395	33.40631292500437
1396	33.40631292500437
1397	33.329572038204894
1398	33.329572038204894
1399	33.329572038204894
1400	33.329572038204894
1401	33.329572038204894
1402	33.329572038204894
1403	33.329572038204894
1404	33.329572038204894
1405	33.329572038204894
1406	33.312104918840824
1407	33.312104918840824
1408	33.312104918840824
1409	33.312104918840824
1410	33.312104918840824
1411	33.312104918840824
1412	33.312104918840824
1413	33.312104918840824
1414	33.312104918840824
1415	21.63271203578277
1416	21.63271203578277
1417	21.63271203578277
1418	21.63271203578277
1419	21.63271203578277
1420	21.63271203578277
1421	21.63271203578277
1422	21.63271203578277
1423	21.63271203578277
1424	41.722016123967094
1425	41.722016123967094
1426	41.722016123967094
1427	41.722016123967094
1428	41.722016123967094
1429	41.722016123967094
1430	41.722016123967094
1431	41.722016123967094
1432	41.722016123967094
1433	31.19264011100004
1434	31.19264011100004
1435	31.19264011100004
1436	31.19264011100004
1437	31.19264011100004
1438	31.19264011100004
1439	31.19264011100004
1440	31.19264011100004
1441	31.19264011100004
1442	39.18796433010137
1443	39.18796433010137
1444	39.18796433010137
1445	39.18796433010137
1446	39.18796433010137
1447	39.18796433010137
1448	39.18796433010137
1449	39.18796433010137
1450	39.18796433010137
1451	25.12079589339508
1452	25.12079589339508
1453	25.12079589339508
1454	25.12079589339508
1455	25.12079589339508
1456	25.12079589339508
1457	25.12079589339508
1458	25.12079589339508
1459	25.12079589339508
1460	38.78848934933837
1461	38.78848934933837
1462	38.78848934933837
1463	38.78848934933837
1464	38.78848934933837
1465	38.78848934933837
1466	38.78848934933837
1467	38.78848934933837
1468	38.78848934933837
1469	33.897935742254106
1470	33.897935742254106
1471	33.897935742254106
1472	33.897935742254106
1473	33.897935742254106
1474	33.897935742254106
1475	33.897935742254106
1476	33.897935742254106
1477	33.897935742254106
1478	41.59530450211992
1479	41.59530450211992
1480	41.59530450211992
1481	41.59530450211992
1482	41.59530450211992
1483	41.59530450211992
1484	41.59530450211992
1485	41.59530450211992
1486	41.59530450211992
1487	33.96888938713086
1488	33.96888938713086
1489	33.96888938713086
1490	33.96888938713086
1491	33.96888938713086
1492	33.96888938713086
1493	33.96888938713086
1494	33.96888938713086
1495	33.96888938713086
1496	48.805379511800666
1497	48.805379511800666
1498	48.805379511800666
1499	48.805379511800666
1500	48.805379511800666
1501	48.805379511800666
1502	48.805379511800666
1503	48.805379511800666
1504	48.805379511800666
1505	43.39224459770041
1506	43.39224459770041
1507	43.39224459770041
1508	43.39224459770041
1509	43.39224459770041
1510	43.39224459770041
1511	43.39224459770041
1512	43.39224459770041
1513	43.39224459770041
1514	37.71426071142446
1515	37.71426071142446
1516	37.71426071142446
1517	37.71426071142446
1518	37.71426071142446
1519	37.71426071142446
1520	37.71426071142446
1521	37.71426071142446
1522	37.71426071142446
1523	33.653331768914235
1524	33.653331768914235
1525	33.653331768914235
1526	33.653331768914235
1527	33.653331768914235
1528	33.653331768914235
1529	33.653331768914235
1530	33.653331768914235
1531	33.653331768914235
1532	41.88231144434346
1533	41.88231144434346
1534	41.88231144434346
1535	41.88231144434346
1536	41.88231144434346
1537	41.88231144434346
1538	41.88231144434346
1539	41.88231144434346
1540	41.88231144434346
1541	36.215342492661485
1542	36.215342492661485
1543	36.215342492661485
1544	36.215342492661485
1545	36.215342492661485
1546	36.215342492661485
1547	36.215342492661485
1548	36.215342492661485
1549	36.215342492661485
1550	38.40896926528219
1551	38.40896926528219
1552	38.40896926528219
1553	38.40896926528219
1554	38.40896926528219
1555	38.40896926528219
1556	38.40896926528219
1557	38.40896926528219
1558	38.40896926528219
1559	28.351342166087786
1560	28.351342166087786
1561	28.351342166087786
1562	28.351342166087786
1563	28.351342166087786
1564	28.351342166087786
1565	28.351342166087786
1566	28.351342166087786
1567	28.351342166087786
1568	43.78460754684641
1569	43.78460754684641
1570	43.78460754684641
1571	43.78460754684641
1572	43.78460754684641
1573	43.78460754684641
1574	43.78460754684641
1575	43.78460754684641
1576	43.78460754684641
1577	36.885244108935346
1578	36.885244108935346
1579	36.885244108935346
1580	36.885244108935346
1581	36.885244108935346
1582	36.885244108935346
1583	36.885244108935346
1584	36.885244108935346
1585	36.885244108935346
1586	23.811269596681885
1587	23.811269596681885
1588	23.811269596681885
1589	34.0130164949833
1590	34.0130164949833
1591	34.0130164949833
1592	34.0130164949833
1593	34.0130164949833
1594	34.0130164949833
1595	34.0130164949833
1596	34.0130164949833
1597	34.0130164949833
1598	50.261163111285335
1599	50.261163111285335
1600	50.261163111285335
1601	50.261163111285335
1602	50.261163111285335
1603	50.261163111285335
1604	50.261163111285335
1605	50.261163111285335
1606	50.261163111285335
1607	34.00312669788488
1608	34.00312669788488
1609	34.00312669788488
1610	34.00312669788488
1611	34.00312669788488
1612	34.00312669788488
1613	34.00312669788488
1614	34.00312669788488
1615	34.00312669788488
1616	37.80455937253377
1617	37.80455937253377
1618	37.80455937253377
1619	37.80455937253377
1620	37.80455937253377
1621	37.80455937253377
1622	37.80455937253377
1623	37.80455937253377
1624	37.80455937253377
1625	33.449083828110595
1626	33.449083828110595
1627	33.449083828110595
1628	33.449083828110595
1629	33.449083828110595
1630	33.449083828110595
1631	33.449083828110595
1632	33.449083828110595
1633	33.449083828110595
1634	27.64913659173046
1635	27.64913659173046
1636	27.64913659173046
1637	27.64913659173046
1638	27.64913659173046
1639	27.64913659173046
1640	27.64913659173046
1641	27.64913659173046
1642	27.64913659173046
1643	26.00504932401961
1644	26.00504932401961
1645	26.00504932401961
1646	26.00504932401961
1647	26.00504932401961
1648	26.00504932401961
1649	26.00504932401961
1650	26.00504932401961
1651	26.00504932401961
1652	43.7561889851229
1653	43.7561889851229
1654	43.7561889851229
1655	43.7561889851229
1656	43.7561889851229
1657	43.7561889851229
1658	43.7561889851229
1659	43.7561889851229
1660	43.7561889851229
1661	43.26558365939728
1662	43.26558365939728
1663	43.26558365939728
1664	43.26558365939728
1665	43.26558365939728
1666	43.26558365939728
1667	43.26558365939728
1668	43.26558365939728
1669	43.26558365939728
1670	28.42416322548907
1671	28.42416322548907
1672	28.42416322548907
1673	28.42416322548907
1674	28.42416322548907
1675	28.42416322548907
1676	28.42416322548907
1677	28.42416322548907
1678	28.42416322548907
1679	28.852981322832946
1680	28.852981322832946
1681	28.852981322832946
1682	28.852981322832946
1683	28.852981322832946
1684	28.852981322832946
1685	28.852981322832946
1686	28.852981322832946
1687	28.852981322832946
1688	51.333285616216116
1689	51.333285616216116
1690	51.333285616216116
1691	51.333285616216116
1692	51.333285616216116
1693	51.333285616216116
1694	51.333285616216116
1695	51.333285616216116
1696	51.333285616216116
1697	47.10431156751575
1698	47.10431156751575
1699	47.10431156751575
1700	47.10431156751575
1701	47.10431156751575
1702	47.10431156751575
1703	47.10431156751575
1704	47.10431156751575
1705	47.10431156751575
1706	37.50967114709895
1707	37.50967114709895
1708	37.50967114709895
1709	37.50967114709895
1710	37.50967114709895
1711	37.50967114709895
1712	37.50967114709895
1713	37.50967114709895
1714	37.50967114709895
1715	28.133332701334638
1716	28.133332701334638
1717	28.133332701334638
1718	28.133332701334638
1719	28.133332701334638
1720	28.133332701334638
1721	28.133332701334638
1722	28.133332701334638
1723	28.133332701334638
1724	43.55124783157116
1725	43.55124783157116
1726	43.55124783157116
1727	43.55124783157116
1728	43.55124783157116
1729	43.55124783157116
1730	43.55124783157116
1731	43.55124783157116
1732	43.55124783157116
1733	41.96247843484366
1734	41.96247843484366
1735	41.96247843484366
1736	41.96247843484366
1737	41.96247843484366
1738	41.96247843484366
1739	41.96247843484366
1740	41.96247843484366
1741	41.96247843484366
1742	43.455980732946756
1743	43.455980732946756
1744	43.455980732946756
1745	43.455980732946756
1746	43.455980732946756
1747	43.455980732946756
1748	43.455980732946756
1749	43.455980732946756
1750	43.455980732946756
1751	25.862558908984482
1752	25.862558908984482
1753	25.862558908984482
1754	25.862558908984482
1755	25.862558908984482
1756	25.862558908984482
1757	25.862558908984482
1758	25.862558908984482
1759	25.862558908984482
1760	28.34416545993112
1761	28.34416545993112
1762	28.34416545993112
1763	28.34416545993112
1764	28.34416545993112
1765	28.34416545993112
1766	28.34416545993112
1767	28.34416545993112
1768	28.34416545993112
1769	39.619000590385895
1770	39.619000590385895
1771	39.619000590385895
1772	39.619000590385895
1773	39.619000590385895
1774	39.619000590385895
1775	39.619000590385895
1776	39.619000590385895
1777	39.619000590385895
1778	41.51296137353831
1779	41.51296137353831
1780	41.51296137353831
1781	41.51296137353831
1782	41.51296137353831
1783	41.51296137353831
1784	41.51296137353831
1785	41.51296137353831
1786	41.51296137353831
1787	26.855787436500474
1788	26.855787436500474
1789	26.855787436500474
1790	26.855787436500474
1791	26.855787436500474
1792	26.855787436500474
1793	26.855787436500474
1794	26.855787436500474
1795	26.855787436500474
1796	33.55963386608881
1797	33.55963386608881
1798	33.55963386608881
1799	33.55963386608881
1800	33.55963386608881
1801	33.55963386608881
1802	33.55963386608881
1803	33.55963386608881
1804	33.55963386608881
1805	42.24594366743221
1806	42.24594366743221
1807	42.24594366743221
1808	42.24594366743221
1809	42.24594366743221
1810	42.24594366743221
1811	42.24594366743221
1812	42.24594366743221
1813	42.24594366743221
1814	49.7351384326549
1815	49.7351384326549
1816	49.7351384326549
1817	49.7351384326549
1818	49.7351384326549
1819	49.7351384326549
1820	49.7351384326549
1821	49.7351384326549
1822	49.7351384326549
1823	21.3387453930632
1824	21.3387453930632
1825	21.3387453930632
1826	21.3387453930632
1827	21.3387453930632
1828	21.3387453930632
1829	21.3387453930632
1830	21.3387453930632
1831	21.3387453930632
1832	33.244901868180754
1833	33.244901868180754
1834	33.244901868180754
1835	33.244901868180754
1836	33.244901868180754
1837	33.244901868180754
1838	33.244901868180754
1839	33.244901868180754
1840	33.244901868180754
1841	35.65928813028371
1842	35.65928813028371
1843	35.65928813028371
1844	35.65928813028371
1845	35.65928813028371
1846	35.65928813028371
1847	35.65928813028371
1848	35.65928813028371
1849	35.65928813028371
1850	35.220596786801394
1851	35.220596786801394
1852	35.220596786801394
1853	35.220596786801394
1854	35.220596786801394
1855	35.220596786801394
1856	35.220596786801394
1857	35.220596786801394
1858	35.220596786801394
1859	34.97725003006232
1860	34.97725003006232
1861	34.97725003006232
1862	34.97725003006232
1863	34.97725003006232
1864	34.97725003006232
1865	34.97725003006232
1866	34.97725003006232
1867	34.97725003006232
1868	31.35305009659452
1869	31.35305009659452
1870	31.35305009659452
1871	31.35305009659452
1872	31.35305009659452
1873	31.35305009659452
1874	31.35305009659452
1875	31.35305009659452
1876	31.35305009659452
1877	34.30316692630029
1878	34.30316692630029
1879	34.30316692630029
1880	34.30316692630029
1881	34.30316692630029
1882	34.30316692630029
1883	34.30316692630029
1884	34.30316692630029
1885	34.30316692630029
1886	33.24164251619474
1887	33.24164251619474
1888	33.24164251619474
1889	33.24164251619474
1890	33.24164251619474
1891	33.24164251619474
1892	33.24164251619474
1893	33.24164251619474
1894	33.24164251619474
1895	37.09611273728998
1896	37.09611273728998
1897	37.09611273728998
1898	37.09611273728998
1899	37.09611273728998
1900	37.09611273728998
1901	37.09611273728998
1902	37.09611273728998
1903	37.09611273728998
1904	27.715816383939575
1905	27.715816383939575
1906	27.715816383939575
1907	27.715816383939575
1908	27.715816383939575
1909	27.715816383939575
1910	27.715816383939575
1911	27.715816383939575
1912	27.715816383939575
1913	32.98355845444621
1914	32.98355845444621
1915	32.98355845444621
1916	32.98355845444621
1917	32.98355845444621
1918	32.98355845444621
1919	32.98355845444621
1920	32.98355845444621
1921	32.98355845444621
1922	46.969880891108374
1923	46.969880891108374
1924	46.969880891108374
1925	46.969880891108374
1926	46.969880891108374
1927	46.969880891108374
1928	46.969880891108374
1929	46.969880891108374
1930	46.969880891108374
1931	36.948983543773224
1932	36.948983543773224
1933	36.948983543773224
1934	36.948983543773224
1935	36.948983543773224
1936	36.948983543773224
1937	36.948983543773224
1938	36.948983543773224
1939	36.948983543773224
1940	35.70085443553825
1941	35.70085443553825
1942	35.70085443553825
1943	47.93021775265388
1944	47.93021775265388
1945	47.93021775265388
1946	47.93021775265388
1947	47.93021775265388
1948	47.93021775265388
1949	47.93021775265388
1950	47.93021775265388
1951	47.93021775265388
1952	41.36994373133389
1953	41.36994373133389
1954	41.36994373133389
1955	41.36994373133389
1956	41.36994373133389
1957	41.36994373133389
1958	41.36994373133389
1959	41.36994373133389
1960	41.36994373133389
