0	88.25458048486057
1	88.25458048486057
2	88.25458048486057
3	88.25458048486057
4	92.49851988884686
5	92.49851988884686
6	92.49851988884686
7	92.49851988884686
8	75.8780541495568
9	75.8780541495568
10	75.8780541495568
11	75.8780541495568
12	94.56206098894084
13	94.56206098894084
14	94.56206098894084
15	94.56206098894084
16	77.4051650710694
17	77.4051650710694
18	77.4051650710694
19	77.4051650710694
20	79.47933739890146
21	79.47933739890146
22	79.47933739890146
23	79.47933739890146
24	84.01609815005516
25	84.01609815005516
26	84.01609815005516
27	84.01609815005516
28	81.22404860707977
29	81.22404860707977
30	81.22404860707977
31	81.22404860707977
32	84.92483402943685
33	84.92483402943685
34	84.92483402943685
35	84.92483402943685
36	93.10085781589575
37	93.10085781589575
38	93.10085781589575
39	93.10085781589575
40	85.79138194721564
41	85.79138194721564
42	85.79138194721564
43	85.79138194721564
44	85.20349132074647
45	85.20349132074647
46	85.20349132074647
47	85.20349132074647
48	86.83009288299044
49	86.83009288299044
50	86.83009288299044
51	86.83009288299044
52	86.15533758859192
53	86.15533758859192
54	86.15533758859192
55	86.15533758859192
56	84.92433931257361
57	84.92433931257361
58	84.92433931257361
59	84.92433931257361
60	84.09604484428864
61	84.09604484428864
62	84.09604484428864
63	84.09604484428864
64	85.9970519379187
65	85.9970519379187
66	85.9970519379187
67	85.9970519379187
68	82.15763299703013
69	82.15763299703013
70	82.15763299703013
71	82.15763299703013
72	89.21118159664408
73	89.21118159664408
74	89.21118159664408
75	89.21118159664408
76	89.71697363498932
77	89.71697363498932
78	89.71697363498932
79	89.71697363498932
80	84.18023670983231
81	84.18023670983231
82	84.18023670983231
83	84.18023670983231
84	90.19600822324577
85	90.19600822324577
86	90.19600822324577
87	90.19600822324577
88	82.67283087609508
89	82.67283087609508
90	82.67283087609508
91	82.67283087609508
92	87.4193268132289
93	87.4193268132289
94	87.4193268132289
95	87.4193268132289
96	86.42991168634728
97	86.42991168634728
98	86.42991168634728
99	86.42991168634728
100	80.1348264102086
101	80.1348264102086
102	80.1348264102086
103	80.1348264102086
104	84.41907999521052
105	84.41907999521052
106	84.41907999521052
107	84.41907999521052
108	84.04726140421748
109	84.04726140421748
110	84.04726140421748
111	84.04726140421748
112	86.08525381289414
113	86.08525381289414
114	86.08525381289414
115	86.08525381289414
116	84.647518743752
117	84.647518743752
118	84.647518743752
119	84.647518743752
120	85.42566234676596
121	85.42566234676596
122	85.42566234676596
123	85.42566234676596
124	92.32012444045854
125	92.32012444045854
126	92.32012444045854
127	92.32012444045854
128	89.45893989252866
129	89.45893989252866
130	89.45893989252866
131	89.45893989252866
132	82.78467607580474
133	82.78467607580474
134	82.78467607580474
135	82.78467607580474
136	84.63890406047493
137	84.63890406047493
138	84.63890406047493
139	84.63890406047493
140	76.29014894313659
141	76.29014894313659
142	76.29014894313659
143	76.29014894313659
144	85.41135191061818
145	85.41135191061818
146	85.41135191061818
147	85.41135191061818
148	75.35486496836975
149	75.35486496836975
150	75.35486496836975
151	75.35486496836975
152	83.04026732249255
153	83.04026732249255
154	83.04026732249255
155	83.04026732249255
156	76.19517763739303
157	76.19517763739303
158	76.19517763739303
159	76.19517763739303
160	90.23354232837289
161	90.23354232837289
162	90.23354232837289
163	90.23354232837289
164	86.56003067024105
165	86.56003067024105
166	86.56003067024105
167	86.56003067024105
168	88.2680965286827
169	88.2680965286827
170	88.2680965286827
171	88.2680965286827
172	90.79744294029976
173	90.79744294029976
174	90.79744294029976
175	90.79744294029976
176	86.18751147159915
177	86.18751147159915
178	86.18751147159915
179	86.18751147159915
180	89.78898753435129
181	89.78898753435129
182	89.78898753435129
183	89.78898753435129
184	85.9869069633272
185	85.9869069633272
186	85.9869069633272
187	85.9869069633272
188	83.16548723228286
189	83.16548723228286
190	83.16548723228286
191	83.16548723228286
192	69.00537387766408
193	69.00537387766408
194	69.00537387766408
195	69.00537387766408
196	84.32286932540684
197	84.32286932540684
198	84.32286932540684
199	84.32286932540684
200	73.34185600071234
201	73.34185600071234
202	73.34185600071234
203	73.34185600071234
204	81.46650442326505
205	81.46650442326505
206	81.46650442326505
207	81.46650442326505
208	87.8234124752804
209	87.8234124752804
210	87.8234124752804
211	87.8234124752804
212	91.13647316994731
213	91.13647316994731
214	91.13647316994731
215	91.13647316994731
216	88.08884090624498
217	88.08884090624498
218	88.08884090624498
219	88.08884090624498
220	89.991954395555
221	89.991954395555
222	89.991954395555
223	89.991954395555
224	83.18171630241214
225	83.18171630241214
226	83.18171630241214
227	83.18171630241214
228	84.87955664325878
229	84.87955664325878
230	84.87955664325878
231	84.87955664325878
232	82.06091089163542
233	82.06091089163542
234	82.06091089163542
235	82.06091089163542
236	95.47258882699487
237	95.47258882699487
238	95.47258882699487
239	95.47258882699487
240	76.296492216083
241	76.296492216083
242	76.296492216083
243	76.296492216083
244	85.33246809021169
245	85.33246809021169
246	85.33246809021169
247	85.33246809021169
248	84.12069589292284
249	84.12069589292284
250	84.12069589292284
251	84.12069589292284
252	84.48423203435799
253	84.48423203435799
254	84.48423203435799
255	84.48423203435799
256	86.50115600655197
257	86.50115600655197
258	86.50115600655197
259	86.50115600655197
260	83.89252075126758
261	83.89252075126758
262	83.89252075126758
263	83.89252075126758
264	82.8071169974624
265	82.8071169974624
266	82.8071169974624
267	82.8071169974624
268	85.45942254912755
269	85.45942254912755
270	85.45942254912755
271	85.45942254912755
272	92.79810293448463
273	92.79810293448463
274	92.79810293448463
275	92.79810293448463
276	83.84998141628073
277	83.84998141628073
278	83.84998141628073
279	83.84998141628073
280	83.21024235144552
281	83.21024235144552
282	83.21024235144552
283	83.21024235144552
284	78.52525690851105
285	78.52525690851105
286	78.52525690851105
287	78.52525690851105
288	76.55703101257893
289	76.55703101257893
290	76.55703101257893
291	76.55703101257893
292	72.3537626912948
293	72.3537626912948
294	72.3537626912948
295	72.3537626912948
296	84.49271483659005
297	84.49271483659005
298	84.49271483659005
299	84.49271483659005
300	79.04419983829177
301	79.04419983829177
302	79.04419983829177
303	79.04419983829177
304	86.18173905529922
305	86.18173905529922
306	86.18173905529922
307	86.18173905529922
308	86.0763538603743
309	86.0763538603743
310	86.0763538603743
311	86.0763538603743
312	78.11937809714281
313	78.11937809714281
314	78.11937809714281
315	78.11937809714281
316	90.06691286623091
317	90.06691286623091
318	90.06691286623091
319	90.06691286623091
320	80.71631169974242
321	80.71631169974242
322	80.71631169974242
323	80.71631169974242
324	80.32135015037213
325	80.32135015037213
326	80.32135015037213
327	80.32135015037213
328	79.68398549184371
329	79.68398549184371
330	79.68398549184371
331	79.68398549184371
332	81.47881616925339
333	81.47881616925339
334	81.47881616925339
335	81.47881616925339
336	81.68117073286416
337	81.68117073286416
338	81.68117073286416
339	81.68117073286416
340	92.08817836194723
341	92.08817836194723
342	92.08817836194723
343	92.08817836194723
344	74.7313111533142
345	74.7313111533142
346	74.7313111533142
347	74.7313111533142
348	88.44954494393541
349	88.44954494393541
350	88.44954494393541
351	88.44954494393541
352	91.56597933792321
353	91.56597933792321
354	91.56597933792321
355	91.56597933792321
356	88.18688945119642
357	88.18688945119642
358	88.18688945119642
359	88.18688945119642
360	83.78122993300886
361	83.78122993300886
362	83.78122993300886
363	83.78122993300886
364	81.70137465158216
365	81.70137465158216
366	81.70137465158216
367	81.70137465158216
368	85.62709290577737
369	85.62709290577737
370	85.62709290577737
371	85.62709290577737
372	83.95834831847864
373	83.95834831847864
374	83.95834831847864
375	83.95834831847864
376	82.52658268769989
377	82.52658268769989
378	82.52658268769989
379	82.52658268769989
380	88.63425910290228
381	88.63425910290228
382	88.63425910290228
383	88.63425910290228
384	87.17679862675317
385	87.17679862675317
386	87.17679862675317
387	87.17679862675317
388	80.62319706541861
389	80.62319706541861
390	80.62319706541861
391	80.62319706541861
392	86.89967250837394
393	86.89967250837394
394	86.89967250837394
395	86.89967250837394
396	84.78256120982019
397	84.78256120982019
398	84.78256120982019
399	84.78256120982019
400	78.00218698372974
401	78.00218698372974
402	78.00218698372974
403	78.00218698372974
404	79.77563695669056
405	79.77563695669056
406	79.77563695669056
407	79.77563695669056
408	84.74877484192136
409	84.74877484192136
410	84.74877484192136
411	84.74877484192136
412	74.71201443927184
413	74.71201443927184
414	74.71201443927184
415	74.71201443927184
416	78.88818771812981
417	78.88818771812981
418	78.88818771812981
419	78.88818771812981
420	78.90676918661836
421	78.90676918661836
422	78.90676918661836
423	78.90676918661836
424	84.67562377169708
425	84.67562377169708
426	84.67562377169708
427	84.67562377169708
428	84.74014855164022
429	84.74014855164022
430	84.74014855164022
431	84.74014855164022
432	85.14635892905888
433	85.14635892905888
434	85.14635892905888
435	85.14635892905888
436	93.69049407043659
437	93.69049407043659
438	93.69049407043659
439	93.69049407043659
440	82.95689186231243
441	82.95689186231243
442	82.95689186231243
443	82.95689186231243
444	82.71593060906305
445	82.71593060906305
446	82.71593060906305
447	82.71593060906305
448	81.68009397376811
449	81.68009397376811
450	81.68009397376811
451	81.68009397376811
452	85.56535442454172
453	85.56535442454172
454	85.56535442454172
455	85.56535442454172
456	85.72722877021606
457	85.72722877021606
458	85.72722877021606
459	85.72722877021606
460	79.55919360681271
461	79.55919360681271
462	79.55919360681271
463	79.55919360681271
464	79.76880561561943
465	79.76880561561943
466	79.76880561561943
467	79.76880561561943
468	83.8068307499973
469	83.8068307499973
470	83.8068307499973
471	83.8068307499973
472	84.39209456493676
473	84.39209456493676
474	84.39209456493676
475	84.39209456493676
476	79.6606633069932
477	79.6606633069932
478	79.6606633069932
479	79.6606633069932
480	85.67500979643162
481	85.67500979643162
482	85.67500979643162
483	85.67500979643162
484	83.53036254593393
485	83.53036254593393
486	83.53036254593393
487	83.53036254593393
488	84.15953560258379
489	84.15953560258379
490	84.15953560258379
491	84.15953560258379
492	78.78500497685917
493	78.78500497685917
494	78.78500497685917
495	78.78500497685917
496	84.67995012532965
497	84.67995012532965
498	84.67995012532965
499	84.67995012532965
500	84.81844708077688
501	84.81844708077688
502	84.81844708077688
503	84.81844708077688
504	91.39543719935398
505	91.39543719935398
506	91.39543719935398
507	91.39543719935398
508	77.01279552295952
509	77.01279552295952
510	77.01279552295952
511	77.01279552295952
512	77.00395534926813
513	77.00395534926813
514	77.00395534926813
515	77.00395534926813
516	84.84871975891208
517	84.84871975891208
518	84.84871975891208
519	84.84871975891208
520	78.59580589778326
521	78.59580589778326
522	78.59580589778326
523	78.59580589778326
524	80.77625738111784
525	80.77625738111784
526	80.77625738111784
527	80.77625738111784
528	81.82715981624544
529	81.82715981624544
530	81.82715981624544
531	81.82715981624544
532	87.17588535215985
533	87.17588535215985
534	87.17588535215985
535	87.17588535215985
536	86.19278437026998
537	86.19278437026998
538	86.19278437026998
539	86.19278437026998
540	83.69544822154246
541	83.69544822154246
542	83.69544822154246
543	83.69544822154246
544	89.05463818335377
545	89.05463818335377
546	89.05463818335377
547	89.05463818335377
548	74.10357268004203
549	74.10357268004203
550	74.10357268004203
551	74.10357268004203
552	84.59649140516694
553	84.59649140516694
554	84.59649140516694
555	84.59649140516694
556	86.04251002708092
557	86.04251002708092
558	86.04251002708092
559	86.04251002708092
560	81.63279846194857
561	81.63279846194857
562	81.63279846194857
563	81.63279846194857
564	81.0488343095826
565	81.0488343095826
566	81.0488343095826
567	81.0488343095826
568	85.81471809327921
569	85.81471809327921
570	85.81471809327921
571	85.81471809327921
572	81.70341698330358
573	81.70341698330358
574	81.70341698330358
575	81.70341698330358
576	85.64794648913245
577	85.64794648913245
578	85.64794648913245
579	85.64794648913245
580	83.59386943986485
581	83.59386943986485
582	83.59386943986485
583	83.59386943986485
584	85.66363258957126
585	85.66363258957126
586	85.66363258957126
587	85.66363258957126
588	91.06961357799229
589	91.06961357799229
590	91.06961357799229
591	91.06961357799229
592	80.42101306661007
593	80.42101306661007
594	80.42101306661007
595	80.42101306661007
596	83.21671981393868
597	83.21671981393868
598	83.21671981393868
599	83.21671981393868
600	77.20936316573186
601	77.20936316573186
602	77.20936316573186
603	77.20936316573186
604	83.94417367349791
605	83.94417367349791
606	83.94417367349791
607	83.94417367349791
608	76.00910854925795
609	76.00910854925795
610	76.00910854925795
611	76.00910854925795
612	88.14019861156486
613	88.14019861156486
614	82.84243109278799
615	82.84243109278799
616	82.84243109278799
617	82.84243109278799
618	82.49621515820529
619	82.49621515820529
620	82.49621515820529
621	82.49621515820529
622	83.72243485684443
623	83.72243485684443
624	83.72243485684443
625	83.72243485684443
626	88.37172444884284
627	88.37172444884284
628	88.37172444884284
629	88.37172444884284
630	87.70811011297668
631	87.70811011297668
632	87.70811011297668
633	87.70811011297668
634	84.44511487006133
635	84.44511487006133
636	84.44511487006133
637	84.44511487006133
638	79.06833199716235
639	79.06833199716235
640	79.06833199716235
641	79.06833199716235
642	86.62767576426963
643	86.62767576426963
644	86.62767576426963
645	86.62767576426963
646	83.61163121174054
647	83.61163121174054
648	83.61163121174054
649	83.61163121174054
650	87.03914402683803
651	87.03914402683803
652	87.03914402683803
653	87.03914402683803
654	86.40469119018185
655	86.40469119018185
656	86.40469119018185
657	86.40469119018185
658	82.83890285163329
659	82.83890285163329
660	82.83890285163329
661	82.83890285163329
662	81.7795065332836
663	81.7795065332836
664	81.7795065332836
665	81.7795065332836
666	80.506037037067
667	80.506037037067
668	80.506037037067
669	80.506037037067
670	82.02981750044073
671	82.02981750044073
672	82.02981750044073
673	82.02981750044073
674	84.1960043714067
675	84.1960043714067
676	84.1960043714067
677	84.1960043714067
678	86.47055588888638
679	86.47055588888638
680	86.47055588888638
681	86.47055588888638
682	89.97608011826134
683	89.97608011826134
684	89.97608011826134
685	89.97608011826134
686	80.50976651284768
687	80.50976651284768
688	80.50976651284768
689	80.50976651284768
690	80.09820711021877
691	80.09820711021877
692	80.09820711021877
693	80.09820711021877
694	83.94691689058016
695	83.94691689058016
696	83.94691689058016
697	83.94691689058016
698	91.28188173609618
699	91.28188173609618
700	91.28188173609618
701	91.28188173609618
702	86.09439425839052
703	86.09439425839052
704	86.09439425839052
705	86.09439425839052
706	73.21425783740602
707	73.21425783740602
708	73.21425783740602
709	73.21425783740602
710	84.6403044018799
711	84.6403044018799
712	84.6403044018799
713	84.6403044018799
714	86.1317616162637
715	86.1317616162637
716	86.1317616162637
717	86.1317616162637
718	85.10225308378143
719	85.10225308378143
720	85.10225308378143
721	85.10225308378143
722	80.843719255051
723	80.843719255051
724	80.843719255051
725	80.843719255051
726	83.20705098502664
727	83.20705098502664
728	83.20705098502664
729	83.20705098502664
730	90.58981294153334
731	90.58981294153334
732	90.58981294153334
733	90.58981294153334
734	82.59292891730769
735	82.59292891730769
736	82.59292891730769
737	82.59292891730769
738	86.58231713145693
739	86.58231713145693
740	86.58231713145693
741	86.58231713145693
742	79.32115492928246
743	79.32115492928246
744	79.32115492928246
745	79.32115492928246
746	84.7378889425992
747	84.7378889425992
748	84.7378889425992
749	84.7378889425992
750	83.25853717089522
751	83.25853717089522
752	83.25853717089522
753	83.25853717089522
754	87.06258281036352
755	87.06258281036352
756	87.06258281036352
757	87.06258281036352
758	84.86022163299592
759	84.86022163299592
760	84.86022163299592
761	84.86022163299592
762	82.29037450516535
763	82.29037450516535
764	82.29037450516535
765	82.29037450516535
766	94.86361999772885
767	94.86361999772885
768	94.86361999772885
769	94.86361999772885
770	84.18460967455925
771	84.18460967455925
772	84.18460967455925
773	84.18460967455925
774	89.85620171936877
775	89.85620171936877
776	89.85620171936877
777	89.85620171936877
778	83.8401240983399
779	83.8401240983399
780	83.8401240983399
781	83.8401240983399
782	82.38765081842406
783	82.38765081842406
784	82.38765081842406
785	82.38765081842406
786	77.31578178671954
787	77.31578178671954
788	77.31578178671954
789	77.31578178671954
790	80.74675803493365
791	80.74675803493365
792	80.74675803493365
793	80.74675803493365
794	84.13976300326716
795	84.13976300326716
796	84.13976300326716
797	84.13976300326716
798	80.93648232206678
799	80.93648232206678
800	80.93648232206678
801	80.93648232206678
802	81.67224544339632
803	81.67224544339632
804	81.67224544339632
805	81.67224544339632
806	83.78194409463067
807	83.78194409463067
808	83.78194409463067
809	83.78194409463067
810	80.29528494729968
811	80.29528494729968
812	80.29528494729968
813	80.29528494729968
814	75.53073952954745
815	75.53073952954745
816	75.53073952954745
817	75.53073952954745
818	84.54739764001836
819	84.54739764001836
820	84.54739764001836
821	84.54739764001836
822	83.71720195173194
823	83.71720195173194
824	83.71720195173194
825	83.71720195173194
826	79.96509644634965
827	79.96509644634965
828	79.96509644634965
829	79.96509644634965
830	83.57584260112897
831	83.57584260112897
832	83.57584260112897
833	83.57584260112897
834	83.397476349388
835	83.397476349388
836	83.397476349388
837	83.397476349388
838	87.97808846293319
839	87.97808846293319
840	87.97808846293319
841	87.97808846293319
842	86.76976905892867
843	86.76976905892867
844	83.48414431516808
845	83.48414431516808
846	83.48414431516808
847	83.48414431516808
848	88.71601943441543
849	88.71601943441543
850	88.71601943441543
851	88.71601943441543
852	87.12469736990396
853	87.12469736990396
854	87.12469736990396
855	87.12469736990396
856	80.06491208454361
857	80.06491208454361
858	80.06491208454361
859	80.06491208454361
860	79.21405330682815
861	79.21405330682815
862	79.21405330682815
863	79.21405330682815
864	88.53372149093681
865	88.53372149093681
866	84.10476063775822
867	84.10476063775822
868	84.10476063775822
869	84.10476063775822
870	81.66363153959125
871	81.66363153959125
872	81.66363153959125
873	81.66363153959125
874	82.04642944850609
875	82.04642944850609
876	82.04642944850609
877	82.04642944850609
878	84.98913550815263
879	84.98913550815263
880	84.98913550815263
881	84.98913550815263
882	77.23693289819914
883	77.23693289819914
884	77.23693289819914
885	77.23693289819914
886	84.03797907028908
887	84.03797907028908
888	84.03797907028908
889	84.03797907028908
890	87.23265908330693
891	87.23265908330693
892	87.23265908330693
893	74.4788735459495
894	74.4788735459495
895	74.4788735459495
896	74.4788735459495
897	80.44891658877474
898	80.44891658877474
899	80.44891658877474
900	80.44891658877474
901	86.36814816563592
902	86.36814816563592
903	86.36814816563592
904	86.36814816563592
905	79.56277046728009
906	79.56277046728009
907	79.56277046728009
908	79.56277046728009
909	76.56921577223802
910	76.56921577223802
911	76.56921577223802
912	76.56921577223802
913	90.39218460824834
914	90.39218460824834
915	90.39218460824834
916	90.39218460824834
917	87.66616451918584
918	87.66616451918584
919	87.66616451918584
920	87.66616451918584
921	81.65857800119669
922	81.65857800119669
923	81.65857800119669
924	81.65857800119669
925	88.2944639242527
926	88.2944639242527
927	88.2944639242527
928	88.2944639242527
929	85.82027508977393
930	85.82027508977393
931	85.82027508977393
932	85.82027508977393
933	85.59977332245145
934	85.59977332245145
935	85.59977332245145
936	85.59977332245145
937	80.28811714827471
938	80.28811714827471
939	80.28811714827471
940	80.28811714827471
941	80.00978125645382
942	80.00978125645382
943	80.00978125645382
944	80.00978125645382
945	81.51107601480477
946	81.51107601480477
947	81.51107601480477
948	81.51107601480477
949	86.38993021853254
950	86.38993021853254
951	86.38993021853254
952	86.38993021853254
953	82.48107897202044
954	82.48107897202044
955	82.48107897202044
956	82.48107897202044
957	83.0712679248175
958	83.0712679248175
959	83.0712679248175
960	83.0712679248175
961	82.27737436816095
962	82.27737436816095
963	82.27737436816095
964	82.27737436816095
965	82.13206350124882
966	82.13206350124882
967	82.13206350124882
968	82.13206350124882
969	86.48515130732905
970	86.48515130732905
971	86.48515130732905
972	86.48515130732905
973	80.24081437771207
974	80.24081437771207
975	80.24081437771207
976	80.24081437771207
977	76.00824267859102
978	76.00824267859102
979	76.00824267859102
980	76.00824267859102
981	90.2018240554012
982	90.2018240554012
983	90.2018240554012
984	90.2018240554012
985	80.82522646793598
986	80.82522646793598
987	80.82522646793598
988	80.82522646793598
989	79.72651448186119
990	79.72651448186119
991	79.72651448186119
992	79.72651448186119
993	80.46591685203857
994	80.46591685203857
995	80.46591685203857
996	80.46591685203857
997	77.90087647946929
998	77.90087647946929
999	77.90087647946929
1000	77.90087647946929
1001	88.98818184093372
1002	88.98818184093372
1003	88.98818184093372
1004	88.98818184093372
1005	75.50893169319899
1006	75.50893169319899
1007	75.50893169319899
1008	75.50893169319899
1009	84.86204872224491
1010	84.86204872224491
1011	84.86204872224491
1012	84.86204872224491
1013	79.26469764955635
1014	79.26469764955635
1015	79.26469764955635
1016	79.26469764955635
1017	79.02600979333498
1018	79.02600979333498
1019	79.02600979333498
1020	79.02600979333498
1021	90.55609727697735
1022	90.55609727697735
1023	90.55609727697735
1024	90.55609727697735
1025	82.36539799819754
1026	82.36539799819754
1027	82.36539799819754
1028	82.36539799819754
1029	79.83614129512536
1030	79.83614129512536
1031	79.83614129512536
1032	79.83614129512536
1033	81.48505390963777
1034	81.48505390963777
1035	81.48505390963777
1036	81.48505390963777
1037	82.93049169303335
1038	82.93049169303335
1039	82.93049169303335
1040	82.93049169303335
1041	89.27099779160241
1042	89.27099779160241
1043	89.27099779160241
1044	89.27099779160241
1045	81.24833192752364
1046	81.24833192752364
1047	81.24833192752364
1048	81.24833192752364
1049	86.37804885003516
1050	86.37804885003516
1051	86.37804885003516
1052	86.37804885003516
1053	79.43333729249863
1054	79.43333729249863
1055	79.43333729249863
1056	79.43333729249863
1057	82.08588548398079
1058	82.08588548398079
1059	82.08588548398079
1060	82.08588548398079
1061	84.15302109692824
1062	84.15302109692824
1063	84.15302109692824
1064	84.15302109692824
1065	83.59652381860846
1066	83.59652381860846
1067	83.59652381860846
1068	83.59652381860846
1069	80.75999242405257
1070	80.75999242405257
1071	80.75999242405257
1072	80.75999242405257
1073	84.68258368484067
1074	84.68258368484067
1075	84.68258368484067
1076	84.68258368484067
1077	87.52874844377772
1078	87.52874844377772
1079	87.52874844377772
1080	87.52874844377772
1081	82.57733188524696
1082	82.57733188524696
1083	82.57733188524696
1084	82.57733188524696
1085	87.58127184097154
1086	87.58127184097154
1087	87.58127184097154
1088	87.58127184097154
1089	76.22338142378591
1090	76.22338142378591
1091	76.22338142378591
1092	76.22338142378591
1093	74.78284032607702
