0	90.58695052385625
1	90.58695052385625
2	90.58695052385625
3	90.58695052385625
4	90.58695052385625
5	90.58695052385625
6	90.58695052385625
7	90.58695052385625
8	90.58695052385625
9	90.58695052385625
10	67.10714199931073
11	67.10714199931073
12	67.10714199931073
13	67.10714199931073
14	67.10714199931073
15	67.10714199931073
16	67.10714199931073
17	67.10714199931073
18	67.10714199931073
19	67.10714199931073
20	78.05138429481394
21	78.05138429481394
22	78.05138429481394
23	78.05138429481394
24	78.05138429481394
25	78.05138429481394
26	78.05138429481394
27	78.05138429481394
28	78.05138429481394
29	78.05138429481394
30	41.730479632049814
31	41.730479632049814
32	41.730479632049814
33	41.730479632049814
34	41.730479632049814
35	41.730479632049814
36	41.730479632049814
37	41.730479632049814
38	41.730479632049814
39	41.730479632049814
40	73.29427815526824
41	73.29427815526824
42	73.29427815526824
43	73.29427815526824
44	73.29427815526824
45	73.29427815526824
46	73.29427815526824
47	73.29427815526824
48	73.29427815526824
49	73.29427815526824
50	54.868162961362884
51	54.868162961362884
52	54.868162961362884
53	54.868162961362884
54	54.868162961362884
55	54.868162961362884
56	54.868162961362884
57	54.868162961362884
58	54.868162961362884
59	54.868162961362884
60	65.94254118870869
61	65.94254118870869
62	65.94254118870869
63	65.94254118870869
64	65.94254118870869
65	65.94254118870869
66	65.94254118870869
67	65.94254118870869
68	65.94254118870869
69	65.94254118870869
70	61.83242817164825
71	61.83242817164825
72	61.83242817164825
73	61.83242817164825
74	61.83242817164825
75	61.83242817164825
76	61.83242817164825
77	61.83242817164825
78	61.83242817164825
79	61.83242817164825
80	63.95559894835587
81	63.95559894835587
82	63.95559894835587
83	63.95559894835587
84	63.95559894835587
85	63.95559894835587
86	63.95559894835587
87	63.95559894835587
88	63.95559894835587
89	63.95559894835587
90	70.80267387696483
91	70.80267387696483
92	70.80267387696483
93	70.80267387696483
94	70.80267387696483
95	70.80267387696483
96	70.80267387696483
97	70.80267387696483
98	70.80267387696483
99	70.80267387696483
100	48.01526080956699
101	48.01526080956699
102	48.01526080956699
103	48.01526080956699
104	48.01526080956699
105	48.01526080956699
106	48.01526080956699
107	48.01526080956699
108	48.01526080956699
109	48.01526080956699
110	73.445409526845
111	73.445409526845
112	73.445409526845
113	73.445409526845
114	73.445409526845
115	73.445409526845
116	73.445409526845
117	73.445409526845
118	73.445409526845
119	73.445409526845
120	36.535233650395625
121	36.535233650395625
122	36.535233650395625
123	36.535233650395625
124	36.535233650395625
125	36.535233650395625
126	36.535233650395625
127	36.535233650395625
128	36.535233650395625
129	36.535233650395625
130	64.47697826753931
131	64.47697826753931
132	64.47697826753931
133	64.47697826753931
134	64.47697826753931
135	64.47697826753931
136	64.47697826753931
137	64.47697826753931
138	64.47697826753931
139	64.47697826753931
140	43.21342764407089
141	43.21342764407089
142	43.21342764407089
143	43.21342764407089
144	43.21342764407089
145	43.21342764407089
146	43.21342764407089
147	43.21342764407089
148	43.21342764407089
149	43.21342764407089
150	55.924361224316435
151	55.924361224316435
152	55.924361224316435
153	55.924361224316435
154	55.924361224316435
155	55.924361224316435
156	55.924361224316435
157	55.924361224316435
158	55.924361224316435
159	55.924361224316435
160	64.58841905041126
161	64.58841905041126
162	64.58841905041126
163	64.58841905041126
164	64.58841905041126
165	64.58841905041126
166	64.58841905041126
167	64.58841905041126
168	64.58841905041126
169	64.58841905041126
170	54.44489577735196
171	54.44489577735196
172	54.44489577735196
173	54.44489577735196
174	54.44489577735196
175	54.44489577735196
176	54.44489577735196
177	54.44489577735196
178	54.44489577735196
179	54.44489577735196
180	43.5859443154643
181	43.5859443154643
182	43.5859443154643
183	43.5859443154643
184	43.5859443154643
185	43.5859443154643
186	43.5859443154643
187	43.5859443154643
188	43.5859443154643
189	43.5859443154643
190	60.8309705750099
191	60.8309705750099
192	60.8309705750099
193	60.8309705750099
194	60.8309705750099
195	60.8309705750099
196	60.8309705750099
197	60.8309705750099
198	60.8309705750099
199	60.8309705750099
200	79.3983461826025
201	79.3983461826025
202	79.3983461826025
203	79.3983461826025
204	79.3983461826025
205	79.3983461826025
206	79.3983461826025
207	79.3983461826025
208	79.3983461826025
209	79.3983461826025
210	79.75272844307933
211	79.75272844307933
212	79.75272844307933
213	79.75272844307933
214	79.75272844307933
215	79.75272844307933
216	79.75272844307933
217	79.75272844307933
218	79.75272844307933
219	79.75272844307933
220	59.00835037534627
221	59.00835037534627
222	59.00835037534627
223	59.00835037534627
224	59.00835037534627
225	59.00835037534627
226	59.00835037534627
227	59.00835037534627
228	59.00835037534627
229	59.00835037534627
230	31.839919098879616
231	31.839919098879616
232	31.839919098879616
233	31.839919098879616
234	31.839919098879616
235	31.839919098879616
236	31.839919098879616
237	31.839919098879616
238	31.839919098879616
239	31.839919098879616
240	65.32996113828995
241	65.32996113828995
242	65.32996113828995
243	65.32996113828995
244	65.32996113828995
245	65.32996113828995
246	65.32996113828995
247	65.32996113828995
248	65.32996113828995
249	65.32996113828995
250	78.55376450173273
251	78.55376450173273
252	78.55376450173273
253	78.55376450173273
254	78.55376450173273
255	78.55376450173273
256	78.55376450173273
257	78.55376450173273
258	78.55376450173273
259	78.55376450173273
260	10.875652083400702
261	10.875652083400702
262	10.875652083400702
263	10.875652083400702
264	10.875652083400702
265	10.875652083400702
266	10.875652083400702
267	10.875652083400702
268	10.875652083400702
269	10.875652083400702
270	44.97258637135725
271	44.97258637135725
272	44.97258637135725
273	44.97258637135725
274	44.97258637135725
275	44.97258637135725
276	44.97258637135725
277	44.97258637135725
278	44.97258637135725
279	44.97258637135725
280	39.61621585749492
281	39.61621585749492
282	39.61621585749492
283	39.61621585749492
284	39.61621585749492
285	39.61621585749492
286	39.61621585749492
287	39.61621585749492
288	39.61621585749492
289	39.61621585749492
290	72.62155168826578
291	72.62155168826578
292	72.62155168826578
293	72.62155168826578
294	72.62155168826578
295	72.62155168826578
296	72.62155168826578
297	72.62155168826578
298	72.62155168826578
299	72.62155168826578
300	67.00630048568219
301	67.00630048568219
302	67.00630048568219
303	67.00630048568219
304	67.00630048568219
305	67.00630048568219
306	67.00630048568219
307	67.00630048568219
308	67.00630048568219
309	67.00630048568219
310	65.9895474764935
311	65.9895474764935
312	65.9895474764935
313	65.9895474764935
314	65.9895474764935
315	65.9895474764935
316	65.9895474764935
317	65.9895474764935
318	65.9895474764935
319	65.9895474764935
320	45.57040562665186
321	45.57040562665186
322	45.57040562665186
323	45.57040562665186
324	45.57040562665186
325	45.57040562665186
326	45.57040562665186
327	45.57040562665186
328	45.57040562665186
329	45.57040562665186
330	51.62440433720248
331	51.62440433720248
332	51.62440433720248
333	51.62440433720248
334	51.62440433720248
335	51.62440433720248
336	51.62440433720248
337	51.62440433720248
338	51.62440433720248
339	51.62440433720248
340	60.33041081390491
341	60.33041081390491
342	60.33041081390491
343	60.33041081390491
344	60.33041081390491
345	60.33041081390491
346	60.33041081390491
347	60.33041081390491
348	60.33041081390491
349	60.33041081390491
350	37.453314140803435
351	37.453314140803435
352	37.453314140803435
353	37.453314140803435
354	37.453314140803435
355	37.453314140803435
356	37.453314140803435
357	37.453314140803435
358	37.453314140803435
359	37.453314140803435
360	52.42625821338723
361	52.42625821338723
362	52.42625821338723
363	52.42625821338723
364	52.42625821338723
365	52.42625821338723
366	52.42625821338723
367	52.42625821338723
368	52.42625821338723
369	52.42625821338723
370	43.601168522889324
371	43.601168522889324
372	43.601168522889324
373	43.601168522889324
374	43.601168522889324
375	43.601168522889324
376	43.601168522889324
377	43.601168522889324
378	43.601168522889324
379	43.601168522889324
380	64.44528399693381
381	64.44528399693381
382	64.44528399693381
383	64.44528399693381
384	64.44528399693381
385	64.44528399693381
386	64.44528399693381
387	64.44528399693381
388	64.44528399693381
389	64.44528399693381
390	80.14474979606442
391	80.14474979606442
392	80.14474979606442
393	80.14474979606442
394	80.14474979606442
395	80.14474979606442
396	80.14474979606442
397	80.14474979606442
398	80.14474979606442
399	80.14474979606442
400	71.83128501698774
401	71.83128501698774
402	71.83128501698774
403	71.83128501698774
404	71.83128501698774
405	71.83128501698774
406	71.83128501698774
407	71.83128501698774
408	71.83128501698774
409	71.83128501698774
410	55.71785758464006
411	55.71785758464006
412	55.71785758464006
413	55.71785758464006
414	55.71785758464006
415	55.71785758464006
416	55.71785758464006
417	55.71785758464006
418	55.71785758464006
419	55.71785758464006
420	58.94209801836145
421	58.94209801836145
422	58.94209801836145
423	58.94209801836145
424	58.94209801836145
425	58.94209801836145
426	58.94209801836145
427	58.94209801836145
428	58.94209801836145
429	58.94209801836145
430	50.15774294318222
431	50.15774294318222
432	50.15774294318222
433	50.15774294318222
434	50.15774294318222
435	50.15774294318222
436	50.15774294318222
437	50.15774294318222
438	50.15774294318222
439	50.15774294318222
440	42.41268119165803
441	42.41268119165803
442	42.41268119165803
443	42.41268119165803
444	42.41268119165803
445	42.41268119165803
446	42.41268119165803
447	42.41268119165803
448	42.41268119165803
449	42.41268119165803
450	54.51084072254263
451	54.51084072254263
452	54.51084072254263
453	54.51084072254263
454	54.51084072254263
455	54.51084072254263
456	54.51084072254263
457	54.51084072254263
458	54.51084072254263
459	54.51084072254263
460	54.94692630890626
461	54.94692630890626
462	54.94692630890626
463	54.94692630890626
464	54.94692630890626
465	54.94692630890626
466	54.94692630890626
467	54.94692630890626
468	54.94692630890626
469	54.94692630890626
470	55.56953613072916
471	55.56953613072916
472	55.56953613072916
473	55.56953613072916
474	55.56953613072916
475	55.56953613072916
476	55.56953613072916
477	55.56953613072916
478	55.56953613072916
479	55.56953613072916
480	51.015141805964575
481	51.015141805964575
482	51.015141805964575
483	51.015141805964575
484	51.015141805964575
485	51.015141805964575
486	51.015141805964575
487	51.015141805964575
488	51.015141805964575
489	51.015141805964575
490	49.22006804540491
491	49.22006804540491
492	49.22006804540491
493	49.22006804540491
494	49.22006804540491
495	49.22006804540491
496	49.22006804540491
497	49.22006804540491
498	49.22006804540491
499	49.22006804540491
500	100.87887302556351
501	100.87887302556351
502	100.87887302556351
503	100.87887302556351
504	100.87887302556351
505	100.87887302556351
506	100.87887302556351
507	100.87887302556351
508	100.87887302556351
509	100.87887302556351
510	87.58813857516283
511	87.58813857516283
512	87.58813857516283
513	87.58813857516283
514	87.58813857516283
515	87.58813857516283
516	87.58813857516283
517	87.58813857516283
518	87.58813857516283
519	87.58813857516283
520	43.4947239739019
521	43.4947239739019
522	43.4947239739019
523	43.4947239739019
524	43.4947239739019
525	43.4947239739019
526	43.4947239739019
527	43.4947239739019
528	43.4947239739019
529	43.4947239739019
530	64.74932763224434
531	64.74932763224434
532	64.74932763224434
533	64.74932763224434
534	64.74932763224434
535	64.74932763224434
536	64.74932763224434
537	64.74932763224434
538	64.74932763224434
539	64.74932763224434
540	65.46708535805877
541	65.46708535805877
542	65.46708535805877
543	65.46708535805877
544	65.46708535805877
545	65.46708535805877
546	65.46708535805877
547	65.46708535805877
548	65.46708535805877
549	65.46708535805877
550	70.61870831088926
551	70.61870831088926
552	70.61870831088926
553	70.61870831088926
554	70.61870831088926
555	70.61870831088926
556	70.61870831088926
557	70.61870831088926
558	70.61870831088926
559	70.61870831088926
560	50.09445269793367
561	50.09445269793367
562	50.09445269793367
563	50.09445269793367
564	50.09445269793367
565	50.09445269793367
566	50.09445269793367
567	50.09445269793367
568	50.09445269793367
569	50.09445269793367
570	69.20382493348538
571	69.20382493348538
572	69.20382493348538
573	69.20382493348538
574	69.20382493348538
575	69.20382493348538
576	69.20382493348538
577	69.20382493348538
578	69.20382493348538
579	69.20382493348538
580	85.09996047163057
581	85.09996047163057
582	85.09996047163057
583	85.09996047163057
584	85.09996047163057
585	85.09996047163057
586	85.09996047163057
587	85.09996047163057
588	85.09996047163057
589	85.09996047163057
590	40.19722797603124
591	40.19722797603124
592	40.19722797603124
593	40.19722797603124
594	40.19722797603124
595	40.19722797603124
596	40.19722797603124
597	40.19722797603124
598	40.19722797603124
599	40.19722797603124
600	49.7710437974813
601	49.7710437974813
602	49.7710437974813
603	49.7710437974813
604	49.7710437974813
605	49.7710437974813
606	49.7710437974813
607	49.7710437974813
608	49.7710437974813
609	49.7710437974813
610	72.38435722189269
611	72.38435722189269
612	72.38435722189269
613	72.38435722189269
614	72.38435722189269
615	72.38435722189269
616	72.38435722189269
617	72.38435722189269
618	72.38435722189269
619	72.38435722189269
620	70.81938517780874
621	70.81938517780874
622	70.81938517780874
623	70.81938517780874
624	70.81938517780874
625	70.81938517780874
626	70.81938517780874
627	70.81938517780874
628	70.81938517780874
629	70.81938517780874
630	62.67669300353367
631	57.67601670769346
632	57.67601670769346
633	57.67601670769346
634	57.67601670769346
635	57.67601670769346
636	57.67601670769346
637	57.67601670769346
638	57.67601670769346
639	57.67601670769346
640	57.67601670769346
641	57.38865145304767
642	57.38865145304767
643	57.38865145304767
644	57.38865145304767
645	57.38865145304767
646	57.38865145304767
647	57.38865145304767
648	57.38865145304767
649	57.38865145304767
650	57.38865145304767
651	73.58740938054791
652	73.58740938054791
653	73.58740938054791
654	73.58740938054791
655	73.58740938054791
656	73.58740938054791
657	73.58740938054791
658	73.58740938054791
659	73.58740938054791
660	73.58740938054791
661	50.69917790001547
662	50.69917790001547
663	50.69917790001547
664	50.69917790001547
665	50.69917790001547
666	50.69917790001547
667	50.69917790001547
668	50.69917790001547
669	50.69917790001547
670	50.69917790001547
671	69.91759503261908
672	69.91759503261908
673	69.91759503261908
674	69.91759503261908
675	69.91759503261908
676	69.91759503261908
677	69.91759503261908
678	69.91759503261908
679	69.91759503261908
680	69.91759503261908
681	53.53181056451981
682	53.53181056451981
683	53.53181056451981
684	53.53181056451981
685	53.53181056451981
686	53.53181056451981
687	53.53181056451981
688	53.53181056451981
689	53.53181056451981
690	53.53181056451981
691	56.47739420506218
692	56.47739420506218
693	56.47739420506218
694	56.47739420506218
695	56.47739420506218
696	56.47739420506218
697	56.47739420506218
698	56.47739420506218
699	56.47739420506218
700	56.47739420506218
701	75.31505871276869
702	75.31505871276869
703	75.31505871276869
704	75.31505871276869
705	75.31505871276869
706	75.31505871276869
707	75.31505871276869
708	75.31505871276869
709	75.31505871276869
710	75.31505871276869
711	50.318528612071766
712	50.318528612071766
713	50.318528612071766
714	50.318528612071766
715	50.318528612071766
716	50.318528612071766
717	50.318528612071766
718	50.318528612071766
719	50.318528612071766
720	50.318528612071766
721	61.686829702766964
722	61.686829702766964
723	61.686829702766964
724	61.686829702766964
725	61.686829702766964
726	61.686829702766964
727	61.686829702766964
728	61.686829702766964
729	61.686829702766964
730	61.686829702766964
731	91.54527472267668
732	91.54527472267668
733	91.54527472267668
734	91.54527472267668
735	91.54527472267668
736	91.54527472267668
737	91.54527472267668
738	91.54527472267668
739	46.24899403719563
740	46.24899403719563
741	46.24899403719563
742	46.24899403719563
743	46.24899403719563
744	46.24899403719563
745	46.24899403719563
746	46.24899403719563
747	46.24899403719563
748	46.24899403719563
749	41.86505140045129
750	41.86505140045129
751	41.86505140045129
752	41.86505140045129
753	41.86505140045129
754	41.86505140045129
755	41.86505140045129
756	41.86505140045129
757	41.86505140045129
758	41.86505140045129
759	47.16290779205465
760	47.16290779205465
761	59.38525443419938
762	59.38525443419938
763	59.38525443419938
764	59.38525443419938
765	59.38525443419938
766	59.38525443419938
767	59.38525443419938
768	59.38525443419938
769	59.38525443419938
770	59.38525443419938
771	22.58640920870902
772	22.58640920870902
773	22.58640920870902
774	22.58640920870902
775	22.58640920870902
776	22.58640920870902
777	22.58640920870902
778	22.58640920870902
779	22.58640920870902
780	22.58640920870902
781	29.653276930226543
782	29.653276930226543
783	29.653276930226543
784	29.653276930226543
785	29.653276930226543
786	29.653276930226543
787	29.653276930226543
788	29.653276930226543
789	29.653276930226543
790	29.653276930226543
791	42.92621300972486
792	42.92621300972486
793	42.92621300972486
794	42.92621300972486
795	42.92621300972486
796	42.92621300972486
797	42.92621300972486
798	42.92621300972486
799	42.92621300972486
800	42.92621300972486
801	64.53333908831301
802	64.53333908831301
803	64.53333908831301
804	64.53333908831301
805	64.53333908831301
806	64.53333908831301
807	64.53333908831301
808	64.53333908831301
809	64.53333908831301
810	64.53333908831301
811	10.348449313557069
812	10.348449313557069
813	10.348449313557069
814	10.348449313557069
815	10.348449313557069
816	10.348449313557069
817	10.348449313557069
818	10.348449313557069
819	10.348449313557069
820	10.348449313557069
821	49.420173113048946
822	49.420173113048946
823	49.420173113048946
824	49.420173113048946
825	49.420173113048946
826	49.420173113048946
827	49.420173113048946
828	49.420173113048946
829	49.420173113048946
830	49.420173113048946
831	47.151554184159764
832	47.151554184159764
833	47.151554184159764
834	47.151554184159764
835	47.151554184159764
836	47.151554184159764
837	47.151554184159764
838	47.151554184159764
839	47.151554184159764
840	47.151554184159764
841	55.94318798728132
842	55.94318798728132
843	55.94318798728132
844	55.94318798728132
845	55.94318798728132
846	55.94318798728132
847	55.94318798728132
848	55.94318798728132
849	55.94318798728132
850	55.94318798728132
851	52.66443555840815
852	52.66443555840815
853	52.66443555840815
854	52.66443555840815
855	52.66443555840815
856	52.66443555840815
857	52.66443555840815
858	52.66443555840815
859	52.66443555840815
860	52.66443555840815
861	46.199307111409844
862	46.199307111409844
863	46.199307111409844
864	46.199307111409844
865	46.199307111409844
866	46.199307111409844
867	46.199307111409844
868	46.199307111409844
869	46.199307111409844
870	46.199307111409844
871	34.451850544815514
872	34.451850544815514
873	34.451850544815514
874	34.451850544815514
875	34.451850544815514
876	34.451850544815514
877	34.451850544815514
878	34.451850544815514
879	34.451850544815514
880	34.451850544815514
881	62.991745866045115
882	62.991745866045115
883	62.991745866045115
884	62.991745866045115
885	62.991745866045115
886	62.991745866045115
887	62.991745866045115
888	62.991745866045115
889	62.991745866045115
890	62.991745866045115
891	62.98306151175851
892	62.98306151175851
893	62.98306151175851
894	62.98306151175851
895	62.98306151175851
896	62.98306151175851
897	62.98306151175851
898	62.98306151175851
899	62.98306151175851
900	62.98306151175851
901	28.92753520690233
902	28.92753520690233
903	28.92753520690233
904	28.92753520690233
905	28.92753520690233
906	28.92753520690233
907	28.92753520690233
908	28.92753520690233
909	28.92753520690233
910	28.92753520690233
911	64.52046966493083
912	64.52046966493083
913	64.52046966493083
914	64.52046966493083
915	64.52046966493083
916	64.52046966493083
917	64.52046966493083
918	64.52046966493083
919	64.52046966493083
920	64.52046966493083
921	74.04858900751363
922	74.04858900751363
923	74.04858900751363
924	74.04858900751363
925	74.04858900751363
926	74.04858900751363
927	74.04858900751363
928	74.04858900751363
929	74.04858900751363
930	74.04858900751363
931	40.32677714896294
932	40.32677714896294
933	40.32677714896294
934	40.32677714896294
935	40.32677714896294
936	40.32677714896294
937	40.32677714896294
938	40.32677714896294
939	40.32677714896294
940	40.32677714896294
941	29.81181983767385
942	29.81181983767385
943	29.81181983767385
944	29.81181983767385
945	29.81181983767385
946	29.81181983767385
947	29.81181983767385
948	29.81181983767385
949	29.81181983767385
950	29.81181983767385
951	41.157899711217794
952	41.157899711217794
953	41.157899711217794
954	41.157899711217794
955	41.157899711217794
956	41.157899711217794
957	41.157899711217794
958	41.157899711217794
959	41.157899711217794
960	41.157899711217794
961	42.55916678372627
962	42.55916678372627
963	42.55916678372627
964	42.55916678372627
965	42.55916678372627
966	42.55916678372627
967	42.55916678372627
968	42.55916678372627
969	42.55916678372627
970	42.55916678372627
971	64.45511284007043
972	64.45511284007043
973	64.45511284007043
974	64.45511284007043
975	64.45511284007043
976	64.45511284007043
977	64.45511284007043
978	64.45511284007043
979	64.45511284007043
980	64.45511284007043
981	52.77894108273299
982	52.77894108273299
983	52.77894108273299
984	52.77894108273299
985	52.77894108273299
986	52.77894108273299
987	52.77894108273299
988	52.77894108273299
989	52.77894108273299
990	52.77894108273299
991	29.17397304130656
992	29.17397304130656
993	29.17397304130656
994	29.17397304130656
995	29.17397304130656
996	29.17397304130656
997	29.17397304130656
998	29.17397304130656
999	29.17397304130656
1000	29.17397304130656
1001	28.22043196977966
1002	28.22043196977966
1003	28.22043196977966
1004	28.22043196977966
1005	28.22043196977966
1006	28.22043196977966
1007	28.22043196977966
1008	28.22043196977966
1009	28.22043196977966
1010	28.22043196977966
1011	57.45429902372817
1012	57.45429902372817
1013	57.45429902372817
1014	57.45429902372817
1015	57.45429902372817
1016	57.45429902372817
1017	57.45429902372817
1018	57.45429902372817
1019	57.45429902372817
1020	57.45429902372817
1021	60.46234299676347
1022	60.46234299676347
1023	60.46234299676347
1024	60.46234299676347
1025	60.46234299676347
1026	60.46234299676347
1027	60.46234299676347
1028	60.46234299676347
1029	60.46234299676347
1030	60.46234299676347
1031	57.954379839071336
1032	57.954379839071336
1033	57.954379839071336
1034	57.954379839071336
1035	57.954379839071336
1036	57.954379839071336
1037	57.954379839071336
1038	57.954379839071336
1039	57.954379839071336
1040	57.954379839071336
1041	58.3771083719167
1042	58.3771083719167
1043	58.3771083719167
1044	58.3771083719167
1045	58.3771083719167
1046	58.3771083719167
1047	58.3771083719167
1048	58.3771083719167
1049	58.3771083719167
1050	58.3771083719167
1051	44.214676542713434
1052	44.214676542713434
1053	44.214676542713434
1054	44.214676542713434
1055	44.214676542713434
1056	44.214676542713434
1057	44.214676542713434
1058	44.214676542713434
1059	44.214676542713434
1060	44.214676542713434
1061	34.34820149875017
1062	34.34820149875017
1063	34.34820149875017
1064	34.34820149875017
1065	34.34820149875017
1066	34.34820149875017
1067	34.34820149875017
1068	34.34820149875017
1069	34.34820149875017
1070	34.34820149875017
1071	50.73739735992012
1072	50.73739735992012
1073	50.73739735992012
1074	50.73739735992012
1075	50.73739735992012
1076	50.73739735992012
1077	50.73739735992012
1078	50.73739735992012
1079	50.73739735992012
1080	50.73739735992012
1081	24.63731373069725
1082	24.63731373069725
1083	24.63731373069725
1084	24.63731373069725
1085	24.63731373069725
1086	24.63731373069725
1087	24.63731373069725
1088	24.63731373069725
1089	24.63731373069725
1090	24.63731373069725
1091	63.4777242218917
1092	63.4777242218917
1093	63.4777242218917
1094	63.4777242218917
1095	63.4777242218917
1096	63.4777242218917
1097	63.4777242218917
1098	63.4777242218917
1099	63.4777242218917
1100	63.4777242218917
1101	48.95219825021987
1102	48.95219825021987
1103	48.95219825021987
1104	48.95219825021987
1105	48.95219825021987
1106	48.95219825021987
1107	48.95219825021987
1108	48.95219825021987
1109	48.95219825021987
1110	48.95219825021987
1111	40.172947905406154
1112	40.172947905406154
1113	40.172947905406154
1114	40.172947905406154
1115	40.172947905406154
1116	40.172947905406154
1117	40.172947905406154
1118	40.172947905406154
1119	40.172947905406154
1120	40.172947905406154
1121	53.79141804858184
1122	53.79141804858184
1123	53.79141804858184
1124	53.79141804858184
1125	53.79141804858184
1126	53.79141804858184
1127	53.79141804858184
1128	53.79141804858184
1129	53.79141804858184
1130	53.79141804858184
1131	28.805710730557305
1132	28.805710730557305
1133	28.805710730557305
1134	28.805710730557305
1135	28.805710730557305
1136	28.805710730557305
1137	28.805710730557305
1138	28.805710730557305
1139	28.805710730557305
1140	28.805710730557305
1141	47.37591861020715
1142	47.37591861020715
1143	47.37591861020715
1144	47.37591861020715
1145	47.37591861020715
1146	47.37591861020715
1147	47.37591861020715
1148	47.37591861020715
1149	47.37591861020715
1150	47.37591861020715
1151	58.36637656282556
1152	58.36637656282556
1153	58.36637656282556
1154	58.36637656282556
1155	58.36637656282556
1156	58.36637656282556
1157	58.36637656282556
1158	58.36637656282556
1159	58.36637656282556
1160	58.36637656282556
1161	35.54770972800564
1162	35.54770972800564
1163	35.54770972800564
1164	35.54770972800564
1165	35.54770972800564
1166	35.54770972800564
1167	35.54770972800564
1168	35.54770972800564
1169	35.54770972800564
1170	35.54770972800564
1171	50.53407785273215
1172	50.53407785273215
1173	50.53407785273215
1174	50.53407785273215
1175	50.53407785273215
1176	50.53407785273215
1177	50.53407785273215
1178	50.53407785273215
1179	50.53407785273215
1180	50.53407785273215
1181	38.91464373074339
1182	38.91464373074339
1183	38.91464373074339
1184	38.91464373074339
1185	38.91464373074339
1186	38.91464373074339
1187	38.91464373074339
1188	38.91464373074339
1189	38.91464373074339
1190	38.91464373074339
1191	56.852249075813546
1192	56.852249075813546
1193	56.852249075813546
1194	56.852249075813546
1195	56.852249075813546
1196	32.46536341014725
1197	32.46536341014725
1198	32.46536341014725
1199	32.46536341014725
1200	32.46536341014725
1201	32.46536341014725
1202	32.46536341014725
1203	32.46536341014725
1204	32.46536341014725
1205	32.46536341014725
1206	14.719188267960323
1207	14.719188267960323
1208	14.719188267960323
1209	14.719188267960323
1210	14.719188267960323
1211	14.719188267960323
1212	14.719188267960323
1213	14.719188267960323
1214	14.719188267960323
1215	14.719188267960323
1216	46.42157654876536
1217	46.42157654876536
1218	46.42157654876536
1219	46.42157654876536
1220	46.42157654876536
1221	46.42157654876536
1222	46.42157654876536
1223	46.42157654876536
1224	46.42157654876536
1225	46.42157654876536
1226	64.7747354988747
1227	64.7747354988747
1228	64.7747354988747
1229	64.7747354988747
1230	64.7747354988747
1231	64.7747354988747
1232	64.7747354988747
1233	64.7747354988747
1234	64.7747354988747
1235	64.7747354988747
1236	52.839115048300044
1237	52.839115048300044
1238	52.839115048300044
1239	52.839115048300044
1240	52.839115048300044
1241	52.839115048300044
1242	52.839115048300044
1243	52.839115048300044
1244	52.839115048300044
1245	52.839115048300044
1246	66.14634849344301
1247	66.14634849344301
1248	66.14634849344301
1249	66.14634849344301
1250	66.14634849344301
1251	66.14634849344301
1252	66.14634849344301
1253	66.14634849344301
1254	66.14634849344301
1255	66.14634849344301
1256	46.321264580173896
1257	46.321264580173896
1258	46.321264580173896
1259	46.321264580173896
1260	46.321264580173896
1261	46.321264580173896
1262	46.321264580173896
1263	46.321264580173896
1264	46.321264580173896
1265	46.321264580173896
1266	41.82685900120009
1267	41.82685900120009
1268	41.82685900120009
1269	41.82685900120009
1270	41.82685900120009
1271	41.82685900120009
1272	41.82685900120009
1273	41.82685900120009
1274	41.82685900120009
1275	41.82685900120009
1276	34.587991131974405
1277	34.587991131974405
1278	34.587991131974405
1279	34.587991131974405
1280	34.587991131974405
1281	34.587991131974405
1282	34.587991131974405
1283	34.587991131974405
1284	34.587991131974405
1285	34.587991131974405
1286	26.1354105723036
1287	26.1354105723036
1288	26.1354105723036
1289	26.1354105723036
1290	26.1354105723036
1291	26.1354105723036
1292	26.1354105723036
1293	26.1354105723036
1294	26.1354105723036
1295	26.1354105723036
1296	16.290827009261626
1297	16.290827009261626
1298	16.290827009261626
1299	16.290827009261626
1300	16.290827009261626
1301	16.290827009261626
1302	16.290827009261626
1303	16.290827009261626
1304	16.290827009261626
1305	16.290827009261626
1306	76.34582731250205
1307	76.34582731250205
1308	76.34582731250205
1309	76.34582731250205
1310	76.34582731250205
1311	76.34582731250205
1312	76.34582731250205
1313	76.34582731250205
1314	76.34582731250205
1315	76.34582731250205
1316	35.84688726589149
1317	35.84688726589149
1318	35.84688726589149
1319	35.84688726589149
1320	35.84688726589149
1321	35.84688726589149
1322	35.84688726589149
1323	35.84688726589149
1324	35.84688726589149
1325	35.84688726589149
1326	40.283938683062026
1327	40.283938683062026
1328	40.283938683062026
1329	40.283938683062026
1330	40.283938683062026
1331	40.283938683062026
1332	40.283938683062026
1333	40.283938683062026
1334	40.283938683062026
1335	40.283938683062026
1336	26.037667200900167
1337	26.037667200900167
1338	26.037667200900167
1339	26.037667200900167
1340	26.037667200900167
1341	26.037667200900167
1342	26.037667200900167
1343	26.037667200900167
1344	26.037667200900167
1345	26.037667200900167
1346	59.40240156804133
1347	59.40240156804133
1348	59.40240156804133
1349	59.40240156804133
1350	59.40240156804133
1351	59.40240156804133
1352	59.40240156804133
1353	59.40240156804133
1354	59.40240156804133
1355	59.40240156804133
1356	40.44670077835206
1357	40.44670077835206
1358	40.44670077835206
1359	40.44670077835206
1360	40.44670077835206
1361	40.44670077835206
1362	40.44670077835206
1363	40.44670077835206
1364	40.44670077835206
1365	40.44670077835206
1366	41.524151452280044
1367	41.524151452280044
1368	41.524151452280044
1369	41.524151452280044
1370	41.524151452280044
1371	41.524151452280044
1372	41.524151452280044
1373	41.524151452280044
1374	41.524151452280044
1375	41.524151452280044
1376	41.69823740721712
1377	41.69823740721712
1378	41.69823740721712
1379	41.69823740721712
1380	41.69823740721712
1381	41.69823740721712
1382	41.69823740721712
1383	41.69823740721712
1384	41.69823740721712
1385	41.69823740721712
1386	60.4324233343105
1387	60.4324233343105
1388	60.4324233343105
1389	60.4324233343105
1390	60.4324233343105
1391	60.4324233343105
1392	60.4324233343105
1393	60.4324233343105
1394	60.4324233343105
1395	60.4324233343105
1396	25.324402835557333
1397	25.324402835557333
1398	25.324402835557333
1399	25.324402835557333
1400	25.324402835557333
1401	25.324402835557333
1402	25.324402835557333
1403	25.324402835557333
1404	25.324402835557333
1405	25.324402835557333
1406	47.46041688885051
1407	47.46041688885051
1408	47.46041688885051
1409	47.46041688885051
1410	47.46041688885051
1411	47.46041688885051
1412	47.46041688885051
1413	47.46041688885051
1414	47.46041688885051
1415	47.46041688885051
1416	30.40020773285761
1417	30.40020773285761
1418	30.40020773285761
1419	30.40020773285761
1420	30.40020773285761
1421	30.40020773285761
1422	30.40020773285761
1423	30.40020773285761
1424	30.40020773285761
1425	30.40020773285761
1426	40.46758589861541
1427	40.46758589861541
1428	40.46758589861541
1429	40.46758589861541
1430	40.46758589861541
1431	40.46758589861541
1432	40.46758589861541
1433	40.46758589861541
1434	40.46758589861541
1435	40.46758589861541
1436	44.29256372376678
1437	44.29256372376678
1438	44.29256372376678
1439	44.29256372376678
1440	44.29256372376678
1441	44.29256372376678
1442	44.29256372376678
1443	44.29256372376678
1444	44.29256372376678
1445	44.29256372376678
1446	46.80707875622506
1447	46.80707875622506
1448	46.80707875622506
1449	46.80707875622506
1450	46.80707875622506
1451	46.80707875622506
1452	46.80707875622506
1453	46.80707875622506
1454	46.80707875622506
1455	46.80707875622506
1456	25.321204886657917
1457	25.321204886657917
1458	25.321204886657917
1459	25.321204886657917
1460	25.321204886657917
1461	25.321204886657917
1462	25.321204886657917
1463	25.321204886657917
1464	25.321204886657917
1465	25.321204886657917
1466	39.642829076727345
1467	39.642829076727345
1468	39.642829076727345
1469	39.642829076727345
1470	39.642829076727345
1471	39.642829076727345
1472	39.642829076727345
