0	5.260861744605377
1	5.260861744605377
2	5.260861744605377
3	5.260861744605377
4	5.260861744605377
5	5.260861744605377
6	5.260861744605377
7	5.260861744605377
8	5.260861744605377
9	5.260861744605377
10	2.6492544056727745
11	2.6492544056727745
12	2.6492544056727745
13	2.6492544056727745
14	0.1
15	0.1
16	0.1
17	0.1
18	0.1
19	0.1
20	0.1
21	0.1
22	0.1
23	0.1
24	0.1
25	0.1
26	0.1
27	0.1
28	0.1
29	0.1
30	0.1
31	0.1
32	0.1
33	7.913826391989296
34	7.913826391989296
35	7.913826391989296
36	7.913826391989296
37	7.913826391989296
38	7.913826391989296
39	7.913826391989296
40	7.913826391989296
41	7.913826391989296
42	8.046215930334945
43	8.046215930334945
44	8.046215930334945
45	8.046215930334945
46	8.046215930334945
47	8.046215930334945
48	8.046215930334945
49	8.046215930334945
50	8.046215930334945
51	8.046215930334945
52	2.4613952586566556
53	2.4613952586566556
54	2.4613952586566556
55	2.4613952586566556
56	2.4613952586566556
57	10.0
58	10.0
59	10.0
60	10.0
61	10.0
62	10.0
63	10.0
64	10.0
65	10.0
66	10.0
67	10.0
68	10.0
69	10.0
70	10.0
71	10.0
72	10.0
73	7.46922716664104
74	7.46922716664104
75	7.46922716664104
76	7.46922716664104
77	10.0
78	10.0
79	10.0
80	10.0
81	10.0
82	10.0
83	10.0
84	10.0
85	10.0
86	10.0
87	9.406328782482106
88	4.471655664308265
89	4.471655664308265
90	4.471655664308265
91	4.471655664308265
92	4.471655664308265
93	6.301525673133451
94	6.301525673133451
95	6.301525673133451
96	6.301525673133451
97	6.301525673133451
98	6.301525673133451
99	3.2764028147766506
100	3.2764028147766506
101	3.7874637781367237
102	3.7874637781367237
103	3.7874637781367237
104	3.7874637781367237
105	3.7874637781367237
106	3.7874637781367237
107	3.7874637781367237
108	3.7874637781367237
109	3.7874637781367237
110	3.7874637781367237
111	0.14107646375663485
112	0.14107646375663485
113	0.14107646375663485
114	0.14107646375663485
115	0.14107646375663485
116	0.14107646375663485
117	0.14107646375663485
118	0.14107646375663485
119	2.9100855007712285
120	2.9100855007712285
121	2.9100855007712285
122	2.9100855007712285
123	2.9100855007712285
124	2.9100855007712285
125	2.9100855007712285
126	2.9100855007712285
127	9.402951903792182
128	9.402951903792182
129	9.402951903792182
130	9.402951903792182
131	10.0
132	10.0
133	10.0
134	10.0
135	6.06997243154421
136	6.06997243154421
137	6.06997243154421
138	6.06997243154421
139	6.06997243154421
140	8.965941322893123
141	5.176379122056639
142	5.176379122056639
143	3.5606054925412907
144	3.5606054925412907
145	3.5606054925412907
146	3.5606054925412907
147	3.5606054925412907
148	3.5606054925412907
149	3.5606054925412907
150	3.5606054925412907
151	3.5606054925412907
152	3.5606054925412907
153	6.464050865819341
154	6.464050865819341
155	6.464050865819341
156	6.464050865819341
157	6.464050865819341
158	6.464050865819341
159	6.464050865819341
160	6.464050865819341
161	6.464050865819341
162	6.464050865819341
163	3.9733010120274552
164	9.666182470764985
165	9.666182470764985
166	9.666182470764985
167	9.666182470764985
168	9.666182470764985
169	9.666182470764985
170	9.666182470764985
171	9.666182470764985
172	9.666182470764985
173	5.591780324476611
174	5.591780324476611
175	5.591780324476611
176	5.591780324476611
177	5.591780324476611
178	5.591780324476611
179	5.591780324476611
180	5.591780324476611
181	5.591780324476611
182	5.591780324476611
183	4.73839801361663
184	4.73839801361663
185	4.349216355476222
186	4.349216355476222
187	4.349216355476222
188	4.349216355476222
189	4.349216355476222
190	4.349216355476222
191	4.349216355476222
192	4.349216355476222
193	4.349216355476222
194	4.349216355476222
195	2.248106174329432
196	1.6920224849494039
197	1.6920224849494039
198	4.769360633717961
199	4.769360633717961
200	4.769360633717961
201	4.769360633717961
202	4.769360633717961
203	4.769360633717961
204	4.769360633717961
205	4.769360633717961
206	4.769360633717961
207	4.769360633717961
208	5.170453037594082
209	1.7464687695629575
210	1.7464687695629575
211	1.7464687695629575
212	1.7464687695629575
213	1.7464687695629575
214	1.7464687695629575
215	1.7464687695629575
216	1.7464687695629575
217	1.7464687695629575
218	1.7464687695629575
219	3.927405383619736
220	3.927405383619736
221	2.490259275987376
222	2.490259275987376
223	2.490259275987376
224	2.490259275987376
225	2.490259275987376
226	2.490259275987376
227	2.490259275987376
228	2.490259275987376
229	2.490259275987376
230	2.490259275987376
231	3.070076235606847
232	3.070076235606847
233	3.070076235606847
234	7.303847560609894
235	7.303847560609894
236	0.7678789864643569
237	0.7678789864643569
238	0.7678789864643569
239	5.627706546934345
240	5.627706546934345
241	6.572351183087035
242	6.572351183087035
243	6.572351183087035
244	6.572351183087035
245	6.572351183087035
246	6.572351183087035
247	6.572351183087035
248	6.572351183087035
249	6.572351183087035
250	6.572351183087035
251	6.758842936352724
252	6.758842936352724
253	5.222140703014739
254	5.222140703014739
255	5.222140703014739
256	5.222140703014739
257	5.222140703014739
258	5.222140703014739
259	5.222140703014739
260	5.222140703014739
261	5.222140703014739
262	5.222140703014739
263	0.47888553511991905
264	0.47888553511991905
265	0.47888553511991905
266	0.47888553511991905
267	7.549014691257154
268	7.549014691257154
269	7.549014691257154
270	7.549014691257154
271	7.008884238046418
272	7.008884238046418
273	7.008884238046418
274	7.008884238046418
275	7.008884238046418
276	7.008884238046418
277	7.008884238046418
278	7.008884238046418
279	7.008884238046418
280	7.008884238046418
281	2.6956999722644555
282	2.6956999722644555
283	2.6956999722644555
284	2.6956999722644555
285	2.6956999722644555
286	2.6956999722644555
287	2.6956999722644555
288	2.6956999722644555
289	2.6956999722644555
290	2.6956999722644555
291	10.0
292	10.0
293	10.0
294	10.0
295	10.0
296	10.0
297	10.0
298	5.0206503841818275
299	5.0206503841818275
300	5.0206503841818275
301	6.910535388235889
302	6.910535388235889
303	6.910535388235889
304	6.910535388235889
305	6.910535388235889
306	6.910535388235889
307	6.910535388235889
308	6.910535388235889
309	6.910535388235889
310	6.910535388235889
311	3.1041656277468865
312	3.1041656277468865
313	3.1041656277468865
314	3.1041656277468865
315	6.634422766497674
316	6.634422766497674
317	6.634422766497674
318	6.634422766497674
319	6.634422766497674
320	10.0
321	10.0
322	10.0
323	10.0
324	10.0
325	10.0
326	10.0
327	10.0
328	10.0
329	10.0
330	6.178105680141794
331	10.0
332	10.0
333	10.0
334	10.0
335	10.0
336	10.0
337	10.0
338	10.0
339	10.0
340	10.0
341	8.094814885703839
342	8.094814885703839
343	8.094814885703839
344	8.094814885703839
345	8.094814885703839
346	8.094814885703839
347	8.094814885703839
348	10.0
349	10.0
350	10.0
351	10.0
352	10.0
353	10.0
354	10.0
355	10.0
356	10.0
357	10.0
358	5.49878359791987
359	5.49878359791987
360	5.49878359791987
361	5.49878359791987
362	5.49878359791987
363	5.49878359791987
364	5.49878359791987
365	5.49878359791987
366	5.49878359791987
367	5.49878359791987
368	10.0
369	10.0
370	10.0
371	10.0
372	10.0
373	10.0
374	10.0
375	10.0
376	10.0
377	10.0
378	10.0
379	10.0
380	10.0
381	10.0
382	10.0
383	10.0
384	10.0
385	10.0
386	10.0
387	10.0
388	2.570552535230676
389	2.570552535230676
390	10.0
391	10.0
392	10.0
393	10.0
394	10.0
395	10.0
396	0.1
397	6.717371049569688
398	6.717371049569688
399	5.548602311562168
400	5.548602311562168
401	5.548602311562168
402	5.548602311562168
403	5.548602311562168
404	5.548602311562168
405	5.548602311562168
406	5.548602311562168
407	5.548602311562168
408	5.548602311562168
409	7.45310659075232
410	7.45310659075232
411	7.45310659075232
412	7.45310659075232
413	7.45310659075232
414	7.45310659075232
415	7.45310659075232
416	7.45310659075232
417	7.45310659075232
418	7.45310659075232
419	10.0
420	10.0
421	10.0
422	10.0
423	10.0
424	10.0
425	10.0
426	10.0
427	10.0
428	10.0
429	10.0
430	10.0
431	10.0
432	5.833345455805032
433	5.833345455805032
434	5.833345455805032
435	5.833345455805032
436	5.833345455805032
437	5.833345455805032
438	5.833345455805032
439	5.833345455805032
440	5.833345455805032
441	5.833345455805032
442	8.852974095227468
443	8.852974095227468
444	8.852974095227468
445	8.852974095227468
446	8.852974095227468
447	8.852974095227468
448	8.852974095227468
449	8.852974095227468
450	8.852974095227468
451	2.5697922835022258
452	2.5697922835022258
453	2.5697922835022258
454	2.5697922835022258
455	2.5697922835022258
456	2.5697922835022258
457	2.5697922835022258
458	7.659635801629123
459	7.030535447504099
460	7.030535447504099
461	7.030535447504099
462	7.030535447504099
463	7.030535447504099
464	7.030535447504099
465	7.030535447504099
466	7.030535447504099
467	7.030535447504099
468	7.030535447504099
469	8.17186592098394
470	8.17186592098394
471	8.17186592098394
472	8.17186592098394
473	8.17186592098394
474	8.17186592098394
475	8.17186592098394
476	8.17186592098394
477	8.17186592098394
478	8.17186592098394
479	10.0
480	10.0
481	10.0
482	10.0
483	10.0
484	10.0
485	10.0
486	10.0
487	10.0
488	10.0
489	10.0
490	10.0
491	10.0
492	10.0
493	10.0
494	10.0
495	10.0
496	10.0
497	10.0
498	10.0
499	10.0
500	10.0
501	10.0
502	10.0
503	10.0
504	10.0
505	10.0
506	10.0
507	10.0
508	10.0
509	10.0
510	10.0
511	10.0
512	10.0
513	8.453913430032166
514	8.453913430032166
515	8.453913430032166
516	8.453913430032166
517	8.453913430032166
518	8.453913430032166
519	8.453913430032166
520	8.453913430032166
521	8.453913430032166
522	8.453913430032166
523	10.0
524	10.0
525	10.0
526	10.0
527	10.0
528	10.0
529	3.7145178332528443
530	3.7145178332528443
531	3.7145178332528443
532	3.7145178332528443
533	10.0
534	10.0
535	10.0
536	10.0
537	10.0
538	10.0
539	10.0
540	10.0
541	10.0
542	10.0
543	8.394001373208743
544	8.394001373208743
545	8.394001373208743
546	5.293923244110482
547	5.293923244110482
548	5.293923244110482
549	5.293923244110482
550	5.293923244110482
551	5.293923244110482
552	5.293923244110482
553	5.293923244110482
554	5.293923244110482
555	9.369252230467808
556	9.369252230467808
557	9.369252230467808
558	9.369252230467808
559	6.168557062346952
560	6.168557062346952
561	6.168557062346952
562	6.168557062346952
563	10.0
564	10.0
565	4.945431405306513
566	4.945431405306513
567	4.945431405306513
568	4.632064360801014
569	4.632064360801014
570	4.632064360801014
571	4.632064360801014
572	4.632064360801014
573	4.632064360801014
574	4.632064360801014
575	4.632064360801014
576	4.632064360801014
577	4.632064360801014
578	4.724804751884589
579	4.724804751884589
580	4.724804751884589
581	4.724804751884589
582	4.724804751884589
583	4.724804751884589
584	1.559671840495823
585	1.559671840495823
586	1.559671840495823
587	1.559671840495823
588	1.559671840495823
589	1.559671840495823
590	1.559671840495823
591	1.559671840495823
592	1.559671840495823
593	1.2325077618778177
594	1.2325077618778177
595	1.2325077618778177
596	1.2325077618778177
597	1.2325077618778177
598	1.2325077618778177
599	1.2325077618778177
600	10.0
601	10.0
602	10.0
603	10.0
604	10.0
605	10.0
606	10.0
607	10.0
608	10.0
609	10.0
610	7.578149482738084
611	7.578149482738084
612	7.578149482738084
613	7.578149482738084
614	7.578149482738084
615	7.1959973654277345
616	7.283717150784415
617	7.283717150784415
618	7.283717150784415
619	7.283717150784415
620	7.283717150784415
621	3.6449523166416564
622	3.6449523166416564
623	3.6449523166416564
624	3.6449523166416564
625	0.448266147139317
626	0.448266147139317
627	0.448266147139317
628	10.0
629	10.0
630	10.0
631	10.0
632	10.0
633	10.0
634	10.0
635	10.0
636	10.0
637	10.0
638	10.0
639	10.0
640	10.0
641	7.852909446790521
642	7.852909446790521
643	7.852909446790521
644	7.852909446790521
645	7.852909446790521
646	7.852909446790521
647	3.7166237671639206
648	3.7166237671639206
649	3.7166237671639206
650	3.7166237671639206
651	3.7166237671639206
652	3.7166237671639206
653	3.7166237671639206
654	3.7166237671639206
655	3.7166237671639206
656	3.7166237671639206
657	1.1384398217644183
658	1.1384398217644183
659	1.1384398217644183
660	1.1384398217644183
661	1.1384398217644183
662	1.1384398217644183
663	1.1384398217644183
664	1.1384398217644183
665	1.1384398217644183
666	1.1384398217644183
667	10.0
668	10.0
669	10.0
670	10.0
671	10.0
672	10.0
673	10.0
674	10.0
675	10.0
676	10.0
677	5.531518133136895
678	5.531518133136895
679	5.531518133136895
680	5.531518133136895
681	5.531518133136895
682	5.531518133136895
683	5.531518133136895
684	5.531518133136895
685	5.531518133136895
686	5.531518133136895
687	2.635858823478837
688	2.635858823478837
689	2.635858823478837
690	2.635858823478837
691	2.635858823478837
692	2.635858823478837
693	2.635858823478837
694	2.635858823478837
695	2.635858823478837
696	2.635858823478837
697	3.855747475513223
698	3.855747475513223
699	3.855747475513223
700	3.855747475513223
701	7.523122224713405
702	7.523122224713405
703	7.523122224713405
704	7.523122224713405
705	7.523122224713405
706	7.523122224713405
707	7.523122224713405
708	7.523122224713405
709	7.523122224713405
710	7.523122224713405
711	3.0232338307875417
712	3.0232338307875417
713	3.0232338307875417
714	6.101988664134741
715	6.101988664134741
716	6.101988664134741
717	6.101988664134741
718	6.101988664134741
719	6.101988664134741
720	6.101988664134741
721	6.101988664134741
722	6.101988664134741
723	6.101988664134741
724	5.625573541556298
725	5.625573541556298
726	5.625573541556298
727	5.625573541556298
728	5.625573541556298
729	5.625573541556298
730	5.625573541556298
731	10.0
732	10.0
733	10.0
734	10.0
735	7.545049288988634
736	10.0
737	10.0
738	10.0
739	10.0
740	10.0
741	1.963815619321028
742	1.963815619321028
743	1.963815619321028
744	1.963815619321028
745	1.963815619321028
746	1.963815619321028
747	0.1
748	0.1
749	0.1
750	0.1
751	0.1
752	0.1
753	0.1
754	0.1
755	0.1
756	0.1
757	2.529823798317323
758	2.529823798317323
759	2.529823798317323
760	2.529823798317323
761	2.529823798317323
762	2.529823798317323
763	2.529823798317323
764	2.529823798317323
765	2.529823798317323
766	2.529823798317323
767	4.158278966371532
768	4.158278966371532
769	4.158278966371532
770	4.158278966371532
771	0.4830942300719814
772	0.4830942300719814
773	0.4830942300719814
774	4.584250265072182
775	4.584250265072182
776	2.892591206054357
777	2.892591206054357
778	9.019428092995398
779	9.019428092995398
780	3.030879275116628
781	3.030879275116628
782	6.636775360068642
783	6.636775360068642
784	6.208850098318798
785	6.208850098318798
786	6.208850098318798
787	6.208850098318798
788	6.208850098318798
789	6.208850098318798
790	6.208850098318798
791	6.208850098318798
792	6.208850098318798
793	6.208850098318798
794	10.0
795	10.0
796	10.0
797	10.0
798	10.0
799	10.0
800	10.0
801	10.0
802	10.0
803	10.0
804	5.536054339773012
805	5.536054339773012
806	5.536054339773012
807	5.536054339773012
808	9.409624270086315
809	9.409624270086315
810	9.409624270086315
811	9.409624270086315
812	9.409624270086315
813	9.409624270086315
814	9.409624270086315
815	9.409624270086315
816	9.409624270086315
817	9.409624270086315
818	4.061041985774512
819	7.002140799129294
820	0.1
821	0.1
822	0.1
823	0.1
824	8.605679864755473
825	8.605679864755473
826	8.605679864755473
827	8.605679864755473
828	8.605679864755473
829	8.605679864755473
830	8.605679864755473
831	8.605679864755473
832	8.605679864755473
833	8.605679864755473
834	10.0
835	10.0
836	10.0
837	7.355920399263365
838	7.355920399263365
839	7.355920399263365
840	7.355920399263365
841	7.355920399263365
842	7.355920399263365
843	7.355920399263365
844	7.355920399263365
845	7.355920399263365
846	7.355920399263365
847	7.591726478345694
848	7.591726478345694
849	7.591726478345694
850	7.591726478345694
851	7.591726478345694
852	7.591726478345694
853	7.591726478345694
854	7.591726478345694
855	7.591726478345694
856	7.591726478345694
857	10.0
858	10.0
859	10.0
860	10.0
861	10.0
862	10.0
863	10.0
864	10.0
865	6.7888252595137875
866	8.88856951246083
867	8.88856951246083
868	8.88856951246083
869	8.88856951246083
870	8.88856951246083
871	8.88856951246083
872	8.88856951246083
873	8.88856951246083
874	8.88856951246083
875	8.88856951246083
876	6.707560054629378
877	6.707560054629378
878	6.707560054629378
879	6.707560054629378
880	6.707560054629378
881	6.707560054629378
882	6.707560054629378
883	6.707560054629378
884	6.707560054629378
885	6.707560054629378
886	7.035595664885126
887	7.035595664885126
888	7.035595664885126
889	7.035595664885126
890	7.035595664885126
891	7.035595664885126
892	7.035595664885126
893	7.035595664885126
894	7.035595664885126
895	7.035595664885126
896	7.668283502322087
897	7.668283502322087
898	7.668283502322087
899	2.7312226928025334
900	10.0
901	8.285199968421109
902	8.285199968421109
903	8.285199968421109
904	8.285199968421109
905	8.055257414027894
906	8.055257414027894
907	8.055257414027894
908	8.055257414027894
909	1.5928222778149337
910	1.5928222778149337
911	1.5928222778149337
912	1.5928222778149337
913	1.5928222778149337
914	7.543732399761642
915	7.543732399761642
916	7.543732399761642
917	10.0
918	10.0
919	10.0
920	10.0
921	10.0
922	10.0
923	10.0
924	10.0
925	10.0
926	10.0
927	10.0
928	10.0
929	10.0
930	10.0
931	4.693713668094749
932	4.693713668094749
933	4.693713668094749
934	4.693713668094749
935	4.693713668094749
936	4.693713668094749
937	4.693713668094749
938	4.693713668094749
939	4.693713668094749
940	4.693713668094749
941	5.586749948569494
942	5.586749948569494
943	5.586749948569494
944	5.586749948569494
945	5.586749948569494
946	5.586749948569494
947	5.586749948569494
948	5.586749948569494
949	10.0
950	6.4974352338558115
951	6.4974352338558115
952	6.4974352338558115
953	6.4974352338558115
954	6.4974352338558115
955	6.4974352338558115
956	6.4974352338558115
957	6.4974352338558115
958	6.4974352338558115
959	6.4974352338558115
960	10.0
961	10.0
962	10.0
963	10.0
964	10.0
965	10.0
966	10.0
967	10.0
968	10.0
969	10.0
970	2.1886696807955763
971	2.1886696807955763
972	2.1886696807955763
973	2.1886696807955763
974	2.1886696807955763
975	2.1886696807955763
976	2.1886696807955763
977	2.1886696807955763
978	2.1886696807955763
979	2.1886696807955763
980	7.003453521803314
981	7.003453521803314
982	7.003453521803314
983	7.003453521803314
984	0.6219613336271683
985	0.6219613336271683
986	0.6219613336271683
987	0.6219613336271683
988	0.6219613336271683
989	3.0594931413399156
990	7.259565289214498
991	7.259565289214498
992	7.259565289214498
993	7.259565289214498
994	7.259565289214498
995	7.259565289214498
996	7.259565289214498
997	7.259565289214498
998	7.259565289214498
999	7.259565289214498
1000	3.5090567407588535
1001	3.5090567407588535
1002	3.5090567407588535
1003	10.0
1004	10.0
1005	10.0
1006	10.0
1007	10.0
1008	8.843885201024577
1009	8.843885201024577
1010	8.843885201024577
1011	8.843885201024577
1012	8.843885201024577
1013	8.843885201024577
1014	0.48206301414373876
1015	0.48206301414373876
1016	0.48206301414373876
1017	0.48206301414373876
1018	0.48206301414373876
1019	0.48206301414373876
1020	0.48206301414373876
1021	0.48206301414373876
1022	0.48206301414373876
1023	10.0
1024	10.0
1025	10.0
1026	8.415325301287615
1027	8.415325301287615
1028	8.415325301287615
1029	8.415325301287615
1030	8.415325301287615
1031	8.415325301287615
1032	8.415325301287615
1033	10.0
1034	10.0
1035	4.222931212647063
1036	4.222931212647063
1037	4.222931212647063
1038	10.0
1039	10.0
1040	10.0
1041	10.0
1042	10.0
1043	10.0
1044	10.0
1045	10.0
1046	10.0
1047	10.0
1048	10.0
1049	10.0
1050	10.0
1051	10.0
1052	10.0
1053	10.0
1054	10.0
1055	10.0
1056	5.974352138133255
1057	5.974352138133255
1058	5.974352138133255
1059	5.974352138133255
1060	5.974352138133255
1061	5.974352138133255
1062	5.974352138133255
1063	5.974352138133255
1064	0.1
1065	0.1
1066	0.1
1067	0.1
1068	0.1
1069	0.1
1070	0.1
1071	0.1
1072	0.1
1073	0.1
1074	9.29312620527475
1075	9.29312620527475
1076	9.29312620527475
1077	5.642703355952757
1078	7.350113561284068
1079	10.0
1080	10.0
1081	10.0
1082	10.0
1083	10.0
1084	10.0
1085	3.434918496543723
1086	3.434918496543723
1087	0.1
1088	0.1
1089	4.8652924197378695
1090	4.8652924197378695
1091	3.6616525923026497
1092	3.6616525923026497
1093	3.6616525923026497
1094	3.6616525923026497
1095	3.6616525923026497
1096	3.6616525923026497
1097	3.6616525923026497
1098	8.367746787291763
1099	8.367746787291763
1100	10.0
1101	10.0
1102	9.039452576963779
1103	9.039452576963779
1104	9.039452576963779
1105	9.039452576963779
1106	9.039452576963779
1107	9.437056696783161
1108	9.437056696783161
1109	9.437056696783161
1110	9.437056696783161
1111	6.8745607801327395
1112	6.8745607801327395
1113	6.8745607801327395
1114	6.8745607801327395
1115	6.8745607801327395
1116	6.8745607801327395
1117	6.8745607801327395
1118	6.8745607801327395
1119	8.266843032881821
1120	6.80586407675186
1121	6.80586407675186
1122	6.80586407675186
1123	6.80586407675186
1124	6.80586407675186
1125	6.80586407675186
1126	10.0
1127	10.0
1128	10.0
1129	8.633145177121134
1130	8.633145177121134
1131	8.633145177121134
1132	8.633145177121134
1133	8.633145177121134
1134	6.913186441561656
1135	6.913186441561656
1136	6.913186441561656
1137	6.913186441561656
1138	6.913186441561656
1139	6.913186441561656
1140	10.0
1141	10.0
1142	10.0
1143	5.571799042764374
1144	5.571799042764374
1145	5.571799042764374
1146	5.571799042764374
1147	5.571799042764374
1148	5.571799042764374
1149	5.571799042764374
1150	2.5884395240153086
1151	2.5884395240153086
1152	2.5884395240153086
1153	2.5884395240153086
1154	2.5884395240153086
1155	2.5884395240153086
1156	2.5884395240153086
1157	2.5884395240153086
1158	2.5884395240153086
1159	2.5884395240153086
1160	10.0
1161	10.0
1162	10.0
1163	10.0
1164	10.0
1165	10.0
1166	10.0
1167	10.0
1168	10.0
1169	10.0
1170	0.1
1171	0.1
1172	0.1
1173	0.1
1174	0.1
1175	0.1
1176	0.1
1177	0.1
1178	0.1
1179	0.1
1180	10.0
1181	6.745079199055263
1182	6.745079199055263
1183	6.745079199055263
1184	10.0
1185	10.0
1186	10.0
1187	10.0
1188	1.2543292751071426
1189	1.2543292751071426
1190	5.631663783005495
1191	5.631663783005495
1192	5.631663783005495
1193	5.631663783005495
1194	5.631663783005495
1195	10.0
1196	10.0
1197	10.0
1198	10.0
1199	10.0
1200	10.0
1201	10.0
1202	10.0
1203	7.963724474311258
1204	10.0
1205	10.0
1206	10.0
1207	10.0
1208	10.0
1209	10.0
1210	10.0
1211	10.0
1212	0.7130695494904309
1213	0.7130695494904309
1214	0.7130695494904309
1215	0.7130695494904309
1216	0.7130695494904309
1217	0.7130695494904309
1218	0.7130695494904309
1219	0.7130695494904309
1220	0.7130695494904309
1221	0.7130695494904309
1222	9.723595796334553
1223	9.723595796334553
1224	9.723595796334553
1225	9.723595796334553
1226	9.723595796334553
1227	9.723595796334553
1228	9.723595796334553
1229	9.723595796334553
1230	9.723595796334553
1231	9.723595796334553
1232	4.77203070765302
1233	4.77203070765302
1234	4.77203070765302
1235	4.77203070765302
1236	4.77203070765302
1237	4.77203070765302
1238	4.77203070765302
1239	4.77203070765302
1240	4.534895164239975
1241	4.534895164239975
1242	4.534895164239975
1243	4.534895164239975
1244	4.534895164239975
1245	4.534895164239975
1246	4.534895164239975
1247	4.534895164239975
1248	7.0777002110056655
1249	10.0
1250	10.0
1251	10.0
1252	10.0
1253	10.0
1254	10.0
1255	10.0
1256	10.0
1257	10.0
1258	10.0
1259	10.0
1260	10.0
1261	10.0
1262	10.0
1263	10.0
1264	10.0
1265	7.336630502957532
1266	7.336630502957532
1267	7.336630502957532
1268	7.336630502957532
1269	7.336630502957532
1270	7.336630502957532
1271	7.336630502957532
1272	7.336630502957532
1273	7.336630502957532
1274	7.336630502957532
1275	1.9286330396275675
1276	1.9286330396275675
1277	1.9286330396275675
1278	1.9286330396275675
1279	1.9286330396275675
1280	1.9286330396275675
1281	1.9286330396275675
1282	1.9286330396275675
1283	8.30667021748901
1284	8.30667021748901
1285	8.30667021748901
1286	3.8487882812510468
1287	3.8487882812510468
1288	3.8487882812510468
1289	3.8487882812510468
1290	3.8487882812510468
1291	0.453037843416209
1292	0.453037843416209
1293	0.453037843416209
1294	0.453037843416209
1295	0.453037843416209
1296	0.453037843416209
1297	0.453037843416209
1298	0.453037843416209
1299	0.453037843416209
1300	10.0
1301	10.0
1302	10.0
1303	10.0
1304	10.0
1305	10.0
1306	10.0
1307	10.0
1308	10.0
1309	8.74652929500727
1310	8.74652929500727
1311	8.74652929500727
1312	8.74652929500727
1313	8.74652929500727
1314	8.74652929500727
1315	8.74652929500727
1316	8.74652929500727
1317	8.74652929500727
1318	8.74652929500727
1319	7.383304041399777
1320	7.383304041399777
1321	7.383304041399777
1322	7.383304041399777
1323	7.383304041399777
1324	7.383304041399777
1325	7.383304041399777
1326	7.383304041399777
1327	7.383304041399777
1328	7.383304041399777
1329	5.088934388596051
1330	5.088934388596051
1331	5.088934388596051
1332	5.088934388596051
1333	3.337285618358254
1334	3.337285618358254
1335	3.337285618358254
1336	3.337285618358254
1337	3.337285618358254
1338	3.337285618358254
1339	3.337285618358254
1340	3.337285618358254
1341	3.337285618358254
1342	3.337285618358254
1343	10.0
1344	10.0
1345	10.0
1346	10.0
1347	10.0
1348	10.0
1349	10.0
1350	10.0
1351	10.0
1352	10.0
1353	10.0
1354	10.0
1355	10.0
1356	10.0
1357	7.939530216215571
1358	7.939530216215571
1359	7.939530216215571
1360	7.939530216215571
1361	7.939530216215571
1362	7.939530216215571
1363	7.939530216215571
1364	7.939530216215571
1365	7.939530216215571
1366	7.939530216215571
1367	2.7106035070034618
1368	2.7106035070034618
1369	2.7106035070034618
1370	2.7106035070034618
1371	2.7106035070034618
1372	2.7106035070034618
1373	2.7106035070034618
1374	2.7106035070034618
1375	2.7106035070034618
1376	2.7106035070034618
1377	3.32857289089186
1378	3.32857289089186
1379	3.32857289089186
1380	3.32857289089186
1381	3.32857289089186
1382	3.32857289089186
1383	7.5905173715849585
1384	7.5905173715849585
1385	7.5905173715849585
1386	7.5905173715849585
1387	7.5905173715849585
1388	2.99287331816229
1389	2.99287331816229
1390	2.99287331816229
1391	2.99287331816229
1392	2.99287331816229
1393	2.99287331816229
1394	2.99287331816229
1395	2.99287331816229
1396	2.99287331816229
1397	2.99287331816229
1398	2.5620525721992213
1399	2.5620525721992213
1400	2.5620525721992213
1401	2.5620525721992213
1402	2.5620525721992213
1403	2.5620525721992213
1404	2.5620525721992213
1405	2.5620525721992213
1406	2.5620525721992213
1407	2.5620525721992213
1408	7.2978076370021725
1409	7.2978076370021725
1410	7.2978076370021725
1411	7.2978076370021725
1412	7.2978076370021725
1413	7.2978076370021725
1414	4.031568113623086
1415	4.031568113623086
1416	4.031568113623086
1417	4.031568113623086
1418	4.031568113623086
1419	4.031568113623086
1420	4.031568113623086
1421	4.031568113623086
1422	4.031568113623086
1423	4.031568113623086
1424	7.346375143273402
1425	7.346375143273402
1426	7.346375143273402
1427	7.346375143273402
1428	7.346375143273402
1429	7.346375143273402
1430	10.0
1431	10.0
1432	6.56590011343208
1433	6.56590011343208
1434	6.56590011343208
1435	6.56590011343208
1436	6.56590011343208
1437	6.56590011343208
1438	6.56590011343208
1439	6.56590011343208
1440	6.56590011343208
1441	6.56590011343208
1442	9.884234297174002
1443	9.884234297174002
1444	9.884234297174002
1445	9.884234297174002
1446	9.884234297174002
1447	9.884234297174002
1448	9.884234297174002
1449	9.884234297174002
1450	9.884234297174002
1451	9.884234297174002
1452	10.0
1453	10.0
1454	10.0
1455	10.0
1456	10.0
1457	10.0
1458	10.0
1459	10.0
1460	10.0
1461	10.0
1462	2.023268571647487
1463	2.023268571647487
1464	2.023268571647487
1465	2.023268571647487
1466	2.023268571647487
1467	2.023268571647487
1468	2.023268571647487
1469	2.023268571647487
1470	2.023268571647487
1471	2.023268571647487
1472	9.511460747527316
1473	9.511460747527316
1474	9.511460747527316
1475	9.511460747527316
1476	9.511460747527316
1477	9.511460747527316
1478	9.511460747527316
1479	9.511460747527316
1480	9.511460747527316
1481	9.511460747527316
1482	0.11381980448230689
1483	0.11381980448230689
1484	0.11381980448230689
1485	0.11381980448230689
1486	0.11381980448230689
1487	0.11381980448230689
1488	0.11381980448230689
1489	0.11381980448230689
1490	0.11381980448230689
1491	0.11381980448230689
1492	0.18477131323966223
1493	0.18477131323966223
1494	0.18477131323966223
1495	0.18477131323966223
1496	0.18477131323966223
1497	0.18477131323966223
1498	0.18477131323966223
1499	0.18477131323966223
1500	0.18477131323966223
1501	0.18477131323966223
1502	10.0
1503	10.0
1504	10.0
1505	10.0
1506	10.0
1507	10.0
1508	10.0
1509	10.0
1510	10.0
1511	10.0
1512	7.870480864645369
1513	3.5522434377901106
1514	3.5522434377901106
1515	2.8704344793338894
1516	2.4119792418052763
1517	2.4119792418052763
1518	2.4119792418052763
1519	2.4119792418052763
1520	2.4119792418052763
1521	2.4119792418052763
1522	2.4119792418052763
1523	2.4119792418052763
1524	2.4119792418052763
1525	2.4119792418052763
1526	2.4384294155743627
1527	2.4384294155743627
1528	2.4384294155743627
1529	2.4384294155743627
1530	2.4384294155743627
1531	3.9150840046062862
1532	3.9150840046062862
1533	3.9150840046062862
1534	3.9150840046062862
1535	3.9150840046062862
1536	3.9150840046062862
1537	3.9150840046062862
1538	6.731252849808717
1539	6.731252849808717
1540	6.731252849808717
1541	6.731252849808717
1542	6.731252849808717
1543	6.731252849808717
1544	6.731252849808717
1545	6.731252849808717
1546	6.731252849808717
1547	6.731252849808717
1548	6.350897536921428
1549	6.350897536921428
1550	6.350897536921428
1551	6.350897536921428
1552	6.350897536921428
1553	6.350897536921428
1554	6.350897536921428
1555	6.350897536921428
1556	6.350897536921428
1557	6.350897536921428
1558	4.895594409583784
1559	4.895594409583784
1560	4.895594409583784
1561	4.895594409583784
1562	0.9866670878618811
1563	0.9866670878618811
1564	0.9866670878618811
1565	0.9866670878618811
1566	0.9866670878618811
1567	3.8972755006324284
1568	4.217646685109809
1569	4.217646685109809
1570	4.217646685109809
1571	4.217646685109809
1572	4.217646685109809
1573	4.217646685109809
1574	4.217646685109809
1575	4.217646685109809
1576	4.217646685109809
1577	4.217646685109809
1578	3.5176864163062875
1579	3.5176864163062875
1580	10.0
1581	7.576648229512862
1582	7.576648229512862
1583	7.576648229512862
1584	7.576648229512862
1585	7.576648229512862
1586	7.576648229512862
1587	7.576648229512862
1588	7.576648229512862
1589	7.576648229512862
1590	7.576648229512862
1591	4.062386666574151
1592	4.062386666574151
1593	4.062386666574151
1594	4.062386666574151
1595	4.062386666574151
1596	4.062386666574151
1597	4.062386666574151
1598	4.062386666574151
1599	4.062386666574151
1600	6.767680829604219
1601	6.767680829604219
1602	9.252022141685018
1603	9.252022141685018
1604	9.252022141685018
1605	9.252022141685018
1606	9.252022141685018
1607	9.252022141685018
1608	9.252022141685018
1609	9.252022141685018
1610	9.252022141685018
1611	9.252022141685018
1612	0.1
1613	0.1
1614	0.1
1615	0.1
1616	0.1
1617	0.1
1618	4.492213821753411
1619	4.492213821753411
1620	4.492213821753411
1621	4.492213821753411
1622	4.492213821753411
1623	1.522234394450479
1624	1.522234394450479
1625	1.522234394450479
1626	1.522234394450479
1627	1.522234394450479
1628	1.522234394450479
1629	1.522234394450479
1630	1.522234394450479
1631	1.522234394450479
1632	1.522234394450479
1633	0.1
1634	0.1
1635	0.1
1636	0.1
1637	0.1
1638	0.1
1639	0.1
1640	0.1
1641	0.1
1642	0.1
1643	0.41681266595142086
1644	0.41681266595142086
1645	0.41681266595142086
1646	0.41681266595142086
1647	4.566117207091872
1648	4.566117207091872
1649	4.632280157358479
1650	4.632280157358479
1651	4.632280157358479
1652	4.632280157358479
1653	4.632280157358479
1654	10.0
1655	10.0
1656	10.0
1657	10.0
1658	10.0
1659	10.0
1660	6.688428347140438
1661	6.688428347140438
1662	6.688428347140438
1663	6.736030136514957
1664	6.736030136514957
1665	6.736030136514957
1666	6.736030136514957
1667	6.736030136514957
1668	6.736030136514957
1669	6.736030136514957
1670	6.736030136514957
1671	6.736030136514957
1672	6.736030136514957
1673	0.1
1674	0.1
1675	0.1
1676	0.1
1677	0.1
1678	0.1
1679	0.1
1680	0.1
1681	6.242151608822006
1682	6.242151608822006
1683	6.242151608822006
1684	6.242151608822006
1685	6.242151608822006
1686	6.242151608822006
1687	6.242151608822006
1688	6.242151608822006
1689	6.242151608822006
1690	6.242151608822006
1691	1.9815240706162451
1692	1.9815240706162451
1693	1.9815240706162451
1694	1.9815240706162451
1695	1.9815240706162451
1696	1.9815240706162451
1697	1.9815240706162451
1698	1.9815240706162451
1699	1.9815240706162451
1700	1.9815240706162451
1701	2.6047235914958913
1702	2.6047235914958913
1703	2.6047235914958913
1704	6.427242819568566
1705	6.427242819568566
1706	6.427242819568566
1707	6.427242819568566
1708	6.427242819568566
1709	7.640640786043245
1710	7.640640786043245
1711	7.816288160448169
1712	7.816288160448169
1713	7.816288160448169
1714	7.816288160448169
1715	5.123544844511897
1716	5.123544844511897
1717	5.123544844511897
1718	6.175619521854785
1719	6.175619521854785
1720	6.175619521854785
1721	6.175619521854785
1722	6.175619521854785
1723	6.175619521854785
1724	9.712088573092768
1725	9.712088573092768
1726	9.712088573092768
1727	9.712088573092768
1728	9.712088573092768
1729	9.712088573092768
1730	9.712088573092768
1731	9.712088573092768
1732	9.712088573092768
1733	9.712088573092768
1734	10.0
1735	10.0
1736	10.0
1737	10.0
1738	10.0
1739	10.0
1740	10.0
1741	10.0
1742	10.0
1743	10.0
1744	10.0
1745	10.0
1746	10.0
1747	10.0
1748	10.0
1749	10.0
1750	10.0
1751	10.0
1752	10.0
1753	10.0
1754	10.0
1755	10.0
1756	10.0
1757	10.0
1758	10.0
1759	10.0
1760	10.0
1761	10.0
1762	10.0
1763	10.0
1764	10.0
1765	10.0
1766	10.0
1767	10.0
1768	7.176148723313021
