0	3.6978197175846796
1	3.6978197175846796
2	3.6978197175846796
3	3.6978197175846796
4	9.721184926675257
5	9.721184926675257
6	10.0
7	4.387336715482293
8	4.387336715482293
9	4.387336715482293
10	4.387336715482293
11	4.387336715482293
12	4.387336715482293
13	4.387336715482293
14	4.387336715482293
15	4.387336715482293
16	4.387336715482293
17	5.477673399038764
18	5.477673399038764
19	5.477673399038764
20	5.477673399038764
21	5.477673399038764
22	5.477673399038764
23	5.477673399038764
24	5.477673399038764
25	5.477673399038764
26	5.477673399038764
27	6.5514455650595895
28	6.5514455650595895
29	6.5514455650595895
30	6.5514455650595895
31	6.5514455650595895
32	6.5514455650595895
33	6.5514455650595895
34	5.38044461724761
35	2.0872573792058517
36	2.0872573792058517
37	2.0872573792058517
38	2.0872573792058517
39	2.0872573792058517
40	2.0872573792058517
41	2.0872573792058517
42	2.0872573792058517
43	2.0872573792058517
44	2.0872573792058517
45	2.0872573792058517
46	2.0872573792058517
47	2.3714936342437225
48	2.3714936342437225
49	2.3714936342437225
50	2.3714936342437225
51	2.3714936342437225
52	3.9189603330757894
53	3.9189603330757894
54	3.9189603330757894
55	3.9189603330757894
56	3.9189603330757894
57	3.9189603330757894
58	3.9189603330757894
59	3.9189603330757894
60	3.9189603330757894
61	3.9189603330757894
62	3.9189603330757894
63	3.9189603330757894
64	5.960664590781749
65	5.960664590781749
66	5.960664590781749
67	5.960664590781749
68	5.960664590781749
69	5.960664590781749
70	5.960664590781749
71	5.960664590781749
72	5.960664590781749
73	5.960664590781749
74	8.039152156789239
75	8.039152156789239
76	8.039152156789239
77	8.039152156789239
78	8.039152156789239
79	8.039152156789239
80	8.039152156789239
81	8.039152156789239
82	8.039152156789239
83	8.039152156789239
84	8.039152156789239
85	8.039152156789239
86	5.101013285524323
87	5.101013285524323
88	5.101013285524323
89	5.101013285524323
90	10.0
91	10.0
92	10.0
93	10.0
94	6.6585203785090075
95	6.6585203785090075
96	7.514866431099099
97	10.0
98	10.0
99	10.0
100	10.0
101	10.0
102	10.0
103	10.0
104	10.0
105	7.779492141846244
106	7.779492141846244
107	7.779492141846244
108	7.429935110838458
109	7.429935110838458
110	7.429935110838458
111	7.500731328282934
112	7.500731328282934
113	7.500731328282934
114	7.500731328282934
115	7.500731328282934
116	7.500731328282934
117	7.500731328282934
118	7.500731328282934
119	7.500731328282934
120	7.500731328282934
121	7.500731328282934
122	7.500731328282934
123	6.033671999521446
124	6.033671999521446
125	5.214567625863881
126	5.214567625863881
127	5.214567625863881
128	5.135114781595181
129	5.135114781595181
130	5.135114781595181
131	4.290293468863897
132	4.290293468863897
133	4.290293468863897
134	4.290293468863897
135	4.290293468863897
136	4.290293468863897
137	4.290293468863897
138	4.90300000013702
139	7.045898694466164
140	8.168340559978983
141	8.330338433955562
142	8.330338433955562
143	8.330338433955562
144	8.330338433955562
145	8.330338433955562
146	8.330338433955562
147	8.330338433955562
148	8.330338433955562
149	8.330338433955562
150	8.330338433955562
151	8.330338433955562
152	8.330338433955562
153	8.381790829895213
154	8.381790829895213
155	8.381790829895213
156	8.381790829895213
157	8.381790829895213
158	6.009705477726158
159	9.457568295304817
160	9.457568295304817
161	5.910525018196911
162	10.0
163	10.0
164	10.0
165	10.0
166	10.0
167	10.0
168	10.0
169	10.0
170	10.0
171	10.0
172	10.0
173	10.0
174	10.0
175	10.0
176	10.0
177	10.0
178	10.0
179	10.0
180	10.0
181	10.0
182	7.285186921360343
183	7.285186921360343
184	7.285186921360343
185	7.285186921360343
186	7.285186921360343
187	7.285186921360343
188	4.330346646579329
189	4.330346646579329
190	4.330346646579329
191	4.330346646579329
192	4.330346646579329
193	4.330346646579329
194	4.330346646579329
195	4.330346646579329
196	4.330346646579329
197	4.330346646579329
198	4.330346646579329
199	4.330346646579329
200	10.0
201	10.0
202	10.0
203	10.0
204	10.0
205	10.0
206	10.0
207	10.0
208	9.36983348346137
209	10.0
210	8.336558077522755
211	8.336558077522755
212	8.336558077522755
213	8.336558077522755
214	6.704478167430521
215	6.704478167430521
216	6.704478167430521
217	6.704478167430521
218	6.704478167430521
219	6.704478167430521
220	10.0
221	10.0
222	8.309338928117084
223	7.486947532913694
224	7.486947532913694
225	7.486947532913694
226	7.486947532913694
227	7.486947532913694
228	7.486947532913694
229	7.486947532913694
230	7.486947532913694
231	7.486947532913694
232	7.486947532913694
233	7.486947532913694
234	7.486947532913694
235	10.0
236	10.0
237	10.0
238	10.0
239	10.0
240	10.0
241	10.0
242	10.0
243	10.0
244	10.0
245	7.601441150131911
246	10.0
247	10.0
248	10.0
249	10.0
250	10.0
251	10.0
252	10.0
253	10.0
254	10.0
255	10.0
256	10.0
257	10.0
258	10.0
259	10.0
260	10.0
261	10.0
262	10.0
263	10.0
264	10.0
265	10.0
266	7.741956419076763
267	10.0
268	10.0
269	10.0
270	10.0
271	10.0
272	6.8279062655243505
273	6.8279062655243505
274	2.944296575164963
275	2.944296575164963
276	2.944296575164963
277	5.504244139171663
278	5.504244139171663
279	5.504244139171663
280	5.504244139171663
281	5.504244139171663
282	5.504244139171663
283	5.504244139171663
284	5.504244139171663
285	5.504244139171663
286	3.8972990687843243
287	3.8972990687843243
288	3.8972990687843243
289	3.8972990687843243
290	3.8972990687843243
291	3.8972990687843243
292	3.8972990687843243
293	3.8972990687843243
294	3.8972990687843243
295	5.820555621608098
296	5.820555621608098
297	6.0785736691246735
298	6.0785736691246735
299	6.0785736691246735
300	6.0785736691246735
301	6.0785736691246735
302	6.0785736691246735
303	6.0785736691246735
304	6.0785736691246735
305	6.0785736691246735
306	6.0785736691246735
307	6.0785736691246735
308	6.0785736691246735
309	5.942852323990097
310	5.7678619157889806
311	5.7678619157889806
312	5.7678619157889806
313	5.7678619157889806
314	5.7678619157889806
315	5.7678619157889806
316	3.2882474913736752
317	3.2882474913736752
318	3.2882474913736752
319	3.2882474913736752
320	3.2882474913736752
321	3.2882474913736752
322	3.2882474913736752
323	3.2882474913736752
324	3.2882474913736752
325	3.2882474913736752
326	3.2882474913736752
327	3.2882474913736752
328	8.474762569631242
329	8.474762569631242
330	8.474762569631242
331	8.474762569631242
332	8.474762569631242
333	8.474762569631242
334	8.474762569631242
335	6.506069481153798
336	6.506069481153798
337	6.506069481153798
338	6.506069481153798
339	6.506069481153798
340	6.506069481153798
341	6.506069481153798
342	6.506069481153798
343	6.506069481153798
344	6.506069481153798
345	6.506069481153798
346	6.506069481153798
347	2.299932538276986
348	2.299932538276986
349	2.299932538276986
350	2.299932538276986
351	2.299932538276986
352	2.299932538276986
353	2.299932538276986
354	5.079243718325017
355	5.079243718325017
356	5.079243718325017
357	5.079243718325017
358	5.079243718325017
359	5.079243718325017
360	5.079243718325017
361	5.079243718325017
362	5.079243718325017
363	5.079243718325017
364	7.470925228261419
365	7.470925228261419
366	7.470925228261419
367	7.470925228261419
368	7.470925228261419
369	7.470925228261419
370	7.470925228261419
371	7.470925228261419
372	7.470925228261419
373	7.470925228261419
374	7.470925228261419
375	7.470925228261419
376	4.480532738847752
377	4.480532738847752
378	4.480532738847752
379	4.480532738847752
380	4.480532738847752
381	4.480532738847752
382	4.480532738847752
383	4.480532738847752
384	4.480532738847752
385	6.14256928862594
386	6.14256928862594
387	6.14256928862594
388	6.14256928862594
389	6.14256928862594
390	6.075590778632163
391	6.075590778632163
392	6.075590778632163
393	6.075590778632163
394	6.075590778632163
395	6.075590778632163
396	6.075590778632163
397	6.075590778632163
398	6.075590778632163
399	6.075590778632163
400	6.075590778632163
401	6.075590778632163
402	6.636888036113397
403	6.462701632982264
404	6.462701632982264
405	10.0
406	10.0
407	10.0
408	10.0
409	10.0
410	10.0
411	10.0
412	10.0
413	10.0
414	10.0
415	10.0
416	10.0
417	2.6740463481439596
418	2.6740463481439596
419	2.6740463481439596
420	8.767270614392906
421	9.551498294237774
422	9.355494369717047
423	9.355494369717047
424	9.355494369717047
425	9.355494369717047
426	9.355494369717047
427	9.355494369717047
428	9.355494369717047
429	9.355494369717047
430	7.742816973042855
431	7.742816973042855
432	7.742816973042855
433	7.742816973042855
434	7.742816973042855
435	7.742816973042855
436	7.742816973042855
437	7.742816973042855
438	7.742816973042855
439	7.742816973042855
440	7.742816973042855
441	7.742816973042855
442	10.0
443	10.0
444	10.0
445	10.0
446	10.0
447	10.0
448	10.0
449	10.0
450	10.0
451	10.0
452	10.0
453	10.0
454	10.0
455	10.0
456	10.0
457	3.9732063591236058
458	3.9732063591236058
459	3.9732063591236058
460	6.170952047666265
461	6.170952047666265
462	6.170952047666265
463	6.170952047666265
464	6.170952047666265
465	6.170952047666265
466	3.9367656207536763
467	3.9367656207536763
468	3.9367656207536763
469	3.9367656207536763
470	10.0
471	2.959309521788443
472	2.959309521788443
473	5.648340256664556
474	5.648340256664556
475	5.648340256664556
476	5.648340256664556
477	5.648340256664556
478	5.648340256664556
479	5.648340256664556
480	5.648340256664556
481	5.648340256664556
482	5.648340256664556
483	5.648340256664556
484	8.30318231156845
485	8.30318231156845
486	8.30318231156845
487	8.30318231156845
488	8.30318231156845
489	8.30318231156845
490	4.6447975794666805
491	4.6447975794666805
492	4.6447975794666805
493	4.6447975794666805
494	3.3102880467964093
495	3.3102880467964093
496	3.3102880467964093
497	3.3102880467964093
498	3.3102880467964093
499	3.3102880467964093
500	3.3102880467964093
501	3.3102880467964093
502	2.859954106339834
503	2.859954106339834
504	2.859954106339834
505	2.859954106339834
506	2.859954106339834
507	7.935967469616434
508	7.935967469616434
509	7.859437739014136
510	7.859437739014136
511	7.859437739014136
512	7.859437739014136
513	7.859437739014136
514	7.859437739014136
515	7.859437739014136
516	7.859437739014136
517	7.859437739014136
518	7.859437739014136
519	10.0
520	10.0
521	10.0
522	10.0
523	10.0
524	10.0
525	10.0
526	10.0
527	10.0
528	10.0
529	10.0
530	10.0
531	10.0
532	8.554253705318967
533	10.0
534	10.0
535	10.0
536	10.0
537	10.0
538	10.0
539	10.0
540	10.0
541	10.0
542	8.368485805137203
543	8.368485805137203
544	8.368485805137203
545	8.368485805137203
546	8.368485805137203
547	8.368485805137203
548	8.368485805137203
549	8.368485805137203
550	7.145519887865855
551	7.145519887865855
552	8.163797354833306
553	8.163797354833306
554	8.163797354833306
555	8.163797354833306
556	8.163797354833306
557	8.163797354833306
558	8.163797354833306
559	8.163797354833306
560	8.163797354833306
561	7.172177323897463
562	7.172177323897463
563	7.172177323897463
564	7.172177323897463
565	7.172177323897463
566	7.172177323897463
567	7.172177323897463
568	7.172177323897463
569	7.172177323897463
570	6.7153834920320605
571	6.7153834920320605
572	6.7153834920320605
573	6.7153834920320605
574	6.7153834920320605
575	6.7153834920320605
576	6.7153834920320605
577	6.7153834920320605
578	6.7153834920320605
579	6.7153834920320605
580	6.7153834920320605
581	5.083718790259837
582	5.083718790259837
583	5.083718790259837
584	5.083718790259837
585	5.083718790259837
586	7.775323817751991
587	7.775323817751991
588	7.775323817751991
589	7.775323817751991
590	7.775323817751991
591	7.775323817751991
592	7.775323817751991
593	7.775323817751991
594	7.775323817751991
595	7.775323817751991
596	7.775323817751991
597	7.775323817751991
598	10.0
599	10.0
600	9.34051626983417
601	9.34051626983417
602	9.34051626983417
603	9.34051626983417
604	9.34051626983417
605	9.34051626983417
606	9.34051626983417
607	9.34051626983417
608	9.34051626983417
609	9.048130989033806
610	9.048130989033806
611	4.600548724724812
612	4.600548724724812
613	4.600548724724812
614	4.600548724724812
615	4.600548724724812
616	4.600548724724812
617	4.600548724724812
618	8.095097140297272
619	8.095097140297272
620	8.095097140297272
621	8.095097140297272
622	8.095097140297272
623	8.095097140297272
624	8.095097140297272
625	8.095097140297272
626	8.095097140297272
627	8.095097140297272
628	8.095097140297272
629	8.095097140297272
630	9.088809062660962
631	10.0
632	6.6507488724832005
633	6.6507488724832005
634	6.6507488724832005
635	2.368106909913672
636	2.368106909913672
637	2.368106909913672
638	2.6879677834985722
639	2.6879677834985722
640	2.6879677834985722
641	2.6879677834985722
642	2.6879677834985722
643	3.025068172028025
644	1.243569205871752
645	1.243569205871752
646	5.242924671144333
647	5.242924671144333
648	5.242924671144333
649	5.242924671144333
650	5.242924671144333
651	5.242924671144333
652	5.242924671144333
653	4.4925864740077355
654	4.4925864740077355
655	4.4925864740077355
656	5.859721002845761
657	5.859721002845761
658	5.859721002845761
659	5.859721002845761
660	5.859721002845761
661	5.859721002845761
662	5.859721002845761
663	5.859721002845761
664	8.364608049283534
665	8.364608049283534
666	8.364608049283534
667	8.364608049283534
668	8.364608049283534
669	8.364608049283534
670	8.364608049283534
671	8.364608049283534
672	8.364608049283534
673	8.364608049283534
674	8.364608049283534
675	8.364608049283534
676	6.296319293241322
677	6.296319293241322
678	7.6837473954237225
679	7.6837473954237225
680	7.6837473954237225
681	7.6837473954237225
682	4.621431745284787
683	4.621431745284787
684	4.621431745284787
685	4.621431745284787
686	4.621431745284787
687	4.621431745284787
688	4.621431745284787
689	7.244953461846212
690	7.244953461846212
691	7.244953461846212
692	7.244953461846212
693	3.009329582951616
694	3.009329582951616
695	3.009329582951616
696	3.009329582951616
697	3.009329582951616
698	4.966838968491039
699	0.927043996207602
700	0.927043996207602
701	0.927043996207602
702	0.927043996207602
703	5.712535982243884
704	5.712535982243884
705	5.712535982243884
706	5.712535982243884
707	5.712535982243884
708	8.521351447911165
709	10.0
710	10.0
711	10.0
712	10.0
713	10.0
714	3.3061729469160577
715	3.3061729469160577
716	3.3061729469160577
717	3.3061729469160577
718	3.3061729469160577
719	3.3061729469160577
720	3.3061729469160577
721	3.3061729469160577
722	3.3061729469160577
723	3.3061729469160577
724	3.3061729469160577
725	3.3061729469160577
726	8.279494479047083
727	8.279494479047083
728	8.279494479047083
729	8.279494479047083
730	8.279494479047083
731	8.279494479047083
732	8.279494479047083
733	8.279494479047083
734	8.279494479047083
735	8.279494479047083
736	8.279494479047083
737	8.279494479047083
738	8.398002463427458
739	8.398002463427458
740	8.398002463427458
741	8.398002463427458
742	8.398002463427458
743	8.398002463427458
744	8.398002463427458
745	10.0
746	10.0
747	10.0
748	10.0
749	10.0
750	10.0
751	10.0
752	10.0
753	10.0
754	10.0
755	10.0
756	6.636783913482509
757	6.636783913482509
758	6.636783913482509
759	6.636783913482509
760	6.636783913482509
761	6.636783913482509
762	6.636783913482509
763	6.636783913482509
764	6.636783913482509
765	6.636783913482509
766	6.636783913482509
767	6.636783913482509
768	8.467407837849725
769	8.467407837849725
770	8.467407837849725
771	8.467407837849725
772	8.467407837849725
773	8.467407837849725
774	8.467407837849725
775	8.467407837849725
776	8.467407837849725
777	8.467407837849725
778	8.467407837849725
779	7.565295578182888
780	7.565295578182888
781	7.565295578182888
782	7.565295578182888
783	10.0
784	10.0
785	10.0
786	10.0
787	10.0
788	10.0
789	10.0
790	10.0
791	10.0
792	10.0
793	10.0
794	6.700223543954613
795	6.700223543954613
796	6.700223543954613
797	6.700223543954613
798	10.0
799	10.0
800	10.0
801	10.0
802	10.0
803	10.0
804	10.0
805	5.488714846649985
806	10.0
807	10.0
808	10.0
809	10.0
810	10.0
811	3.9980543648246814
812	3.9980543648246814
813	3.9980543648246814
814	3.9980543648246814
815	8.829502912169934
816	8.829502912169934
817	8.829502912169934
818	8.829502912169934
819	8.829502912169934
820	8.829502912169934
821	8.829502912169934
822	8.829502912169934
823	8.829502912169934
824	8.829502912169934
825	8.829502912169934
826	10.0
827	10.0
828	5.070010921447685
829	5.070010921447685
830	10.0
831	10.0
832	10.0
833	10.0
834	8.066260160709671
835	8.493293925612086
836	9.750181108826249
837	9.750181108826249
838	9.750181108826249
839	9.750181108826249
840	9.750181108826249
841	6.924249731967902
842	6.924249731967902
843	4.758182896860701
844	2.2401483294648306
845	2.2401483294648306
846	2.2401483294648306
847	2.2401483294648306
848	2.2401483294648306
849	2.2401483294648306
850	2.2401483294648306
851	2.2401483294648306
852	2.2401483294648306
853	2.2401483294648306
854	2.2401483294648306
855	2.2401483294648306
856	6.84521076698126
857	6.84521076698126
858	6.84521076698126
859	6.84521076698126
860	6.84521076698126
861	6.84521076698126
862	7.402897437943862
863	7.402897437943862
864	7.402897437943862
865	7.402897437943862
866	7.402897437943862
867	7.402897437943862
868	7.402897437943862
869	7.402897437943862
870	4.8852394948123115
871	4.8852394948123115
872	4.8852394948123115
873	4.8852394948123115
874	3.982419844986973
875	3.982419844986973
876	3.982419844986973
877	3.982419844986973
878	3.982419844986973
879	3.982419844986973
880	9.30697458741258
881	5.320983298562322
882	5.320983298562322
883	5.320983298562322
884	7.7999667720019135
885	7.7999667720019135
886	7.7999667720019135
887	7.7999667720019135
888	7.7999667720019135
889	7.7999667720019135
890	7.7999667720019135
891	7.7999667720019135
892	7.7999667720019135
893	7.7999667720019135
894	6.44975323367625
895	6.44975323367625
896	6.44975323367625
897	7.979810892984254
898	7.979810892984254
899	7.979810892984254
900	7.979810892984254
901	7.979810892984254
902	7.979810892984254
903	4.1738618811213755
904	4.1738618811213755
905	4.1738618811213755
906	4.1738618811213755
907	5.8624097569370175
908	5.8624097569370175
909	5.8624097569370175
910	5.8624097569370175
911	5.8624097569370175
912	5.8624097569370175
913	5.8624097569370175
914	5.8624097569370175
915	5.8624097569370175
916	5.8624097569370175
917	5.8624097569370175
918	3.8913703465666067
919	3.8913703465666067
920	3.8913703465666067
921	3.8913703465666067
922	3.8913703465666067
923	3.8913703465666067
924	3.8913703465666067
925	3.8913703465666067
926	3.8913703465666067
927	3.8913703465666067
928	3.8913703465666067
929	3.8913703465666067
930	6.484954499738096
931	6.484954499738096
932	6.484954499738096
933	6.484954499738096
934	6.484954499738096
935	6.484954499738096
936	6.484954499738096
937	7.242793722189317
938	7.242793722189317
939	7.242793722189317
940	7.242793722189317
941	7.242793722189317
942	7.242793722189317
943	7.970600827528183
944	7.970600827528183
945	7.970600827528183
946	7.970600827528183
947	7.970600827528183
948	7.970600827528183
949	7.970600827528183
950	7.970600827528183
951	7.970600827528183
952	7.970600827528183
953	7.970600827528183
954	7.970600827528183
955	7.029723218161369
956	7.029723218161369
957	7.029723218161369
958	7.029723218161369
959	7.029723218161369
960	7.029723218161369
961	7.029723218161369
962	7.029723218161369
963	7.029723218161369
964	7.029723218161369
965	7.029723218161369
966	9.671271531809097
967	9.671271531809097
968	9.671271531809097
969	9.671271531809097
970	9.671271531809097
971	9.671271531809097
972	9.671271531809097
973	9.671271531809097
974	9.671271531809097
975	9.671271531809097
976	9.671271531809097
977	9.671271531809097
978	4.273420779144452
979	4.273420779144452
980	4.273420779144452
981	4.273420779144452
982	4.273420779144452
983	4.273420779144452
984	6.285474444376462
985	6.285474444376462
986	6.285474444376462
987	6.285474444376462
988	6.285474444376462
989	6.285474444376462
990	6.285474444376462
991	6.285474444376462
992	6.285474444376462
993	6.285474444376462
994	6.285474444376462
995	7.2128945588113105
996	7.2128945588113105
997	7.2128945588113105
998	7.2128945588113105
999	7.2128945588113105
1000	7.2128945588113105
1001	4.3919985114111455
1002	4.3919985114111455
1003	4.3919985114111455
1004	4.3919985114111455
1005	4.3919985114111455
1006	10.0
1007	10.0
1008	10.0
1009	10.0
1010	10.0
1011	10.0
1012	10.0
1013	10.0
1014	10.0
1015	10.0
1016	9.291741134940224
1017	9.291741134940224
1018	9.291741134940224
1019	9.291741134940224
1020	9.291741134940224
1021	9.110204962071796
1022	9.110204962071796
1023	9.110204962071796
1024	9.110204962071796
1025	10.0
1026	10.0
1027	10.0
1028	10.0
1029	10.0
1030	10.0
1031	10.0
1032	10.0
1033	10.0
1034	10.0
1035	10.0
1036	10.0
1037	10.0
1038	10.0
1039	10.0
1040	10.0
1041	10.0
1042	10.0
1043	10.0
1044	10.0
1045	10.0
1046	10.0
1047	10.0
1048	10.0
1049	10.0
1050	10.0
1051	10.0
1052	10.0
1053	10.0
1054	10.0
1055	10.0
1056	10.0
1057	10.0
1058	10.0
1059	10.0
1060	9.196649817123232
1061	9.32318371167175
1062	9.32318371167175
1063	10.0
1064	10.0
1065	9.062360901576232
1066	9.062360901576232
1067	10.0
1068	10.0
1069	10.0
1070	10.0
1071	10.0
1072	10.0
1073	10.0
1074	10.0
1075	10.0
1076	10.0
1077	2.168523245162752
1078	2.168523245162752
1079	2.168523245162752
1080	2.168523245162752
1081	2.168523245162752
1082	2.168523245162752
1083	2.168523245162752
1084	2.168523245162752
1085	2.168523245162752
1086	2.168523245162752
1087	2.168523245162752
1088	2.168523245162752
1089	6.161095124654118
1090	6.161095124654118
1091	6.161095124654118
1092	6.161095124654118
1093	7.470086847055747
1094	7.470086847055747
1095	7.470086847055747
1096	7.470086847055747
1097	7.470086847055747
1098	10.0
1099	10.0
1100	10.0
1101	10.0
1102	10.0
1103	10.0
1104	10.0
1105	10.0
1106	10.0
1107	10.0
1108	10.0
1109	10.0
1110	10.0
1111	10.0
1112	6.00483436838911
1113	6.00483436838911
1114	6.00483436838911
1115	7.69840616009559
1116	7.69840616009559
1117	7.69840616009559
1118	7.69840616009559
1119	7.69840616009559
1120	7.69840616009559
1121	7.69840616009559
1122	7.69840616009559
1123	8.647027117552339
1124	8.647027117552339
1125	3.8293359419438415
1126	3.8293359419438415
1127	3.8293359419438415
1128	10.0
1129	10.0
1130	10.0
1131	10.0
1132	10.0
1133	10.0
1134	10.0
1135	10.0
1136	10.0
1137	10.0
1138	10.0
1139	10.0
1140	5.257565000169789
1141	5.257565000169789
1142	5.257565000169789
1143	5.257565000169789
1144	5.257565000169789
1145	5.257565000169789
1146	5.257565000169789
1147	5.257565000169789
1148	5.257565000169789
1149	5.257565000169789
1150	5.257565000169789
1151	5.257565000169789
1152	4.271390227511363
1153	4.271390227511363
1154	4.271390227511363
1155	4.271390227511363
1156	4.271390227511363
1157	4.271390227511363
1158	4.271390227511363
1159	4.271390227511363
1160	4.271390227511363
1161	4.271390227511363
1162	4.271390227511363
1163	4.271390227511363
1164	5.79631152579501
1165	5.94576813474729
1166	5.94576813474729
1167	5.94576813474729
1168	5.94576813474729
1169	5.94576813474729
1170	5.94576813474729
1171	5.94576813474729
1172	5.7131483274861035
1173	5.7131483274861035
1174	2.35520955223843
1175	2.35520955223843
1176	2.35520955223843
1177	2.35520955223843
1178	9.467782393584487
1179	9.467782393584487
1180	9.467782393584487
1181	9.467782393584487
1182	9.467782393584487
1183	9.467782393584487
1184	7.709385786673344
1185	7.709385786673344
1186	7.709385786673344
1187	3.2222601678000604
1188	3.2222601678000604
1189	3.2222601678000604
1190	3.2222601678000604
1191	3.2222601678000604
1192	3.2222601678000604
1193	6.774078812299673
1194	10.0
1195	4.501355050325396
1196	4.501355050325396
1197	4.501355050325396
1198	4.501355050325396
1199	4.501355050325396
1200	4.501355050325396
1201	4.501355050325396
1202	4.02868602924408
1203	4.02868602924408
1204	4.02868602924408
1205	4.02868602924408
1206	4.02868602924408
1207	4.02868602924408
1208	4.02868602924408
1209	4.02868602924408
1210	4.02868602924408
1211	4.02868602924408
1212	4.02868602924408
1213	4.02868602924408
1214	4.939839807445811
1215	4.939839807445811
1216	4.939839807445811
1217	4.939839807445811
1218	4.939839807445811
1219	4.939839807445811
1220	4.939839807445811
1221	4.939839807445811
1222	4.939839807445811
1223	4.939839807445811
1224	4.939839807445811
1225	4.939839807445811
1226	5.861048692722139
1227	5.861048692722139
1228	7.2053869151894965
1229	7.2053869151894965
1230	7.663695742959002
1231	7.663695742959002
1232	7.663695742959002
1233	7.663695742959002
1234	7.663695742959002
1235	7.663695742959002
1236	3.2359137626290413
1237	4.420603822578741
1238	4.420603822578741
1239	4.420603822578741
1240	4.420603822578741
1241	4.420603822578741
1242	4.420603822578741
1243	4.420603822578741
1244	4.420603822578741
1245	4.420603822578741
1246	4.420603822578741
1247	4.420603822578741
1248	4.536176784227989
1249	6.1641172386176715
1250	6.1641172386176715
1251	6.1641172386176715
1252	6.1641172386176715
1253	6.1641172386176715
1254	6.1641172386176715
1255	6.1641172386176715
1256	3.537899972222005
1257	3.537899972222005
1258	3.537899972222005
1259	3.537899972222005
1260	3.537899972222005
1261	3.537899972222005
1262	3.537899972222005
1263	3.537899972222005
1264	3.537899972222005
1265	3.537899972222005
1266	3.537899972222005
1267	10.0
1268	10.0
1269	10.0
1270	10.0
1271	8.7162555761118
1272	8.7162555761118
1273	8.7162555761118
1274	8.7162555761118
1275	8.7162555761118
1276	8.7162555761118
1277	8.7162555761118
1278	8.7162555761118
1279	8.7162555761118
1280	8.7162555761118
1281	8.7162555761118
1282	8.7162555761118
1283	2.6257652749901332
1284	2.6257652749901332
1285	2.6257652749901332
1286	2.6257652749901332
1287	2.6257652749901332
1288	2.6257652749901332
1289	2.6257652749901332
1290	10.0
1291	10.0
1292	10.0
1293	10.0
1294	10.0
1295	10.0
1296	10.0
1297	10.0
1298	10.0
1299	10.0
1300	10.0
1301	10.0
1302	10.0
1303	9.456816311540992
1304	9.456816311540992
1305	9.456816311540992
1306	9.456816311540992
1307	9.456816311540992
1308	9.456816311540992
1309	9.456816311540992
1310	9.456816311540992
1311	9.456816311540992
1312	9.456816311540992
1313	8.602167757756689
1314	8.602167757756689
1315	8.602167757756689
1316	8.602167757756689
1317	7.1162942886071
1318	7.1162942886071
1319	7.1162942886071
1320	7.1162942886071
1321	7.1162942886071
1322	7.1162942886071
1323	7.1162942886071
1324	7.1162942886071
1325	7.1162942886071
1326	7.1162942886071
1327	7.1162942886071
1328	9.832191619971663
1329	9.832191619971663
1330	9.832191619971663
1331	9.832191619971663
1332	9.832191619971663
1333	9.832191619971663
1334	9.832191619971663
1335	9.832191619971663
1336	9.832191619971663
1337	9.832191619971663
1338	9.832191619971663
1339	9.832191619971663
1340	5.129809960710945
1341	5.129809960710945
1342	5.129809960710945
1343	5.129809960710945
1344	5.129809960710945
1345	5.129809960710945
1346	5.129809960710945
1347	5.350307147711739
1348	5.350307147711739
1349	5.452982478624222
1350	5.452982478624222
1351	5.452982478624222
1352	5.452982478624222
1353	5.452982478624222
1354	7.958538436084641
1355	7.958538436084641
1356	2.1006105732035874
1357	2.1006105732035874
1358	2.319756608472895
1359	2.319756608472895
1360	2.319756608472895
1361	2.319756608472895
1362	2.319756608472895
1363	2.319756608472895
1364	2.319756608472895
1365	4.659170584676547
1366	3.3117887737973044
1367	3.3117887737973044
1368	3.3117887737973044
1369	3.3117887737973044
1370	3.3117887737973044
1371	6.562234909766901
1372	6.562234909766901
1373	6.562234909766901
1374	6.562234909766901
1375	6.562234909766901
1376	6.562234909766901
1377	5.8133125930639
1378	5.8133125930639
1379	5.8133125930639
1380	5.8133125930639
1381	5.8133125930639
1382	5.8133125930639
1383	5.8133125930639
1384	5.8133125930639
1385	5.8133125930639
1386	5.539188293363099
1387	5.539188293363099
1388	5.539188293363099
1389	5.539188293363099
1390	5.539188293363099
1391	5.539188293363099
1392	5.539188293363099
1393	5.539188293363099
1394	5.539188293363099
1395	5.539188293363099
1396	5.539188293363099
1397	5.539188293363099
1398	4.210258357033278
1399	4.210258357033278
1400	4.210258357033278
1401	4.210258357033278
1402	4.210258357033278
1403	4.210258357033278
1404	6.940229060557089
1405	6.940229060557089
1406	6.940229060557089
1407	6.940229060557089
1408	6.940229060557089
1409	6.940229060557089
1410	6.940229060557089
1411	6.940229060557089
1412	6.940229060557089
1413	6.940229060557089
1414	10.0
1415	10.0
1416	10.0
1417	4.50120147055253
1418	4.50120147055253
1419	4.50120147055253
1420	4.50120147055253
1421	4.50120147055253
1422	4.50120147055253
1423	4.50120147055253
1424	4.50120147055253
1425	4.817441916764151
1426	4.817441916764151
1427	4.817441916764151
1428	4.817441916764151
1429	4.817441916764151
1430	4.817441916764151
1431	4.817441916764151
1432	4.817441916764151
1433	4.817441916764151
1434	3.8732524599802893
1435	3.8732524599802893
1436	3.8732524599802893
1437	3.8732524599802893
1438	3.091369064264547
1439	5.607314241225822
1440	6.959960587298386
1441	6.959960587298386
1442	6.959960587298386
1443	4.984207408345524
1444	4.984207408345524
1445	4.984207408345524
1446	4.984207408345524
1447	4.984207408345524
1448	7.434705285237156
1449	7.434705285237156
1450	7.434705285237156
1451	4.378569601633282
1452	4.378569601633282
1453	4.378569601633282
1454	4.378569601633282
1455	4.378569601633282
1456	4.378569601633282
1457	4.378569601633282
1458	4.378569601633282
1459	4.378569601633282
1460	10.0
1461	10.0
1462	10.0
1463	10.0
1464	10.0
1465	4.969344582756108
1466	4.969344582756108
1467	4.969344582756108
1468	4.969344582756108
1469	9.034811727793137
1470	9.034811727793137
1471	9.034811727793137
1472	9.034811727793137
1473	9.034811727793137
1474	9.034811727793137
1475	9.034811727793137
1476	9.034811727793137
1477	6.399608069755412
1478	6.399608069755412
1479	6.399608069755412
1480	9.756972483637227
1481	9.756972483637227
1482	8.948908079003802
1483	8.948908079003802
1484	7.957622831546245
1485	7.957622831546245
1486	5.808554793480457
1487	5.808554793480457
1488	5.808554793480457
1489	5.808554793480457
1490	5.808554793480457
1491	7.787245960258526
1492	10.0
1493	5.362113364577897
1494	5.362113364577897
1495	5.362113364577897
1496	5.362113364577897
1497	10.0
1498	10.0
1499	10.0
1500	10.0
1501	10.0
1502	10.0
1503	10.0
1504	10.0
1505	10.0
1506	10.0
1507	10.0
1508	10.0
1509	10.0
1510	10.0
1511	10.0
1512	10.0
1513	10.0
1514	10.0
1515	10.0
1516	10.0
1517	10.0
1518	10.0
1519	10.0
1520	10.0
1521	10.0
1522	10.0
1523	10.0
1524	10.0
1525	10.0
1526	10.0
1527	10.0
1528	10.0
1529	10.0
1530	10.0
1531	10.0
1532	10.0
1533	10.0
1534	10.0
1535	10.0
1536	10.0
1537	10.0
1538	10.0
1539	10.0
1540	10.0
1541	10.0
1542	10.0
1543	10.0
1544	10.0
1545	10.0
1546	10.0
1547	10.0
1548	8.062733374663622
1549	8.062733374663622
1550	8.810602828911374
1551	8.810602828911374
1552	8.810602828911374
1553	8.810602828911374
1554	8.810602828911374
1555	8.810602828911374
1556	8.810602828911374
1557	8.810602828911374
1558	8.810602828911374
1559	8.810602828911374
1560	8.810602828911374
1561	8.810602828911374
1562	10.0
1563	10.0
1564	10.0
1565	10.0
1566	10.0
1567	10.0
1568	10.0
1569	10.0
1570	6.951890596111752
1571	6.951890596111752
1572	6.951890596111752
1573	6.951890596111752
1574	6.951890596111752
1575	5.17348115649987
1576	5.17348115649987
1577	5.17348115649987
1578	5.17348115649987
1579	5.17348115649987
1580	5.17348115649987
1581	3.905781630290468
1582	3.905781630290468
1583	3.905781630290468
1584	3.905781630290468
1585	3.905781630290468
1586	3.905781630290468
1587	3.905781630290468
1588	3.905781630290468
1589	3.905781630290468
1590	3.905781630290468
1591	3.905781630290468
1592	3.905781630290468
1593	4.538660429777925
1594	4.538660429777925
1595	4.538660429777925
1596	4.538660429777925
1597	4.538660429777925
1598	4.85639421621541
1599	4.85639421621541
1600	4.85639421621541
1601	4.85639421621541
1602	4.85639421621541
1603	4.85639421621541
1604	4.85639421621541
1605	4.85639421621541
1606	5.896701649054139
1607	5.896701649054139
1608	5.896701649054139
1609	5.896701649054139
1610	5.896701649054139
1611	5.514170471448281
1612	5.514170471448281
1613	1.1640736465660941
1614	1.1640736465660941
1615	1.1640736465660941
1616	1.1640736465660941
1617	1.1640736465660941
1618	1.1640736465660941
1619	1.1640736465660941
1620	1.1640736465660941
1621	1.1640736465660941
1622	1.1640736465660941
1623	1.1640736465660941
1624	1.1640736465660941
1625	5.644914689705944
1626	5.644914689705944
1627	5.644914689705944
1628	5.644914689705944
1629	5.644914689705944
1630	5.644914689705944
1631	5.644914689705944
1632	5.644914689705944
1633	5.644914689705944
1634	5.644914689705944
1635	5.953184047907474
1636	5.953184047907474
1637	5.953184047907474
1638	5.953184047907474
1639	5.953184047907474
1640	3.955870560961598
1641	3.955870560961598
1642	3.5856369789172433
1643	3.5856369789172433
1644	3.5856369789172433
1645	3.5856369789172433
1646	2.9906840572747058
1647	3.986510918728425
1648	3.986510918728425
1649	3.986510918728425
1650	3.986510918728425
1651	3.986510918728425
1652	3.986510918728425
1653	3.986510918728425
1654	3.986510918728425
1655	3.986510918728425
1656	3.986510918728425
1657	3.986510918728425
1658	4.873484700394272
1659	4.873484700394272
1660	4.873484700394272
1661	4.873484700394272
1662	4.873484700394272
1663	4.873484700394272
1664	4.873484700394272
1665	4.873484700394272
1666	2.150163062072388
1667	2.150163062072388
1668	2.89819718728627
1669	2.89819718728627
1670	2.89819718728627
1671	2.89819718728627
1672	2.89819718728627
1673	2.89819718728627
1674	2.89819718728627
1675	2.89819718728627
1676	2.89819718728627
1677	2.89819718728627
1678	3.0241084382245607
1679	3.0241084382245607
1680	3.0241084382245607
1681	3.0241084382245607
1682	3.0241084382245607
1683	3.0241084382245607
1684	3.0241084382245607
1685	1.554413212717375
1686	1.554413212717375
1687	1.554413212717375
1688	1.554413212717375
1689	1.554413212717375
1690	1.554413212717375
1691	1.554413212717375
1692	1.554413212717375
1693	1.554413212717375
1694	1.554413212717375
1695	1.554413212717375
1696	1.554413212717375
1697	3.326979687727799
1698	3.326979687727799
1699	2.9705008466920426
1700	2.9705008466920426
1701	4.364525197744133
1702	4.364525197744133
1703	3.257919740771909
1704	5.451836165868546
1705	5.451836165868546
1706	5.451836165868546
1707	5.451836165868546
1708	5.451836165868546
1709	2.577653505470079
1710	4.497118260847426
1711	4.497118260847426
1712	4.497118260847426
1713	4.497118260847426
1714	4.497118260847426
1715	4.497118260847426
1716	4.497118260847426
1717	4.497118260847426
1718	2.845762883644781
1719	2.845762883644781
1720	2.845762883644781
1721	2.845762883644781
1722	2.845762883644781
1723	2.845762883644781
1724	2.845762883644781
1725	3.0769024416733473
1726	3.0769024416733473
1727	3.0769024416733473
1728	3.0769024416733473
1729	3.0769024416733473
1730	3.0769024416733473
1731	3.0769024416733473
1732	3.0769024416733473
1733	3.0769024416733473
1734	3.0769024416733473
1735	8.36449164663495
1736	6.047841535180034
1737	6.047841535180034
1738	6.047841535180034
1739	6.047841535180034
1740	6.047841535180034
1741	9.631717131546777
1742	9.631717131546777
1743	9.631717131546777
1744	9.631717131546777
1745	9.631717131546777
1746	9.631717131546777
1747	9.631717131546777
1748	8.36933390893423
1749	8.36933390893423
1750	10.0
1751	9.749352638655608
1752	9.749352638655608
1753	6.203046361457756
1754	6.203046361457756
1755	0.9497366316313904
1756	0.9497366316313904
1757	0.9497366316313904
1758	0.9497366316313904
1759	0.9497366316313904
1760	0.9332709478481709
1761	0.9332709478481709
1762	0.9332709478481709
1763	0.9332709478481709
1764	0.9332709478481709
1765	0.9332709478481709
1766	10.0
1767	6.979225721231837
1768	6.979225721231837
1769	6.979225721231837
1770	6.979225721231837
1771	6.979225721231837
1772	6.979225721231837
1773	6.979225721231837
1774	6.979225721231837
1775	6.979225721231837
1776	6.979225721231837
1777	10.0
1778	10.0
1779	5.025386466161299
1780	5.025386466161299
1781	5.025386466161299
1782	5.025386466161299
1783	5.025386466161299
1784	5.025386466161299
1785	5.025386466161299
1786	5.025386466161299
1787	5.025386466161299
1788	4.418939295442758
1789	4.418939295442758
1790	6.237198747307609
1791	6.237198747307609
1792	6.237198747307609
1793	3.4150526043098077
1794	3.4150526043098077
1795	3.4150526043098077
1796	3.4150526043098077
1797	3.4150526043098077
1798	3.4150526043098077
1799	3.4150526043098077
1800	3.4150526043098077
1801	6.695123885086996
1802	5.190143816469138
1803	5.190143816469138
1804	5.190143816469138
1805	6.45754146410138
1806	6.45754146410138
1807	6.45754146410138
1808	6.45754146410138
1809	6.45754146410138
1810	6.45754146410138
1811	6.45754146410138
1812	6.45754146410138
1813	6.45754146410138
1814	6.45754146410138
1815	5.647913514312895
1816	5.647913514312895
1817	5.647913514312895
1818	8.163540833254709
1819	8.163540833254709
1820	8.163540833254709
1821	8.163540833254709
1822	4.565064337733766
1823	6.7093975660290175
1824	6.7093975660290175
1825	4.273414711624105
1826	8.950804291427781
1827	8.950804291427781
1828	8.950804291427781
1829	8.950804291427781
1830	8.950804291427781
1831	8.950804291427781
1832	8.950804291427781
1833	8.950804291427781
1834	8.950804291427781
1835	8.950804291427781
1836	8.950804291427781
1837	8.950804291427781
1838	5.38768576435171
1839	5.707512651007397
1840	5.707512651007397
1841	5.707512651007397
1842	5.707512651007397
1843	5.707512651007397
1844	9.823427350851269
1845	9.823427350851269
1846	9.823427350851269
1847	9.823427350851269
1848	9.823427350851269
1849	9.823427350851269
1850	6.255295065899091
1851	6.255295065899091
1852	6.255295065899091
1853	6.255295065899091
1854	6.255295065899091
1855	6.255295065899091
1856	6.255295065899091
1857	6.255295065899091
1858	6.255295065899091
1859	6.255295065899091
1860	6.255295065899091
1861	6.255295065899091
1862	3.1847409759100804
1863	3.1847409759100804
1864	3.1847409759100804
1865	3.1847409759100804
1866	3.1847409759100804
1867	3.1847409759100804
1868	3.1847409759100804
1869	3.1847409759100804
1870	3.6972072663458793
1871	4.720037251637006
1872	4.720037251637006
1873	4.720037251637006
1874	4.720037251637006
1875	6.034791505590965
1876	6.034791505590965
1877	6.034791505590965
1878	10.0
1879	10.0
1880	10.0
1881	10.0
1882	10.0
1883	10.0
1884	10.0
1885	10.0
1886	10.0
1887	10.0
1888	10.0
1889	10.0
1890	3.63696933977805
1891	3.63696933977805
1892	3.63696933977805
1893	3.63696933977805
1894	3.63696933977805
1895	5.188394115288036
1896	5.188394115288036
1897	5.188394115288036
1898	5.188394115288036
1899	5.188394115288036
1900	5.188394115288036
1901	5.188394115288036
1902	5.188394115288036
1903	5.188394115288036
1904	5.188394115288036
1905	10.0
1906	3.666873264727534
1907	3.666873264727534
1908	3.666873264727534
1909	4.7448956042967545
1910	4.7448956042967545
1911	4.7448956042967545
1912	4.7448956042967545
1913	4.7448956042967545
1914	4.7448956042967545
1915	4.7448956042967545
1916	4.7448956042967545
1917	4.7448956042967545
1918	4.7448956042967545
1919	4.7448956042967545
1920	4.7448956042967545
1921	6.858632848629202
1922	6.858632848629202
1923	6.858632848629202
1924	6.858632848629202
1925	6.858632848629202
1926	6.858632848629202
1927	6.858632848629202
1928	6.858632848629202
1929	2.872748220695539
1930	2.872748220695539
1931	2.872748220695539
1932	9.061140120200738
1933	9.061140120200738
1934	9.061140120200738
1935	9.061140120200738
1936	9.061140120200738
1937	8.991889344419757
1938	8.991889344419757
1939	8.991889344419757
1940	8.991889344419757
1941	8.991889344419757
1942	8.991889344419757
1943	2.042948238506474
1944	2.042948238506474
1945	2.042948238506474
1946	2.042948238506474
1947	2.042948238506474
1948	2.042948238506474
1949	2.042948238506474
1950	2.042948238506474
1951	2.042948238506474
1952	2.042948238506474
1953	2.042948238506474
1954	7.189027508497455
1955	7.189027508497455
1956	7.189027508497455
1957	7.189027508497455
1958	7.189027508497455
1959	7.189027508497455
1960	10.0
1961	10.0
1962	9.250459290503754
1963	9.250459290503754
1964	9.250459290503754
1965	9.250459290503754
1966	9.250459290503754
1967	10.0
1968	10.0
1969	10.0
1970	10.0
1971	6.56064223870913
1972	6.56064223870913
1973	6.56064223870913
1974	6.56064223870913
1975	6.56064223870913
1976	6.56064223870913
1977	6.56064223870913
1978	6.56064223870913
1979	6.56064223870913
1980	6.56064223870913
1981	6.56064223870913
1982	6.56064223870913
1983	10.0
1984	10.0
1985	6.61664531776521
1986	7.70676470243765
1987	5.12601923554179
1988	5.12601923554179
1989	5.12601923554179
1990	5.12601923554179
1991	3.684251695313539
1992	3.684251695313539
1993	3.684251695313539
1994	3.684251695313539
1995	4.617441264906754
1996	4.617441264906754
1997	4.617441264906754
1998	4.617441264906754
1999	4.617441264906754
2000	4.617441264906754
2001	2.4834354119670574
2002	2.4834354119670574
2003	2.5870140686754155
2004	2.5870140686754155
2005	2.5870140686754155
2006	2.5870140686754155
2007	2.5870140686754155
2008	2.5870140686754155
2009	2.5870140686754155
2010	2.5870140686754155
2011	3.6683712111131803
2012	3.6683712111131803
2013	3.6683712111131803
2014	3.6683712111131803
2015	3.6683712111131803
2016	3.6683712111131803
2017	3.6683712111131803
2018	5.5852309860296065
2019	1.0130890821586447
2020	1.0130890821586447
2021	1.0130890821586447
2022	1.0130890821586447
2023	1.0130890821586447
2024	1.0130890821586447
2025	1.0130890821586447
2026	1.0130890821586447
2027	1.0130890821586447
2028	2.474297877992014
2029	2.474297877992014
2030	2.474297877992014
2031	2.474297877992014
2032	2.474297877992014
2033	2.474297877992014
2034	2.474297877992014
2035	2.474297877992014
2036	2.474297877992014
2037	2.474297877992014
2038	2.474297877992014
2039	2.474297877992014
2040	4.774784404089783
2041	4.774784404089783
2042	4.774784404089783
2043	4.774784404089783
2044	4.774784404089783
2045	4.774784404089783
2046	4.774784404089783
2047	4.774784404089783
2048	4.774784404089783
2049	3.6822784586959036
2050	2.2271243051810297
2051	2.2271243051810297
2052	2.2271243051810297
2053	4.871586168954115
2054	4.871586168954115
2055	4.871586168954115
2056	4.871586168954115
2057	4.871586168954115
2058	4.871586168954115
2059	4.871586168954115
2060	4.871586168954115
2061	4.871586168954115
2062	4.871586168954115
2063	4.871586168954115
2064	4.871586168954115
2065	1.6404693599326334
2066	1.6404693599326334
2067	1.6404693599326334
2068	1.6404693599326334
2069	1.6404693599326334
2070	1.6404693599326334
2071	1.6404693599326334
2072	1.6404693599326334
2073	1.6404693599326334
2074	1.6404693599326334
2075	1.6404693599326334
2076	1.6404693599326334
2077	2.154980924084996
2078	3.8352884054094654
2079	3.8352884054094654
2080	3.8352884054094654
2081	3.8352884054094654
2082	3.8352884054094654
2083	3.8352884054094654
2084	3.2607585556608107
2085	3.2607585556608107
2086	2.8081078151839947
2087	2.8081078151839947
2088	2.8081078151839947
2089	2.8081078151839947
2090	2.8081078151839947
2091	2.8081078151839947
2092	2.8081078151839947
2093	2.8081078151839947
2094	2.8081078151839947
2095	2.8081078151839947
2096	2.8081078151839947
2097	2.8081078151839947
2098	3.557308244393286
2099	3.557308244393286
2100	3.557308244393286
2101	3.557308244393286
2102	3.557308244393286
2103	3.557308244393286
2104	4.555002100610664
2105	4.555002100610664
2106	4.555002100610664
2107	4.555002100610664
2108	4.555002100610664
2109	4.555002100610664
2110	6.530407466273763
2111	6.530407466273763
2112	6.530407466273763
2113	6.530407466273763
2114	6.530407466273763
2115	6.530407466273763
2116	6.530407466273763
2117	6.530407466273763
2118	6.530407466273763
2119	6.530407466273763
2120	6.530407466273763
2121	6.530407466273763
2122	3.4587357469020157
2123	3.4587357469020157
2124	3.4587357469020157
2125	5.334420173048582
2126	5.334420173048582
2127	5.334420173048582
2128	5.334420173048582
2129	4.073783850033225
2130	4.073783850033225
2131	4.073783850033225
2132	4.073783850033225
2133	3.840505658046028
2134	3.840505658046028
2135	3.840505658046028
2136	3.840505658046028
2137	3.840505658046028
2138	3.840505658046028
2139	4.795008045975623
2140	4.795008045975623
2141	4.795008045975623
2142	4.795008045975623
2143	4.795008045975623
2144	4.795008045975623
2145	4.795008045975623
2146	4.795008045975623
2147	4.795008045975623
2148	4.795008045975623
2149	4.795008045975623
2150	4.795008045975623
2151	4.234753307246356
2152	5.091234650410484
2153	3.9757970378405325
2154	3.9757970378405325
2155	3.9757970378405325
2156	3.9757970378405325
2157	3.9757970378405325
2158	3.9757970378405325
2159	3.9757970378405325
2160	3.9757970378405325
2161	3.9757970378405325
2162	3.9757970378405325
2163	3.9757970378405325
2164	3.9757970378405325
2165	4.038715324875172
2166	4.038715324875172
2167	4.038715324875172
2168	2.4622284936683956
2169	2.4622284936683956
2170	2.4622284936683956
2171	2.4622284936683956
2172	3.3589345239231343
2173	3.3589345239231343
2174	3.3589345239231343
2175	3.3589345239231343
2176	3.3589345239231343
2177	3.3589345239231343
2178	3.3589345239231343
2179	10.0
2180	10.0
2181	10.0
2182	10.0
2183	10.0
2184	10.0
2185	10.0
2186	10.0
2187	10.0
2188	10.0
2189	10.0
2190	10.0
2191	8.754343158736011
2192	8.754343158736011
2193	8.754343158736011
2194	8.754343158736011
2195	8.754343158736011
2196	8.754343158736011
2197	8.754343158736011
2198	8.754343158736011
2199	8.754343158736011
2200	8.754343158736011
2201	8.754343158736011
2202	8.754343158736011
2203	10.0
2204	10.0
2205	10.0
2206	10.0
2207	10.0
2208	10.0
2209	10.0
2210	10.0
2211	10.0
2212	10.0
2213	10.0
2214	10.0
2215	6.148093449411807
2216	6.148093449411807
2217	6.148093449411807
2218	6.148093449411807
2219	6.212387192486869
2220	6.212387192486869
2221	6.212387192486869
2222	6.212387192486869
2223	6.212387192486869
2224	10.0
2225	10.0
2226	10.0
2227	10.0
2228	10.0
2229	10.0
2230	10.0
2231	10.0
2232	10.0
2233	10.0
2234	10.0
2235	9.024120661044483
2236	9.024120661044483
2237	9.024120661044483
2238	9.024120661044483
2239	9.024120661044483
2240	9.024120661044483
2241	9.024120661044483
2242	9.024120661044483
2243	9.024120661044483
2244	9.024120661044483
2245	9.024120661044483
2246	9.024120661044483
2247	10.0
2248	10.0
2249	10.0
2250	10.0
2251	10.0
2252	10.0
2253	10.0
2254	10.0
2255	10.0
2256	10.0
2257	10.0
2258	10.0
2259	6.859270698841183
2260	6.859270698841183
2261	8.729740809313052
2262	8.729740809313052
2263	4.466023674186247
2264	4.466023674186247
2265	4.466023674186247
2266	4.466023674186247
2267	4.466023674186247
2268	4.466023674186247
2269	4.466023674186247
2270	4.466023674186247
2271	10.0
2272	10.0
2273	10.0
2274	10.0
2275	10.0
2276	10.0
2277	3.2664314967905606
2278	3.2664314967905606
2279	3.2664314967905606
2280	3.2664314967905606
2281	3.2664314967905606
2282	3.2664314967905606
2283	3.2664314967905606
2284	3.2664314967905606
2285	3.2664314967905606
2286	3.2664314967905606
2287	3.2664314967905606
2288	3.2664314967905606
2289	8.357504353700882
2290	8.357504353700882
2291	8.357504353700882
2292	8.357504353700882
2293	8.357504353700882
2294	8.357504353700882
2295	8.357504353700882
2296	8.357504353700882
2297	8.357504353700882
2298	8.357504353700882
2299	8.357504353700882
2300	8.357504353700882
2301	10.0
2302	10.0
2303	8.463801513180035
2304	6.920843649979815
2305	6.920843649979815
2306	6.920843649979815
2307	6.920843649979815
2308	6.920843649979815
2309	6.920843649979815
2310	6.920843649979815
2311	6.920843649979815
2312	6.920843649979815
2313	6.920843649979815
2314	6.920843649979815
2315	6.920843649979815
2316	7.467384723027996
2317	7.467384723027996
2318	7.467384723027996
2319	7.467384723027996
2320	7.467384723027996
2321	7.467384723027996
2322	7.467384723027996
2323	7.467384723027996
2324	9.026465179412636
2325	6.5118586806354894
2326	6.5118586806354894
2327	6.5118586806354894
2328	7.203681751272302
2329	7.203681751272302
2330	7.203681751272302
2331	7.203681751272302
2332	7.203681751272302
2333	4.5984519240319255
2334	2.27668424987894
2335	2.27668424987894
2336	2.27668424987894
2337	2.27668424987894
2338	2.27668424987894
