0	83.52436593140882
1	83.52436593140882
2	83.52436593140882
3	83.52436593140882
4	83.52436593140882
5	83.52436593140882
6	44.2590185751136
7	44.2590185751136
8	44.2590185751136
9	44.2590185751136
10	44.2590185751136
11	44.2590185751136
12	54.850647417358346
13	54.850647417358346
14	54.850647417358346
15	54.850647417358346
16	54.850647417358346
17	54.850647417358346
18	115.0855116738378
19	115.0855116738378
20	115.0855116738378
21	115.0855116738378
22	115.0855116738378
23	115.0855116738378
24	57.459598764240965
25	57.459598764240965
26	57.459598764240965
27	57.459598764240965
28	57.459598764240965
29	57.459598764240965
30	54.31495446412339
31	54.31495446412339
32	54.31495446412339
33	54.31495446412339
34	54.31495446412339
35	54.31495446412339
36	31.916141510049773
37	31.916141510049773
38	31.916141510049773
39	31.916141510049773
40	31.916141510049773
41	31.916141510049773
42	14.199878546881145
43	14.199878546881145
44	34.435664660236455
45	34.435664660236455
46	34.435664660236455
47	34.435664660236455
48	34.435664660236455
49	34.435664660236455
50	27.902169150722028
51	27.902169150722028
52	27.902169150722028
53	27.902169150722028
54	27.902169150722028
55	27.902169150722028
56	13.471638700341735
57	13.471638700341735
58	13.471638700341735
59	13.471638700341735
60	13.471638700341735
61	13.471638700341735
62	29.426274206905042
63	29.426274206905042
64	29.426274206905042
65	29.426274206905042
66	29.426274206905042
67	29.426274206905042
68	46.10093970897384
69	46.10093970897384
70	46.10093970897384
71	46.10093970897384
72	46.10093970897384
73	46.10093970897384
74	45.95771789170255
75	45.95771789170255
76	45.95771789170255
77	45.95771789170255
78	45.95771789170255
79	45.95771789170255
80	48.43577538276986
81	48.43577538276986
82	48.43577538276986
83	48.43577538276986
84	48.43577538276986
85	48.43577538276986
86	8.764454324927996
87	8.764454324927996
88	8.764454324927996
89	8.764454324927996
90	8.764454324927996
91	8.764454324927996
92	87.59801796112333
93	87.59801796112333
94	87.59801796112333
95	87.59801796112333
96	87.59801796112333
97	87.59801796112333
98	87.14759733311092
99	87.14759733311092
100	87.14759733311092
101	87.14759733311092
102	87.14759733311092
103	87.14759733311092
104	80.08619291961836
105	80.08619291961836
106	80.08619291961836
107	80.08619291961836
108	80.08619291961836
109	66.7476551363932
110	66.7476551363932
111	66.7476551363932
112	66.7476551363932
113	66.7476551363932
114	66.7476551363932
115	89.11290331141058
116	89.11290331141058
117	89.11290331141058
118	89.11290331141058
119	89.11290331141058
120	89.11290331141058
121	29.60896573028956
122	29.60896573028956
123	29.60896573028956
124	29.60896573028956
125	29.60896573028956
126	29.60896573028956
127	59.76234570030219
128	59.76234570030219
129	59.76234570030219
130	59.76234570030219
131	59.76234570030219
132	59.76234570030219
133	58.873252760694484
134	58.873252760694484
135	58.873252760694484
136	58.873252760694484
137	58.873252760694484
138	58.873252760694484
139	86.37353083702293
140	86.37353083702293
141	86.37353083702293
142	86.37353083702293
143	86.37353083702293
144	86.37353083702293
145	74.33308256332573
146	74.33308256332573
147	74.33308256332573
148	74.33308256332573
149	74.33308256332573
150	74.33308256332573
151	67.58361457623762
152	67.58361457623762
153	67.58361457623762
154	67.58361457623762
155	67.58361457623762
156	67.58361457623762
157	0.1
158	0.1
159	0.1
160	0.1
161	0.1
162	0.1
163	83.12890293866911
164	83.12890293866911
165	83.12890293866911
166	83.12890293866911
167	83.12890293866911
168	83.12890293866911
169	71.82331204454742
170	71.82331204454742
171	71.82331204454742
172	71.82331204454742
173	71.82331204454742
174	71.82331204454742
175	85.91073441502267
176	85.91073441502267
177	85.91073441502267
178	85.91073441502267
179	85.91073441502267
180	85.91073441502267
181	31.636788037557942
182	31.636788037557942
183	31.636788037557942
184	31.636788037557942
185	31.636788037557942
186	31.636788037557942
187	54.616714364192944
188	54.616714364192944
189	54.616714364192944
190	54.616714364192944
191	54.616714364192944
192	54.616714364192944
193	3.4833653322110507
194	3.4833653322110507
195	3.4833653322110507
196	3.4833653322110507
197	3.4833653322110507
198	3.4833653322110507
199	52.0658051102549
200	52.0658051102549
201	52.0658051102549
202	52.0658051102549
203	52.0658051102549
204	52.0658051102549
205	67.52442146126421
206	67.52442146126421
207	67.52442146126421
208	67.52442146126421
209	67.52442146126421
210	67.52442146126421
211	19.697559560763803
212	19.697559560763803
213	19.697559560763803
214	19.697559560763803
215	19.697559560763803
216	19.697559560763803
217	39.810655350812326
218	39.810655350812326
219	39.810655350812326
220	39.810655350812326
221	39.810655350812326
222	39.810655350812326
223	68.52508573094428
224	68.52508573094428
225	68.52508573094428
226	68.52508573094428
227	68.52508573094428
228	68.52508573094428
229	40.18929733599154
230	40.18929733599154
231	40.18929733599154
232	40.18929733599154
233	40.18929733599154
234	40.18929733599154
235	60.673829893326854
236	60.673829893326854
237	60.673829893326854
238	60.673829893326854
239	60.673829893326854
240	60.673829893326854
241	14.848962762207897
242	14.848962762207897
243	14.848962762207897
244	14.848962762207897
245	14.848962762207897
246	14.848962762207897
247	14.350351789694834
248	14.350351789694834
249	14.350351789694834
250	14.350351789694834
251	14.350351789694834
252	14.350351789694834
253	58.68244871212175
254	58.68244871212175
255	58.68244871212175
256	58.68244871212175
257	58.68244871212175
258	58.68244871212175
259	53.501472385922824
260	53.501472385922824
261	53.501472385922824
262	53.501472385922824
263	53.501472385922824
264	53.501472385922824
265	49.043233919350385
266	49.043233919350385
267	49.043233919350385
268	49.043233919350385
269	49.043233919350385
270	49.043233919350385
271	71.84630814530118
272	71.84630814530118
273	71.84630814530118
274	71.84630814530118
275	71.84630814530118
276	71.84630814530118
277	74.57420108334173
278	74.57420108334173
279	74.57420108334173
280	74.57420108334173
281	74.57420108334173
282	74.57420108334173
283	12.075092719989819
284	12.075092719989819
285	12.075092719989819
286	12.075092719989819
287	12.075092719989819
288	12.075092719989819
289	62.70059777441586
290	62.70059777441586
291	62.70059777441586
292	62.70059777441586
293	62.70059777441586
294	62.70059777441586
295	48.058559750771444
296	48.058559750771444
297	48.058559750771444
298	48.058559750771444
299	48.058559750771444
300	48.058559750771444
301	61.72102400884812
302	61.72102400884812
303	61.72102400884812
304	61.72102400884812
305	61.72102400884812
306	61.72102400884812
307	55.799065765153266
308	55.799065765153266
309	55.799065765153266
310	55.799065765153266
311	55.799065765153266
312	55.799065765153266
313	20.493346033240137
314	20.493346033240137
315	20.493346033240137
316	20.493346033240137
317	20.493346033240137
318	20.493346033240137
319	41.680213320527045
320	41.680213320527045
321	41.680213320527045
322	41.680213320527045
323	41.680213320527045
324	41.680213320527045
325	32.526592526174355
326	32.526592526174355
327	32.526592526174355
328	32.526592526174355
329	32.526592526174355
330	32.526592526174355
331	30.8437633924613
332	30.8437633924613
333	30.8437633924613
334	30.8437633924613
335	30.8437633924613
336	30.8437633924613
337	25.11829665595061
338	25.11829665595061
339	25.11829665595061
340	25.11829665595061
341	25.11829665595061
342	25.11829665595061
343	30.139203373871002
344	30.139203373871002
345	30.139203373871002
346	30.139203373871002
347	30.139203373871002
348	30.139203373871002
349	47.657314605488324
350	47.657314605488324
351	47.657314605488324
352	47.657314605488324
353	47.657314605488324
354	47.657314605488324
355	12.680377319494298
356	12.680377319494298
357	12.680377319494298
358	12.680377319494298
359	12.680377319494298
360	12.680377319494298
361	88.39897320418046
362	88.39897320418046
363	88.39897320418046
364	88.39897320418046
365	88.39897320418046
366	88.39897320418046
367	40.2437935041935
368	40.2437935041935
369	40.2437935041935
370	40.2437935041935
371	40.2437935041935
372	40.2437935041935
373	13.7592494169037
374	13.7592494169037
375	13.7592494169037
376	13.7592494169037
377	13.7592494169037
378	13.7592494169037
379	69.0784233715003
380	69.0784233715003
381	69.0784233715003
382	69.0784233715003
383	69.0784233715003
384	69.0784233715003
385	50.69577560610329
386	50.69577560610329
387	50.69577560610329
388	50.69577560610329
389	50.69577560610329
390	50.69577560610329
391	13.020097119215393
392	13.020097119215393
393	13.020097119215393
394	13.020097119215393
395	13.020097119215393
396	13.020097119215393
397	47.994091117777074
398	47.994091117777074
399	47.994091117777074
400	47.994091117777074
401	47.994091117777074
402	47.994091117777074
403	36.48031427968948
404	36.48031427968948
405	36.48031427968948
406	36.48031427968948
407	36.48031427968948
408	36.48031427968948
409	47.02153160781397
410	47.02153160781397
411	47.02153160781397
412	47.02153160781397
413	47.02153160781397
414	47.02153160781397
415	37.23645381852067
416	37.23645381852067
417	37.23645381852067
418	37.23645381852067
419	37.23645381852067
420	37.23645381852067
421	44.37786660028372
422	44.37786660028372
423	44.37786660028372
424	44.37786660028372
425	44.37786660028372
426	44.37786660028372
427	46.55368960153031
428	46.55368960153031
429	46.55368960153031
430	46.55368960153031
431	46.55368960153031
432	46.55368960153031
433	72.48067306497467
434	72.48067306497467
435	72.48067306497467
436	72.48067306497467
437	72.48067306497467
438	72.48067306497467
439	47.26665718467885
440	47.26665718467885
441	47.26665718467885
442	47.26665718467885
443	47.26665718467885
444	47.26665718467885
445	39.815375251318905
446	39.815375251318905
447	39.815375251318905
448	39.815375251318905
449	39.815375251318905
450	39.815375251318905
451	32.33380688109159
452	32.33380688109159
453	32.33380688109159
454	32.33380688109159
455	32.33380688109159
456	32.33380688109159
457	64.7698871499055
458	64.7698871499055
459	64.7698871499055
460	64.7698871499055
461	64.7698871499055
462	64.7698871499055
463	26.939890768973143
464	26.939890768973143
465	26.939890768973143
466	26.939890768973143
467	26.939890768973143
468	26.939890768973143
469	46.341223438232404
470	40.17724867522163
471	40.17724867522163
472	40.17724867522163
473	40.17724867522163
474	40.17724867522163
475	40.17724867522163
476	15.834908593222288
477	15.834908593222288
478	15.834908593222288
479	15.834908593222288
480	15.834908593222288
481	15.834908593222288
482	16.433188392836257
483	16.433188392836257
484	16.433188392836257
485	16.433188392836257
486	16.433188392836257
487	16.433188392836257
488	137.29233349613577
489	137.29233349613577
490	137.29233349613577
491	137.29233349613577
492	137.29233349613577
493	137.29233349613577
494	50.13057290829792
495	50.13057290829792
496	50.13057290829792
497	50.13057290829792
498	50.13057290829792
499	50.13057290829792
500	120.57406296722479
501	120.57406296722479
502	120.57406296722479
503	120.57406296722479
504	120.57406296722479
505	120.57406296722479
506	78.69375311201338
507	78.69375311201338
508	78.69375311201338
509	78.69375311201338
510	78.69375311201338
511	78.69375311201338
512	61.66189764289817
513	61.66189764289817
514	61.66189764289817
515	61.66189764289817
516	61.66189764289817
517	61.66189764289817
518	60.03889680937773
519	60.03889680937773
520	60.03889680937773
521	60.03889680937773
522	60.03889680937773
523	60.03889680937773
524	27.658457881266255
525	27.658457881266255
526	27.658457881266255
527	27.658457881266255
528	27.658457881266255
529	27.658457881266255
530	15.127939677878196
531	15.127939677878196
532	15.127939677878196
533	15.127939677878196
534	15.127939677878196
535	15.127939677878196
536	39.673005408012806
537	39.673005408012806
538	39.673005408012806
539	39.673005408012806
540	39.673005408012806
541	39.673005408012806
542	27.367885891986287
543	27.367885891986287
544	27.367885891986287
545	27.367885891986287
546	27.367885891986287
547	27.367885891986287
548	1.550948661046668
549	1.550948661046668
550	1.550948661046668
551	1.550948661046668
552	1.550948661046668
553	1.550948661046668
554	0.1
555	0.1
556	0.1
557	0.1
558	0.1
559	0.1
560	28.48028438222274
561	28.48028438222274
562	28.48028438222274
563	28.48028438222274
564	28.48028438222274
565	28.48028438222274
566	45.17269956445113
567	45.17269956445113
568	45.17269956445113
569	45.17269956445113
570	45.17269956445113
571	45.17269956445113
572	66.97082972970806
573	66.97082972970806
574	66.97082972970806
575	66.97082972970806
576	66.97082972970806
577	66.97082972970806
578	68.47066466933359
579	68.47066466933359
580	68.47066466933359
581	68.47066466933359
582	68.47066466933359
583	68.47066466933359
584	70.6739961424316
585	70.6739961424316
586	70.6739961424316
587	70.6739961424316
588	70.6739961424316
589	70.6739961424316
590	33.12690366361739
591	33.12690366361739
592	33.12690366361739
593	33.12690366361739
594	33.12690366361739
595	33.12690366361739
596	57.42255726766063
597	57.42255726766063
598	57.42255726766063
599	57.42255726766063
600	57.42255726766063
601	57.42255726766063
602	43.91538258338883
603	43.91538258338883
604	43.91538258338883
605	43.91538258338883
606	43.91538258338883
607	43.91538258338883
608	93.40638111128287
609	93.40638111128287
610	93.40638111128287
611	93.40638111128287
612	93.40638111128287
613	93.40638111128287
614	69.02439014700087
615	69.02439014700087
616	69.02439014700087
617	69.02439014700087
618	69.02439014700087
619	69.02439014700087
620	78.58859912979229
621	78.58859912979229
622	78.58859912979229
623	78.58859912979229
624	78.58859912979229
625	78.58859912979229
626	25.76341920463777
627	25.76341920463777
628	25.76341920463777
629	25.76341920463777
630	25.76341920463777
631	25.76341920463777
632	33.09989730189377
633	33.09989730189377
634	33.09989730189377
635	33.09989730189377
636	33.09989730189377
637	33.09989730189377
638	67.81789224847347
639	67.81789224847347
640	67.81789224847347
641	67.81789224847347
642	67.81789224847347
643	67.81789224847347
644	86.78587799815008
645	86.78587799815008
646	86.78587799815008
647	86.78587799815008
648	86.78587799815008
649	86.78587799815008
650	21.462067549356576
651	21.462067549356576
652	21.462067549356576
653	21.462067549356576
654	21.462067549356576
655	21.462067549356576
656	57.9068397082949
657	57.9068397082949
658	57.9068397082949
659	57.9068397082949
660	57.9068397082949
661	57.9068397082949
662	47.58113586507358
663	47.58113586507358
664	47.58113586507358
665	47.58113586507358
666	80.47131585730926
667	80.47131585730926
668	20.86934453089666
669	20.86934453089666
670	20.86934453089666
671	20.86934453089666
672	20.86934453089666
673	20.86934453089666
674	47.819779257578105
675	47.819779257578105
676	47.819779257578105
677	62.3291774644714
678	62.3291774644714
679	62.3291774644714
680	62.3291774644714
681	62.3291774644714
682	62.3291774644714
683	51.557518696339564
684	51.557518696339564
685	51.557518696339564
686	51.557518696339564
687	51.557518696339564
688	51.557518696339564
689	33.61045336789876
690	33.61045336789876
691	33.61045336789876
692	33.61045336789876
693	33.61045336789876
694	33.61045336789876
695	45.77717692939412
696	45.77717692939412
697	45.77717692939412
698	45.77717692939412
699	45.77717692939412
700	45.77717692939412
701	52.20220298150677
702	52.20220298150677
703	52.20220298150677
704	52.20220298150677
705	52.20220298150677
706	52.20220298150677
707	73.83485973473638
708	73.83485973473638
709	73.83485973473638
710	73.83485973473638
711	73.83485973473638
712	73.83485973473638
713	80.91780111711938
714	80.91780111711938
715	80.91780111711938
716	80.91780111711938
717	80.91780111711938
718	80.91780111711938
719	50.30531436781441
720	50.30531436781441
721	50.30531436781441
722	50.30531436781441
723	50.30531436781441
724	50.30531436781441
725	77.48587854105125
726	77.48587854105125
727	77.48587854105125
728	77.48587854105125
729	77.48587854105125
730	77.48587854105125
731	80.0297454327195
732	80.0297454327195
733	80.0297454327195
734	80.0297454327195
735	80.0297454327195
736	80.0297454327195
737	78.37056359051851
738	78.37056359051851
739	78.37056359051851
740	78.37056359051851
741	78.37056359051851
742	78.37056359051851
743	45.89400441647432
744	45.89400441647432
745	45.89400441647432
746	45.89400441647432
747	45.89400441647432
748	45.89400441647432
749	1.4393543601628593
750	1.4393543601628593
751	1.4393543601628593
752	1.4393543601628593
753	1.4393543601628593
754	1.4393543601628593
755	84.48158978086585
756	84.48158978086585
757	84.48158978086585
758	84.48158978086585
759	84.48158978086585
760	84.48158978086585
761	35.62126615197491
762	35.62126615197491
763	35.62126615197491
764	35.62126615197491
765	35.62126615197491
766	35.62126615197491
767	59.11342118185745
768	59.11342118185745
769	59.11342118185745
770	59.11342118185745
771	59.11342118185745
772	59.11342118185745
773	63.969790031885694
774	63.969790031885694
775	63.969790031885694
776	63.969790031885694
777	63.969790031885694
778	63.969790031885694
779	45.84784844623817
780	45.84784844623817
781	45.84784844623817
782	45.84784844623817
783	45.84784844623817
784	45.84784844623817
785	104.26952430287207
786	104.26952430287207
787	104.26952430287207
788	104.26952430287207
789	104.26952430287207
790	104.26952430287207
791	72.31006685215192
792	72.31006685215192
793	72.31006685215192
794	72.31006685215192
795	72.31006685215192
796	72.31006685215192
797	55.04947615202252
798	55.04947615202252
799	55.04947615202252
800	55.04947615202252
801	55.04947615202252
802	55.04947615202252
803	58.92441574136875
804	58.92441574136875
805	58.92441574136875
806	58.92441574136875
807	58.92441574136875
808	58.92441574136875
809	22.421651208112685
810	22.421651208112685
811	22.421651208112685
812	22.421651208112685
813	22.421651208112685
814	22.421651208112685
815	59.22577842922668
816	59.22577842922668
817	59.22577842922668
818	59.22577842922668
819	59.22577842922668
820	59.22577842922668
821	35.64587657997332
822	35.64587657997332
823	35.64587657997332
824	35.64587657997332
825	35.64587657997332
826	35.64587657997332
827	57.69465924775028
828	57.69465924775028
829	57.69465924775028
830	57.69465924775028
831	57.69465924775028
832	57.69465924775028
833	52.57867441054014
834	52.57867441054014
835	52.57867441054014
836	52.57867441054014
837	52.57867441054014
838	52.57867441054014
839	13.497594418409008
840	13.497594418409008
841	13.497594418409008
842	13.497594418409008
843	13.497594418409008
844	13.497594418409008
845	63.86117387447432
846	63.86117387447432
847	63.86117387447432
848	63.86117387447432
849	63.86117387447432
850	63.86117387447432
851	45.79505531574497
852	45.79505531574497
853	45.79505531574497
854	45.79505531574497
855	45.79505531574497
856	45.79505531574497
857	23.723014681628985
858	23.723014681628985
859	23.723014681628985
860	23.723014681628985
861	23.723014681628985
862	23.723014681628985
863	72.79308770015317
864	72.79308770015317
865	72.79308770015317
866	72.79308770015317
867	72.79308770015317
868	72.79308770015317
869	28.716542135014745
870	28.716542135014745
871	28.716542135014745
872	28.716542135014745
873	28.716542135014745
874	28.716542135014745
875	85.86380217842492
876	85.86380217842492
877	85.86380217842492
878	85.86380217842492
879	85.86380217842492
880	85.86380217842492
881	43.04539366197311
882	43.04539366197311
883	43.04539366197311
884	43.04539366197311
885	43.04539366197311
886	43.04539366197311
887	33.84012625817157
888	33.84012625817157
889	33.84012625817157
890	33.84012625817157
891	33.84012625817157
892	33.84012625817157
893	52.98509695860828
894	52.98509695860828
895	52.98509695860828
896	52.98509695860828
897	52.98509695860828
898	52.98509695860828
899	54.09646331571787
900	54.09646331571787
901	54.09646331571787
902	54.09646331571787
903	54.09646331571787
904	54.09646331571787
905	38.310402755623876
906	38.310402755623876
907	38.310402755623876
908	38.310402755623876
909	38.310402755623876
910	38.310402755623876
911	13.660722085945537
912	13.660722085945537
913	13.660722085945537
914	13.660722085945537
915	13.660722085945537
916	13.660722085945537
917	49.1474398804267
918	49.1474398804267
919	49.1474398804267
920	49.1474398804267
921	49.1474398804267
922	49.1474398804267
923	56.233428377922
924	56.233428377922
925	56.233428377922
926	56.233428377922
927	56.233428377922
928	56.233428377922
929	84.94844242792442
930	84.94844242792442
931	84.94844242792442
932	84.94844242792442
933	84.94844242792442
934	84.94844242792442
935	47.21517158671227
936	47.21517158671227
937	47.21517158671227
938	47.21517158671227
939	47.21517158671227
940	47.21517158671227
941	0.1
942	0.1
943	0.1
944	0.1
945	0.1
946	0.1
947	67.03652893818418
948	67.03652893818418
949	67.03652893818418
950	67.03652893818418
951	67.03652893818418
952	67.03652893818418
953	35.869877218601985
954	35.869877218601985
955	35.869877218601985
956	35.869877218601985
957	35.869877218601985
958	35.869877218601985
959	67.46893849417631
960	67.46893849417631
961	67.46893849417631
962	67.46893849417631
963	67.46893849417631
964	67.46893849417631
965	43.43897591532779
966	43.43897591532779
967	43.43897591532779
968	43.43897591532779
969	43.43897591532779
970	43.43897591532779
971	63.11786936387254
972	63.11786936387254
973	63.11786936387254
974	63.11786936387254
975	63.11786936387254
976	63.11786936387254
977	59.817134179407674
978	59.817134179407674
979	59.817134179407674
980	59.817134179407674
981	59.817134179407674
982	59.817134179407674
983	24.853289566174432
984	57.197100175529485
985	57.197100175529485
986	57.197100175529485
987	57.197100175529485
988	57.197100175529485
989	57.197100175529485
990	29.618993448678353
991	29.618993448678353
992	29.618993448678353
993	29.618993448678353
994	29.618993448678353
995	29.618993448678353
996	35.58369163610175
997	35.58369163610175
998	35.58369163610175
999	35.58369163610175
1000	35.58369163610175
1001	35.58369163610175
1002	34.09763208632196
1003	34.09763208632196
1004	34.09763208632196
1005	34.09763208632196
1006	34.09763208632196
1007	34.09763208632196
1008	46.91632830275769
1009	46.91632830275769
1010	46.91632830275769
1011	46.91632830275769
1012	46.91632830275769
1013	46.91632830275769
1014	59.78313737985765
1015	59.78313737985765
1016	59.78313737985765
1017	59.78313737985765
1018	59.78313737985765
1019	59.78313737985765
1020	46.262055231197465
1021	46.262055231197465
1022	46.262055231197465
1023	46.262055231197465
1024	46.262055231197465
1025	46.262055231197465
1026	33.70569200760614
1027	33.70569200760614
1028	33.70569200760614
1029	33.70569200760614
1030	33.70569200760614
1031	33.70569200760614
1032	58.35397079013031
1033	58.35397079013031
1034	58.35397079013031
1035	58.35397079013031
1036	58.35397079013031
1037	58.35397079013031
1038	70.98822448737664
1039	70.98822448737664
1040	70.98822448737664
1041	70.98822448737664
1042	70.98822448737664
1043	70.98822448737664
1044	7.706262327987851
1045	7.706262327987851
1046	7.706262327987851
1047	7.706262327987851
1048	7.706262327987851
1049	7.706262327987851
1050	95.13741724717359
1051	95.13741724717359
1052	95.13741724717359
1053	95.13741724717359
1054	95.13741724717359
1055	95.13741724717359
1056	55.29518769437564
1057	55.29518769437564
1058	55.29518769437564
1059	55.29518769437564
1060	55.29518769437564
1061	55.29518769437564
1062	43.45209835749572
1063	43.45209835749572
1064	43.45209835749572
1065	43.45209835749572
1066	43.45209835749572
1067	43.45209835749572
1068	3.737335316899255
1069	3.737335316899255
1070	3.737335316899255
1071	3.737335316899255
1072	3.737335316899255
1073	3.737335316899255
1074	65.50089091063599
1075	65.50089091063599
1076	65.50089091063599
1077	65.50089091063599
1078	65.50089091063599
1079	65.50089091063599
1080	8.222466897769486
1081	8.222466897769486
1082	8.222466897769486
1083	8.222466897769486
1084	8.222466897769486
1085	8.222466897769486
1086	23.281144071100186
1087	23.281144071100186
1088	23.281144071100186
1089	23.281144071100186
1090	23.281144071100186
1091	23.281144071100186
1092	28.64001812050346
1093	28.64001812050346
1094	28.64001812050346
1095	28.64001812050346
1096	28.64001812050346
1097	28.64001812050346
1098	66.11215527891653
1099	66.11215527891653
1100	66.11215527891653
1101	66.11215527891653
1102	66.11215527891653
1103	66.11215527891653
1104	65.35347513708476
1105	65.35347513708476
1106	65.35347513708476
1107	65.35347513708476
1108	65.35347513708476
1109	65.35347513708476
1110	26.119293297271728
1111	26.119293297271728
1112	26.119293297271728
1113	26.119293297271728
1114	26.119293297271728
1115	26.119293297271728
1116	66.88731977043028
1117	66.88731977043028
1118	66.88731977043028
1119	66.88731977043028
1120	66.88731977043028
1121	66.88731977043028
1122	47.804348967357946
1123	47.804348967357946
1124	47.804348967357946
1125	47.804348967357946
1126	47.804348967357946
1127	47.804348967357946
1128	70.1766762047137
1129	70.1766762047137
1130	70.1766762047137
1131	70.1766762047137
1132	70.1766762047137
1133	70.1766762047137
1134	13.921459148248783
1135	13.921459148248783
1136	13.921459148248783
1137	13.921459148248783
1138	13.921459148248783
1139	13.921459148248783
1140	40.005182395322464
1141	40.005182395322464
1142	40.005182395322464
1143	40.005182395322464
1144	40.005182395322464
1145	40.005182395322464
1146	33.755381583692206
1147	33.755381583692206
1148	33.755381583692206
1149	33.755381583692206
1150	33.755381583692206
1151	33.755381583692206
1152	63.24735506548249
1153	63.24735506548249
1154	63.24735506548249
1155	63.24735506548249
1156	63.24735506548249
1157	63.24735506548249
1158	52.845417478485885
1159	52.845417478485885
1160	52.845417478485885
1161	52.845417478485885
1162	52.845417478485885
1163	52.845417478485885
1164	41.25191010641886
1165	41.25191010641886
1166	41.25191010641886
1167	41.25191010641886
1168	41.25191010641886
1169	41.25191010641886
1170	74.99503865791968
1171	74.99503865791968
1172	74.99503865791968
1173	74.99503865791968
1174	74.99503865791968
1175	74.99503865791968
1176	58.3111084735538
1177	58.3111084735538
1178	58.3111084735538
1179	58.3111084735538
1180	58.3111084735538
1181	58.3111084735538
1182	45.96947870491866
1183	45.96947870491866
1184	45.96947870491866
1185	45.96947870491866
1186	45.96947870491866
1187	45.96947870491866
1188	32.82123116798644
1189	32.82123116798644
1190	32.82123116798644
1191	32.82123116798644
1192	32.82123116798644
1193	32.82123116798644
1194	30.698824771944587
1195	30.698824771944587
1196	30.698824771944587
1197	30.698824771944587
1198	30.698824771944587
1199	30.698824771944587
1200	38.1035016584413
1201	38.1035016584413
1202	38.1035016584413
1203	38.1035016584413
1204	38.1035016584413
1205	38.1035016584413
1206	54.047308829013865
1207	54.047308829013865
1208	54.047308829013865
1209	54.047308829013865
1210	54.047308829013865
1211	54.047308829013865
1212	21.85254507048848
1213	21.85254507048848
1214	21.85254507048848
1215	21.85254507048848
1216	21.85254507048848
1217	21.85254507048848
1218	51.000623543297415
1219	51.000623543297415
1220	51.000623543297415
1221	51.000623543297415
1222	51.000623543297415
1223	51.000623543297415
1224	30.685235243941797
1225	30.685235243941797
1226	30.685235243941797
1227	30.685235243941797
1228	30.685235243941797
1229	30.685235243941797
1230	78.63292719887417
1231	78.63292719887417
1232	78.63292719887417
1233	78.63292719887417
1234	78.63292719887417
1235	78.63292719887417
1236	64.14066945982154
1237	64.14066945982154
1238	64.14066945982154
1239	64.14066945982154
1240	64.14066945982154
1241	64.14066945982154
1242	36.2957294337228
1243	36.2957294337228
1244	36.2957294337228
1245	36.2957294337228
1246	36.2957294337228
1247	36.2957294337228
1248	56.710654831010444
1249	56.710654831010444
1250	56.710654831010444
1251	56.710654831010444
1252	56.710654831010444
1253	56.710654831010444
1254	72.623067768147
1255	72.623067768147
1256	72.623067768147
1257	72.623067768147
1258	72.623067768147
1259	72.623067768147
1260	106.59228885541711
1261	106.59228885541711
1262	106.59228885541711
1263	106.59228885541711
1264	106.59228885541711
1265	106.59228885541711
1266	69.49771523443468
1267	69.49771523443468
1268	69.49771523443468
1269	69.49771523443468
1270	69.49771523443468
1271	69.49771523443468
1272	22.2979359637626
1273	22.2979359637626
1274	22.2979359637626
1275	22.2979359637626
1276	22.2979359637626
1277	22.2979359637626
1278	0.1
1279	0.1
1280	0.1
1281	0.1
1282	0.1
1283	0.1
1284	54.762152260815455
1285	54.762152260815455
1286	54.762152260815455
1287	54.762152260815455
1288	54.762152260815455
1289	54.762152260815455
1290	62.92667983004535
1291	62.92667983004535
1292	62.92667983004535
1293	62.92667983004535
1294	62.92667983004535
1295	62.92667983004535
1296	24.146466117559786
1297	24.146466117559786
1298	24.146466117559786
1299	24.146466117559786
1300	24.146466117559786
1301	24.146466117559786
1302	38.74174825046169
1303	38.74174825046169
1304	38.74174825046169
1305	38.74174825046169
1306	38.74174825046169
1307	38.74174825046169
1308	64.04552240987934
1309	64.04552240987934
1310	64.04552240987934
1311	64.04552240987934
1312	64.04552240987934
1313	64.04552240987934
1314	42.5261017518413
1315	42.5261017518413
1316	42.5261017518413
1317	42.5261017518413
1318	42.5261017518413
1319	42.5261017518413
1320	79.99248459612832
1321	79.99248459612832
1322	79.99248459612832
1323	79.99248459612832
1324	79.99248459612832
1325	79.99248459612832
1326	68.50637801286288
1327	68.50637801286288
1328	68.50637801286288
1329	68.50637801286288
1330	68.50637801286288
1331	68.50637801286288
1332	105.18130966688575
1333	105.18130966688575
1334	105.18130966688575
1335	105.18130966688575
1336	105.18130966688575
1337	105.18130966688575
1338	2.942838114554803
1339	2.942838114554803
1340	2.942838114554803
1341	2.942838114554803
1342	2.942838114554803
1343	2.942838114554803
1344	69.58949490520747
1345	69.58949490520747
1346	69.58949490520747
1347	69.58949490520747
1348	69.58949490520747
1349	69.58949490520747
1350	18.48954835042638
1351	18.48954835042638
1352	18.48954835042638
1353	18.48954835042638
1354	18.48954835042638
1355	18.48954835042638
1356	33.407080148114986
1357	58.881073053222785
1358	58.881073053222785
1359	58.881073053222785
1360	58.881073053222785
1361	58.881073053222785
1362	58.881073053222785
1363	37.21693143521991
1364	37.21693143521991
1365	37.21693143521991
1366	37.21693143521991
1367	37.21693143521991
1368	37.21693143521991
1369	41.61520845767975
1370	41.61520845767975
1371	41.61520845767975
1372	41.61520845767975
1373	41.61520845767975
1374	41.61520845767975
1375	55.01934404357848
1376	55.01934404357848
1377	55.01934404357848
1378	55.01934404357848
1379	55.01934404357848
1380	55.01934404357848
1381	68.92461062914963
1382	68.92461062914963
1383	68.92461062914963
1384	68.92461062914963
1385	68.92461062914963
1386	68.92461062914963
1387	64.27822497785512
1388	64.27822497785512
1389	64.27822497785512
1390	64.27822497785512
1391	64.27822497785512
1392	64.27822497785512
1393	19.803630521743393
1394	19.803630521743393
1395	19.803630521743393
1396	19.803630521743393
1397	19.803630521743393
1398	19.803630521743393
1399	47.095562484616536
1400	47.095562484616536
1401	47.095562484616536
1402	47.095562484616536
1403	47.095562484616536
1404	47.095562484616536
1405	22.064593047754993
1406	22.064593047754993
1407	22.064593047754993
1408	22.064593047754993
1409	22.064593047754993
1410	22.064593047754993
1411	50.045498988460835
1412	50.045498988460835
1413	50.045498988460835
1414	50.045498988460835
1415	50.045498988460835
1416	50.045498988460835
1417	46.395310691083935
1418	46.395310691083935
1419	46.395310691083935
1420	46.395310691083935
1421	46.395310691083935
1422	46.395310691083935
1423	60.313291282576756
1424	60.313291282576756
1425	60.313291282576756
1426	60.313291282576756
1427	60.313291282576756
1428	60.313291282576756
1429	53.094499664757016
1430	53.094499664757016
1431	53.094499664757016
1432	53.094499664757016
1433	53.094499664757016
1434	53.094499664757016
1435	64.97943394197402
1436	64.97943394197402
1437	64.97943394197402
1438	64.97943394197402
1439	64.97943394197402
1440	64.97943394197402
1441	31.514733601897216
1442	31.514733601897216
1443	31.514733601897216
1444	31.514733601897216
1445	31.514733601897216
1446	31.514733601897216
1447	26.82447856775171
1448	26.82447856775171
1449	26.82447856775171
1450	26.82447856775171
1451	26.82447856775171
1452	26.82447856775171
1453	42.41420498954383
1454	42.41420498954383
1455	42.41420498954383
1456	42.41420498954383
1457	42.41420498954383
1458	42.41420498954383
1459	35.04587363752977
1460	35.04587363752977
1461	35.04587363752977
1462	35.04587363752977
1463	35.04587363752977
1464	35.04587363752977
1465	40.49700321613746
1466	40.49700321613746
1467	40.49700321613746
1468	40.49700321613746
1469	40.49700321613746
1470	40.49700321613746
1471	36.259070937489156
1472	36.259070937489156
1473	36.259070937489156
1474	36.259070937489156
1475	36.259070937489156
1476	36.259070937489156
1477	43.39121156603484
1478	43.39121156603484
1479	43.39121156603484
1480	43.39121156603484
1481	43.39121156603484
1482	43.39121156603484
1483	14.58526815398746
1484	14.58526815398746
1485	14.58526815398746
1486	14.58526815398746
1487	14.58526815398746
1488	14.58526815398746
1489	22.64535472371345
1490	22.64535472371345
1491	22.64535472371345
1492	22.64535472371345
1493	22.64535472371345
1494	22.64535472371345
1495	36.55743920147842
1496	36.55743920147842
1497	36.55743920147842
1498	36.55743920147842
1499	36.55743920147842
1500	36.55743920147842
1501	58.796950198605856
1502	58.796950198605856
1503	58.796950198605856
1504	58.796950198605856
1505	58.796950198605856
1506	58.796950198605856
1507	82.35120396024254
1508	82.35120396024254
1509	82.35120396024254
1510	82.35120396024254
1511	82.35120396024254
1512	82.35120396024254
1513	40.555981024347076
1514	40.555981024347076
1515	40.555981024347076
1516	40.555981024347076
1517	40.555981024347076
1518	40.555981024347076
1519	69.68429683589562
1520	69.68429683589562
1521	69.68429683589562
1522	69.68429683589562
1523	69.68429683589562
1524	69.68429683589562
1525	43.41883373927429
1526	43.41883373927429
1527	43.41883373927429
1528	43.41883373927429
1529	43.41883373927429
1530	43.41883373927429
1531	23.567703968262546
1532	23.567703968262546
1533	23.567703968262546
1534	23.567703968262546
1535	23.567703968262546
1536	23.567703968262546
1537	22.117642950475116
1538	22.117642950475116
1539	22.117642950475116
1540	22.117642950475116
1541	22.117642950475116
1542	22.117642950475116
1543	24.715339674394592
1544	24.715339674394592
1545	24.715339674394592
1546	24.715339674394592
1547	24.715339674394592
1548	24.715339674394592
1549	22.799194357242396
1550	22.799194357242396
1551	22.799194357242396
1552	22.799194357242396
1553	22.799194357242396
1554	22.799194357242396
1555	50.19628844384836
1556	50.19628844384836
1557	50.19628844384836
1558	50.19628844384836
1559	50.19628844384836
1560	50.19628844384836
1561	35.44086552669168
1562	35.44086552669168
1563	35.44086552669168
1564	35.44086552669168
1565	35.44086552669168
1566	35.44086552669168
1567	32.43038872877122
1568	32.43038872877122
1569	32.43038872877122
1570	32.43038872877122
1571	32.43038872877122
1572	32.43038872877122
1573	21.260801659303414
1574	21.260801659303414
1575	21.260801659303414
1576	21.260801659303414
1577	21.260801659303414
1578	21.260801659303414
1579	59.157349980065085
1580	59.157349980065085
1581	59.157349980065085
1582	59.157349980065085
1583	59.157349980065085
1584	59.157349980065085
1585	54.65350264759992
1586	54.65350264759992
1587	54.65350264759992
1588	54.65350264759992
1589	54.65350264759992
1590	54.65350264759992
1591	45.840842449884065
1592	45.840842449884065
1593	45.840842449884065
1594	45.840842449884065
1595	45.840842449884065
1596	45.840842449884065
1597	33.78790141875987
1598	33.78790141875987
1599	33.78790141875987
1600	33.78790141875987
1601	33.78790141875987
1602	33.78790141875987
1603	41.31249845127338
1604	41.31249845127338
1605	41.31249845127338
1606	41.31249845127338
1607	41.31249845127338
1608	41.31249845127338
1609	66.41271808322911
1610	66.41271808322911
1611	66.41271808322911
1612	66.41271808322911
1613	66.41271808322911
1614	66.41271808322911
1615	25.867069937104837
1616	25.867069937104837
1617	25.867069937104837
1618	25.867069937104837
1619	25.867069937104837
1620	25.867069937104837
1621	49.212672003652244
1622	49.212672003652244
1623	49.212672003652244
1624	49.212672003652244
1625	49.212672003652244
1626	49.212672003652244
1627	45.201351875680324
1628	45.201351875680324
1629	45.201351875680324
1630	45.201351875680324
1631	45.201351875680324
1632	45.201351875680324
1633	97.37008267831702
1634	97.37008267831702
1635	97.37008267831702
1636	97.37008267831702
1637	97.37008267831702
1638	97.37008267831702
1639	30.600266604472758
1640	30.600266604472758
1641	30.600266604472758
1642	30.600266604472758
1643	30.600266604472758
1644	30.600266604472758
1645	43.62296039183868
1646	43.62296039183868
1647	43.62296039183868
1648	43.62296039183868
1649	43.62296039183868
1650	43.62296039183868
1651	47.463589262656136
1652	47.463589262656136
1653	47.463589262656136
1654	47.463589262656136
1655	47.463589262656136
1656	47.463589262656136
1657	33.7640778441712
1658	33.7640778441712
1659	33.7640778441712
1660	33.7640778441712
1661	33.7640778441712
1662	33.7640778441712
1663	29.566901587943754
1664	29.566901587943754
1665	29.566901587943754
1666	29.566901587943754
1667	29.566901587943754
1668	29.566901587943754
1669	42.447603775070675
1670	42.447603775070675
1671	42.447603775070675
1672	42.447603775070675
1673	42.447603775070675
1674	42.447603775070675
1675	56.886388646715154
1676	56.886388646715154
1677	56.886388646715154
1678	56.886388646715154
1679	56.886388646715154
1680	56.886388646715154
1681	24.40745796534233
1682	24.40745796534233
1683	24.40745796534233
1684	24.40745796534233
1685	24.40745796534233
1686	24.40745796534233
1687	53.1193403567725
1688	53.1193403567725
1689	53.1193403567725
1690	53.1193403567725
1691	53.1193403567725
1692	53.1193403567725
1693	56.173201357513676
1694	56.173201357513676
1695	56.173201357513676
1696	56.173201357513676
1697	56.173201357513676
1698	56.173201357513676
1699	21.379007634670575
1700	21.379007634670575
1701	21.379007634670575
1702	21.379007634670575
1703	21.379007634670575
1704	21.379007634670575
1705	54.51031359386541
1706	54.51031359386541
1707	54.51031359386541
1708	54.51031359386541
1709	54.51031359386541
1710	54.51031359386541
1711	19.14012124209573
1712	19.14012124209573
1713	19.14012124209573
1714	19.14012124209573
1715	19.14012124209573
1716	19.14012124209573
1717	30.18132392094667
1718	30.18132392094667
1719	30.18132392094667
1720	30.18132392094667
1721	30.18132392094667
1722	30.18132392094667
1723	30.139931637146503
1724	30.139931637146503
1725	30.139931637146503
1726	30.139931637146503
1727	30.139931637146503
1728	30.139931637146503
1729	35.93050232338867
1730	35.93050232338867
1731	35.93050232338867
1732	35.93050232338867
1733	35.93050232338867
1734	35.93050232338867
1735	70.05521853224258
1736	70.05521853224258
1737	70.05521853224258
1738	70.05521853224258
1739	70.05521853224258
1740	70.05521853224258
1741	28.522990890698182
1742	28.522990890698182
1743	28.522990890698182
1744	28.522990890698182
1745	28.522990890698182
1746	28.522990890698182
1747	69.52949993471067
1748	69.52949993471067
1749	69.52949993471067
1750	69.52949993471067
1751	69.52949993471067
1752	69.52949993471067
1753	35.832442043448054
1754	35.832442043448054
1755	35.832442043448054
1756	35.832442043448054
1757	35.832442043448054
1758	35.832442043448054
1759	47.77304278972624
1760	47.77304278972624
1761	47.77304278972624
1762	47.77304278972624
1763	47.77304278972624
1764	47.77304278972624
1765	44.34129652406354
1766	44.34129652406354
1767	44.34129652406354
1768	44.34129652406354
1769	44.34129652406354
1770	44.34129652406354
1771	47.8046995102623
1772	47.8046995102623
1773	47.8046995102623
1774	47.8046995102623
1775	47.8046995102623
1776	47.8046995102623
1777	0.1
1778	0.1
1779	0.1
1780	0.1
1781	0.1
1782	0.1
1783	60.41133099398135
1784	60.41133099398135
1785	60.41133099398135
1786	60.41133099398135
1787	60.41133099398135
1788	60.41133099398135
1789	69.19164452731862
1790	69.19164452731862
1791	69.19164452731862
1792	69.19164452731862
1793	69.19164452731862
1794	69.19164452731862
1795	2.8945000797529943
1796	2.8945000797529943
1797	2.8945000797529943
1798	2.8945000797529943
1799	2.8945000797529943
1800	2.8945000797529943
1801	66.21897040655135
1802	66.21897040655135
1803	66.21897040655135
1804	66.21897040655135
1805	66.21897040655135
1806	66.21897040655135
1807	57.58871608646219
1808	57.58871608646219
1809	57.58871608646219
1810	57.58871608646219
1811	57.58871608646219
1812	57.58871608646219
1813	50.80898574698566
1814	50.80898574698566
1815	50.80898574698566
