0	76.81281656243088
1	76.81281656243088
2	76.81281656243088
3	102.93549573936951
4	102.93549573936951
5	102.93549573936951
6	110.86510253436141
7	110.86510253436141
8	110.86510253436141
9	104.75509637465372
10	104.75509637465372
11	104.75509637465372
12	117.12583347660612
13	117.12583347660612
14	117.12583347660612
15	83.25059255820263
16	83.25059255820263
17	83.25059255820263
18	112.61520001396146
19	112.61520001396146
20	112.61520001396146
21	88.22145628072454
22	88.22145628072454
23	88.22145628072454
24	111.5917142311352
25	111.5917142311352
26	111.5917142311352
27	76.20160411568258
28	76.20160411568258
29	76.20160411568258
30	89.57871406204445
31	89.57871406204445
32	89.57871406204445
33	114.77231775702582
34	114.77231775702582
35	114.77231775702582
36	77.02675914803928
37	77.02675914803928
38	77.02675914803928
39	85.77697534781854
40	85.77697534781854
41	85.77697534781854
42	103.44403878831729
43	103.44403878831729
44	103.44403878831729
45	112.01256285238145
46	112.01256285238145
47	112.01256285238145
48	102.23184312472542
49	102.23184312472542
50	102.23184312472542
51	102.13257473820074
52	102.13257473820074
53	102.13257473820074
54	101.2692962991985
55	101.2692962991985
56	101.2692962991985
57	102.36669300369715
58	102.36669300369715
59	102.36669300369715
60	77.41597903376733
61	77.41597903376733
62	77.41597903376733
63	88.36603718579354
64	88.36603718579354
65	88.36603718579354
66	101.47045214153928
67	101.47045214153928
68	101.47045214153928
69	108.46423087780568
70	108.46423087780568
71	108.46423087780568
72	70.96475970245451
73	70.96475970245451
74	70.96475970245451
75	107.9357490433297
76	107.9357490433297
77	107.9357490433297
78	79.25496264337175
79	79.25496264337175
80	79.25496264337175
81	67.05077802637554
82	67.05077802637554
83	67.05077802637554
84	123.33048379589798
85	123.33048379589798
86	123.33048379589798
87	127.25265744546641
88	127.25265744546641
89	127.25265744546641
90	86.56164197665865
91	86.56164197665865
92	86.56164197665865
93	82.15057313951598
94	82.15057313951598
95	82.15057313951598
96	89.50026531415092
97	89.50026531415092
98	89.50026531415092
99	93.7459019905231
100	93.7459019905231
101	93.7459019905231
102	84.7686437855067
103	84.7686437855067
104	84.7686437855067
105	92.42632454158132
106	92.42632454158132
107	92.42632454158132
108	114.58397384661741
109	114.58397384661741
110	114.58397384661741
111	80.6943858067043
112	80.6943858067043
113	80.6943858067043
114	80.9915636794967
115	80.9915636794967
116	80.9915636794967
117	110.7162633355887
118	110.7162633355887
119	110.7162633355887
120	123.66857528026608
121	123.66857528026608
122	123.66857528026608
123	85.44368774583411
124	85.44368774583411
125	85.44368774583411
126	111.57508184831393
127	111.57508184831393
128	111.57508184831393
129	81.91758116175579
130	81.91758116175579
131	81.91758116175579
132	103.37953295041363
133	103.37953295041363
134	103.37953295041363
135	102.91014339648143
136	102.91014339648143
137	102.91014339648143
138	95.52861257860658
139	95.52861257860658
140	95.52861257860658
141	90.76440012995394
142	90.76440012995394
143	90.76440012995394
144	108.74701251293837
145	108.74701251293837
146	108.74701251293837
147	119.42246043234674
148	119.42246043234674
149	119.42246043234674
150	115.8233925026334
151	115.8233925026334
152	115.8233925026334
153	103.43238414385308
154	103.43238414385308
155	103.43238414385308
156	118.30777170596176
157	118.30777170596176
158	118.30777170596176
159	77.9968189255847
160	77.9968189255847
161	77.9968189255847
162	83.94603971183734
163	83.94603971183734
164	83.94603971183734
165	104.60683776038528
166	104.60683776038528
167	104.60683776038528
168	97.89648086587336
169	97.89648086587336
170	97.89648086587336
171	87.106464918161
172	87.106464918161
173	87.106464918161
174	105.96487383442789
175	105.96487383442789
176	105.96487383442789
177	89.32299553921743
178	89.32299553921743
179	89.32299553921743
180	105.58625711076387
181	105.58625711076387
182	105.58625711076387
183	102.60755229258895
184	102.60755229258895
185	102.60755229258895
186	99.73946873615411
187	99.73946873615411
188	99.73946873615411
189	98.99427581002963
190	98.99427581002963
191	77.79013682758807
192	77.79013682758807
193	77.79013682758807
194	74.87876067215582
195	74.87876067215582
196	74.87876067215582
197	94.0395490924162
198	94.0395490924162
199	94.0395490924162
200	84.3158763130893
201	84.3158763130893
202	84.3158763130893
203	93.00851569351823
204	93.00851569351823
205	93.00851569351823
206	99.39923122546315
207	99.39923122546315
208	99.39923122546315
209	101.6739526975221
210	101.6739526975221
211	101.6739526975221
212	85.22956736741432
213	85.22956736741432
214	85.22956736741432
215	104.53072595403745
216	104.53072595403745
217	104.53072595403745
218	84.6913258542282
219	84.6913258542282
220	84.6913258542282
221	101.71543205127449
222	101.71543205127449
223	101.71543205127449
224	83.00505290626026
225	83.00505290626026
226	83.00505290626026
227	92.70399216373607
228	92.70399216373607
229	92.70399216373607
230	110.53611827665007
231	110.53611827665007
232	110.53611827665007
233	87.67274862301501
234	87.67274862301501
235	87.67274862301501
236	93.92077299816896
237	93.92077299816896
238	93.92077299816896
239	79.81961952428652
240	79.81961952428652
241	79.81961952428652
242	90.53851203347732
243	90.53851203347732
244	90.53851203347732
245	94.00193714347382
246	94.00193714347382
247	94.00193714347382
248	74.87537590589658
249	74.87537590589658
250	74.87537590589658
251	93.20870213889631
252	93.20870213889631
253	93.20870213889631
254	118.64434447363308
255	118.64434447363308
256	118.64434447363308
257	120.39182934960311
258	120.39182934960311
259	120.39182934960311
260	86.51684985816615
261	86.51684985816615
262	86.51684985816615
263	64.77410189734353
264	64.77410189734353
265	64.77410189734353
266	98.22079094422571
267	98.22079094422571
268	98.22079094422571
269	92.49141125915295
270	92.49141125915295
271	92.49141125915295
272	72.05808617156933
273	72.05808617156933
274	72.05808617156933
275	93.89672394188162
276	93.89672394188162
277	93.89672394188162
278	91.74384012117544
279	91.74384012117544
280	91.74384012117544
281	86.58647583808028
282	86.58647583808028
283	86.58647583808028
284	56.34594179614171
285	56.34594179614171
286	56.34594179614171
287	85.79722657038535
288	85.79722657038535
289	85.79722657038535
290	97.19332794731609
291	97.19332794731609
292	97.19332794731609
293	90.20553521869681
294	90.20553521869681
295	90.20553521869681
296	105.63692628612515
297	105.63692628612515
298	105.63692628612515
299	110.9485690206926
300	110.9485690206926
301	110.9485690206926
302	103.88799015064099
303	103.88799015064099
304	103.88799015064099
305	72.23471715528777
306	72.23471715528777
307	72.23471715528777
308	116.02354773736603
309	116.02354773736603
310	116.02354773736603
311	129.17116447436035
312	129.17116447436035
313	129.17116447436035
314	106.72776338561752
315	106.72776338561752
316	106.72776338561752
317	99.09991244064697
318	99.09991244064697
319	99.09991244064697
320	63.0008446650012
321	63.0008446650012
322	63.0008446650012
323	96.43437449303018
324	96.43437449303018
325	96.43437449303018
326	119.11243502480595
327	119.11243502480595
328	119.11243502480595
329	103.39666684505933
330	103.39666684505933
331	103.39666684505933
332	76.87718798303558
333	76.87718798303558
334	76.87718798303558
335	127.9492230133418
336	127.9492230133418
337	127.9492230133418
338	101.26003745326099
339	101.26003745326099
340	101.26003745326099
341	76.48537145563881
342	76.48537145563881
343	76.48537145563881
344	76.20020064278253
345	76.20020064278253
346	76.20020064278253
347	78.35734521991512
348	78.35734521991512
349	78.35734521991512
350	111.5476455955225
351	111.5476455955225
352	111.5476455955225
353	113.8794389819372
354	113.8794389819372
355	113.8794389819372
356	91.74989687379663
357	91.74989687379663
358	91.74989687379663
359	84.61032447634783
360	84.61032447634783
361	84.61032447634783
362	104.68102927964182
363	104.68102927964182
364	104.68102927964182
365	83.39925840444683
366	83.39925840444683
367	83.39925840444683
368	88.31882520537772
369	88.31882520537772
370	88.31882520537772
371	87.04557099423249
372	87.04557099423249
373	87.04557099423249
374	69.60368610955783
375	69.60368610955783
376	69.60368610955783
377	100.66282068011171
378	100.66282068011171
379	100.66282068011171
380	70.35679738867039
381	70.35679738867039
382	70.35679738867039
383	125.84555623736027
384	125.84555623736027
385	125.84555623736027
386	94.85710621031518
387	94.85710621031518
388	94.85710621031518
389	101.44306324467664
390	101.44306324467664
391	101.44306324467664
392	93.37436747799059
393	93.37436747799059
394	93.37436747799059
395	78.22897218880203
396	78.22897218880203
397	78.22897218880203
398	72.95412693480938
399	72.95412693480938
400	72.95412693480938
401	100.22368421509337
402	100.22368421509337
403	100.22368421509337
404	109.66710330267411
405	109.66710330267411
406	109.66710330267411
407	108.6826451960367
408	108.6826451960367
409	108.6826451960367
410	94.6176816834808
411	94.6176816834808
412	94.6176816834808
413	107.81233427619551
414	107.81233427619551
415	107.81233427619551
416	112.36816303956874
417	112.36816303956874
418	112.36816303956874
419	111.63858378131654
420	111.63858378131654
421	111.63858378131654
422	89.26608234007313
423	89.26608234007313
424	89.26608234007313
425	59.67120810107512
426	59.67120810107512
427	59.67120810107512
428	92.23247053348364
429	92.23247053348364
430	92.23247053348364
431	63.898675269298984
432	63.898675269298984
433	63.898675269298984
434	66.14775350210752
435	66.14775350210752
436	66.14775350210752
437	91.54934875315536
438	91.54934875315536
439	91.54934875315536
440	105.51168964303874
441	105.51168964303874
442	105.51168964303874
443	110.51748991599044
444	110.51748991599044
445	110.51748991599044
446	105.93286258586521
447	105.93286258586521
448	105.93286258586521
449	102.092932312329
450	102.092932312329
451	102.092932312329
452	100.57235631385313
453	100.57235631385313
454	100.57235631385313
455	103.37588699134943
456	103.37588699134943
457	103.37588699134943
458	104.24514311399946
459	104.24514311399946
460	104.24514311399946
461	108.47141482187891
462	108.47141482187891
463	108.47141482187891
464	72.49163901140223
465	72.49163901140223
466	72.49163901140223
467	93.18073694311818
468	93.18073694311818
469	93.18073694311818
470	103.56851148325916
471	103.56851148325916
472	103.56851148325916
473	112.23801589773682
474	112.23801589773682
475	112.23801589773682
476	114.3734752625808
477	114.3734752625808
478	114.3734752625808
479	88.39128902038568
480	88.39128902038568
481	88.39128902038568
482	107.23582825740252
483	107.23582825740252
484	107.23582825740252
485	111.08804954260006
486	111.08804954260006
487	111.08804954260006
488	124.35477638109168
489	124.35477638109168
490	124.35477638109168
491	92.84031918804642
492	92.84031918804642
493	92.84031918804642
494	96.93312738921703
495	96.93312738921703
496	96.93312738921703
497	69.85045687862352
498	69.85045687862352
499	69.85045687862352
500	111.35189674475959
501	111.35189674475959
502	111.35189674475959
503	93.374828237102
504	93.374828237102
505	93.374828237102
506	88.23786636305366
507	88.23786636305366
508	88.23786636305366
509	91.48696059707453
510	91.48696059707453
511	91.48696059707453
512	87.1771500503773
513	87.1771500503773
514	87.1771500503773
515	89.1898196829972
516	89.1898196829972
517	89.1898196829972
518	100.48463112787823
519	100.48463112787823
520	100.48463112787823
521	94.96115211923745
522	94.96115211923745
523	94.96115211923745
524	96.68857646774302
525	96.68857646774302
526	96.68857646774302
527	104.22597666745679
528	104.22597666745679
529	104.22597666745679
530	107.3559855892732
531	107.3559855892732
532	107.3559855892732
533	102.01304494670462
534	102.01304494670462
535	102.01304494670462
536	94.12719001941566
537	94.12719001941566
538	94.12719001941566
539	94.37849937116127
540	94.37849937116127
541	94.37849937116127
542	102.51678009958088
543	102.51678009958088
544	102.51678009958088
545	128.76722522639503
546	128.76722522639503
547	128.76722522639503
548	94.72655039889206
549	94.72655039889206
550	94.72655039889206
551	86.11860719041792
552	86.11860719041792
553	86.11860719041792
554	125.78299899611773
555	125.78299899611773
556	125.78299899611773
557	76.66580419438546
558	76.66580419438546
559	76.66580419438546
560	122.29631185665805
561	122.29631185665805
562	122.29631185665805
563	83.84089915876312
564	83.84089915876312
565	83.84089915876312
566	82.6600131994766
567	82.6600131994766
568	82.6600131994766
569	128.2464689921983
570	128.2464689921983
571	128.2464689921983
572	120.60569861464684
573	120.60569861464684
574	120.60569861464684
575	98.07703833203475
576	98.07703833203475
577	98.07703833203475
578	99.3441347547415
579	99.3441347547415
580	99.3441347547415
581	90.65523360851255
582	90.65523360851255
583	90.65523360851255
584	88.89354331021238
585	88.89354331021238
586	88.89354331021238
587	80.23580268720386
588	80.23580268720386
589	80.23580268720386
590	87.88084781940516
591	87.88084781940516
592	87.88084781940516
593	93.40499856698668
594	93.40499856698668
595	93.40499856698668
596	118.77738766839794
597	118.77738766839794
598	118.77738766839794
599	110.68649653527304
600	110.68649653527304
601	110.68649653527304
602	97.83509633421329
603	97.83509633421329
604	97.83509633421329
605	97.17373224007198
606	97.17373224007198
607	97.17373224007198
608	87.45882142576008
609	87.45882142576008
610	87.45882142576008
611	124.41850801641962
612	124.41850801641962
613	124.41850801641962
614	63.12897433429331
615	63.12897433429331
616	63.12897433429331
617	87.64337466561857
618	87.64337466561857
619	87.64337466561857
620	102.33642924610842
621	102.33642924610842
622	102.33642924610842
623	71.48425171843358
624	71.48425171843358
625	71.48425171843358
626	106.60174117519585
627	106.60174117519585
628	106.60174117519585
629	101.85015221224043
630	101.85015221224043
631	101.85015221224043
632	107.13739597502277
633	107.13739597502277
634	107.13739597502277
635	96.41969352316312
636	96.41969352316312
637	96.41969352316312
638	90.7513403113796
639	90.7513403113796
640	90.7513403113796
641	91.02371561286306
642	91.02371561286306
643	91.02371561286306
644	86.96497313100639
645	86.96497313100639
646	86.96497313100639
647	88.63978949727895
648	88.63978949727895
649	88.63978949727895
650	100.48673291528755
651	100.48673291528755
652	100.48673291528755
653	109.0059760447867
654	109.0059760447867
655	109.0059760447867
656	96.51366603659794
657	96.51366603659794
658	96.51366603659794
659	68.05637590856298
660	68.05637590856298
661	68.05637590856298
662	106.66877845447065
663	106.66877845447065
664	106.66877845447065
665	134.21624858502273
666	134.21624858502273
667	134.21624858502273
668	87.28388870603456
669	87.28388870603456
670	87.28388870603456
671	85.97092565872688
672	85.97092565872688
673	85.97092565872688
674	102.29156096391416
675	102.29156096391416
676	102.29156096391416
677	108.21642849187103
678	108.21642849187103
679	108.21642849187103
680	93.88133344394636
681	93.88133344394636
682	93.88133344394636
683	89.06621256876618
684	89.06621256876618
685	89.06621256876618
686	84.1524762633074
687	84.1524762633074
688	84.1524762633074
689	74.87340358125793
690	74.87340358125793
691	74.87340358125793
692	91.24122557956987
693	91.24122557956987
694	91.24122557956987
695	90.8524450750252
696	90.8524450750252
697	90.8524450750252
698	83.51873364877234
699	83.51873364877234
700	83.51873364877234
701	85.37785699274455
702	85.37785699274455
703	85.37785699274455
704	95.84919419195627
705	95.84919419195627
706	95.84919419195627
707	85.30330672245894
708	85.30330672245894
709	85.30330672245894
710	80.83423809649494
711	80.83423809649494
712	80.83423809649494
713	94.57256897457722
714	94.57256897457722
715	94.57256897457722
716	106.01202407495413
717	106.01202407495413
718	106.01202407495413
719	71.30825074146708
720	71.30825074146708
721	71.30825074146708
722	92.6610166002216
723	92.6610166002216
724	92.6610166002216
725	108.27304949917088
726	108.27304949917088
727	108.27304949917088
728	101.32693609960927
729	101.32693609960927
730	83.64165461542447
731	83.64165461542447
732	83.64165461542447
733	125.69643501692644
734	125.69643501692644
735	125.69643501692644
736	80.17773905477894
737	80.17773905477894
738	80.17773905477894
739	107.56141503612304
740	107.56141503612304
741	107.56141503612304
742	91.64533403393675
743	91.64533403393675
744	91.64533403393675
745	89.18569557401747
746	89.18569557401747
747	89.18569557401747
748	103.64207799974011
749	103.64207799974011
750	103.64207799974011
751	111.26405014391209
752	111.26405014391209
753	111.26405014391209
754	96.042704776998
755	96.042704776998
756	96.042704776998
757	104.76162500537211
758	104.76162500537211
759	104.76162500537211
760	97.13024781342843
761	97.13024781342843
762	97.13024781342843
763	92.39367195694237
764	92.39367195694237
765	92.39367195694237
766	91.01591484596956
767	91.01591484596956
768	91.01591484596956
769	97.19534235352735
770	97.19534235352735
771	97.19534235352735
772	92.85736687227441
773	92.85736687227441
774	92.85736687227441
775	73.59400880575957
776	73.59400880575957
777	73.59400880575957
778	104.44104153542429
779	104.44104153542429
780	104.44104153542429
781	80.26168900833552
782	80.26168900833552
783	80.26168900833552
784	74.35529192388341
785	74.35529192388341
786	74.35529192388341
787	98.60579997904583
788	98.60579997904583
789	98.60579997904583
790	101.41162461499525
791	101.41162461499525
792	101.41162461499525
793	108.63314551146215
794	108.63314551146215
795	108.63314551146215
796	86.25120864659378
797	86.25120864659378
798	86.25120864659378
799	86.00323491621269
800	86.00323491621269
801	86.00323491621269
802	95.95623395632879
803	95.95623395632879
804	95.95623395632879
805	90.62314809734536
806	90.62314809734536
807	90.62314809734536
808	103.91929384946252
809	103.91929384946252
810	103.91929384946252
811	114.26210335060233
812	114.26210335060233
813	114.26210335060233
814	89.39729348224097
815	89.39729348224097
816	89.39729348224097
817	84.48905507957708
818	84.48905507957708
819	84.48905507957708
820	91.88864872246425
821	91.88864872246425
822	91.88864872246425
823	121.90657977834971
824	121.90657977834971
825	121.90657977834971
826	88.27229854665693
827	88.27229854665693
828	88.27229854665693
829	98.2154141568917
830	98.2154141568917
831	98.2154141568917
832	92.76628066418034
833	92.76628066418034
834	92.76628066418034
835	90.45280849806721
836	90.45280849806721
837	90.45280849806721
838	109.16834439253924
839	109.16834439253924
840	109.16834439253924
841	90.71895377218699
842	90.71895377218699
843	90.71895377218699
844	98.38959186933886
845	98.38959186933886
846	98.38959186933886
847	59.972812479620785
848	59.972812479620785
849	59.972812479620785
850	81.18248696402073
851	81.18248696402073
852	81.18248696402073
853	97.3186699483842
854	97.3186699483842
855	97.3186699483842
856	82.99918584908114
857	82.99918584908114
858	82.99918584908114
859	62.86801419574165
860	62.86801419574165
861	62.86801419574165
862	78.50859452835465
863	78.50859452835465
864	78.50859452835465
865	77.98698373457671
866	77.98698373457671
867	77.98698373457671
868	94.59089529316135
869	94.59089529316135
870	94.59089529316135
871	64.44337916186244
872	64.44337916186244
873	64.44337916186244
874	91.40873830369246
875	91.40873830369246
876	91.40873830369246
877	105.32933745646582
878	105.32933745646582
879	105.32933745646582
880	81.53475941931332
881	81.53475941931332
882	81.53475941931332
883	97.47293822744719
884	97.47293822744719
885	97.47293822744719
886	105.84874866987927
887	105.84874866987927
888	105.84874866987927
889	88.6799917761855
890	88.6799917761855
891	88.6799917761855
892	115.3617512700286
893	115.3617512700286
894	115.3617512700286
895	88.846429963494
896	88.846429963494
897	88.846429963494
898	83.04987160380963
899	83.04987160380963
900	83.04987160380963
901	110.25417245863105
902	110.25417245863105
903	110.25417245863105
904	89.91516905031514
905	89.91516905031514
906	89.91516905031514
907	87.3636579828935
908	87.3636579828935
909	87.3636579828935
910	89.12292640711608
911	89.12292640711608
912	89.12292640711608
913	84.48069228737332
914	84.48069228737332
915	84.48069228737332
916	90.37020454187517
917	90.37020454187517
918	90.37020454187517
919	76.21736140867436
920	76.21736140867436
921	76.21736140867436
922	123.6039464272592
923	123.6039464272592
924	123.6039464272592
925	92.35157841623652
926	92.35157841623652
927	92.35157841623652
928	79.34152538523374
929	79.34152538523374
930	79.34152538523374
931	86.0606694442047
932	86.0606694442047
933	86.0606694442047
934	96.54762047124801
935	96.54762047124801
936	96.54762047124801
937	115.91794955399641
938	115.91794955399641
939	115.91794955399641
940	90.54739344827578
941	90.54739344827578
942	90.54739344827578
943	88.32660639523097
944	88.32660639523097
945	88.32660639523097
946	86.13787737669212
947	86.13787737669212
948	86.13787737669212
949	96.10155827703649
950	96.10155827703649
951	96.10155827703649
952	84.99228045581047
953	84.99228045581047
954	84.99228045581047
955	109.30716375173826
956	109.30716375173826
957	109.30716375173826
958	116.7341154579415
959	116.7341154579415
960	116.7341154579415
961	87.12556730314297
962	87.12556730314297
963	87.12556730314297
964	97.91490334489814
965	97.91490334489814
966	97.91490334489814
967	86.89558489458045
968	86.89558489458045
969	86.89558489458045
970	90.6511517726887
971	90.6511517726887
972	90.6511517726887
973	74.04441938279649
974	74.04441938279649
975	74.04441938279649
976	118.09440172150212
977	118.09440172150212
978	118.09440172150212
979	64.64365270665407
980	64.64365270665407
981	64.64365270665407
982	108.11818282769167
983	108.11818282769167
984	108.11818282769167
985	120.70980423533979
986	120.70980423533979
987	120.70980423533979
988	111.78726019727355
989	111.78726019727355
990	111.78726019727355
991	83.94772636279093
992	83.94772636279093
993	83.94772636279093
994	93.97339117791408
995	93.97339117791408
996	93.97339117791408
997	78.47915649889504
998	78.47915649889504
999	78.47915649889504
1000	85.28214969796446
1001	85.28214969796446
1002	85.28214969796446
1003	107.83273606967197
1004	107.83273606967197
1005	107.83273606967197
1006	93.03388528741883
1007	93.03388528741883
1008	93.03388528741883
1009	91.0785586298882
1010	91.0785586298882
1011	91.0785586298882
1012	106.65747671931963
1013	106.65747671931963
1014	106.65747671931963
1015	110.11823761821586
1016	110.11823761821586
1017	110.11823761821586
1018	109.28810593646453
1019	109.28810593646453
1020	109.28810593646453
1021	93.41892504520378
1022	93.41892504520378
1023	93.41892504520378
1024	88.0722169071049
1025	88.0722169071049
1026	88.0722169071049
1027	111.92694377408993
1028	111.92694377408993
1029	111.92694377408993
1030	96.49234748533253
1031	96.49234748533253
1032	96.49234748533253
1033	77.03880325776723
1034	77.03880325776723
1035	77.03880325776723
1036	105.71680017665174
1037	105.71680017665174
1038	105.71680017665174
1039	100.49311191520647
1040	100.49311191520647
1041	100.49311191520647
1042	75.31006159170343
1043	75.31006159170343
1044	75.31006159170343
1045	68.35376689517909
1046	68.35376689517909
1047	68.35376689517909
1048	102.78824503147369
1049	102.78824503147369
1050	102.78824503147369
1051	90.03001813488456
1052	90.03001813488456
1053	90.03001813488456
1054	111.98695218889796
1055	111.98695218889796
1056	111.98695218889796
1057	102.85869019577788
1058	102.85869019577788
1059	102.85869019577788
1060	59.32838376611542
1061	59.32838376611542
1062	59.32838376611542
1063	74.73041839325637
1064	74.73041839325637
1065	74.73041839325637
1066	84.25395061552697
1067	84.25395061552697
1068	84.25395061552697
1069	91.62669917461793
1070	91.62669917461793
1071	91.62669917461793
1072	99.46666548888076
1073	99.46666548888076
1074	99.46666548888076
1075	83.4417826211985
1076	83.4417826211985
1077	83.4417826211985
1078	83.93416536772322
1079	83.93416536772322
1080	83.93416536772322
1081	71.22325738151349
1082	71.22325738151349
1083	98.15337490439123
1084	98.15337490439123
1085	98.15337490439123
1086	107.74592683788487
1087	107.74592683788487
1088	107.74592683788487
1089	77.20101409066059
1090	77.20101409066059
1091	77.20101409066059
1092	87.30433663402732
1093	87.30433663402732
1094	87.30433663402732
1095	144.88892704784666
1096	144.88892704784666
1097	144.88892704784666
1098	87.87651854417723
1099	87.87651854417723
1100	87.87651854417723
1101	88.93814395883355
1102	88.93814395883355
1103	88.93814395883355
1104	82.73444314698779
1105	82.73444314698779
1106	82.73444314698779
1107	70.10975497656334
1108	70.10975497656334
1109	70.10975497656334
1110	76.51343210310836
1111	76.51343210310836
1112	76.51343210310836
1113	92.96900737107777
1114	92.96900737107777
1115	92.96900737107777
1116	89.14035497348623
1117	89.14035497348623
1118	89.14035497348623
1119	108.73538665372423
1120	108.73538665372423
1121	108.73538665372423
1122	77.64610327860004
1123	77.64610327860004
1124	77.64610327860004
1125	106.51880904461764
1126	106.51880904461764
1127	106.51880904461764
1128	80.1129011627222
1129	80.1129011627222
1130	80.1129011627222
1131	101.68460843135993
1132	101.68460843135993
1133	101.68460843135993
1134	91.21638129441115
1135	91.21638129441115
1136	91.21638129441115
1137	94.9635506497016
1138	94.9635506497016
1139	94.9635506497016
1140	90.62634420871095
1141	90.62634420871095
1142	90.62634420871095
1143	117.42603411780124
1144	117.42603411780124
1145	117.42603411780124
1146	89.39488730864348
1147	89.39488730864348
1148	89.39488730864348
1149	119.62522113196715
1150	119.62522113196715
1151	119.62522113196715
1152	136.76977099429863
1153	136.76977099429863
1154	136.76977099429863
1155	80.58198495936642
1156	80.58198495936642
1157	80.58198495936642
1158	111.89583748298045
1159	111.89583748298045
1160	111.89583748298045
1161	60.79053655953462
1162	60.79053655953462
1163	60.79053655953462
1164	80.48800580404011
1165	80.48800580404011
1166	80.48800580404011
1167	90.48450815398202
1168	90.48450815398202
1169	90.48450815398202
1170	63.0858433775129
1171	63.0858433775129
1172	63.0858433775129
1173	112.38553055723497
1174	112.38553055723497
1175	112.38553055723497
1176	98.30639541032951
1177	98.30639541032951
1178	98.30639541032951
1179	104.3240996205266
1180	104.3240996205266
1181	104.3240996205266
1182	99.71622414448521
1183	99.71622414448521
1184	99.71622414448521
1185	90.12727735914443
1186	90.12727735914443
1187	90.12727735914443
1188	106.89605036343897
1189	106.89605036343897
1190	106.89605036343897
1191	115.17350091839808
1192	115.17350091839808
1193	115.17350091839808
1194	107.8347282686273
1195	107.8347282686273
1196	107.8347282686273
1197	87.5050856260145
1198	87.5050856260145
1199	87.5050856260145
1200	82.08718723587256
1201	82.08718723587256
1202	82.08718723587256
1203	91.73492565211848
1204	91.73492565211848
1205	91.73492565211848
1206	87.99053063685322
1207	87.99053063685322
1208	87.99053063685322
1209	63.51892602496831
1210	63.51892602496831
1211	63.51892602496831
1212	86.60358122885891
1213	86.60358122885891
1214	86.60358122885891
1215	108.75813160373428
1216	108.75813160373428
1217	108.75813160373428
1218	108.35353112162828
1219	108.35353112162828
1220	108.35353112162828
1221	93.12798532586066
1222	93.12798532586066
1223	93.12798532586066
1224	86.36566574085298
1225	86.36566574085298
1226	86.36566574085298
1227	114.59116898112242
1228	114.59116898112242
1229	114.59116898112242
1230	110.16265134947488
1231	110.16265134947488
1232	110.16265134947488
1233	97.89983792821836
1234	97.89983792821836
1235	97.89983792821836
1236	83.71572871012346
1237	83.71572871012346
1238	83.71572871012346
1239	92.2433402826671
1240	92.2433402826671
1241	92.2433402826671
1242	83.83159304510143
1243	83.83159304510143
1244	83.83159304510143
1245	94.23000182784993
1246	94.23000182784993
1247	94.23000182784993
1248	92.43687064450636
1249	92.43687064450636
1250	92.43687064450636
1251	92.34436346423183
1252	92.34436346423183
1253	92.34436346423183
1254	90.20750646750716
1255	90.20750646750716
1256	90.20750646750716
1257	123.5040386724858
1258	123.5040386724858
1259	123.5040386724858
1260	82.32170159407437
1261	82.32170159407437
1262	82.32170159407437
1263	87.75565556962829
1264	87.75565556962829
1265	87.75565556962829
1266	105.63721114128573
1267	105.63721114128573
1268	105.63721114128573
1269	97.19934392328676
1270	97.19934392328676
1271	97.19934392328676
1272	99.07210303633488
1273	99.07210303633488
1274	99.07210303633488
1275	87.19052493880656
1276	87.19052493880656
1277	87.19052493880656
1278	98.99768243794122
1279	98.99768243794122
1280	98.99768243794122
1281	81.162274900224
1282	81.162274900224
1283	81.162274900224
1284	62.47440357515704
1285	62.47440357515704
1286	62.47440357515704
1287	108.1319372916913
1288	108.1319372916913
1289	108.1319372916913
1290	93.97006641424232
1291	93.97006641424232
1292	93.97006641424232
1293	105.15259648051173
1294	105.15259648051173
1295	105.15259648051173
1296	95.60225227783327
1297	95.60225227783327
1298	93.02053886176523
1299	93.02053886176523
1300	93.02053886176523
1301	77.63209023649594
1302	77.63209023649594
1303	77.63209023649594
1304	88.23689757162626
1305	88.23689757162626
1306	88.23689757162626
1307	101.49842261809681
1308	101.49842261809681
1309	101.49842261809681
1310	88.1117907680664
1311	88.1117907680664
1312	88.1117907680664
1313	100.7423518749585
1314	100.7423518749585
1315	100.7423518749585
1316	113.52325783132994
1317	113.52325783132994
1318	113.52325783132994
1319	116.74509099941113
1320	116.74509099941113
1321	116.74509099941113
1322	97.74254176846604
1323	97.74254176846604
1324	97.74254176846604
1325	108.35735383598296
1326	108.35735383598296
1327	108.35735383598296
1328	93.99124917391003
1329	93.99124917391003
1330	93.99124917391003
1331	81.53127635206238
1332	81.53127635206238
1333	81.53127635206238
1334	75.48685977632135
1335	75.48685977632135
1336	75.48685977632135
1337	92.0244326074484
1338	92.0244326074484
1339	92.0244326074484
1340	87.07724194905005
1341	87.07724194905005
1342	87.07724194905005
1343	77.8887628882596
1344	77.8887628882596
1345	77.8887628882596
1346	108.99370388491421
1347	108.99370388491421
1348	108.99370388491421
1349	100.13215326077899
1350	100.13215326077899
1351	100.13215326077899
1352	96.02471495051343
1353	96.02471495051343
1354	96.02471495051343
1355	80.22096534525855
1356	80.22096534525855
1357	80.22096534525855
1358	110.54937012575623
1359	110.54937012575623
1360	110.54937012575623
1361	82.68449037198222
1362	82.68449037198222
1363	82.68449037198222
1364	100.27700624707434
1365	100.27700624707434
1366	100.27700624707434
1367	102.13246573362966
1368	102.13246573362966
1369	102.13246573362966
1370	92.73408113925873
1371	92.73408113925873
1372	92.73408113925873
1373	75.06529352792666
1374	75.06529352792666
1375	75.06529352792666
1376	74.4361997113621
1377	74.4361997113621
1378	74.4361997113621
1379	85.7415650428421
1380	85.7415650428421
1381	85.7415650428421
1382	76.66524744341064
1383	76.66524744341064
1384	76.66524744341064
1385	101.33449894995812
1386	101.33449894995812
1387	101.33449894995812
1388	94.47164696178771
1389	94.47164696178771
1390	94.47164696178771
1391	80.21580905540876
1392	80.21580905540876
1393	80.21580905540876
1394	102.35564355966856
1395	102.35564355966856
1396	102.35564355966856
1397	90.21028811950126
1398	90.21028811950126
1399	90.21028811950126
1400	90.58632011091855
1401	90.58632011091855
1402	90.58632011091855
1403	91.6556032912553
1404	91.6556032912553
1405	91.6556032912553
1406	114.57255568402388
1407	114.57255568402388
1408	114.57255568402388
1409	105.37707796201363
1410	105.37707796201363
1411	105.37707796201363
1412	129.2002027616422
1413	129.2002027616422
1414	129.2002027616422
1415	83.41250534556757
1416	83.41250534556757
1417	83.41250534556757
1418	115.48348512732832
1419	115.48348512732832
1420	115.48348512732832
1421	89.10625680695915
1422	89.10625680695915
1423	89.10625680695915
1424	101.28393171092766
1425	101.28393171092766
1426	101.28393171092766
1427	123.62680613859301
1428	123.62680613859301
1429	123.62680613859301
1430	78.38186664897123
1431	78.38186664897123
1432	78.38186664897123
1433	116.21032658895933
1434	116.21032658895933
1435	116.21032658895933
1436	101.61745801467951
1437	101.61745801467951
1438	101.61745801467951
1439	110.39390142812853
1440	110.39390142812853
1441	110.39390142812853
1442	84.39109288933747
1443	84.39109288933747
1444	84.39109288933747
1445	79.00892644664712
1446	79.00892644664712
1447	79.00892644664712
1448	99.22281003749404
1449	99.22281003749404
1450	99.22281003749404
1451	91.57298843691781
1452	91.57298843691781
1453	91.57298843691781
1454	78.80979095480079
1455	78.80979095480079
1456	78.80979095480079
1457	109.93691306385413
1458	109.93691306385413
1459	109.93691306385413
1460	73.52446459339065
1461	73.52446459339065
1462	73.52446459339065
1463	114.19020286954243
1464	114.19020286954243
1465	114.19020286954243
1466	108.87452350396852
1467	108.87452350396852
1468	108.87452350396852
1469	123.05824653152226
1470	123.05824653152226
1471	123.05824653152226
1472	86.08491970100661
1473	86.08491970100661
1474	86.08491970100661
1475	93.59877924051717
1476	93.59877924051717
1477	93.59877924051717
1478	64.03670934100103
1479	64.03670934100103
1480	64.03670934100103
1481	67.80540097459487
1482	67.80540097459487
1483	67.80540097459487
1484	88.32657266052342
1485	88.32657266052342
1486	88.32657266052342
1487	99.57957424153652
1488	99.57957424153652
1489	99.57957424153652
1490	99.37176156260688
1491	99.37176156260688
1492	99.37176156260688
1493	93.05300490677234
1494	93.05300490677234
1495	93.05300490677234
1496	89.67720143527903
1497	89.67720143527903
1498	89.67720143527903
1499	77.05145858843275
1500	77.05145858843275
1501	77.05145858843275
1502	96.33293889463869
1503	96.33293889463869
1504	96.33293889463869
1505	115.70438287350294
1506	115.70438287350294
1507	115.70438287350294
1508	85.27141820331964
1509	85.27141820331964
1510	85.27141820331964
1511	92.04274851866576
1512	92.04274851866576
1513	92.04274851866576
1514	72.81390631712918
1515	72.81390631712918
1516	72.81390631712918
1517	86.44279174181281
1518	86.44279174181281
1519	97.59441702082609
1520	97.59441702082609
1521	97.59441702082609
1522	105.19216513654841
1523	105.19216513654841
1524	105.19216513654841
1525	102.87711142558776
1526	102.87711142558776
1527	102.87711142558776
1528	97.0990344804806
1529	97.0990344804806
1530	97.0990344804806
1531	86.21521599789345
1532	86.21521599789345
1533	86.21521599789345
1534	81.83012408130934
1535	81.83012408130934
1536	81.83012408130934
1537	108.0703300039601
1538	108.0703300039601
1539	108.0703300039601
1540	78.53289203235995
1541	78.53289203235995
1542	78.53289203235995
1543	78.89454230897805
1544	78.89454230897805
1545	78.89454230897805
1546	113.24786592658712
1547	113.24786592658712
1548	113.24786592658712
1549	100.84935929170577
1550	100.84935929170577
1551	100.84935929170577
1552	110.4630522182749
1553	110.4630522182749
1554	110.4630522182749
1555	84.16956012308201
1556	84.16956012308201
1557	84.16956012308201
1558	73.21307795616684
1559	73.21307795616684
1560	73.21307795616684
1561	101.96506402884377
1562	101.96506402884377
1563	101.96506402884377
1564	125.7637299946921
1565	125.7637299946921
1566	125.7637299946921
1567	98.87628553850736
1568	98.87628553850736
1569	98.87628553850736
1570	98.97838848792922
1571	98.97838848792922
1572	98.97838848792922
1573	99.4396630087961
1574	99.4396630087961
1575	99.4396630087961
1576	116.51910344478048
1577	116.51910344478048
1578	116.51910344478048
1579	90.03827361025631
1580	90.03827361025631
1581	90.03827361025631
1582	115.24837589774168
1583	115.24837589774168
1584	115.24837589774168
1585	92.08431139166113
1586	92.08431139166113
1587	92.08431139166113
1588	125.67017463398238
1589	125.67017463398238
1590	125.67017463398238
1591	89.7442973551857
1592	89.7442973551857
1593	89.7442973551857
1594	119.93900551722437
1595	119.93900551722437
1596	119.93900551722437
1597	104.34946422101352
1598	104.34946422101352
1599	104.34946422101352
1600	72.6552303695355
1601	72.6552303695355
1602	72.6552303695355
1603	70.44938318402073
1604	70.44938318402073
1605	70.44938318402073
1606	86.25801873663285
1607	86.25801873663285
1608	86.25801873663285
1609	133.31950612902406
1610	133.31950612902406
1611	133.31950612902406
1612	109.66197541950177
1613	109.66197541950177
1614	109.66197541950177
1615	94.05099742516924
1616	94.05099742516924
1617	94.05099742516924
1618	89.32005584961631
1619	89.32005584961631
1620	89.32005584961631
1621	82.3530264225367
1622	82.3530264225367
1623	82.3530264225367
1624	105.1070694091183
1625	105.1070694091183
1626	105.1070694091183
1627	98.71777878028124
1628	98.71777878028124
1629	98.71777878028124
1630	103.57054140797327
1631	103.57054140797327
1632	103.57054140797327
1633	116.25386081637839
1634	116.25386081637839
1635	116.25386081637839
1636	96.52185781452958
1637	96.52185781452958
1638	96.52185781452958
1639	92.99229130793788
1640	92.99229130793788
1641	92.99229130793788
1642	88.37745077451045
1643	88.37745077451045
1644	88.37745077451045
1645	86.89151254899542
1646	86.89151254899542
1647	86.89151254899542
1648	125.31108785242259
1649	125.31108785242259
1650	125.31108785242259
1651	75.8018101858298
1652	75.8018101858298
1653	75.8018101858298
1654	77.60238818847014
1655	77.60238818847014
1656	77.60238818847014
1657	94.97402910920341
1658	94.97402910920341
1659	94.97402910920341
1660	75.93100801937838
1661	75.93100801937838
1662	75.93100801937838
1663	89.28018364670213
1664	89.28018364670213
1665	89.28018364670213
1666	101.23622777107123
1667	101.23622777107123
1668	101.23622777107123
1669	113.5119075812395
1670	113.5119075812395
1671	113.5119075812395
1672	99.15299545746986
1673	99.15299545746986
1674	99.15299545746986
1675	106.48898263421314
1676	106.48898263421314
1677	106.48898263421314
1678	108.12402008434015
1679	108.12402008434015
1680	108.12402008434015
1681	98.91992674651351
1682	98.91992674651351
1683	98.91992674651351
1684	88.60606737508422
1685	88.60606737508422
1686	88.60606737508422
1687	122.89038248430654
1688	122.89038248430654
1689	122.89038248430654
1690	87.59706208102878
1691	87.59706208102878
1692	87.59706208102878
1693	104.74502307174112
1694	104.74502307174112
1695	104.74502307174112
1696	101.15497345102739
1697	101.15497345102739
1698	101.15497345102739
1699	100.26051002296298
1700	100.26051002296298
1701	100.26051002296298
1702	96.62181955032788
1703	96.62181955032788
1704	96.62181955032788
1705	110.46281301222245
1706	110.46281301222245
1707	110.46281301222245
1708	89.59795800427341
1709	89.59795800427341
1710	89.59795800427341
1711	113.7672707804121
1712	113.7672707804121
1713	113.7672707804121
1714	102.05280257823249
1715	102.05280257823249
1716	102.05280257823249
1717	109.11267178697676
1718	109.11267178697676
1719	109.11267178697676
1720	93.5832923296106
1721	93.5832923296106
1722	93.5832923296106
1723	69.2997668846669
1724	69.2997668846669
1725	69.2997668846669
1726	91.11918175821255
1727	91.11918175821255
1728	91.11918175821255
1729	63.72187440364073
1730	63.72187440364073
1731	63.72187440364073
1732	84.0864617620212
1733	84.0864617620212
1734	84.0864617620212
1735	120.48584110080094
1736	120.48584110080094
1737	120.48584110080094
1738	76.70038766996942
1739	76.70038766996942
1740	76.70038766996942
1741	64.18348940176237
1742	64.18348940176237
1743	64.18348940176237
1744	99.9445048052566
1745	99.9445048052566
1746	99.9445048052566
1747	81.72734785335301
1748	81.72734785335301
1749	81.72734785335301
1750	94.73299358540972
1751	94.73299358540972
1752	94.73299358540972
1753	112.58245794598612
1754	112.58245794598612
1755	112.58245794598612
1756	93.05131623120273
1757	93.05131623120273
1758	93.05131623120273
