0	7.53675992879481
1	7.53675992879481
2	7.370009342473128
3	7.370009342473128
4	6.939085096827357
5	6.939085096827357
6	7.5955223816494915
7	7.5955223816494915
8	7.884053660336799
9	7.884053660336799
10	7.517416073654934
11	7.517416073654934
12	7.944567075166036
13	7.944567075166036
14	7.342768415343516
15	7.342768415343516
16	7.604441746047872
17	7.604441746047872
18	7.44154880586469
19	7.44154880586469
20	7.58998111656806
21	7.58998111656806
22	7.547547638953313
23	7.547547638953313
24	7.179659252619245
25	7.179659252619245
26	7.052113488246348
27	7.052113488246348
28	7.079964446749862
29	7.079964446749862
30	7.208139936836683
31	7.208139936836683
32	7.066857793196082
33	7.066857793196082
34	7.328247275326893
35	7.328247275326893
36	7.182568177666854
37	7.182568177666854
38	7.211021880259553
39	7.211021880259553
40	6.87991687373421
41	6.87991687373421
42	7.161991655685815
43	6.199508815408245
44	6.199508815408245
45	6.229537367178634
46	6.229537367178634
47	6.2654820756697625
48	6.2654820756697625
49	6.106157011016009
50	6.106157011016009
51	6.2721336530943805
52	6.2721336530943805
53	6.290165605861448
54	6.290165605861448
55	6.346608694284492
56	6.346608694284492
57	6.076951998219461
58	6.076951998219461
59	6.349584943342761
60	6.349584943342761
61	6.083570955581149
62	6.083570955581149
63	6.001017598444181
64	6.001017598444181
65	5.940516169031846
66	5.940516169031846
67	6.096925902644105
68	6.096925902644105
69	6.0952327599603855
70	6.0952327599603855
71	6.138031768364563
72	6.138031768364563
73	6.322226190113966
74	6.322226190113966
75	6.071830312832788
76	6.071830312832788
77	5.924403023383533
78	5.924403023383533
79	6.273745223880478
80	6.273745223880478
81	6.096183168276158
82	6.096183168276158
83	6.489317781069105
84	6.489317781069105
85	5.839812920193148
86	5.839812920193148
87	5.812045063444098
88	5.812045063444098
89	5.995773135175912
90	5.995773135175912
91	6.0060084550250865
92	6.0060084550250865
93	6.302182398660771
94	6.302182398660771
95	6.021944702432338
96	6.021944702432338
97	6.035562172838847
98	6.035562172838847
99	6.0324055680419795
100	6.0324055680419795
101	5.952784017308975
102	5.952784017308975
103	6.234724888754574
104	6.234724888754574
105	6.102394512720525
106	6.102394512720525
107	6.138725998236589
108	6.138725998236589
109	6.394047025639962
110	6.394047025639962
111	6.4774406909560795
112	6.4774406909560795
113	6.1659180179881705
114	6.1659180179881705
115	6.128009993796935
116	6.128009993796935
117	6.474667191195887
118	6.474667191195887
119	6.653118981572554
120	6.653118981572554
121	6.411382733989825
122	6.411382733989825
123	5.867766987057586
124	5.867766987057586
125	6.0559586967653125
126	6.0559586967653125
127	5.982746626469796
128	5.982746626469796
129	6.221942053667109
130	6.221942053667109
131	5.915268858786645
132	5.915268858786645
133	6.03737209510988
134	6.03737209510988
135	5.746328169416572
136	5.746328169416572
137	5.795633465804692
138	5.795633465804692
139	5.746159881545929
140	5.746159881545929
141	6.6692727180368125
142	6.6692727180368125
143	6.328077570625197
144	6.328077570625197
145	5.996701050862633
146	5.996701050862633
147	6.203622576522829
148	6.203622576522829
149	6.133243958850423
150	6.133243958850423
151	6.0508749731030775
152	6.0508749731030775
153	6.641485189229475
154	6.641485189229475
155	6.083304339474893
156	6.083304339474893
157	6.189339849177864
158	6.189339849177864
159	5.908928390371714
160	5.908928390371714
161	6.29972592736898
162	6.29972592736898
163	5.776356105079965
164	7.055329840584701
165	7.055329840584701
166	7.189404280967716
167	7.189404280967716
168	7.125157999528259
169	7.125157999528259
170	6.572304722513577
171	6.572304722513577
172	6.917617429835249
173	6.917617429835249
174	7.2639865826829855
175	7.2639865826829855
176	7.39356637960117
177	7.39356637960117
178	7.128229712248705
179	7.128229712248705
180	7.092083843270216
181	7.092083843270216
182	7.359252386958222
183	7.564623432061884
184	7.564623432061884
185	7.615346006217333
186	7.615346006217333
187	7.742617722378216
188	7.742617722378216
189	7.488880438188803
190	7.488880438188803
191	7.8398282334335425
192	7.8398282334335425
193	7.6573434183172795
194	7.6573434183172795
195	7.751291917965298
196	7.751291917965298
197	7.403261664134203
198	7.403261664134203
199	7.382728691719711
200	7.382728691719711
201	7.4814436009296585
202	7.4814436009296585
203	7.879128359940224
204	7.879128359940224
205	7.8020955976195605
206	7.8020955976195605
207	7.51826933906759
208	7.51826933906759
209	7.659621640232967
210	7.659621640232967
211	7.456563432672267
212	7.456563432672267
213	7.671243714200506
214	7.671243714200506
215	7.200662004662064
216	7.200662004662064
217	7.548677289869216
218	7.548677289869216
219	7.814597338728339
220	7.814597338728339
221	7.22260853204816
222	7.22260853204816
223	7.682146511992198
224	7.682146511992198
225	7.924669570597921
226	7.924669570597921
227	7.428161727285522
228	7.428161727285522
229	8.121715918990114
230	8.121715918990114
231	7.36174490037495
232	7.36174490037495
233	7.526592917593316
234	7.526592917593316
235	7.695259141675326
236	7.695259141675326
237	7.231810769008877
238	7.231810769008877
239	7.483304564940937
240	7.483304564940937
241	7.427153851015433
242	7.427153851015433
243	7.760217741431661
244	7.760217741431661
245	7.686357368983025
246	7.686357368983025
247	7.641710460487946
248	7.641710460487946
249	7.7546462829479115
250	7.7546462829479115
251	7.447327780918286
252	7.447327780918286
253	7.779405909764868
254	7.779405909764868
255	7.731084226296533
256	7.731084226296533
257	7.351454964447255
258	7.351454964447255
259	7.421903491584373
260	7.421903491584373
261	7.540183561100603
262	7.540183561100603
263	7.440840383509417
264	7.440840383509417
265	6.371593787135826
266	6.371593787135826
267	5.9942288076369135
268	5.9942288076369135
269	6.405679852159812
270	6.405679852159812
271	6.045327676603252
272	6.045327676603252
273	6.48113620027494
274	6.48113620027494
275	6.261684131763553
276	6.261684131763553
277	6.380290279366976
278	6.380290279366976
279	6.0813302479428835
280	6.0813302479428835
281	6.005483133730915
282	6.005483133730915
283	6.050172259669923
284	6.050172259669923
285	6.149045140830378
286	6.149045140830378
287	6.189243457304995
288	6.189243457304995
289	6.1589488463055835
290	8.861308597509394
291	8.861308597509394
292	8.447625869217429
293	8.447625869217429
294	8.131305822024231
295	8.131305822024231
296	8.54464346451807
297	8.54464346451807
298	7.957634839260224
299	7.957634839260224
300	8.606539084850795
301	8.606539084850795
302	8.372745152883027
303	8.372745152883027
304	8.289734817355935
305	8.289734817355935
306	8.114097000885955
307	8.114097000885955
308	8.042952748076939
309	8.042952748076939
310	8.379335995358439
311	8.379335995358439
312	8.256452868669824
313	8.256452868669824
314	7.969709054039652
315	7.969709054039652
316	7.958872287425829
317	7.958872287425829
318	8.118218071163014
319	8.118218071163014
320	7.785929385695539
321	7.785929385695539
322	8.091202956872838
323	8.091202956872838
324	7.950315483669942
325	7.950315483669942
326	8.131248156821194
327	8.131248156821194
328	8.158380764653854
329	8.158380764653854
330	8.327641232786146
331	8.327641232786146
332	8.093345106390519
333	8.093345106390519
334	8.632244520481674
335	8.632244520481674
336	8.770174202521217
337	8.770174202521217
338	8.809958269656502
339	8.809958269656502
340	8.554399679459348
341	8.554399679459348
342	8.660451525503905
343	8.660451525503905
344	8.360934248475044
345	8.360934248475044
346	8.8242748189806
347	8.8242748189806
348	8.314437683609944
349	8.314437683609944
350	9.041851077905909
351	9.041851077905909
352	8.251013389492634
353	8.251013389492634
354	8.426483898666692
355	8.426483898666692
356	8.37186604243579
357	8.37186604243579
358	8.014240996780414
359	8.014240996780414
360	8.316462503642821
361	8.316462503642821
362	8.344470016332254
363	8.344470016332254
364	8.431093260705081
365	8.431093260705081
366	8.412404316304777
367	8.412404316304777
368	8.154424126091977
369	8.154424126091977
370	8.1986608923555
371	8.1986608923555
372	8.0892707902194
373	8.0892707902194
374	8.007515053477123
375	8.007515053477123
376	7.95063417414043
377	7.95063417414043
378	8.38495040669223
379	8.38495040669223
380	8.111887888243908
381	8.675050086715745
382	8.675050086715745
383	8.421759839896227
384	8.421759839896227
385	8.66232813728075
386	8.66232813728075
387	8.48760772577974
388	9.620952405256665
389	9.620952405256665
390	10.065485629495756
391	10.065485629495756
392	10.496231045792092
393	10.496231045792092
394	10.205314429048693
395	9.389907368534924
396	9.389907368534924
397	9.291484653067393
398	9.291484653067393
399	9.865752285784337
400	9.865752285784337
401	9.876049485176377
402	9.876049485176377
403	9.190573841397118
404	9.190573841397118
405	10.195265367316605
406	10.195265367316605
407	9.82267307159325
408	9.82267307159325
409	9.36062749187565
410	9.36062749187565
411	9.416464792409865
412	9.416464792409865
413	9.61121579813077
414	9.61121579813077
415	9.728251625616604
416	9.728251625616604
417	9.629577180629248
418	9.629577180629248
419	9.414049200192185
420	9.414049200192185
421	9.134748020979591
422	9.134748020979591
423	9.38943770982481
424	9.38943770982481
425	9.477339233808445
426	9.477339233808445
427	8.741712735779458
428	8.741712735779458
429	10.188665926043212
430	10.188665926043212
431	9.841865447511655
432	9.841865447511655
433	9.904464788499874
434	9.904464788499874
435	9.987928323624608
436	9.987928323624608
437	9.782335395510266
438	9.782335395510266
439	9.35271222449851
440	9.35271222449851
441	9.586608553503392
442	9.586608553503392
443	9.499269024851491
444	9.499269024851491
445	9.910281560648317
446	9.910281560648317
447	8.967976326000448
448	8.967976326000448
449	9.157241362337453
450	9.157241362337453
451	9.659968841337712
452	9.659968841337712
453	9.486765144706556
454	9.486765144706556
455	9.904823341147274
456	9.904823341147274
457	9.505462062491274
458	9.505462062491274
459	9.701815089977595
460	9.701815089977595
461	9.465569777272108
462	9.465569777272108
463	9.53310548530556
464	9.53310548530556
465	9.52862866269525
466	9.52862866269525
467	9.62791271026594
468	9.62791271026594
469	8.939769168692886
470	8.939769168692886
471	8.932708948011783
472	8.932708948011783
473	9.141480078569264
474	9.141480078569264
475	8.971198263162526
476	8.971198263162526
477	8.675877292478559
478	8.675877292478559
479	8.634020806087713
480	8.634020806087713
481	8.892642912779458
482	8.892642912779458
483	8.111753054436278
484	7.75703779621504
485	7.75703779621504
486	8.392191661686581
487	8.392191661686581
488	7.829467935283993
489	7.829467935283993
490	8.212875092490037
491	8.212875092490037
492	8.29843929180571
493	8.29843929180571
494	8.43504837030915
495	8.43504837030915
496	8.166493347504275
497	7.040249486513271
498	7.040249486513271
499	6.82888055938942
500	6.82888055938942
501	7.135098562668793
502	7.135098562668793
503	7.31191129806202
504	7.31191129806202
505	7.094068016698117
506	7.094068016698117
507	6.904106653905611
508	6.904106653905611
509	7.416369589585082
510	7.416369589585082
511	7.087954013846162
512	7.087954013846162
513	7.085914558285225
514	7.085914558285225
515	7.030442923196024
516	7.030442923196024
517	7.377375050917938
518	7.377375050917938
519	7.212284143818446
520	7.212284143818446
521	7.479937795567014
522	7.479937795567014
523	6.9078728217771745
524	6.9078728217771745
525	7.633540456820099
526	7.633540456820099
527	7.225630643773554
528	7.225630643773554
529	7.172705062295169
530	7.172705062295169
531	7.8294223249281
532	7.8294223249281
533	8.30876868491004
534	8.30876868491004
535	7.789828373772483
536	7.789828373772483
537	8.060779146904423
538	8.060779146904423
539	8.207315244845589
540	8.207315244845589
541	8.172269454131659
542	8.172269454131659
543	8.504950936133683
544	8.504950936133683
545	8.331845273721807
546	8.331845273721807
547	8.316611953328028
548	6.724089695953296
549	6.724089695953296
550	6.523435098492797
551	6.523435098492797
552	6.479559226785142
553	6.479559226785142
554	6.529047709254381
555	6.529047709254381
556	6.920300850281186
557	6.920300850281186
558	6.527734807132464
559	6.527734807132464
560	6.718821604271938
561	7.149626402165226
562	7.149626402165226
563	7.13651951829222
564	7.13651951829222
565	7.369974489714216
566	7.369974489714216
567	7.2757732199683
568	7.2757732199683
569	7.370238533553614
570	7.370238533553614
571	7.118918129673663
572	7.118918129673663
573	7.202251376720618
574	7.202251376720618
575	6.936323412350842
576	6.936323412350842
577	7.361589941340932
578	7.487036233860898
579	7.487036233860898
580	7.367649314294964
581	7.367649314294964
582	7.630429865584475
583	7.630429865584475
584	7.343049378380867
585	7.343049378380867
586	7.39730234901215
587	7.39730234901215
588	7.381766615270264
589	7.381766615270264
590	7.224356678491806
591	7.224356678491806
592	7.294085084135759
593	7.294085084135759
594	7.6663022059887656
595	7.6663022059887656
596	7.93158987395629
597	7.93158987395629
598	7.7309644752722075
599	7.7309644752722075
600	7.674764661458465
601	7.674764661458465
602	7.804302339030993
603	7.804302339030993
604	7.779335812882661
605	7.779335812882661
606	7.620878759302379
607	7.620878759302379
608	7.709392862694209
609	7.709392862694209
610	7.945957127945234
611	7.945957127945234
612	8.068944232087626
613	8.068944232087626
614	7.591248492378848
615	7.591248492378848
616	7.679922468168825
617	7.679922468168825
618	8.03783995412212
619	8.03783995412212
620	7.545876469023297
621	7.9839667008124255
622	7.9839667008124255
623	7.672265473886227
624	7.672265473886227
625	8.085950758464213
626	8.085950758464213
627	8.509221226913128
628	8.509221226913128
629	8.04846140803902
630	8.04846140803902
631	8.315153179456614
632	8.315153179456614
633	8.43701467982159
634	8.43701467982159
635	8.222657453570184
636	8.222657453570184
637	8.037541533990874
638	8.037541533990874
639	8.33608948099365
640	8.33608948099365
641	7.894931412226284
642	7.894931412226284
643	7.778515932296935
644	7.778515932296935
645	7.800495264711685
646	7.800495264711685
647	8.159060193429733
648	8.159060193429733
649	8.463141636850668
650	8.463141636850668
651	7.859655713520863
652	7.859655713520863
653	8.442223944703114
654	8.442223944703114
655	8.071231233697931
656	8.071231233697931
657	8.20754170044957
658	8.20754170044957
659	7.56956104532845
660	7.56956104532845
661	8.441545753038836
662	8.441545753038836
663	7.914098391594625
664	7.914098391594625
665	7.988494621584575
666	7.988494621584575
667	8.486437197154912
668	8.486437197154912
669	7.754881685340274
670	7.754881685340274
671	8.293842307048315
672	8.293842307048315
673	8.087474232902567
674	8.087474232902567
675	8.323613193057533
676	8.323613193057533
677	8.002137372798712
678	8.002137372798712
679	8.31408117472248
680	8.31408117472248
681	8.668835746948059
682	8.668835746948059
683	7.935609653050847
684	7.935609653050847
685	8.481259342931718
686	8.481259342931718
687	8.197208289708001
688	8.197208289708001
689	8.720181784127313
690	8.720181784127313
691	8.286659121742126
692	8.286659121742126
693	8.520553138255512
694	8.520553138255512
695	8.683106042304464
696	8.683106042304464
697	8.832023373372607
698	8.832023373372607
699	8.719919647033983
700	8.719919647033983
701	8.906091196267308
702	8.906091196267308
703	8.775997594994456
704	8.839125690727661
705	8.839125690727661
706	9.233901788220345
707	9.233901788220345
708	9.03485043215174
709	9.03485043215174
710	9.113039299456583
711	9.113039299456583
712	9.621902765415793
713	9.621902765415793
714	9.172267415505116
715	9.172267415505116
716	8.986280631475879
717	7.573446727214898
718	7.573446727214898
719	7.235536155115441
720	7.235536155115441
721	6.765905905913471
722	6.765905905913471
723	7.2062447482708185
724	7.2062447482708185
725	7.114044581520613
726	7.114044581520613
727	7.440350840792174
728	7.440350840792174
729	7.094831478595265
730	7.094831478595265
731	6.910554865645359
732	6.910554865645359
733	7.044950317418956
734	7.044950317418956
735	7.131548971964132
736	7.131548971964132
737	6.977886105677425
738	6.977886105677425
739	7.0444569996301105
740	7.0444569996301105
741	7.449173195454493
742	7.449173195454493
743	7.279241171899057
744	7.279241171899057
745	7.0916599928944235
746	7.0916599928944235
747	7.383337302678602
748	7.383337302678602
749	7.350178742611875
750	7.350178742611875
751	7.0623523175693
752	7.0623523175693
753	6.962994980433155
754	6.962994980433155
755	6.973644745701926
756	6.973644745701926
757	6.6764531799262175
758	6.6764531799262175
759	6.933771073753184
760	6.933771073753184
761	7.430585214292217
762	7.430585214292217
763	7.246954033634868
764	7.246954033634868
765	7.29315274812135
766	7.29315274812135
767	7.5708339426566145
768	8.737536255138362
769	8.737536255138362
770	8.329661175503475
771	8.329661175503475
772	8.790237492005785
773	8.790237492005785
774	8.64898722612009
775	8.64898722612009
776	9.184116241318087
777	9.184116241318087
778	8.272918911364464
779	8.272918911364464
780	8.669512185559746
781	8.669512185559746
782	8.620421591748213
783	8.620421591748213
784	8.766977033871854
785	8.766977033871854
786	9.142323175840373
787	9.142323175840373
788	8.842196723174697
789	8.842196723174697
790	9.007944625464514
791	9.007944625464514
792	8.814346504694148
793	8.814346504694148
794	8.914228017625561
795	8.914228017625561
796	8.790990788691158
797	8.790990788691158
798	9.006477566391172
799	9.006477566391172
800	9.01605512125469
801	9.01605512125469
802	8.608054292879261
803	8.608054292879261
804	8.971196581100193
805	8.971196581100193
806	9.030209238185227
807	9.030209238185227
808	8.34092558521453
809	8.34092558521453
810	8.63507924395117
811	8.63507924395117
812	8.79125926227221
813	8.79125926227221
814	9.015991246781955
815	9.015991246781955
816	8.584737338582551
817	8.584737338582551
818	9.020542002404754
819	9.020542002404754
820	8.891707616535701
821	8.891707616535701
822	9.496619470000947
823	9.496619470000947
824	9.26995176972068
825	9.26995176972068
826	8.92277144260008
827	8.92277144260008
828	9.214775356539267
829	9.214775356539267
830	7.399673089041399
831	7.399673089041399
832	8.029767912313984
833	8.029767912313984
834	7.618969731521854
835	7.033262717162511
836	7.033262717162511
837	7.354212405065777
838	7.354212405065777
839	6.998888401575001
840	6.998888401575001
841	7.061283505066318
842	7.061283505066318
843	6.900060758331362
844	6.900060758331362
845	6.888057418087758
846	6.888057418087758
847	7.210393209707582
848	7.210393209707582
849	7.129535875439443
850	7.129535875439443
851	7.366477004063494
852	7.366477004063494
853	7.2485083532699965
854	7.2485083532699965
855	7.582285352133891
856	7.582285352133891
857	7.298029413115605
858	7.298029413115605
859	7.405550079772191
860	7.405550079772191
861	7.110776264321397
862	7.110776264321397
863	7.123621881994701
864	7.123621881994701
865	6.9421130854791615
866	6.9421130854791615
867	6.939936844828987
868	6.939936844828987
869	7.324547746135384
870	7.324547746135384
871	6.917516551375946
872	6.917516551375946
873	7.206327152731175
874	7.206327152731175
875	7.307351583265093
876	7.307351583265093
877	7.141610711195974
878	7.141610711195974
879	6.821846606046237
880	6.821846606046237
881	7.483037633990579
882	7.483037633990579
883	6.95562509435091
884	7.3344109733883736
885	7.3344109733883736
886	7.588783900186613
887	7.588783900186613
888	7.672417452665327
889	7.803499014000558
890	8.674741271414627
891	8.674741271414627
892	8.494349662267412
893	8.494349662267412
894	8.256843496246512
895	8.256843496246512
896	8.52940831192846
897	8.52940831192846
898	8.854106474274872
899	8.854106474274872
900	8.890790472074725
901	8.890790472074725
902	8.329151468055601
903	8.329151468055601
904	8.394294303604568
905	9.173691654836706
906	9.173691654836706
907	9.426281253444781
908	9.426281253444781
909	9.62991312012923
910	9.62991312012923
911	9.316974126936785
912	9.316974126936785
913	9.83750148927065
914	9.83750148927065
915	9.323176168040325
916	9.323176168040325
917	9.612342714729495
918	9.612342714729495
919	9.117421999799875
920	9.117421999799875
921	9.83675566916676
922	9.83675566916676
923	9.389783519629141
924	9.389783519629141
925	9.588940782797243
926	9.588940782797243
927	9.71120859883046
928	9.71120859883046
929	9.068329030018555
930	9.068329030018555
931	9.036142378996958
932	9.036142378996958
933	9.837974485640046
934	9.837974485640046
935	9.554055175214877
936	9.554055175214877
937	9.426584545444628
938	9.426584545444628
939	9.913101850083056
940	9.913101850083056
941	9.381867141782214
942	9.381867141782214
943	9.40913418500138
944	9.40913418500138
945	9.952292179650655
946	9.952292179650655
947	9.450611500598262
948	9.450611500598262
949	9.217546873986423
950	9.217546873986423
951	9.47868409001272
952	9.260465702007064
953	9.260465702007064
954	9.339835469399231
955	9.339835469399231
956	9.357609812112182
957	9.357609812112182
958	9.514095317089492
959	9.514095317089492
960	8.977659558970743
961	8.977659558970743
962	8.821390108995073
963	8.821390108995073
964	9.444913338353974
965	9.444913338353974
966	8.964726809197433
967	8.964726809197433
968	8.657613302899316
969	8.657613302899316
970	8.79371250984154
971	8.79371250984154
972	9.124268393132226
973	9.124268393132226
974	9.04473933388796
975	9.04473933388796
976	9.385855892511163
977	9.385855892511163
978	9.262048044876956
979	9.262048044876956
980	9.196983897779326
981	9.196983897779326
982	9.478525381155743
983	9.478525381155743
984	8.639585314059651
985	8.639585314059651
986	9.41161334734355
987	9.41161334734355
988	9.578994359546243
989	9.578994359546243
990	9.087927950490265
991	9.087927950490265
992	8.791491056070328
993	8.791491056070328
994	9.361884235322366
995	9.361884235322366
996	8.954562460378368
997	8.954562460378368
998	8.845648154291393
999	8.845648154291393
1000	8.78615530793196
1001	8.78615530793196
1002	9.50236463328047
1003	9.50236463328047
1004	9.216456186340261
1005	9.216456186340261
1006	8.945750417530476
1007	8.945750417530476
1008	9.107119824161472
1009	9.107119824161472
1010	9.184236598570223
1011	9.184236598570223
1012	8.798809189181517
1013	8.798809189181517
1014	9.048248991263204
1015	9.048248991263204
1016	9.347252870769259
1017	9.347252870769259
1018	8.905958751664123
1019	8.905958751664123
1020	8.95365426715113
1021	8.95365426715113
1022	9.426159602753021
1023	9.426159602753021
1024	8.883840162674225
1025	8.883840162674225
1026	8.78204434775763
1027	8.78204434775763
1028	8.889713433205225
1029	8.889713433205225
1030	9.201755175106584
1031	9.201755175106584
1032	8.528599480223349
1033	8.528599480223349
1034	9.96568874296622
1035	9.96568874296622
1036	9.851368977860105
1037	9.851368977860105
1038	9.77672734078284
1039	9.77672734078284
1040	9.76685661925377
1041	9.76685661925377
1042	9.324654324088579
1043	9.324654324088579
1044	9.61629018893043
1045	9.61629018893043
1046	9.945043545086873
1047	7.861835553358564
1048	8.619263067295812
1049	8.619263067295812
1050	8.85822352139649
1051	8.85822352139649
1052	8.684945851179936
1053	8.684945851179936
1054	8.731770891419918
1055	8.731770891419918
1056	8.413900192434904
1057	8.413900192434904
1058	8.487778079002874
1059	8.487778079002874
1060	8.59910068869947
1061	8.59910068869947
1062	8.694860764563503
1063	8.694860764563503
1064	8.710968118036503
1065	8.710968118036503
1066	8.358917692639313
1067	7.757878074544468
1068	7.757878074544468
1069	7.4486911150811945
1070	7.4486911150811945
1071	7.585566485046851
1072	7.585566485046851
1073	7.668786788320834
1074	7.668786788320834
1075	7.84839326604881
1076	7.84839326604881
1077	7.380191575080716
1078	7.380191575080716
1079	7.8755527078692005
1080	7.8755527078692005
1081	7.059547486264457
1082	7.059547486264457
1083	7.285476764247668
1084	7.920843383975625
1085	7.920843383975625
1086	8.007964150737346
1087	8.007964150737346
1088	8.113414763715504
1089	8.113414763715504
1090	8.35107276776456
1091	8.35107276776456
1092	7.7871995628219794
1093	7.7871995628219794
1094	8.76732678663125
1095	8.76732678663125
1096	8.778329517905206
1097	8.778329517905206
1098	9.159359351031624
1099	9.159359351031624
1100	8.854201872569426
1101	8.854201872569426
1102	8.87858432891467
1103	8.87858432891467
1104	9.459876989607034
1105	9.459876989607034
1106	8.75023373740248
1107	8.75023373740248
1108	8.739781781304924
1109	8.739781781304924
1110	9.242953278186107
1111	8.575391017415274
1112	8.575391017415274
1113	8.549657202930591
1114	8.549657202930591
1115	7.964112455250104
1116	7.964112455250104
1117	8.832333807627471
1118	8.832333807627471
1119	9.242486405600582
1120	9.242486405600582
1121	8.730306599242484
1122	8.730306599242484
1123	8.4693658926613
1124	8.4693658926613
1125	8.742711083028258
1126	8.742711083028258
1127	8.883811383530754
1128	8.883811383530754
1129	8.747046303802318
1130	8.747046303802318
1131	8.810689407946208
1132	8.810689407946208
1133	8.632791564302176
1134	8.632791564302176
1135	8.44804058022368
1136	8.44804058022368
1137	8.666287436147742
1138	8.666287436147742
1139	8.16406490850476
1140	8.16406490850476
1141	8.381146190790814
1142	8.381146190790814
1143	8.322676317535965
1144	8.322676317535965
1145	8.142682162973802
1146	8.142682162973802
1147	8.68017849308069
1148	8.68017849308069
1149	8.861378790868654
1150	8.861378790868654
1151	8.432156857927364
1152	8.432156857927364
1153	7.856415673213031
1154	7.856415673213031
1155	7.868901362876062
1156	7.868901362876062
1157	8.048451548095835
1158	8.048451548095835
1159	8.435408111045048
1160	8.435408111045048
1161	7.7979095234585225
1162	7.7979095234585225
1163	8.359771539553975
1164	8.359771539553975
1165	8.322380695068789
1166	8.322380695068789
1167	8.039370206868318
1168	8.039370206868318
1169	7.868936216287807
1170	7.868936216287807
1171	8.312131746923928
1172	8.312131746923928
1173	7.825573010731612
1174	7.825573010731612
1175	7.983117883204377
1176	7.983117883204377
1177	7.993592916888542
1178	7.993592916888542
1179	7.921636980911759
1180	7.62355020224372
1181	7.62355020224372
1182	7.554287626790984
1183	7.554287626790984
1184	7.596251754299624
1185	7.596251754299624
1186	7.545417635494151
1187	7.545417635494151
1188	7.748136337355012
1189	7.748136337355012
1190	7.789387452951774
1191	7.789387452951774
1192	7.6963050559773585
1193	7.6963050559773585
1194	7.246001180749087
1195	7.246001180749087
1196	7.481362684873584
1197	7.481362684873584
1198	7.37706293791909
1199	7.37706293791909
1200	7.821811764433565
1201	7.821811764433565
1202	7.456393173704718
1203	7.456393173704718
1204	7.392182394186642
1205	7.392182394186642
1206	7.552125454125277
1207	7.552125454125277
1208	7.698192829535192
1209	7.698192829535192
1210	7.998068926084054
1211	7.998068926084054
1212	7.991362813727565
1213	6.54902573044138
1214	6.54902573044138
1215	6.87722180423978
1216	6.87722180423978
1217	6.901753445195362
1218	6.901753445195362
1219	6.8031282045552155
1220	6.8031282045552155
1221	6.807032282312284
1222	6.807032282312284
1223	7.084430046493626
1224	7.084430046493626
1225	6.7321834088293375
1226	6.7321834088293375
1227	6.597998135314227
1228	6.597998135314227
1229	6.912126053808032
1230	6.912126053808032
1231	6.651153555117778
1232	6.651153555117778
1233	6.874913226978024
1234	6.874913226978024
1235	6.89379336343211
1236	6.89379336343211
1237	6.274673642601627
1238	6.274673642601627
1239	6.300818553541036
1240	6.300818553541036
1241	7.144679362259684
1242	7.144679362259684
1243	6.287937105609695
1244	6.287937105609695
1245	6.466121547344046
1246	6.466121547344046
1247	6.705898870555221
1248	6.705898870555221
1249	6.463040096805853
1250	6.463040096805853
1251	6.629780196526176
1252	6.629780196526176
1253	6.7362590367991055
1254	6.7362590367991055
1255	6.554136993226003
1256	6.554136993226003
1257	6.775807294271014
1258	6.775807294271014
1259	6.249662588167385
1260	6.249662588167385
1261	6.495917570117627
1262	6.495917570117627
1263	6.459338122746945
1264	6.459338122746945
1265	6.644837069798467
1266	5.960452696425677
1267	5.960452696425677
1268	5.716926167291266
1269	5.716926167291266
1270	5.722407151350461
1271	5.722407151350461
1272	5.572686502659622
1273	5.572686502659622
1274	5.7285997795509225
1275	5.7285997795509225
1276	5.611450531302992
1277	5.611450531302992
1278	5.733283977828544
1279	5.733283977828544
1280	6.00408815100705
1281	6.00408815100705
1282	5.792885703712452
1283	5.792885703712452
1284	5.597296912618219
1285	5.597296912618219
1286	5.579078826410814
1287	5.579078826410814
1288	5.6709201466804116
1289	5.6709201466804116
1290	5.7518871717019655
1291	5.7518871717019655
1292	5.939551318246858
1293	5.939551318246858
1294	5.721191598055276
1295	5.721191598055276
1296	5.580772980863886
1297	5.580772980863886
1298	5.712500724843061
1299	5.712500724843061
1300	5.715283848873082
1301	5.715283848873082
1302	5.624467537700034
1303	5.624467537700034
1304	5.703392597612267
1305	5.703392597612267
1306	5.955938745256094
1307	5.955938745256094
1308	5.7075649919307825
1309	5.7075649919307825
1310	5.802873324454964
1311	5.802873324454964
1312	5.396884185955832
1313	5.396884185955832
1314	5.926638712212274
1315	5.926638712212274
1316	5.611034298979618
1317	5.611034298979618
1318	5.657426247785485
1319	5.657426247785485
1320	5.6852104243953745
1321	5.6852104243953745
1322	5.926523164172313
1323	5.926523164172313
1324	5.552087910429477
1325	5.552087910429477
1326	5.779156753652099
1327	5.779156753652099
1328	5.830689491298835
1329	5.830689491298835
1330	5.58788187316195
1331	5.58788187316195
1332	5.813150340546516
1333	5.813150340546516
1334	5.881426174808353
1335	5.881426174808353
1336	5.764751291571076
1337	5.764751291571076
1338	5.94927844824949
1339	5.94927844824949
1340	5.613036685496342
1341	5.613036685496342
1342	5.927787268990487
1343	5.927787268990487
1344	5.64401719208929
1345	5.64401719208929
1346	5.614747533739408
1347	5.614747533739408
1348	5.833054223696923
1349	5.833054223696923
1350	5.694944849759519
1351	5.694944849759519
1352	5.726306738319804
1353	5.726306738319804
1354	5.907227182836779
1355	5.907227182836779
1356	5.5285856031788185
1357	5.5285856031788185
1358	5.811843660457076
1359	5.811843660457076
1360	5.649866666918434
1361	5.649866666918434
1362	5.593541917925318
1363	5.593541917925318
1364	5.8215355921905205
1365	5.8215355921905205
1366	5.876374321971947
1367	5.876374321971947
1368	5.4281328612487
1369	5.4281328612487
1370	5.641194617731457
1371	5.641194617731457
1372	5.68126293983463
1373	5.68126293983463
1374	5.796902187482038
1375	5.796902187482038
1376	5.673253893322586
1377	5.673253893322586
1378	5.96492856496274
1379	5.96492856496274
1380	5.783168983884872
1381	5.783168983884872
1382	6.251593686713645
1383	6.251593686713645
1384	5.9460139103340435
1385	5.9460139103340435
1386	5.80446943234164
1387	5.80446943234164
1388	5.760541246535578
1389	5.760541246535578
1390	5.890187817631473
1391	5.890187817631473
1392	6.885581474200048
1393	6.885581474200048
1394	6.773226899181956
1395	8.418100565142813
1396	8.418100565142813
1397	8.019734120899614
1398	8.019734120899614
1399	8.053762265887539
1400	8.053762265887539
1401	8.302937054238656
1402	8.302937054238656
1403	8.409195159343145
1404	8.409195159343145
1405	8.254717439523539
1406	8.254717439523539
1407	8.16954960351532
1408	8.16954960351532
1409	7.756863187301391
1410	7.756863187301391
1411	8.164280470251366
1412	8.164280470251366
1413	8.20098715914092
1414	8.20098715914092
1415	8.104991140416528
1416	8.104991140416528
1417	8.1090468997451
1418	8.1090468997451
1419	8.221375082875912
1420	8.221375082875912
1421	8.516039168772412
1422	9.044652541159696
1423	9.044652541159696
1424	8.902509138840921
1425	8.902509138840921
1426	8.725272810926873
1427	8.725272810926873
1428	8.094865617400064
1429	8.094865617400064
1430	8.231363839673934
1431	8.231363839673934
1432	8.842725397138487
1433	8.842725397138487
1434	8.55835202517284
1435	8.55835202517284
1436	8.703032697728718
1437	8.703032697728718
1438	8.625013917931167
1439	9.862574270575557
1440	9.862574270575557
1441	10.015293232281955
1442	10.015293232281955
1443	7.873760823225189
1444	7.873760823225189
1445	8.135924700426727
1446	8.135924700426727
1447	7.704677373872811
1448	7.704677373872811
1449	7.673502126246297
1450	7.673502126246297
1451	7.741021837174299
1452	7.741021837174299
1453	6.963094278492672
1454	6.963094278492672
1455	7.577252979316391
1456	7.577252979316391
1457	7.78056515013134
1458	7.78056515013134
1459	7.696942058117221
1460	7.696942058117221
1461	7.465718950047244
1462	7.465718950047244
1463	8.055759263036114
1464	8.055759263036114
1465	7.520408507479061
1466	7.520408507479061
1467	7.736765011475201
1468	7.736765011475201
1469	7.435061187920295
1470	7.435061187920295
1471	7.6401055153832305
1472	7.6401055153832305
1473	7.899805447645747
1474	7.899805447645747
1475	7.5811869379033645
1476	7.5811869379033645
1477	7.686588838391572
1478	7.686588838391572
1479	7.359273408775704
1480	7.359273408775704
1481	7.355237020888282
1482	7.355237020888282
1483	7.441987370041929
1484	7.441987370041929
1485	7.594613916817364
1486	7.9504435058769145
1487	7.9504435058769145
1488	8.299737849433287
1489	8.299737849433287
1490	8.149527595346296
1491	8.149527595346296
1492	7.937344980023894
1493	7.937344980023894
1494	7.950911558297969
1495	7.950911558297969
1496	7.853724568313609
1497	7.853724568313609
1498	8.27611410642895
1499	8.27611410642895
1500	8.235360137573661
1501	8.235360137573661
1502	6.707551847277597
1503	6.707551847277597
1504	6.795195832842125
1505	6.795195832842125
1506	6.4829304563647545
1507	6.4829304563647545
1508	6.531540718239905
1509	6.531540718239905
1510	6.434588451416241
1511	6.434588451416241
1512	6.632247523753601
1513	6.632247523753601
1514	6.690600587457101
1515	6.690600587457101
1516	6.612499590495599
1517	6.612499590495599
1518	6.669330619907573
1519	6.669330619907573
1520	6.6633095474345305
1521	6.6633095474345305
1522	6.674253953060862
1523	6.674253953060862
1524	6.666520823136382
1525	6.666520823136382
1526	7.026686834938195
1527	7.026686834938195
1528	6.83571503918215
1529	6.83571503918215
1530	6.449136448375638
1531	6.449136448375638
1532	6.585088069016896
1533	6.585088069016896
1534	6.600904016665252
1535	6.600904016665252
1536	6.538559853841275
1537	6.538559853841275
1538	6.756219081067689
1539	6.756219081067689
1540	6.574529845340066
1541	6.574529845340066
1542	6.937995430140311
1543	6.236324454940476
1544	6.236324454940476
1545	6.871401188403682
1546	6.871401188403682
1547	6.941318151827813
1548	6.941318151827813
1549	7.099522115461302
1550	7.099522115461302
1551	7.440001199972913
1552	7.440001199972913
1553	7.3390287784727954
1554	7.3390287784727954
1555	7.100676657056132
1556	7.100676657056132
1557	7.187376271645869
1558	7.187376271645869
1559	7.1162434081223225
1560	7.1162434081223225
1561	7.495631258280584
1562	7.495631258280584
1563	6.775857373149644
1564	6.775857373149644
1565	7.22522135495468
1566	7.22522135495468
1567	5.454818606398342
1568	5.454818606398342
1569	5.555584974781851
1570	5.555584974781851
1571	5.500413870138991
1572	5.500413870138991
1573	6.077445231786256
1574	6.077445231786256
1575	5.586096836812374
1576	5.586096836812374
1577	5.4949233613242185
1578	5.4949233613242185
1579	5.503893103499547
1580	5.503893103499547
1581	5.550892416611103
1582	5.550892416611103
1583	5.597140274381747
1584	5.597140274381747
1585	5.7670828310227575
1586	5.7670828310227575
1587	5.78761270328722
1588	5.78761270328722
1589	5.65970217643059
1590	5.65970217643059
1591	5.634775705843595
1592	5.634775705843595
1593	5.838692716465009
1594	6.674529072097062
1595	6.674529072097062
1596	6.684587739550439
1597	6.684587739550439
1598	6.464759182637278
1599	6.464759182637278
1600	6.6324327640017895
1601	6.6324327640017895
1602	6.653154136296107
1603	6.653154136296107
1604	6.211768020509848
1605	6.211768020509848
1606	6.548828741567773
1607	6.548828741567773
1608	6.5615641983383615
1609	6.5615641983383615
1610	6.630516612053294
1611	6.630516612053294
1612	6.8407118784382455
1613	6.8407118784382455
1614	6.5701328036472555
1615	6.5701328036472555
1616	6.681679288890931
1617	6.681679288890931
1618	6.7805599043837885
1619	6.7805599043837885
1620	6.782861117197399
1621	6.782861117197399
1622	6.957580096122876
1623	6.957580096122876
1624	6.42757443126603
1625	6.42757443126603
1626	6.649965095006438
1627	6.649965095006438
1628	6.3124191240038
1629	6.3124191240038
1630	6.677098749069341
1631	6.677098749069341
1632	6.469370783849834
1633	5.485922837406005
1634	5.485922837406005
1635	5.860279382379668
1636	5.860279382379668
1637	5.7975238392083694
1638	5.7975238392083694
1639	5.567364173925238
1640	5.567364173925238
1641	5.736382737659676
1642	5.736382737659676
1643	5.764234798916766
1644	5.764234798916766
1645	5.70171259518254
1646	5.70171259518254
1647	5.6364006567714995
1648	5.6364006567714995
1649	5.485544734213846
1650	5.485544734213846
1651	5.693247603074174
1652	5.693247603074174
1653	5.439600246076632
1654	5.439600246076632
1655	5.57369314881216
1656	5.57369314881216
1657	5.834816828769053
1658	5.834816828769053
1659	5.716792386712799
1660	6.685867737169463
1661	6.685867737169463
1662	6.680119091310473
1663	6.680119091310473
1664	6.579130976954762
1665	5.368180381449018
1666	5.368180381449018
1667	5.335320707424935
1668	5.335320707424935
1669	5.411146019359113
1670	5.411146019359113
1671	5.5419674112879544
1672	5.5419674112879544
1673	5.668062895075538
1674	5.668062895075538
1675	5.57619774144645
1676	5.57619774144645
1677	5.962988578911464
1678	5.962988578911464
1679	5.782331021119495
1680	5.782331021119495
1681	5.538126286551901
1682	5.538126286551901
1683	5.910254503835334
1684	5.910254503835334
1685	6.231809558064145
1686	6.231809558064145
1687	6.0668626760815725
1688	6.0668626760815725
1689	5.948387753216413
1690	5.948387753216413
1691	5.947189165791294
1692	5.947189165791294
1693	6.078346787040459
1694	6.078346787040459
1695	5.9190144903017545
1696	5.9190144903017545
1697	6.235293530347991
1698	6.235293530347991
1699	6.138383887588206
1700	6.138383887588206
1701	5.959157630525781
1702	5.959157630525781
1703	6.047738257621358
1704	6.047738257621358
1705	6.308359517582169
1706	6.308359517582169
1707	5.852881770309541
1708	5.852881770309541
1709	6.107979292707503
1710	6.107979292707503
1711	6.608239288665136
1712	6.608239288665136
1713	6.000603969892113
1714	6.000603969892113
1715	6.328026512337897
1716	6.328026512337897
1717	6.32788669966753
1718	6.32788669966753
1719	6.3614918296402045
1720	6.3614918296402045
1721	6.034117671583355
1722	6.034117671583355
1723	6.30258985251357
1724	6.30258985251357
1725	7.301626394165099
1726	7.301626394165099
1727	6.786997956677091
1728	6.786997956677091
1729	7.174901090898483
1730	7.174901090898483
1731	6.992654074356038
1732	6.992654074356038
1733	6.960561122328033
1734	6.960561122328033
1735	6.667682116998571
1736	6.667682116998571
1737	7.198824990094091
1738	7.198824990094091
1739	7.022256406068078
1740	7.022256406068078
1741	7.386608875628809
1742	7.386608875628809
1743	7.15092235827531
1744	7.15092235827531
1745	7.32154171433083
1746	7.32154171433083
1747	6.302935202958136
1748	6.302935202958136
1749	6.000159577635439
1750	6.000159577635439
1751	6.068006285728089
1752	6.068006285728089
1753	5.793167767685098
1754	5.793167767685098
1755	6.455298642716141
1756	6.455298642716141
1757	6.267050977348942
1758	6.267050977348942
1759	6.216879692767021
1760	6.216879692767021
1761	5.79410114204686
1762	5.79410114204686
1763	6.319289775801633
1764	6.319289775801633
1765	6.540769740120071
1766	6.540769740120071
1767	5.896647445924139
1768	5.896647445924139
1769	5.92121476296758
1770	5.92121476296758
1771	6.126497048920952
1772	6.126497048920952
1773	6.132033528384553
1774	6.132033528384553
1775	6.242886235888161
1776	6.242886235888161
1777	5.974532020300034
1778	5.974532020300034
1779	6.604684833605079
1780	6.604684833605079
1781	5.905397926220217
1782	5.905397926220217
1783	6.331849967258968
1784	6.331849967258968
1785	5.909001364438559
1786	5.909001364438559
1787	6.179065129506827
1788	6.179065129506827
1789	6.154762357414568
1790	6.154762357414568
1791	5.824144083198995
1792	5.824144083198995
1793	5.902526390473372
1794	5.902526390473372
1795	6.078148999931509
1796	6.078148999931509
1797	6.09958726751925
1798	6.09958726751925
1799	6.2516798013581845
1800	6.2516798013581845
1801	6.175152239759062
1802	6.175152239759062
1803	5.8691386805675885
1804	5.8691386805675885
1805	6.325153171051691
1806	6.325153171051691
1807	5.909320716504737
1808	5.909320716504737
1809	6.150947399871047
1810	6.150947399871047
1811	6.24088742548989
1812	6.24088742548989
1813	5.932371169185714
1814	5.932371169185714
1815	5.8923804914265645
1816	5.8923804914265645
1817	6.16482854808009
1818	6.16482854808009
1819	6.017844971483503
1820	6.017844971483503
1821	5.963760480097508
1822	5.963760480097508
1823	5.959547482241842
1824	5.959547482241842
1825	6.328101002353868
1826	6.328101002353868
1827	6.362808566058309
1828	9.408974313359273
1829	9.408974313359273
1830	9.395606665340734
1831	9.395606665340734
1832	9.140251239542517
1833	9.140251239542517
1834	9.1389567684424
1835	9.1389567684424
1836	9.16358209957512
1837	9.16358209957512
1838	9.113359192174116
1839	9.113359192174116
1840	9.2243986585595
1841	9.2243986585595
1842	9.08153139630583
1843	9.08153139630583
1844	8.856553322113891
1845	8.856553322113891
1846	9.027306694329164
1847	9.027306694329164
1848	9.146227194206384
1849	7.984342048232668
1850	7.984342048232668
1851	8.124043161524577
1852	8.124043161524577
1853	9.335929028074737
1854	9.335929028074737
1855	8.7569396732185
1856	8.7569396732185
1857	8.643627886218788
1858	8.643627886218788
1859	8.766303547428167
1860	8.766303547428167
1861	8.513569356697259
1862	8.513569356697259
1863	8.667299608247907
1864	8.667299608247907
1865	8.723647047939867
1866	8.723647047939867
1867	8.578123888856746
1868	8.578123888856746
1869	8.404646332297983
1870	8.404646332297983
1871	8.781913619121408
1872	8.781913619121408
1873	8.892073522036762
1874	8.892073522036762
1875	8.695009485112625
1876	8.695009485112625
1877	8.36978780876743
1878	9.12313685976601
1879	9.12313685976601
1880	9.601017121846132
1881	9.601017121846132
1882	9.93843043597925
1883	9.93843043597925
1884	9.373678098463074
1885	9.373678098463074
1886	9.217016877517837
1887	9.217016877517837
1888	8.86234620132661
1889	8.86234620132661
1890	9.036262247365455
1891	9.036262247365455
1892	8.766304286506742
1893	8.766304286506742
1894	9.188959255058899
1895	9.188959255058899
1896	8.85305533364167
1897	8.85305533364167
1898	9.463554427416462
1899	9.463554427416462
1900	9.310392700008094
1901	9.310392700008094
1902	9.015698874874532
1903	9.015698874874532
1904	8.965490436625325
1905	8.965490436625325
1906	9.00908858172494
1907	9.00908858172494
1908	9.04729251907962
1909	9.04729251907962
1910	9.30459782718585
1911	9.30459782718585
1912	9.13653835318071
1913	9.13653835318071
1914	8.862417627495784
1915	8.862417627495784
1916	9.108482733769316
1917	9.108482733769316
1918	9.16304003186478
1919	9.16304003186478
1920	9.313042821545341
1921	9.313042821545341
1922	9.335563137019639
1923	9.335563137019639
1924	9.044645912463992
1925	9.044645912463992
1926	9.377960422049247
1927	9.377960422049247
1928	9.306724767321706
1929	9.306724767321706
1930	8.801985375738429
1931	8.801985375738429
1932	9.313572944258606
1933	9.313572944258606
1934	8.876312064633819
1935	8.876312064633819
1936	9.295328710674744
1937	9.295328710674744
1938	9.032178558943398
1939	9.032178558943398
1940	9.563770163545433
1941	9.563770163545433
1942	9.442439341731836
1943	9.442439341731836
1944	9.189891324435974
1945	9.189891324435974
1946	9.045949972940104
1947	9.045949972940104
1948	8.67820745602242
1949	8.67820745602242
1950	8.83076373303578
1951	8.83076373303578
1952	8.36784098981127
1953	8.36784098981127
1954	8.885638813148764
1955	8.885638813148764
1956	9.077380951641839
1957	9.077380951641839
1958	8.881250059099214
1959	8.881250059099214
1960	9.732821866161359
1961	9.732821866161359
1962	9.365078767533218
1963	9.365078767533218
1964	9.14028741685235
