0	91.05762521520282
1	91.05762521520282
2	91.05762521520282
3	91.05762521520282
4	90.49221240473963
5	90.49221240473963
6	90.49221240473963
7	90.49221240473963
8	88.11415695560862
9	88.11415695560862
10	88.11415695560862
11	88.11415695560862
12	91.50488847941043
13	91.50488847941043
14	91.50488847941043
15	91.50488847941043
16	90.85338880875256
17	90.85338880875256
18	90.85338880875256
19	90.85338880875256
20	89.73924974006857
21	89.73924974006857
22	89.73924974006857
23	89.73924974006857
24	91.04330142826532
25	91.04330142826532
26	91.04330142826532
27	91.04330142826532
28	91.24739488601641
29	91.24739488601641
30	91.24739488601641
31	91.24739488601641
32	88.37466796545671
33	88.37466796545671
34	88.37466796545671
35	88.37466796545671
36	89.70364707644424
37	89.70364707644424
38	89.70364707644424
39	89.70364707644424
40	92.02827620627525
41	92.02827620627525
42	92.02827620627525
43	92.02827620627525
44	92.01332164516172
45	92.01332164516172
46	92.01332164516172
47	92.01332164516172
48	90.82545271844266
49	90.82545271844266
50	90.82545271844266
51	90.82545271844266
52	91.72336124418264
53	91.72336124418264
54	91.72336124418264
55	91.72336124418264
56	87.6079585641282
57	87.6079585641282
58	87.6079585641282
59	87.6079585641282
60	89.9034622854782
61	89.9034622854782
62	89.9034622854782
63	89.9034622854782
64	89.09180112565473
65	89.09180112565473
66	89.09180112565473
67	89.09180112565473
68	90.36333050470333
69	90.36333050470333
70	90.36333050470333
71	90.36333050470333
72	90.9908320361792
73	90.9908320361792
74	90.9908320361792
75	90.9908320361792
76	90.08999624720809
77	90.08999624720809
78	90.08999624720809
79	90.08999624720809
80	92.55852359827031
81	92.55852359827031
82	92.55852359827031
83	92.55852359827031
84	85.74533396706998
85	85.74533396706998
86	85.74533396706998
87	85.74533396706998
88	91.94958438126264
89	91.94958438126264
90	91.94958438126264
91	91.94958438126264
92	91.18131446855477
93	91.18131446855477
94	91.18131446855477
95	91.18131446855477
96	92.23488635494556
97	92.23488635494556
98	92.23488635494556
99	92.23488635494556
100	92.01990173990863
101	92.01990173990863
102	92.01990173990863
103	92.01990173990863
104	90.81143378308117
105	90.81143378308117
106	90.81143378308117
107	90.81143378308117
108	89.68367733272419
109	89.68367733272419
110	89.68367733272419
111	89.68367733272419
112	88.54106276140581
113	88.54106276140581
114	88.54106276140581
115	88.54106276140581
116	91.14981125135064
117	91.14981125135064
118	91.14981125135064
119	91.14981125135064
120	90.52367207632544
121	90.52367207632544
122	90.52367207632544
123	90.52367207632544
124	90.64822722902805
125	90.64822722902805
126	90.64822722902805
127	90.64822722902805
128	92.36877150101712
129	92.36877150101712
130	92.36877150101712
131	92.36877150101712
132	93.33608453679602
133	93.33608453679602
134	93.33608453679602
135	93.33608453679602
136	90.23484494889631
137	90.23484494889631
138	90.23484494889631
139	90.23484494889631
140	89.14834262808803
141	89.14834262808803
142	89.14834262808803
143	89.14834262808803
144	91.38894419098104
145	91.38894419098104
146	91.38894419098104
147	91.38894419098104
148	92.9099536640868
149	92.9099536640868
150	92.9099536640868
151	92.9099536640868
152	89.76860075755107
153	89.76860075755107
154	89.76860075755107
155	89.76860075755107
156	89.69505127348793
157	89.69505127348793
158	89.69505127348793
159	89.69505127348793
160	92.42734713108618
161	92.42734713108618
162	92.42734713108618
163	92.42734713108618
164	93.41055943843382
165	93.41055943843382
166	93.41055943843382
167	93.41055943843382
168	89.88803223924589
169	89.88803223924589
170	89.88803223924589
171	89.88803223924589
172	89.98767406090923
173	89.98767406090923
174	89.98767406090923
175	89.98767406090923
176	90.89296434716077
177	90.89296434716077
178	90.89296434716077
179	90.89296434716077
180	89.21581611881771
181	89.21581611881771
182	89.21581611881771
183	89.21581611881771
184	88.39335052128615
185	88.39335052128615
186	88.39335052128615
187	88.39335052128615
188	90.4046128624738
189	90.4046128624738
190	90.4046128624738
191	90.4046128624738
192	89.80940346581214
193	89.80940346581214
194	89.80940346581214
195	89.80940346581214
196	87.61836670044313
197	87.61836670044313
198	92.05278696344419
199	92.05278696344419
200	92.05278696344419
201	92.05278696344419
202	90.60557966234026
203	90.60557966234026
204	90.60557966234026
205	90.60557966234026
206	92.01678480723874
207	92.01678480723874
208	92.01678480723874
209	92.01678480723874
210	91.44726864399598
211	91.44726864399598
212	91.44726864399598
213	91.44726864399598
214	90.04616440979576
215	90.04616440979576
216	90.04616440979576
217	90.04616440979576
218	92.25304244485936
219	92.25304244485936
220	92.25304244485936
221	92.25304244485936
222	92.17304132170442
223	92.17304132170442
224	92.17304132170442
225	92.17304132170442
226	91.1587239486457
227	91.1587239486457
228	91.1587239486457
229	91.1587239486457
230	93.21308183851102
231	93.21308183851102
232	93.21308183851102
233	93.21308183851102
234	94.05628173089335
235	94.05628173089335
236	94.05628173089335
237	94.05628173089335
238	92.8119084593363
239	92.8119084593363
240	92.8119084593363
241	92.8119084593363
242	92.98819049025448
243	92.98819049025448
244	92.98819049025448
245	92.98819049025448
246	92.63284461972306
247	92.63284461972306
248	92.63284461972306
249	92.63284461972306
250	93.27778620163345
251	93.27778620163345
252	93.27778620163345
253	93.27778620163345
254	92.74110150381472
255	92.74110150381472
256	92.74110150381472
257	92.74110150381472
258	90.16038239368474
259	90.16038239368474
260	90.16038239368474
261	90.16038239368474
262	92.9048667495854
263	90.79804246513692
264	90.79804246513692
265	90.79804246513692
266	90.79804246513692
267	93.7956166672455
268	93.7956166672455
269	93.7956166672455
270	93.7956166672455
271	91.2161209893299
272	91.2161209893299
273	91.2161209893299
274	91.2161209893299
275	92.65770995693858
276	92.65770995693858
277	92.65770995693858
278	92.65770995693858
279	92.42289098231757
280	92.42289098231757
281	92.42289098231757
282	92.42289098231757
283	91.72138484219384
284	91.72138484219384
285	91.72138484219384
286	91.72138484219384
287	91.94060840432813
288	91.94060840432813
289	91.94060840432813
290	91.94060840432813
291	93.54868807552701
292	93.54868807552701
293	93.54868807552701
294	93.54868807552701
295	93.36513430218058
296	93.36513430218058
297	93.36513430218058
298	93.36513430218058
299	90.48413975545486
300	90.48413975545486
301	90.48413975545486
302	90.48413975545486
303	93.30802122362648
304	93.30802122362648
305	93.30802122362648
306	93.30802122362648
307	92.6881712083468
308	92.6881712083468
309	92.6881712083468
310	92.6881712083468
311	96.24913149261926
312	96.24913149261926
313	96.24913149261926
314	96.24913149261926
315	92.02640224701668
316	92.02640224701668
317	92.02640224701668
318	92.02640224701668
319	89.79225821612673
320	89.79225821612673
321	89.79225821612673
322	89.79225821612673
323	91.30807969032679
324	91.30807969032679
325	91.30807969032679
326	91.30807969032679
327	91.97704022776861
328	91.97704022776861
329	91.97704022776861
330	91.97704022776861
331	93.09095983844632
332	93.09095983844632
333	93.09095983844632
334	93.09095983844632
335	94.65643979685723
336	94.65643979685723
337	94.65643979685723
338	94.65643979685723
339	92.08650221979555
340	92.08650221979555
341	92.08650221979555
342	92.08650221979555
343	92.25055855261476
344	92.25055855261476
345	92.25055855261476
346	92.25055855261476
347	95.61929954476503
348	95.61929954476503
349	95.61929954476503
350	95.61929954476503
351	90.26774553005994
352	90.26774553005994
353	90.26774553005994
354	90.26774553005994
355	92.57850461672338
356	92.57850461672338
357	92.57850461672338
358	92.57850461672338
359	93.59489492550941
360	93.59489492550941
361	93.59489492550941
362	93.59489492550941
363	90.85144340362116
364	90.85144340362116
365	90.85144340362116
366	90.85144340362116
367	93.80220675101143
368	93.80220675101143
369	93.80220675101143
370	93.80220675101143
371	93.45248556270775
372	93.45248556270775
373	93.45248556270775
374	93.45248556270775
375	92.93680696911144
376	92.93680696911144
377	92.93680696911144
378	92.93680696911144
379	90.18811159574066
380	90.18811159574066
381	90.18811159574066
382	90.18811159574066
383	90.38293410244931
384	90.38293410244931
385	90.38293410244931
386	90.38293410244931
387	91.66959604649551
388	91.66959604649551
389	91.66959604649551
390	91.66959604649551
391	92.66448779135744
392	92.66448779135744
393	92.66448779135744
394	92.66448779135744
395	93.12751994294982
396	93.12751994294982
397	93.12751994294982
398	93.12751994294982
399	94.63040259326816
400	94.63040259326816
401	94.63040259326816
402	94.63040259326816
403	92.87291574500279
404	92.87291574500279
405	92.87291574500279
406	92.87291574500279
407	92.31124002631728
408	92.31124002631728
409	92.31124002631728
410	92.31124002631728
411	92.10215857733407
412	92.10215857733407
413	92.10215857733407
414	92.10215857733407
415	93.60573523698073
416	93.60573523698073
417	93.60573523698073
418	93.60573523698073
419	91.91467016649888
420	91.91467016649888
421	91.91467016649888
422	91.91467016649888
423	91.05567371470538
424	91.05567371470538
425	91.05567371470538
426	91.05567371470538
427	99.05966112120184
428	99.05966112120184
429	99.05966112120184
430	99.05966112120184
431	90.9662060818435
432	90.9662060818435
433	90.9662060818435
434	90.9662060818435
435	92.95627289709238
436	92.95627289709238
437	92.95627289709238
438	92.95627289709238
439	97.21652123382505
440	97.21652123382505
441	97.21652123382505
442	97.21652123382505
443	90.27563100254447
444	90.27563100254447
445	90.27563100254447
446	90.27563100254447
447	91.03919138737517
448	91.03919138737517
449	91.03919138737517
450	91.03919138737517
451	92.94831975222608
452	92.94831975222608
453	92.94831975222608
454	92.94831975222608
455	90.0316630175057
456	90.0316630175057
457	90.0316630175057
458	90.0316630175057
459	95.78466535737641
460	95.78466535737641
461	95.78466535737641
462	95.78466535737641
463	93.53732751366704
464	93.53732751366704
465	93.53732751366704
466	93.53732751366704
467	96.59036999333092
468	96.59036999333092
469	96.59036999333092
470	96.59036999333092
471	95.04195640707412
472	95.04195640707412
473	95.04195640707412
474	95.04195640707412
475	94.25599418617698
476	94.25599418617698
477	94.25599418617698
478	94.25599418617698
479	91.80658060860881
480	91.80658060860881
481	91.80658060860881
482	91.80658060860881
483	93.80740556599298
484	93.80740556599298
485	93.80740556599298
486	93.80740556599298
487	93.9626098635999
488	93.9626098635999
489	93.9626098635999
490	93.9626098635999
491	91.45585397991017
492	91.45585397991017
493	91.45585397991017
494	91.45585397991017
495	93.69189940021502
496	93.69189940021502
497	93.69189940021502
498	93.69189940021502
499	93.72740994623679
500	93.72740994623679
501	93.72740994623679
502	93.72740994623679
503	93.57964531819584
504	93.57964531819584
505	93.57964531819584
506	93.57964531819584
507	95.37978588408905
508	95.37978588408905
509	95.37978588408905
510	95.37978588408905
511	93.71758162284068
512	93.71758162284068
513	93.71758162284068
514	93.71758162284068
515	91.12783207080354
516	91.12783207080354
517	91.12783207080354
518	91.12783207080354
519	93.10388716148515
520	93.10388716148515
521	93.10388716148515
522	93.10388716148515
523	92.95754093070786
524	92.95754093070786
525	92.95754093070786
526	92.95754093070786
527	92.3836622310543
528	92.3836622310543
529	92.3836622310543
530	92.3836622310543
531	93.59255052006922
532	93.59255052006922
533	93.59255052006922
534	93.59255052006922
535	94.16532355734792
536	94.16532355734792
537	94.16532355734792
538	94.16532355734792
539	92.79128490050768
540	92.79128490050768
541	92.79128490050768
542	92.79128490050768
543	93.24772653151406
544	93.24772653151406
545	93.24772653151406
546	93.24772653151406
547	93.45589586793827
548	93.45589586793827
549	93.45589586793827
550	93.45589586793827
551	91.81361731220376
552	91.81361731220376
553	91.81361731220376
554	91.81361731220376
555	93.28133999582106
556	93.28133999582106
557	93.28133999582106
558	93.28133999582106
559	91.7902436909099
560	91.7902436909099
561	91.7902436909099
562	91.7902436909099
563	93.59731749397268
564	93.59731749397268
565	93.59731749397268
566	93.59731749397268
567	92.08184078423592
568	92.08184078423592
569	92.08184078423592
570	92.08184078423592
571	93.39059939770922
572	93.39059939770922
573	93.39059939770922
574	93.39059939770922
575	92.63342022899374
576	92.63342022899374
577	92.63342022899374
578	92.63342022899374
579	92.58133554679613
580	92.58133554679613
581	92.58133554679613
582	92.58133554679613
583	91.0605752630614
584	91.0605752630614
585	91.0605752630614
586	91.0605752630614
587	90.7985723835427
588	90.7985723835427
589	90.7985723835427
590	90.7985723835427
591	93.61788577092945
592	93.61788577092945
593	93.61788577092945
594	93.61788577092945
595	94.06360406385552
596	94.06360406385552
597	94.06360406385552
598	94.06360406385552
599	92.9188891816604
600	92.9188891816604
601	92.9188891816604
602	92.9188891816604
603	94.83941474744886
604	94.83941474744886
605	94.83941474744886
606	94.83941474744886
607	93.09798660843092
608	93.09798660843092
609	93.09798660843092
610	93.09798660843092
611	94.4474806969805
612	94.4474806969805
613	94.4474806969805
614	94.4474806969805
615	91.1361135370166
616	91.1361135370166
617	91.1361135370166
618	91.1361135370166
619	89.4745254739269
620	89.4745254739269
621	89.4745254739269
622	89.4745254739269
623	94.66934044113331
624	94.66934044113331
625	94.66934044113331
626	94.66934044113331
627	91.57625152601756
628	91.57625152601756
629	91.57625152601756
630	91.57625152601756
631	94.7774231409989
632	94.7774231409989
633	94.7774231409989
634	94.7774231409989
635	93.27241202808878
636	93.27241202808878
637	93.27241202808878
638	93.27241202808878
639	95.90040890303851
640	95.90040890303851
641	95.90040890303851
642	95.90040890303851
643	94.74812589611257
644	94.74812589611257
645	94.74812589611257
646	94.74812589611257
647	91.34643606603002
648	91.34643606603002
649	91.34643606603002
650	91.34643606603002
651	93.66658216802561
652	93.66658216802561
653	93.66658216802561
654	93.66658216802561
655	94.4361590340884
656	94.4361590340884
657	94.4361590340884
658	94.4361590340884
659	94.34959541080522
660	94.34959541080522
661	94.34959541080522
662	94.34959541080522
663	90.8003393161019
664	90.8003393161019
665	90.8003393161019
666	90.8003393161019
667	94.37792523505944
668	94.37792523505944
669	94.37792523505944
670	94.37792523505944
671	87.94018505928494
672	87.94018505928494
673	87.94018505928494
674	87.94018505928494
675	93.31914722010227
676	93.31914722010227
677	93.31914722010227
678	93.31914722010227
679	93.1486428604264
680	93.1486428604264
681	93.1486428604264
682	93.1486428604264
683	92.5964850185994
684	92.5964850185994
685	92.5964850185994
686	92.5964850185994
687	90.61243112470791
688	90.61243112470791
689	90.61243112470791
690	90.61243112470791
691	91.7944904644456
692	91.7944904644456
693	91.7944904644456
694	91.7944904644456
695	90.67875824191692
696	90.67875824191692
697	90.67875824191692
698	90.67875824191692
699	92.21062926423113
700	92.21062926423113
701	92.21062926423113
702	92.21062926423113
703	96.08658093408032
704	96.08658093408032
705	96.08658093408032
706	96.08658093408032
707	92.00751985487614
708	92.00751985487614
709	92.00751985487614
710	92.00751985487614
711	94.4136191521102
712	94.4136191521102
713	94.4136191521102
714	94.4136191521102
715	93.53875178118292
716	93.53875178118292
717	93.53875178118292
718	93.53875178118292
719	91.80465299920964
720	91.80465299920964
721	91.80465299920964
722	91.80465299920964
723	93.95747395886671
724	93.95747395886671
725	93.95747395886671
726	93.95747395886671
727	92.28264038163645
728	92.28264038163645
729	92.28264038163645
730	92.28264038163645
731	90.48977531162777
732	90.48977531162777
733	90.48977531162777
734	90.48977531162777
735	96.61287136724883
736	96.61287136724883
737	96.61287136724883
738	96.61287136724883
739	93.93458811120358
740	93.93458811120358
741	93.93458811120358
742	93.93458811120358
743	93.29210937355334
744	93.29210937355334
745	93.29210937355334
746	93.29210937355334
747	92.11166943977902
748	92.11166943977902
749	92.11166943977902
750	92.11166943977902
751	93.94925138261179
752	93.94925138261179
753	93.94925138261179
754	93.94925138261179
755	92.47612707638727
756	92.47612707638727
757	92.47612707638727
758	92.47612707638727
759	92.57746180903256
760	92.57746180903256
761	92.57746180903256
762	92.57746180903256
763	92.72432004311426
764	92.72432004311426
765	92.72432004311426
766	92.72432004311426
767	94.48576323074019
768	94.48576323074019
769	94.48576323074019
770	94.48576323074019
771	95.59378070246511
772	95.59378070246511
773	95.59378070246511
774	95.59378070246511
775	91.74883321516239
776	91.74883321516239
777	91.74883321516239
778	91.74883321516239
779	95.0620714231807
780	95.0620714231807
781	95.0620714231807
782	95.0620714231807
783	92.70188112494347
784	92.70188112494347
785	92.70188112494347
786	92.70188112494347
787	95.55839594661145
788	95.55839594661145
789	95.55839594661145
790	95.55839594661145
791	95.32906795888407
792	95.32906795888407
793	95.32906795888407
794	95.32906795888407
795	89.64788333554506
796	89.64788333554506
797	89.64788333554506
798	89.64788333554506
799	91.64712107981867
800	91.64712107981867
801	91.64712107981867
802	91.64712107981867
803	91.04161339483659
804	91.04161339483659
805	91.04161339483659
806	91.04161339483659
807	94.79638567161406
808	94.79638567161406
809	94.79638567161406
810	94.79638567161406
811	92.39875590167263
812	92.39875590167263
813	92.39875590167263
814	92.39875590167263
815	91.72199839428107
816	91.72199839428107
817	91.72199839428107
818	91.72199839428107
819	93.81311130328072
820	93.81311130328072
821	93.81311130328072
822	93.81311130328072
823	92.71661761756877
824	92.71661761756877
825	92.71661761756877
826	92.71661761756877
827	91.60391809441701
828	91.60391809441701
829	91.60391809441701
830	91.60391809441701
831	91.87434246483988
832	91.87434246483988
833	91.87434246483988
834	91.87434246483988
835	92.40667832128946
836	92.40667832128946
837	92.40667832128946
838	93.88022437882955
839	93.88022437882955
840	93.88022437882955
841	93.88022437882955
842	92.00745805307842
843	92.00745805307842
844	92.00745805307842
845	92.00745805307842
846	93.03245247423128
847	93.03245247423128
848	93.03245247423128
849	93.03245247423128
850	90.40652193361477
851	90.40652193361477
852	90.40652193361477
853	90.40652193361477
854	89.13111797193484
855	89.13111797193484
856	89.13111797193484
857	89.13111797193484
858	93.30574913925622
859	93.30574913925622
860	93.30574913925622
861	93.30574913925622
862	94.40300049351887
863	94.40300049351887
864	94.40300049351887
865	94.40300049351887
866	93.56079812275257
867	93.56079812275257
868	93.56079812275257
869	93.56079812275257
870	90.82147563206307
871	90.82147563206307
872	90.82147563206307
873	90.82147563206307
874	91.74169953061356
875	91.74169953061356
876	91.74169953061356
877	91.74169953061356
878	90.2922443600606
879	90.2922443600606
880	90.2922443600606
881	90.2922443600606
882	91.44206461257474
883	91.44206461257474
884	91.44206461257474
885	91.44206461257474
886	93.05616006252716
887	93.05616006252716
888	93.05616006252716
889	93.05616006252716
890	89.20175068342571
891	89.20175068342571
892	89.20175068342571
893	89.20175068342571
894	92.17887631411261
895	92.17887631411261
896	92.17887631411261
897	92.17887631411261
898	91.31934542525849
899	91.31934542525849
900	91.31934542525849
901	91.31934542525849
902	91.18817467977397
903	91.18817467977397
904	91.18817467977397
905	91.18817467977397
906	92.79663612977467
907	92.79663612977467
908	92.79663612977467
909	92.79663612977467
910	93.39883071706822
911	93.39883071706822
912	93.39883071706822
913	93.39883071706822
914	89.08478164083914
915	89.08478164083914
916	89.08478164083914
917	89.08478164083914
918	91.4118610256063
919	91.4118610256063
920	91.4118610256063
921	91.4118610256063
922	92.43452140425262
923	92.43452140425262
924	92.43452140425262
925	92.43452140425262
926	91.68337796752303
927	91.68337796752303
928	91.68337796752303
929	91.68337796752303
930	91.23214562251954
931	91.23214562251954
932	91.23214562251954
933	91.23214562251954
934	91.49324029037973
935	91.49324029037973
936	91.49324029037973
937	91.49324029037973
938	92.48994421980748
939	92.48994421980748
940	92.48994421980748
941	92.48994421980748
942	90.85565401046013
943	90.85565401046013
944	90.85565401046013
945	90.85565401046013
946	94.23923263578916
947	94.23923263578916
948	94.23923263578916
949	94.23923263578916
950	90.72258234181321
951	90.72258234181321
952	90.72258234181321
953	90.72258234181321
954	91.833207271604
955	91.833207271604
956	91.833207271604
957	91.833207271604
958	92.69011594218463
959	92.69011594218463
960	92.69011594218463
961	92.69011594218463
962	94.59274781508978
963	94.59274781508978
964	94.59274781508978
965	94.59274781508978
966	90.69239390496023
967	90.69239390496023
968	90.69239390496023
969	90.69239390496023
970	93.51324813586564
971	93.51324813586564
972	93.51324813586564
973	93.51324813586564
974	93.86554088667232
975	93.86554088667232
976	93.86554088667232
977	93.86554088667232
978	93.54024330960425
979	93.54024330960425
980	93.54024330960425
981	93.54024330960425
982	93.81614256236543
983	93.81614256236543
984	93.81614256236543
985	93.81614256236543
986	90.17249402527953
987	90.17249402527953
988	90.17249402527953
989	90.17249402527953
990	90.84203722552323
991	90.84203722552323
992	90.84203722552323
993	90.84203722552323
994	92.06757632926278
995	92.06757632926278
996	92.06757632926278
997	92.06757632926278
998	92.84529162790572
999	92.84529162790572
1000	92.84529162790572
1001	92.84529162790572
1002	92.23883712265447
1003	92.23883712265447
1004	92.23883712265447
1005	92.23883712265447
1006	92.79430695372872
1007	92.79430695372872
1008	92.79430695372872
1009	92.79430695372872
1010	91.23504997028054
1011	91.23504997028054
1012	91.23504997028054
1013	91.23504997028054
1014	90.01510197992495
1015	90.01510197992495
1016	90.01510197992495
1017	90.01510197992495
1018	91.55932280311774
1019	91.55932280311774
1020	91.55932280311774
1021	91.55932280311774
1022	91.63306098556433
1023	91.63306098556433
1024	91.63306098556433
1025	91.63306098556433
1026	91.18377016855166
1027	91.18377016855166
1028	91.18377016855166
1029	91.18377016855166
1030	95.4216260473581
1031	95.4216260473581
1032	95.4216260473581
1033	95.4216260473581
1034	90.66217248846017
1035	90.66217248846017
1036	90.66217248846017
1037	90.66217248846017
1038	89.08685290182811
1039	89.08685290182811
1040	89.08685290182811
1041	89.08685290182811
1042	92.25230974960839
1043	92.25230974960839
1044	92.25230974960839
1045	92.25230974960839
1046	91.30161072953855
1047	91.30161072953855
1048	91.30161072953855
1049	91.30161072953855
1050	90.9918507085435
1051	90.9918507085435
1052	90.9918507085435
1053	90.9918507085435
1054	93.37877222606456
1055	93.37877222606456
1056	93.37877222606456
1057	93.37877222606456
1058	91.58892079088493
1059	91.58892079088493
1060	91.58892079088493
1061	91.58892079088493
1062	89.56799070740475
1063	89.56799070740475
1064	89.56799070740475
1065	89.56799070740475
1066	91.2217741119243
1067	91.2217741119243
1068	91.2217741119243
1069	91.2217741119243
1070	91.90574648329802
1071	91.90574648329802
1072	91.90574648329802
1073	91.90574648329802
1074	89.41929578346843
1075	89.41929578346843
1076	89.41929578346843
1077	89.41929578346843
1078	90.06185290305264
1079	90.06185290305264
1080	90.06185290305264
1081	90.06185290305264
1082	89.78840559161361
1083	89.78840559161361
1084	89.78840559161361
1085	89.78840559161361
1086	90.82801808255869
1087	90.82801808255869
1088	90.82801808255869
1089	90.82801808255869
1090	89.84511453813039
1091	89.84511453813039
1092	89.84511453813039
1093	89.84511453813039
1094	93.10911921318569
1095	93.10911921318569
1096	93.10911921318569
1097	93.10911921318569
1098	89.3551966456111
1099	89.3551966456111
1100	89.3551966456111
1101	89.3551966456111
1102	91.97793881486004
1103	91.97793881486004
1104	91.97793881486004
1105	91.97793881486004
1106	88.73588549470755
1107	88.73588549470755
1108	88.73588549470755
1109	88.73588549470755
1110	89.10915157862264
1111	89.10915157862264
1112	89.10915157862264
1113	89.10915157862264
1114	91.81497986237615
1115	91.81497986237615
1116	91.90128892289007
1117	91.90128892289007
1118	91.90128892289007
1119	91.90128892289007
1120	91.09752413726743
1121	91.09752413726743
1122	91.09752413726743
1123	91.09752413726743
1124	91.75079021830891
1125	91.75079021830891
1126	91.75079021830891
1127	91.75079021830891
1128	93.35200079097184
1129	93.35200079097184
1130	93.35200079097184
1131	93.35200079097184
1132	93.53245618460642
1133	93.53245618460642
1134	93.53245618460642
1135	93.53245618460642
1136	95.1198169071942
1137	95.1198169071942
1138	95.1198169071942
1139	95.1198169071942
1140	91.76111262815847
1141	91.76111262815847
1142	91.76111262815847
1143	91.76111262815847
1144	91.04398405523709
1145	91.04398405523709
1146	91.04398405523709
1147	91.04398405523709
1148	92.1696288468781
1149	92.1696288468781
1150	92.1696288468781
1151	92.1696288468781
1152	92.88149001701912
1153	92.88149001701912
1154	92.88149001701912
1155	92.88149001701912
1156	95.17111223985655
1157	95.17111223985655
1158	95.17111223985655
1159	95.17111223985655
1160	92.46295392635172
1161	92.46295392635172
1162	92.46295392635172
1163	92.46295392635172
1164	93.35101107964354
1165	93.35101107964354
1166	93.35101107964354
1167	93.35101107964354
1168	90.62250388076139
1169	90.62250388076139
1170	90.62250388076139
1171	90.62250388076139
1172	93.56090434155662
1173	93.56090434155662
1174	93.56090434155662
1175	93.56090434155662
1176	93.09430918538767
1177	93.09430918538767
1178	93.09430918538767
1179	93.09430918538767
1180	94.06526187992209
1181	94.06526187992209
1182	94.06526187992209
1183	94.06526187992209
1184	91.93322386770554
1185	91.93322386770554
1186	91.93322386770554
1187	91.93322386770554
1188	90.16080278589335
1189	90.16080278589335
1190	90.16080278589335
1191	90.16080278589335
1192	91.36161778342593
1193	91.36161778342593
1194	91.36161778342593
1195	91.36161778342593
1196	90.34825978380944
1197	90.34825978380944
1198	90.34825978380944
1199	90.34825978380944
1200	94.11111939527981
1201	94.11111939527981
1202	94.11111939527981
1203	94.11111939527981
1204	94.444228157259
1205	94.444228157259
1206	94.444228157259
1207	94.444228157259
1208	91.50987280191295
1209	91.50987280191295
1210	91.50987280191295
1211	91.50987280191295
1212	91.77750354874827
1213	91.77750354874827
1214	91.77750354874827
1215	91.77750354874827
1216	93.50503196331505
1217	93.50503196331505
1218	93.50503196331505
1219	93.50503196331505
1220	91.00065542870567
1221	91.00065542870567
1222	91.00065542870567
1223	91.00065542870567
1224	94.46643063815206
1225	94.46643063815206
1226	94.46643063815206
1227	94.46643063815206
1228	91.77441764901313
1229	91.77441764901313
1230	91.77441764901313
1231	91.77441764901313
1232	91.8401240664788
1233	91.8401240664788
1234	91.8401240664788
1235	91.8401240664788
1236	93.1034022614124
1237	93.1034022614124
1238	93.1034022614124
1239	93.1034022614124
1240	93.52982488583675
1241	93.52982488583675
1242	93.52982488583675
1243	93.52982488583675
1244	90.93367076603936
1245	90.93367076603936
1246	90.93367076603936
1247	90.93367076603936
1248	91.97800555527269
1249	91.97800555527269
1250	91.97800555527269
1251	91.97800555527269
1252	90.3664843294322
1253	90.3664843294322
1254	90.3664843294322
1255	90.3664843294322
1256	93.10694575818091
1257	93.10694575818091
1258	93.10694575818091
1259	93.10694575818091
1260	95.51533480575219
1261	95.51533480575219
1262	95.51533480575219
1263	95.51533480575219
1264	93.33622353591726
1265	93.33622353591726
1266	93.33622353591726
1267	93.33622353591726
1268	94.35872661083108
1269	94.35872661083108
1270	94.35872661083108
1271	94.35872661083108
1272	95.6199464902948
1273	95.6199464902948
1274	95.6199464902948
1275	95.6199464902948
1276	92.06013318721719
1277	92.06013318721719
1278	92.06013318721719
1279	92.06013318721719
1280	93.67164024840402
1281	93.67164024840402
1282	93.67164024840402
1283	93.67164024840402
1284	91.09212594186526
1285	91.09212594186526
1286	91.09212594186526
1287	91.09212594186526
1288	92.07280156503337
1289	92.07280156503337
1290	92.07280156503337
1291	92.07280156503337
1292	94.34828685053255
1293	94.34828685053255
1294	94.34828685053255
1295	94.34828685053255
1296	92.62804338267097
1297	92.62804338267097
1298	92.62804338267097
1299	92.62804338267097
1300	92.97646576846776
1301	92.97646576846776
1302	92.97646576846776
1303	92.97646576846776
1304	92.24948562101696
1305	92.24948562101696
1306	92.24948562101696
1307	92.24948562101696
1308	93.21016168996995
1309	93.21016168996995
1310	93.21016168996995
1311	93.21016168996995
1312	91.01865722822598
1313	91.01865722822598
1314	91.01865722822598
1315	91.01865722822598
1316	94.28262055800583
1317	94.28262055800583
1318	94.28262055800583
1319	94.28262055800583
1320	97.00238775852479
1321	97.00238775852479
1322	97.00238775852479
1323	97.00238775852479
1324	94.20893918121178
1325	94.20893918121178
1326	94.20893918121178
1327	94.20893918121178
1328	93.68376370496287
1329	93.68376370496287
1330	93.68376370496287
1331	93.68376370496287
1332	94.46177954509916
1333	94.46177954509916
1334	94.46177954509916
1335	94.46177954509916
1336	93.98380690330156
1337	93.98380690330156
1338	93.98380690330156
1339	93.98380690330156
1340	94.6944656992328
1341	94.6944656992328
1342	94.6944656992328
1343	94.6944656992328
1344	92.69498822020498
1345	92.69498822020498
1346	92.69498822020498
1347	92.69498822020498
1348	93.31976843543887
1349	93.31976843543887
1350	93.31976843543887
1351	93.31976843543887
1352	94.74710717597281
1353	94.74710717597281
1354	94.74710717597281
1355	94.74710717597281
1356	89.59248162480614
1357	89.59248162480614
1358	89.59248162480614
1359	89.59248162480614
1360	91.94716026124246
1361	91.94716026124246
1362	91.94716026124246
1363	91.94716026124246
1364	91.60514743407445
1365	91.60514743407445
1366	91.60514743407445
1367	91.60514743407445
1368	93.95426509315445
1369	93.95426509315445
1370	93.95426509315445
1371	93.95426509315445
1372	92.25869088665871
1373	92.25869088665871
1374	92.25869088665871
1375	92.25869088665871
1376	92.59151568577508
1377	92.59151568577508
1378	92.59151568577508
1379	92.59151568577508
1380	92.15194254702392
1381	92.15194254702392
1382	92.15194254702392
1383	92.15194254702392
1384	90.49162512387112
1385	90.49162512387112
1386	90.49162512387112
1387	90.49162512387112
1388	91.93324429410252
1389	91.93324429410252
1390	91.93324429410252
1391	91.93324429410252
1392	91.79792205093183
1393	91.79792205093183
1394	91.79792205093183
1395	91.79792205093183
1396	92.95737544968843
1397	92.95737544968843
1398	92.95737544968843
1399	92.95737544968843
1400	91.98909886353147
1401	91.98909886353147
1402	91.98909886353147
1403	91.98909886353147
1404	91.65744869032689
1405	91.65744869032689
1406	91.65744869032689
1407	91.65744869032689
1408	92.94622946955283
1409	92.94622946955283
1410	92.94622946955283
1411	92.94622946955283
1412	94.12082943573404
1413	94.12082943573404
1414	94.12082943573404
1415	94.12082943573404
1416	91.86285693965961
1417	91.86285693965961
1418	91.86285693965961
1419	91.86285693965961
1420	95.40045028696822
1421	95.40045028696822
1422	95.40045028696822
1423	95.40045028696822
1424	91.79753562820444
1425	91.79753562820444
1426	91.79753562820444
1427	91.79753562820444
1428	94.06956569499908
1429	94.06956569499908
1430	94.06956569499908
1431	94.06956569499908
1432	90.9857341055415
1433	90.9857341055415
1434	90.9857341055415
1435	90.9857341055415
1436	91.82468334588329
1437	91.82468334588329
1438	91.82468334588329
1439	91.82468334588329
1440	94.24859206605905
1441	94.24859206605905
1442	94.24859206605905
1443	94.24859206605905
1444	94.83353903753382
1445	94.83353903753382
1446	94.83353903753382
1447	94.83353903753382
1448	94.61277036271824
1449	94.61277036271824
1450	94.61277036271824
1451	94.61277036271824
1452	93.08368043028088
1453	93.08368043028088
1454	93.08368043028088
1455	93.08368043028088
1456	90.9862187925262
1457	90.9862187925262
1458	90.9862187925262
1459	90.9862187925262
1460	93.65541462043899
1461	93.65541462043899
1462	93.65541462043899
1463	93.65541462043899
1464	93.07089287936749
1465	93.07089287936749
1466	93.07089287936749
1467	93.07089287936749
1468	92.14411212584312
1469	92.14411212584312
1470	92.14411212584312
1471	92.14411212584312
1472	94.01104292297507
1473	94.01104292297507
1474	94.01104292297507
1475	94.01104292297507
1476	91.06417864371657
1477	91.06417864371657
1478	91.06417864371657
1479	91.06417864371657
1480	92.68378736322546
1481	92.68378736322546
1482	92.68378736322546
1483	92.68378736322546
1484	93.47476669780022
1485	93.47476669780022
1486	93.47476669780022
1487	93.47476669780022
1488	92.52275697732215
1489	92.52275697732215
1490	92.52275697732215
1491	92.52275697732215
1492	93.17137472424344
1493	93.17137472424344
1494	93.17137472424344
1495	93.17137472424344
1496	93.1888945297673
1497	93.1888945297673
1498	93.1888945297673
1499	93.1888945297673
1500	92.71768538562472
1501	92.71768538562472
1502	92.71768538562472
1503	92.71768538562472
1504	92.02019518024531
1505	92.02019518024531
1506	92.02019518024531
1507	92.02019518024531
1508	92.29052790438358
1509	92.29052790438358
1510	92.29052790438358
1511	92.29052790438358
1512	95.39558914779782
1513	95.39558914779782
1514	95.39558914779782
1515	95.39558914779782
1516	93.55313973389202
1517	93.55313973389202
1518	93.55313973389202
1519	93.55313973389202
1520	89.81675543633645
1521	89.81675543633645
1522	89.81675543633645
1523	89.81675543633645
1524	93.39829751169485
1525	93.39829751169485
1526	93.39829751169485
1527	93.39829751169485
1528	91.31475807348292
1529	91.31475807348292
1530	91.31475807348292
1531	91.31475807348292
1532	92.30932012636138
1533	92.30932012636138
1534	92.30932012636138
1535	92.30932012636138
1536	91.95311583387
1537	91.95311583387
1538	91.95311583387
1539	91.95311583387
1540	91.78436113915913
1541	91.78436113915913
1542	91.78436113915913
1543	91.78436113915913
1544	94.25939207093575
1545	94.25939207093575
1546	94.25939207093575
1547	94.25939207093575
1548	95.12761385821352
1549	95.12761385821352
1550	95.12761385821352
1551	95.12761385821352
1552	91.99260971895471
1553	91.99260971895471
1554	91.99260971895471
1555	91.99260971895471
1556	96.19209948191502
1557	96.19209948191502
1558	96.19209948191502
1559	96.19209948191502
1560	96.53772237744704
1561	96.53772237744704
1562	96.53772237744704
1563	96.53772237744704
1564	90.89338355667147
1565	90.89338355667147
1566	90.89338355667147
1567	90.89338355667147
1568	92.80995798687978
1569	92.80995798687978
1570	92.80995798687978
1571	92.80995798687978
1572	91.73336004336879
1573	91.73336004336879
1574	91.73336004336879
1575	91.73336004336879
1576	95.33495045763587
1577	95.33495045763587
1578	95.33495045763587
1579	95.33495045763587
1580	92.93575901839972
1581	92.93575901839972
1582	92.93575901839972
1583	92.93575901839972
1584	95.13800111058109
1585	95.13800111058109
1586	95.13800111058109
1587	95.13800111058109
1588	93.62895992226478
1589	93.62895992226478
1590	93.62895992226478
1591	93.62895992226478
1592	91.39170539648312
1593	91.39170539648312
1594	91.39170539648312
1595	91.39170539648312
1596	94.67096607194854
1597	94.67096607194854
1598	94.67096607194854
1599	94.67096607194854
1600	90.79409603540324
1601	90.79409603540324
1602	90.79409603540324
1603	90.79409603540324
1604	89.98483235966862
1605	89.98483235966862
1606	89.98483235966862
1607	89.98483235966862
1608	94.26301910505933
1609	94.26301910505933
1610	94.26301910505933
1611	94.26301910505933
1612	94.36295777137647
1613	94.36295777137647
1614	94.36295777137647
1615	94.36295777137647
1616	94.04210058828923
1617	94.04210058828923
1618	94.04210058828923
1619	94.04210058828923
1620	91.42996762708432
1621	91.42996762708432
1622	91.42996762708432
1623	91.42996762708432
1624	90.7532032850941
1625	90.7532032850941
1626	90.7532032850941
1627	90.7532032850941
1628	93.01675517408184
1629	93.01675517408184
1630	93.01675517408184
1631	93.01675517408184
1632	90.3539117103928
1633	90.3539117103928
1634	90.3539117103928
1635	90.3539117103928
1636	93.22778294073737
1637	93.22778294073737
1638	93.22778294073737
1639	93.22778294073737
1640	92.80600941390443
1641	92.80600941390443
1642	92.80600941390443
1643	92.80600941390443
1644	93.98147799242075
1645	93.98147799242075
1646	93.98147799242075
1647	93.98147799242075
1648	92.14089227424707
1649	92.14089227424707
1650	92.14089227424707
1651	92.14089227424707
1652	94.23955631715421
1653	94.23955631715421
1654	94.23955631715421
1655	94.23955631715421
1656	93.53277855072997
1657	93.53277855072997
1658	93.53277855072997
1659	93.53277855072997
1660	91.17068255028548
1661	91.17068255028548
1662	91.17068255028548
1663	91.17068255028548
1664	91.04249719717845
1665	91.04249719717845
1666	91.04249719717845
1667	91.04249719717845
1668	93.1312977054811
1669	93.1312977054811
1670	93.1312977054811
1671	93.1312977054811
1672	90.72345109665265
1673	90.72345109665265
1674	90.72345109665265
1675	90.72345109665265
1676	93.95135864800834
1677	93.95135864800834
1678	93.95135864800834
1679	93.95135864800834
1680	92.98866561341117
1681	92.98866561341117
1682	92.98866561341117
1683	92.98866561341117
1684	98.36259772703833
1685	98.36259772703833
1686	98.36259772703833
1687	98.36259772703833
1688	94.76316450082776
1689	94.76316450082776
1690	94.76316450082776
1691	94.76316450082776
1692	92.84421547648344
1693	92.84421547648344
1694	92.84421547648344
1695	92.84421547648344
1696	93.09854287438499
1697	93.09854287438499
1698	93.09854287438499
1699	93.09854287438499
1700	92.2990820911828
1701	92.2990820911828
1702	92.2990820911828
1703	92.2990820911828
1704	92.77387483915795
1705	92.77387483915795
1706	92.77387483915795
1707	92.77387483915795
1708	91.56953994852051
1709	91.56953994852051
1710	91.56953994852051
1711	91.56953994852051
1712	94.10424940978181
1713	94.10424940978181
1714	94.10424940978181
1715	94.10424940978181
1716	92.46919603780665
1717	92.46919603780665
1718	92.46919603780665
1719	92.46919603780665
1720	95.8076368574021
1721	95.8076368574021
1722	95.8076368574021
1723	95.8076368574021
1724	92.26892283989922
1725	92.26892283989922
1726	92.26892283989922
1727	92.26892283989922
1728	95.5909339456966
1729	95.5909339456966
1730	95.5909339456966
1731	95.5909339456966
1732	91.95124621405482
1733	91.95124621405482
1734	91.95124621405482
1735	91.95124621405482
1736	92.87914550397899
1737	92.87914550397899
1738	92.87914550397899
1739	92.87914550397899
1740	92.4455466282278
1741	92.4455466282278
1742	92.4455466282278
1743	92.4455466282278
1744	94.30432530425783
1745	94.30432530425783
1746	94.30432530425783
1747	94.30432530425783
1748	93.83290459691798
1749	93.83290459691798
1750	93.83290459691798
1751	91.86941662608083
1752	91.86941662608083
1753	91.86941662608083
1754	91.86941662608083
1755	93.21785355718397
1756	93.21785355718397
1757	93.21785355718397
1758	93.21785355718397
1759	87.38567320192873
1760	87.38567320192873
1761	87.38567320192873
1762	87.38567320192873
1763	92.23736282026307
1764	92.23736282026307
1765	92.23736282026307
1766	92.23736282026307
1767	92.34345161373551
1768	92.34345161373551
1769	92.34345161373551
1770	92.34345161373551
1771	90.69614134561591
1772	90.69614134561591
1773	90.69614134561591
1774	90.69614134561591
1775	90.81518566718532
1776	90.81518566718532
1777	90.81518566718532
1778	90.81518566718532
1779	95.39649348524785
1780	95.39649348524785
1781	95.39649348524785
1782	95.39649348524785
1783	92.09590901394705
1784	92.09590901394705
1785	92.09590901394705
1786	92.09590901394705
1787	90.61818601930523
1788	90.61818601930523
1789	90.61818601930523
1790	90.61818601930523
1791	90.08624257591856
1792	90.08624257591856
1793	90.08624257591856
1794	90.08624257591856
1795	89.64260988188782
1796	89.64260988188782
1797	89.64260988188782
1798	89.64260988188782
1799	90.05264312707965
1800	90.05264312707965
1801	90.05264312707965
1802	90.05264312707965
1803	90.05569073598937
1804	90.05569073598937
1805	90.05569073598937
1806	90.05569073598937
1807	88.67138202324006
1808	88.67138202324006
1809	88.67138202324006
1810	88.67138202324006
1811	91.82935125164899
1812	91.82935125164899
1813	91.82935125164899
1814	91.82935125164899
1815	91.69123244329055
1816	91.69123244329055
1817	91.69123244329055
1818	91.69123244329055
1819	92.89151059926222
1820	92.89151059926222
1821	92.89151059926222
1822	92.89151059926222
1823	89.80729474124702
1824	89.80729474124702
1825	89.80729474124702
1826	89.80729474124702
1827	90.7349913085719
1828	90.7349913085719
1829	90.7349913085719
1830	90.7349913085719
1831	90.36953784800518
1832	90.36953784800518
1833	90.36953784800518
1834	90.36953784800518
1835	90.5697150385342
1836	90.5697150385342
1837	90.5697150385342
1838	90.5697150385342
1839	91.40048831884063
1840	91.40048831884063
1841	91.40048831884063
1842	91.40048831884063
1843	89.81846480290494
1844	89.81846480290494
1845	89.81846480290494
1846	89.81846480290494
1847	91.61713325566043
1848	91.61713325566043
1849	91.61713325566043
1850	91.61713325566043
1851	89.65136523881858
1852	89.65136523881858
1853	89.65136523881858
1854	89.65136523881858
1855	92.00053170492933
1856	92.00053170492933
1857	92.00053170492933
1858	92.00053170492933
1859	94.07463734650005
1860	94.07463734650005
1861	94.07463734650005
1862	94.07463734650005
1863	91.6888588617904
1864	91.6888588617904
1865	91.6888588617904
1866	91.6888588617904
1867	93.42104230777254
1868	93.42104230777254
1869	93.42104230777254
1870	93.42104230777254
1871	90.3703413145499
1872	90.3703413145499
1873	90.3703413145499
1874	90.3703413145499
1875	90.76696384044004
1876	90.76696384044004
1877	90.76696384044004
1878	90.76696384044004
1879	89.44582427996781
1880	89.44582427996781
1881	89.44582427996781
1882	89.44582427996781
1883	90.86092770856163
1884	90.86092770856163
1885	90.86092770856163
1886	90.86092770856163
1887	89.17163101611976
1888	89.17163101611976
1889	89.17163101611976
1890	89.17163101611976
1891	92.9798950756276
1892	92.9798950756276
1893	92.9798950756276
1894	92.9798950756276
1895	90.5838351277171
1896	90.5838351277171
1897	90.5838351277171
1898	90.5838351277171
1899	89.54841345679364
1900	89.54841345679364
1901	89.54841345679364
1902	89.54841345679364
1903	89.2892761176979
1904	89.2892761176979
1905	89.2892761176979
1906	89.2892761176979
1907	91.27039078615319
1908	91.27039078615319
1909	91.27039078615319
1910	91.27039078615319
1911	91.24325615047259
1912	91.24325615047259
1913	91.24325615047259
1914	91.24325615047259
1915	92.8541400416874
1916	92.8541400416874
1917	92.8541400416874
1918	92.8541400416874
1919	94.4647613554771
1920	94.4647613554771
1921	94.4647613554771
1922	94.4647613554771
1923	90.8568045694704
1924	90.8568045694704
1925	90.8568045694704
1926	90.8568045694704
1927	92.63005653942994
1928	92.63005653942994
1929	92.63005653942994
1930	92.63005653942994
1931	89.82267222921372
1932	89.82267222921372
1933	89.82267222921372
1934	89.82267222921372
1935	91.81706568769383
1936	91.81706568769383
1937	91.81706568769383
1938	91.81706568769383
1939	89.89504105447251
1940	89.89504105447251
1941	89.89504105447251
1942	89.89504105447251
1943	91.60798322510259
1944	91.60798322510259
1945	91.60798322510259
1946	91.60798322510259
1947	91.56408155645214
1948	91.56408155645214
1949	91.56408155645214
1950	91.56408155645214
1951	89.9357161854887
1952	89.9357161854887
1953	89.9357161854887
1954	89.9357161854887
1955	91.40734902798303
1956	91.40734902798303
1957	91.40734902798303
1958	91.40734902798303
1959	90.42023676760365
1960	90.42023676760365
1961	90.42023676760365
1962	90.42023676760365
1963	89.38460393339064
1964	89.38460393339064
1965	89.38460393339064
1966	89.38460393339064
1967	91.5917065880775
1968	91.5917065880775
1969	91.5917065880775
1970	91.5917065880775
1971	89.56692018610667
1972	89.56692018610667
1973	89.56692018610667
1974	89.56692018610667
1975	92.30183790609827
1976	92.30183790609827
1977	92.30183790609827
1978	92.30183790609827
1979	90.23181153528022
1980	90.23181153528022
1981	90.23181153528022
1982	90.23181153528022
1983	87.6865246951702
1984	87.6865246951702
1985	87.6865246951702
1986	87.6865246951702
1987	92.62067303896022
1988	92.62067303896022
1989	92.62067303896022
1990	92.62067303896022
1991	90.66333814595036
1992	90.66333814595036
1993	90.66333814595036
1994	90.66333814595036
1995	90.78719920587787
1996	90.78719920587787
1997	90.78719920587787
1998	90.78719920587787
1999	89.58118580549728
2000	89.58118580549728
2001	89.58118580549728
2002	89.58118580549728
2003	92.99570343600598
2004	92.99570343600598
2005	92.99570343600598
2006	92.99570343600598
2007	92.40591481912993
2008	92.40591481912993
2009	92.40591481912993
2010	92.40591481912993
2011	87.63656433556994
2012	87.63656433556994
2013	87.63656433556994
2014	87.63656433556994
2015	92.70086446474491
2016	92.70086446474491
2017	92.70086446474491
2018	92.70086446474491
2019	92.07811743143387
2020	92.07811743143387
2021	92.07811743143387
2022	92.07811743143387
2023	88.93734737506034
2024	88.93734737506034
2025	88.93734737506034
2026	88.93734737506034
2027	89.29660843701105
2028	89.29660843701105
2029	89.29660843701105
2030	89.29660843701105
2031	87.50949262435188
2032	87.50949262435188
2033	87.50949262435188
2034	87.50949262435188
2035	90.83710211702245
2036	90.83710211702245
2037	90.83710211702245
2038	90.83710211702245
2039	89.7260347801895
2040	89.7260347801895
2041	89.7260347801895
2042	89.7260347801895
2043	91.05153018122704
2044	91.05153018122704
2045	91.05153018122704
2046	91.05153018122704
2047	86.18015892832564
2048	86.18015892832564
2049	86.18015892832564
2050	86.18015892832564
2051	89.80289418806225
2052	89.80289418806225
2053	89.80289418806225
2054	89.80289418806225
2055	90.30462549700769
2056	90.30462549700769
2057	90.30462549700769
2058	90.30462549700769
2059	89.7902097689546
2060	89.7902097689546
2061	89.7902097689546
2062	89.7902097689546
2063	93.49552672801161
2064	93.49552672801161
2065	93.49552672801161
2066	93.49552672801161
2067	88.79641327967893
2068	88.79641327967893
2069	88.79641327967893
2070	88.79641327967893
2071	93.22082406471006
2072	93.22082406471006
2073	93.22082406471006
2074	93.22082406471006
2075	89.67522093189346
2076	89.67522093189346
2077	89.67522093189346
2078	89.67522093189346
2079	90.81873124198171
2080	90.81873124198171
2081	90.81873124198171
2082	90.81873124198171
2083	93.13894937703004
2084	93.13894937703004
2085	93.13894937703004
2086	93.13894937703004
2087	91.37018790484105
2088	91.37018790484105
2089	91.37018790484105
2090	91.37018790484105
2091	92.25583919118161
2092	92.25583919118161
2093	92.25583919118161
2094	92.25583919118161
2095	90.66412978074996
2096	90.66412978074996
2097	90.66412978074996
2098	90.66412978074996
2099	92.69988606886928
2100	92.69988606886928
2101	92.69988606886928
2102	92.69988606886928
2103	90.49247239011814
2104	90.49247239011814
2105	90.49247239011814
2106	90.49247239011814
2107	93.16341213660438
2108	93.16341213660438
2109	93.16341213660438
2110	93.16341213660438
2111	89.09713637766855
2112	89.09713637766855
2113	89.09713637766855
2114	89.09713637766855
2115	92.32341296384622
2116	92.32341296384622
2117	92.32341296384622
2118	92.32341296384622
2119	89.56004535653824
2120	89.56004535653824
2121	89.56004535653824
2122	89.56004535653824
2123	92.97223564647979
2124	92.97223564647979
2125	92.97223564647979
2126	92.97223564647979
2127	93.31638174781781
2128	93.31638174781781
2129	93.31638174781781
2130	93.31638174781781
2131	89.90641327469184
2132	89.90641327469184
2133	89.90641327469184
2134	89.90641327469184
2135	90.26246258517637
2136	90.26246258517637
2137	90.26246258517637
2138	90.26246258517637
2139	89.41928207188211
2140	89.41928207188211
2141	89.41928207188211
2142	89.41928207188211
2143	91.3171065551492
2144	91.3171065551492
2145	91.3171065551492
2146	91.3171065551492
2147	93.38255464285102
2148	93.38255464285102
2149	93.38255464285102
2150	93.38255464285102
2151	89.81420367941406
2152	89.81420367941406
2153	89.81420367941406
2154	89.81420367941406
2155	90.22969055341967
2156	90.22969055341967
2157	90.22969055341967
2158	90.22969055341967
2159	90.1209126149231
2160	90.1209126149231
2161	90.1209126149231
2162	90.1209126149231
2163	91.35899032476985
2164	91.35899032476985
2165	91.35899032476985
2166	91.35899032476985
2167	91.12786582853181
2168	91.12786582853181
2169	91.12786582853181
2170	91.12786582853181
2171	93.27220886954206
2172	93.27220886954206
2173	93.27220886954206
2174	93.27220886954206
2175	92.13911993698265
2176	92.13911993698265
2177	92.13911993698265
2178	92.13911993698265
2179	88.32435450334816
2180	88.32435450334816
2181	88.32435450334816
2182	88.32435450334816
2183	92.15187222308974
2184	92.15187222308974
2185	92.15187222308974
2186	92.15187222308974
2187	89.39766601045773
2188	89.39766601045773
2189	89.39766601045773
2190	89.39766601045773
2191	91.25224061201797
2192	91.25224061201797
2193	91.25224061201797
2194	91.25224061201797
2195	91.48837026379314
2196	91.48837026379314
2197	91.48837026379314
2198	91.48837026379314
2199	93.0312565151854
2200	93.0312565151854
2201	93.0312565151854
2202	93.0312565151854
2203	93.11046180526905
2204	93.11046180526905
2205	93.11046180526905
2206	93.11046180526905
2207	90.07529617913676
2208	90.07529617913676
2209	90.07529617913676
2210	90.07529617913676
2211	88.9858489677286
2212	88.9858489677286
2213	88.9858489677286
2214	88.9858489677286
2215	90.62511734817397
2216	90.62511734817397
2217	90.62511734817397
2218	90.62511734817397
2219	91.07256611600758
2220	91.07256611600758
2221	91.07256611600758
2222	91.07256611600758
2223	90.19661963129703
2224	90.19661963129703
2225	90.19661963129703
2226	90.19661963129703
2227	87.08944443059715
2228	87.08944443059715
2229	87.08944443059715
2230	87.08944443059715
2231	90.2434326833928
2232	90.2434326833928
2233	90.2434326833928
2234	90.2434326833928
2235	87.93738179521064
2236	87.93738179521064
2237	87.93738179521064
2238	87.93738179521064
2239	91.57931220851346
2240	91.57931220851346
2241	91.57931220851346
2242	91.57931220851346
2243	91.87015392471135
2244	91.87015392471135
2245	91.87015392471135
2246	91.87015392471135
2247	90.68022526986107
2248	90.68022526986107
2249	90.68022526986107
2250	90.68022526986107
2251	91.20417013046759
2252	91.20417013046759
2253	91.20417013046759
2254	91.20417013046759
2255	91.62792365171282
2256	91.62792365171282
2257	91.62792365171282
2258	91.62792365171282
2259	89.08415936695859
2260	89.08415936695859
2261	89.08415936695859
2262	89.08415936695859
2263	90.05504373427857
2264	90.05504373427857
2265	90.05504373427857
2266	90.05504373427857
2267	89.54308684606208
2268	89.54308684606208
2269	89.54308684606208
2270	89.54308684606208
2271	89.8641323429262
2272	89.8641323429262
2273	89.8641323429262
2274	89.8641323429262
2275	90.31229525450391
2276	90.31229525450391
2277	90.31229525450391
2278	90.31229525450391
2279	91.97850899517651
2280	91.97850899517651
2281	91.97850899517651
2282	91.97850899517651
2283	90.70320769751045
2284	90.70320769751045
2285	90.70320769751045
2286	90.70320769751045
2287	91.64276808340735
2288	91.64276808340735
2289	91.64276808340735
2290	91.64276808340735
2291	93.29413030466075
2292	93.29413030466075
2293	93.29413030466075
2294	93.29413030466075
2295	90.0764953641649
2296	90.0764953641649
2297	90.0764953641649
2298	90.0764953641649
2299	92.1796610509664
2300	92.1796610509664
2301	92.1796610509664
2302	92.1796610509664
2303	90.83166033121886
2304	90.83166033121886
2305	90.83166033121886
2306	90.83166033121886
2307	92.90630275497628
2308	92.90630275497628
2309	92.90630275497628
2310	92.90630275497628
2311	92.45216822750814
2312	92.45216822750814
2313	92.45216822750814
2314	92.45216822750814
2315	93.21240326933133
2316	93.21240326933133
2317	93.21240326933133
2318	93.21240326933133
2319	91.77328633530821
2320	91.77328633530821
2321	91.77328633530821
2322	91.77328633530821
2323	92.769261967455
2324	92.769261967455
2325	92.769261967455
2326	92.769261967455
2327	90.95218048803163
2328	90.95218048803163
2329	90.95218048803163
2330	90.95218048803163
2331	93.07800779787092
2332	93.07800779787092
2333	93.07800779787092
2334	93.07800779787092
2335	92.54836735638219
2336	92.54836735638219
2337	92.54836735638219
2338	92.54836735638219
2339	91.57901350621394
2340	91.57901350621394
2341	91.57901350621394
2342	91.57901350621394
2343	91.14541237628214
2344	91.14541237628214
2345	91.14541237628214
2346	91.14541237628214
2347	88.7417173931566
2348	88.7417173931566
2349	88.7417173931566
2350	88.7417173931566
2351	89.81015315204016
2352	89.81015315204016
2353	89.81015315204016
2354	89.81015315204016
2355	89.82781608803568
2356	89.82781608803568
2357	89.82781608803568
2358	89.82781608803568
2359	90.82910084790424
2360	90.82910084790424
2361	90.82910084790424
2362	90.82910084790424
2363	90.30275664549157
2364	90.30275664549157
2365	90.30275664549157
2366	90.30275664549157
2367	90.73730013119335
2368	90.73730013119335
2369	90.73730013119335
2370	90.73730013119335
2371	89.3182371831193
2372	89.3182371831193
2373	89.3182371831193
2374	89.3182371831193
2375	90.87783757850434
2376	90.87783757850434
2377	90.87783757850434
2378	90.87783757850434
2379	93.7238405799554
2380	93.7238405799554
2381	93.7238405799554
2382	93.7238405799554
2383	90.99135797978603
2384	90.99135797978603
2385	90.99135797978603
2386	90.99135797978603
2387	91.4314147582393
2388	91.4314147582393
2389	91.4314147582393
2390	91.4314147582393
2391	92.21448144732803
2392	92.21448144732803
2393	92.21448144732803
2394	92.21448144732803
2395	91.70428050817323
2396	91.70428050817323
2397	91.70428050817323
2398	91.70428050817323
2399	92.1340415499069
2400	92.1340415499069
2401	92.1340415499069
2402	92.1340415499069
2403	92.40960621935811
2404	92.40960621935811
2405	92.40960621935811
2406	92.40960621935811
2407	90.76709591992945
2408	90.76709591992945
2409	90.76709591992945
2410	90.76709591992945
2411	95.16314099903569
2412	95.16314099903569
2413	95.16314099903569
2414	95.16314099903569
2415	93.01508163992177
2416	93.01508163992177
2417	93.01508163992177
2418	93.01508163992177
2419	92.0294170751154
2420	92.0294170751154
2421	92.0294170751154
2422	92.0294170751154
2423	91.34027991319824
2424	91.34027991319824
2425	91.34027991319824
2426	91.34027991319824
2427	91.51466358263902
2428	91.51466358263902
2429	91.51466358263902
2430	91.51466358263902
2431	92.55707627501945
2432	92.55707627501945
2433	92.55707627501945
2434	92.55707627501945
2435	92.21020735094042
2436	92.21020735094042
2437	92.21020735094042
2438	92.21020735094042
2439	88.39214666323664
2440	88.39214666323664
2441	88.39214666323664
2442	88.39214666323664
2443	90.6907172273034
2444	90.6907172273034
2445	90.6907172273034
2446	90.6907172273034
2447	90.97329003642797
2448	90.97329003642797
2449	90.97329003642797
2450	90.97329003642797
2451	88.99184079640617
2452	88.99184079640617
2453	88.99184079640617
2454	88.99184079640617
2455	94.05484607529567
2456	94.05484607529567
2457	94.05484607529567
2458	94.05484607529567
2459	93.99989794799097
2460	93.99989794799097
2461	93.99989794799097
2462	93.99989794799097
2463	91.1106165665005
2464	91.1106165665005
2465	91.1106165665005
2466	91.1106165665005
2467	89.47257854527976
2468	89.47257854527976
2469	89.47257854527976
2470	89.47257854527976
2471	92.41332153385031
2472	92.41332153385031
2473	92.41332153385031
2474	92.41332153385031
2475	92.87092020423506
2476	92.87092020423506
2477	92.87092020423506
2478	92.87092020423506
2479	92.59619788354837
2480	92.59619788354837
2481	92.59619788354837
2482	92.59619788354837
2483	91.26253658755004
2484	91.26253658755004
2485	91.26253658755004
2486	91.26253658755004
2487	91.05812368872799
2488	91.05812368872799
2489	91.05812368872799
2490	91.05812368872799
2491	92.95514648032835
2492	92.95514648032835
2493	92.95514648032835
2494	92.95514648032835
2495	93.53428408798206
2496	93.53428408798206
2497	93.53428408798206
2498	93.53428408798206
2499	93.00732409559114
2500	93.00732409559114
2501	93.00732409559114
2502	93.00732409559114
2503	93.77072242103762
2504	93.77072242103762
2505	93.77072242103762
2506	93.77072242103762
2507	89.42426105191049
2508	89.42426105191049
2509	89.42426105191049
2510	89.42426105191049
2511	90.35880448837777
2512	90.35880448837777
2513	90.35880448837777
2514	90.35880448837777
2515	91.40068907184751
2516	91.40068907184751
2517	91.40068907184751
2518	91.40068907184751
2519	92.03721856157793
2520	92.03721856157793
2521	92.03721856157793
2522	92.03721856157793
2523	91.72472115210427
2524	91.72472115210427
2525	91.72472115210427
2526	91.72472115210427
2527	92.25946489074258
2528	92.25946489074258
2529	92.25946489074258
2530	92.25946489074258
2531	93.24033256511801
2532	93.24033256511801
2533	93.24033256511801
2534	93.24033256511801
2535	92.23560173550699
2536	92.23560173550699
2537	92.23560173550699
2538	92.23560173550699
2539	90.10660211764393
2540	90.10660211764393
2541	90.10660211764393
2542	90.10660211764393
2543	87.84865758364354
2544	87.84865758364354
2545	87.84865758364354
2546	87.84865758364354
2547	94.60465529715108
2548	94.60465529715108
2549	94.60465529715108
2550	94.60465529715108
2551	92.46996181169862
2552	92.46996181169862
2553	92.46996181169862
2554	92.46996181169862
2555	96.09882763157277
2556	96.09882763157277
2557	96.09882763157277
2558	96.09882763157277
2559	92.90457712343
2560	92.90457712343
2561	92.90457712343
2562	92.90457712343
2563	93.79803664029238
2564	93.79803664029238
2565	93.79803664029238
2566	93.79803664029238
2567	90.10423370796894
2568	90.10423370796894
2569	90.10423370796894
2570	90.10423370796894
2571	92.2620329130742
2572	92.2620329130742
2573	92.2620329130742
2574	92.2620329130742
2575	92.92222394631945
2576	92.92222394631945
2577	92.92222394631945
2578	92.92222394631945
2579	91.61033685538315
2580	91.61033685538315
2581	90.16555406789209
2582	90.16555406789209
2583	90.16555406789209
2584	90.16555406789209
2585	91.2404274581528
2586	91.2404274581528
2587	91.2404274581528
2588	91.2404274581528
2589	90.80269189378201
2590	90.80269189378201
2591	90.80269189378201
2592	90.80269189378201
2593	92.25575218117264
2594	92.25575218117264
2595	92.25575218117264
2596	92.25575218117264
2597	90.11670418290929
2598	90.11670418290929
2599	90.11670418290929
2600	90.11670418290929
2601	93.20348247724989
2602	93.20348247724989
2603	93.20348247724989
2604	93.20348247724989
2605	90.23290758399152
2606	90.23290758399152
2607	90.23290758399152
2608	90.23290758399152
2609	92.11155280447473
2610	92.11155280447473
2611	92.11155280447473
2612	92.11155280447473
2613	91.28585856398662
2614	91.28585856398662
2615	91.28585856398662
2616	91.28585856398662
2617	88.58021042789505
2618	88.58021042789505
2619	88.58021042789505
2620	88.58021042789505
2621	86.05632819220266
2622	86.05632819220266
2623	86.05632819220266
2624	86.05632819220266
2625	92.1258602120792
2626	92.1258602120792
2627	92.1258602120792
2628	92.1258602120792
2629	88.4534870788006
2630	88.4534870788006
2631	88.4534870788006
2632	88.4534870788006
2633	92.18058063169701
2634	92.18058063169701
2635	90.4938093855057
2636	90.4938093855057
2637	90.4938093855057
2638	90.4938093855057
2639	89.25705278594947
2640	89.25705278594947
2641	89.25705278594947
2642	89.25705278594947
2643	90.98397402241564
2644	90.98397402241564
2645	90.98397402241564
2646	90.98397402241564
2647	90.60316610447941
2648	90.60316610447941
2649	90.60316610447941
2650	90.60316610447941
2651	92.29984512833302
2652	92.29984512833302
2653	92.29984512833302
2654	92.29984512833302
2655	91.9078433930374
2656	91.9078433930374
2657	91.9078433930374
2658	91.9078433930374
2659	93.87272394260397
2660	93.87272394260397
2661	93.87272394260397
2662	93.87272394260397
2663	91.1685743017574
2664	91.1685743017574
2665	91.1685743017574
2666	91.1685743017574
2667	91.67899947359786
2668	91.67899947359786
2669	91.67899947359786
2670	91.67899947359786
2671	91.93902571222182
2672	91.93902571222182
2673	91.93902571222182
2674	91.93902571222182
2675	90.90323201992516
2676	90.90323201992516
2677	90.90323201992516
2678	90.90323201992516
2679	90.83004215803412
2680	90.83004215803412
2681	90.83004215803412
2682	90.83004215803412
2683	93.25539353093568
2684	93.25539353093568
2685	93.25539353093568
2686	93.25539353093568
2687	90.01226910627977
2688	90.01226910627977
2689	90.01226910627977
2690	90.01226910627977
2691	92.01378248256252
2692	92.04789761264395
2693	92.04789761264395
2694	92.04789761264395
2695	92.04789761264395
2696	91.99226150489913
2697	91.99226150489913
2698	91.99226150489913
2699	91.99226150489913
2700	91.96416803568947
2701	91.96416803568947
2702	91.96416803568947
2703	91.96416803568947
2704	94.76357968348117
2705	94.76357968348117
2706	94.76357968348117
2707	94.76357968348117
2708	92.40066437519647
2709	92.40066437519647
2710	92.40066437519647
2711	92.40066437519647
2712	93.83466655786223
2713	93.83466655786223
2714	93.83466655786223
2715	93.83466655786223
2716	91.39713291003592
2717	91.39713291003592
2718	91.39713291003592
2719	91.39713291003592
2720	92.95143229288688
2721	92.95143229288688
2722	92.95143229288688
2723	92.95143229288688
2724	94.30213444827199
2725	94.30213444827199
2726	94.30213444827199
2727	94.30213444827199
2728	91.05102239366833
2729	91.05102239366833
2730	91.05102239366833
2731	91.05102239366833
