0.0	8.977268037501362
1.86999988556	0.155099557913
2.21000003815	37.00349539238358
3.15999984741	0.29268038237055694
4.50999999046	6.711822487305483
8.29999995232	5.866174130244336
10.3499999046	2.632431847825063
12.2799999714	3.6350895773786465
13.8599998951	0.10413817204300001
15.4099998474	11.408192228470002
17.0199999809	14.89486529997901
18.1699998379	7.3194587854312205
19.6899998188	3.761072191693446
21.7100000381	4.554514495561104
23.2599999905	8.06986718125907
24.629999876	0.0971213782302
26.0999999046	0.28791936255464196
27.4600000381	8.840200656199256
29.0399999619	0.0968647773279
30.129999876	0.105834773869
31.5499999523	3.110500231495172
32.8099999428	4.453901175683195
34.6199998856	8.497977445541439
36.3999998569	10.251979455876006
37.8699998856	10.081417188585418
39.4800000191	0.09344536489150002
41.7200000286	2.6707944179964547
43.1199998856	7.353620383938615
45.8099999428	6.601157396381215
47.7400000095	2.7282190025697135
49.1499998569	3.922285749220708
50.4500000477	8.274796438872773
52.0299999714	1.220623990513861
53.3699998856	0.111306924316
54.8399999142	8.249366167784006
56.1599998474	0.11213714285700001
57.5399999619	9.38347845686284
58.9700000286	19.379765539714068
60.2400000095	19.753514460001252
61.8199999332	14.539073580672959
62.9600000381	4.411399820023557
64.5999999046	8.79369430799157
66.0499999523	7.796290088864331
67.6099998951	2.7683391933734556
68.8899998665	14.415793722496808
70.3599998951	7.488711748081788
71.8299999237	0.109680463097
73.3199999332	5.705906558915808
74.4700000286	3.4086908081837595
76.0499999523	1.8224488448764067
77.5899999142	0.08357676669499825
78.7799999714	7.57857644415196
80.0899999142	0.11317500000000001
81.879999876	7.040780744976489
83.6699998379	0.1755139166364113
85.7100000381	8.758508574070929
87.5299999714	0.0816415464512
88.8899998665	3.348836268439608
89.5099999905	14.064217210461257
91.5899999142	2.261345972480598
92.8299999237	2.2566330953287332
93.8999998569	15.555534101532192
94.2899999619	14.299903138651036
94.629999876	8.978071840769136
95.1799998283	12.896066209754066
97.9800000191	7.109465135160338
99.6099998951	5.453034250090957
100.589999914	17.632795812889956
102.079999924	10.086973915461652
103.25	1.6914970869101729
105.0	18.133437038884583
106.179999828	0.101669888476
107.460000038	0.8931239813668733
108.99000001	14.340961250112057
110.319999933	12.018913186042708
111.769999981	2.7837310188848536
113.069999933	8.88645880426864
114.829999924	0.0944884057971
116.419999838	5.916699471912653
118.0	13.344498117454183
119.179999828	13.94302674113717
120.829999924	7.385698656806895
122.349999905	3.5210472721831203
124.609999895	3.2662705434000614
126.289999962	2.783956547619318
128.809999943	2.057380210797289
130.179999828	3.2703728414393285
131.889999866	10.108670290465476
134.099999905	4.295216248593396
136.200000048	11.185238053580221
137.99000001	3.097431798641657
139.529999971	1.7530542490229657
140.75999999	7.044238250484893
142.809999943	9.536679816532017
145.059999943	3.067322668305521
147.059999943	0.0683699470899
148.619999886	8.49352708513394
151.359999895	0.7453062018278499
153.589999914	3.2797218368120156
156.339999914	0.7988174974009381
158.629999876	5.7516255933720135
161.960000038	3.8318133843416997
167.210000038	2.5889974605507198
173.789999962	1.2488755458486347
180.419999838	0.0227174388179
185.679999828	2.3589579647563035
190.859999895	2.165335435629498
196.679999828	0.025323254139700005
201.50999999	0.8964913041733857
204.24000001	1.1115958728707809
207.359999895	2.3586680456391163
210.669999838	1.1830475728415952
215.409999847	0.029911168831200003
219.589999914	2.915483260328417
223.99000001	0.03381491982340001
228.689999819	1.0023682923325978
230.369999886	4.6877023607412935
231.179999828	6.912737453523931
231.819999933	13.703197868225677
232.269999981	0.357116483516
232.809999943	8.764346626788392
233.25	62.69738996469249
233.599999905	44.00771253121635
233.819999933	11.800740570147012
234.450000048	25.48164947452833
234.919999838	43.62224058362744
235.389999866	45.058648375490264
235.609999895	56.93560494349935
235.789999962	41.86441444804424
236.019999981	44.85789547851522
237.289999962	5.444988929814633
237.809999943	45.67096616619423
238.179999828	18.20436286479092
238.700000048	46.92293158823637
239.109999895	33.49733337402031
239.659999847	39.9607879965353
240.029999971	42.645643755161984
240.429999828	69.50273868349059
240.939999819	64.83245650831553
241.50999999	16.183528475236255
242.029999971	20.442797743359368
242.439999819	22.93449523050825
242.939999819	2.0324262887681512
243.359999895	73.04098007900978
243.809999943	32.20705878367705
244.189999819	31.29184149168838
244.629999876	49.51080636275398
245.049999952	34.39313674422691
245.50999999	28.039369350481206
245.879999876	0.382929454545
246.450000048	16.026596206489785
246.819999933	42.75940730416411
247.220000029	33.40792110617288
247.689999819	41.488357114238006
248.179999828	20.087337411536616
248.609999895	27.727176551714514
249.049999952	0.41360233918100003
249.339999914	26.832919568949805
249.829999924	66.56060443442016
250.299999952	57.09841996970019
250.689999819	16.600024287722558
251.069999933	22.552117953477104
251.50999999	51.28622829295734
251.919999838	25.769870399168227
252.470000029	0.37088947368400005
252.929999828	26.195419565992506
253.359999895	25.857165667879084
253.799999952	3.4521245263211267
254.24000001	38.012164756087124
254.700000048	16.302852202814105
255.079999924	12.748380525498176
255.549999952	4.92561642681089
255.960000038	0.445240506329
256.389999866	33.975735430239304
256.809999943	26.763541628133513
257.230000019	0.415610810811
257.689999819	29.940180289896162
258.109999895	51.596001475569096
258.50999999	0.423846753247
258.939999819	58.55249607204302
259.399999857	3.7347705357935657
259.809999943	37.960432855216645
260.25	23.14396513525887
260.710000038	58.28493738803539
261.149999857	28.6504082242542
261.689999819	33.77640785401986
262.179999828	19.4470846968717
262.569999933	0.360786842105
262.789999962	14.824955527662176
263.419999838	14.469737595950216
263.909999847	0.34585263157900004
264.429999828	24.45614113839987
264.669999838	24.066637673111906
264.859999895	32.66448398257832
265.139999866	11.028980646369542
266.49000001	15.287774596533652
267.059999943	18.381398702249886
267.5	54.91783304115297
268.169999838	22.115021222155015
268.599999905	5.288786262582551
269.179999828	2.060051524407581
269.559999943	13.51810305727954
269.970000029	23.085183609856287
270.460000038	0.384510173697
270.950000048	49.83436352390353
271.409999847	8.616040337823604
271.809999943	33.791893295462216
272.299999952	12.232058599469024
272.779999971	31.042676423929468
273.309999943	9.872996090158278
273.779999971	9.738185727336733
274.289999962	12.249955299546453
274.710000038	18.870588142946577
275.159999847	4.649506777502862
275.50999999	6.271704813670222
275.980000019	18.754985622916795
276.299999952	0.30158202924872707
276.700000048	41.77218302895821
277.179999828	18.426451105167054
277.639999866	21.605583278834725
278.049999952	24.609207887693728
278.49000001	41.577932744147674
278.789999962	43.07334994734107
279.269999981	30.904343542610906
279.75	50.161853079607624
280.149999857	12.046462651482614
280.559999943	28.833128309139397
281.039999962	18.0669749011597
281.50999999	4.326714482363633
282.079999924	21.47455971665955
282.569999933	13.360615370805714
283.059999943	4.265825272971518
283.619999886	24.782523353439423
284.189999819	47.78123289540426
284.689999819	11.51853248482878
285.129999876	20.173136806764866
285.629999876	9.967878474645
286.079999924	29.11078527680974
286.559999943	31.763713198861282
287.039999962	9.358472503319367
287.559999943	30.42240721054088
288.139999866	38.48664828077129
288.689999819	13.858463399107393
289.210000038	41.75702830312634
289.779999971	28.3760367689399
290.349999905	24.585785066076838
290.769999981	9.70280476396346
291.220000029	46.035905563934854
291.730000019	0.326435849057
292.220000029	35.8137852130008
292.730000019	30.071216547917583
293.179999828	0.396315966387
293.549999952	56.61371633231484
293.75	22.459305259851547
294.309999943	13.273638483144365
294.720000029	3.686562788154337
295.139999866	46.146539942120114
295.329999924	87.43370980417697
295.519999981	11.479807112657758
295.779999971	51.7280455454748
297.789999962	0.432299821109
298.460000038	0.357995102041
298.899999857	16.801229602898548
299.579999924	16.650272747940594
300.279999971	16.966481646796673
