0.0	1.5934722931935361
1.86999988556	1.0774619772007565
2.21000003815	7.812254220086357
3.15999984741	1.7366691969860557
4.50999999046	1.6245793501785484
8.29999995232	1.0352904837207337
10.3499999046	0.7673759036767063
12.2799999714	0.9570589577378646
13.8599998951	0.883735285364629
15.4099998474	2.104283859529
17.0199999809	2.3931701398179013
18.1699998379	1.7748308643761221
19.6899998188	1.3629714097753445
21.7100000381	1.1202114287119105
23.2599999905	1.751760326374907
24.629999876	0.782167748912179
26.0999999046	0.9967513859314642
27.4600000381	1.8253972084729255
29.0399999619	0.6940356050261738
30.129999876	0.7382599783990133
31.5499999523	1.3930978295005172
32.8099999428	1.1572700489579195
34.6199998856	1.4742364088774438
36.3999998569	1.8037134536091006
37.8699998856	2.058357997924542
39.4800000191	0.5614784489589807
41.7200000286	0.8616931737002455
43.1199998856	1.3412965503075616
45.8099999428	1.2261192986324216
47.7400000095	1.0494000920375712
49.1499998569	1.277291588620671
50.4500000477	1.7336399758392775
52.0299999714	1.013012365153386
53.3699998856	0.5363628016286157
54.8399999142	1.9295305209854006
56.1599998474	0.7718296432030324
57.5399999619	1.8920185433632841
58.9700000286	2.902760362071407
60.2400000095	3.054189362310125
61.8199999332	2.350839701078796
62.9600000381	1.5038076684223558
64.5999999046	1.8427779911091569
66.0499999523	1.7113905982874331
67.6099998951	1.1610186616054456
68.8899998665	2.4952744818586807
70.3599998951	1.6600530328921788
71.8299999237	0.6664694427725428
73.3199999332	1.4589523701776805
74.4700000286	1.455577999228376
76.0499999523	1.0700756641488407
77.5899999142	0.9430070490544998
78.7799999714	1.836092102031196
80.0899999142	1.0024682634215356
81.879999876	1.440295095774649
83.6699998379	0.7049271848480411
85.7100000381	1.6228036594639932
87.5299999714	0.362542817006436
88.8899998665	1.1176852128871608
89.5099999905	2.1973812586185253
91.5899999142	1.07653338696056
92.8299999237	1.3084504063038733
93.8999998569	2.9131362322362193
94.2899999619	2.946790313862104
94.629999876	2.143925584076914
95.1799998283	2.555503172701407
97.9800000191	1.7209402846770336
99.6099998951	1.5738105259840955
100.589999914	2.8477886721979955
102.079999924	2.0642039818071654
103.25	1.2716815522660174
105.0	2.8198705804054582
106.179999828	0.8521282240891989
107.460000038	1.0122750579866873
108.99000001	2.4032541514152057
110.319999933	2.3337664405552707
111.769999981	1.2834293380494854
113.069999933	1.806696753241864
114.829999924	0.07485196250514031
116.419999838	1.4484022507509655
118.0	2.254560655122418
119.179999828	2.4297535089897173
120.829999924	1.5982174541048895
122.349999905	1.186236372788112
124.609999895	0.9250440992682063
126.289999962	0.8797601217672318
128.809999943	0.7961083058508289
130.179999828	0.9816524261000329
131.889999866	1.6721057387236473
134.099999905	1.0481437211766396
136.200000048	1.8371203245023222
137.99000001	1.0697987948372656
139.529999971	1.0599947925182966
140.75999999	1.3983681912459895
142.809999943	1.7523138331816017
145.059999943	0.9625653070899522
147.059999943	0.4843409380079411
148.619999886	1.5957116968936937
151.359999895	0.5723151656373849
153.589999914	0.9085549181657016
156.339999914	0.6544874122543939
158.629999876	1.1409804083076014
161.960000038	0.76453136943267
167.210000038	0.510222065914472
173.789999962	0.3250331819610635
180.419999838	0.059317781372343774
185.679999828	0.45771786791863034
190.859999895	0.5108818693014497
196.679999828	0.1887686236700147
201.50999999	0.3626730692965386
204.24000001	0.5856024118888781
207.359999895	0.6479030599391116
210.669999838	0.5450190519354595
215.409999847	0.029911168831200003
219.589999914	0.5802223309469418
223.99000001	0.1851347291822486
228.689999819	0.3914137138739598
230.369999886	1.2169190026774295
231.179999828	2.4406906945053928
231.819999933	3.651783523086568
232.269999981	2.233454536138459
232.809999943	4.163364979420839
233.25	9.928828651638248
233.599999905	8.097822938512635
233.819999933	4.629721115837701
234.450000048	5.6768120717568324
234.919999838	7.613419869884743
235.389999866	7.999854311237026
235.609999895	9.232760494345936
235.789999962	7.726550535709424
236.019999981	8.681332404990522
237.289999962	4.218786577709463
237.809999943	8.230109145618423
238.179999828	5.3088752756490925
238.700000048	8.159321864708637
239.109999895	6.982000822068031
239.659999847	7.63455232262753
240.029999971	7.806187397101198
240.429999828	10.442645481256058
240.939999819	9.827654283928554
241.50999999	4.555497151324626
242.029999971	5.182185765117937
242.439999819	5.723310392616826
242.939999819	3.7238806288768154
243.359999895	11.134952061950978
243.809999943	7.0285884268457055
244.189999819	6.964977963603838
244.629999876	8.803391875472398
245.049999952	7.07776520816469
245.50999999	6.25843533076812
245.879999876	2.781072189866156
246.450000048	4.539963932767979
246.819999933	7.21938753892641
247.220000029	6.8128338044242875
247.689999819	7.6150833304748
248.179999828	5.648778073646662
248.609999895	6.502086751378451
249.049999952	2.3865676599683505
249.339999914	6.419409492438982
249.829999924	10.407648135749017
250.299999952	9.42967191823402
250.689999819	5.423668448193256
251.069999933	6.0598222483137105
251.50999999	8.971170197713734
251.919999838	6.428964748896822
252.470000029	3.118792886615726
252.929999828	5.979085434863251
253.359999895	6.2147289561679075
253.799999952	3.9911659937041124
254.24000001	7.410699904182713
254.700000048	5.2696189189124105
255.079999924	5.055621726019817
255.549999952	4.48604551365309
255.960000038	2.835921304038853
256.389999866	7.1592367009149305
256.809999943	6.429154162815351
257.230000019	3.3539229835331272
257.689999819	6.721355733909617
258.109999895	8.905703762016909
258.50999999	2.3612558140838074
258.939999819	9.662082165345302
259.399999857	4.055584745886357
259.809999943	7.492365785521664
260.25	5.823142122586887
260.710000038	9.241313464832539
261.149999857	6.18865900424442
261.689999819	6.606136785403986
262.179999828	5.1684127734881695
262.569999933	2.432852087906746
262.789999962	4.740495552766218
263.419999838	4.599012638099022
263.909999847	1.1539090040028945
264.429999828	5.511932820537987
264.669999838	5.54708066872319
264.859999895	6.291007621555832
265.139999866	4.277903470038955
266.49000001	4.800182722809366
267.059999943	5.120381866070987
267.5	8.268500545494298
268.169999838	4.778552993291502
268.599999905	3.9315200055702553
269.179999828	3.585644176826758
269.559999943	4.806446095204954
269.970000029	5.756401163533628
270.460000038	1.938084901900341
270.950000048	8.472675450137354
271.409999847	4.493207233785361
271.809999943	7.060573329549222
272.299999952	4.735064214065902
272.779999971	6.366862015798946
273.309999943	4.132941714281828
273.779999971	3.9503945727366734
274.289999962	4.385165742723645
274.710000038	5.470548844502657
275.159999847	4.033962832443286
275.50999999	4.358471268769022
275.980000019	5.6201770963216795
276.299999952	3.6234569042198728
276.700000048	7.626787234932821
277.179999828	5.290649321039705
277.639999866	6.076811986420472
278.049999952	6.3727666603253725
278.49000001	7.880214327043768
278.789999962	8.025829334358107
279.269999981	6.785179808804091
279.75	8.706954057963761
280.149999857	4.908381296998261
280.559999943	6.30626957072794
281.039999962	5.20243702500097
281.50999999	3.6559584948653634
282.079999924	5.318560971665955
282.569999933	4.4423730948675715
283.059999943	3.5021705272971517
283.619999886	5.234187238980942
284.189999819	7.454647018356425
284.689999819	4.352713007515878
285.129999876	5.248564843469486
285.629999876	4.5423152937615
286.079999924	6.528975670541974
286.559999943	6.475060550655128
287.039999962	4.099600161725936
287.559999943	5.966150580205088
288.139999866	6.638451331148129
288.689999819	4.09544633991374
289.210000038	6.9016963337896335
289.779999971	5.5601616810479895
290.349999905	5.222057269491684
290.769999981	4.522302098017346
291.220000029	8.162749177087486
291.730000019	2.841049546577078
292.220000029	6.47005407685308
292.730000019	6.516356437396758
293.179999828	3.469577240238333
293.549999952	9.224955748757484
293.75	5.8155653085981545
294.309999943	4.892566385312437
294.720000029	4.362086503892433
295.139999866	8.638035812390012
295.329999924	12.872437647082696
295.519999981	4.427239658632775
295.779999971	8.510168190909479
297.789999962	2.9045264728712343
298.460000038	2.7381393442912834
298.899999857	4.425286596651855
299.579999924	4.17095788704006
300.279999971	3.641014667143667
