0	7.002501325975092
1	7.002501325975092
2	7.002501325975092
3	7.002501325975092
4	7.002501325975092
5	7.002501325975092
6	7.002501325975092
7	7.002501325975092
8	7.002501325975092
9	7.002501325975092
10	7.002501325975092
11	7.002501325975092
12	7.002501325975092
13	7.002501325975092
14	7.002501325975092
15	7.002501325975092
16	7.002501325975092
17	7.002501325975092
18	7.002501325975092
19	7.002501325975092
20	7.002501325975092
21	7.002501325975092
22	7.002501325975092
23	7.002501325975092
24	7.002501325975092
25	7.002501325975092
26	7.002501325975092
27	7.002501325975092
28	7.002501325975092
29	7.002501325975092
30	7.002501325975092
31	7.002501325975092
32	7.002501325975092
33	7.002501325975092
34	7.002501325975092
35	7.002501325975092
36	7.002501325975092
37	7.002501325975092
38	7.002501325975092
39	7.002501325975092
40	7.002501325975092
41	7.002501325975092
42	7.002501325975092
43	7.002501325975092
44	7.002501325975092
45	7.002501325975092
46	7.002501325975092
47	7.002501325975092
48	7.002501325975092
49	7.002501325975092
50	7.002501325975092
51	7.002501325975092
52	7.002501325975092
53	7.002501325975092
54	7.002501325975092
55	7.002501325975092
56	7.002501325975092
57	7.002501325975092
58	7.002501325975092
59	7.002501325975092
60	7.002501325975092
61	7.002501325975092
62	7.002501325975092
63	7.002501325975092
64	7.002501325975092
65	7.002501325975092
66	7.002501325975092
67	7.002501325975092
68	7.002501325975092
69	7.002501325975092
70	7.002501325975092
71	7.002501325975092
72	7.002501325975092
73	7.002501325975092
74	7.002501325975092
75	7.002501325975092
76	7.002501325975092
77	7.002501325975092
78	7.002501325975092
79	7.002501325975092
80	9.16071764621588
81	9.16071764621588
82	9.16071764621588
83	9.16071764621588
84	9.16071764621588
85	9.16071764621588
86	9.16071764621588
87	9.16071764621588
88	9.16071764621588
89	9.16071764621588
90	9.16071764621588
91	9.16071764621588
92	9.16071764621588
93	9.16071764621588
94	9.16071764621588
95	9.16071764621588
96	9.16071764621588
97	9.16071764621588
98	9.16071764621588
99	9.16071764621588
100	9.16071764621588
101	9.16071764621588
102	9.16071764621588
103	9.16071764621588
104	9.16071764621588
105	9.16071764621588
106	9.16071764621588
107	9.16071764621588
108	9.16071764621588
109	9.16071764621588
110	9.16071764621588
111	9.16071764621588
112	9.16071764621588
113	9.16071764621588
114	9.16071764621588
115	9.16071764621588
116	9.16071764621588
117	9.16071764621588
118	9.16071764621588
119	9.16071764621588
120	9.16071764621588
121	9.16071764621588
122	9.16071764621588
123	9.16071764621588
124	9.16071764621588
125	9.16071764621588
126	9.16071764621588
127	9.16071764621588
128	9.16071764621588
129	9.16071764621588
130	9.16071764621588
131	9.16071764621588
132	9.16071764621588
133	9.16071764621588
134	9.16071764621588
135	9.16071764621588
136	9.16071764621588
137	9.16071764621588
138	9.16071764621588
139	9.16071764621588
140	9.16071764621588
141	9.16071764621588
142	9.16071764621588
143	9.16071764621588
144	9.16071764621588
145	9.16071764621588
146	9.16071764621588
147	9.16071764621588
148	6.364688626528814
149	6.364688626528814
150	6.364688626528814
151	6.364688626528814
152	6.364688626528814
153	6.364688626528814
154	6.364688626528814
155	6.364688626528814
156	6.364688626528814
157	6.364688626528814
158	6.364688626528814
159	6.364688626528814
160	6.364688626528814
161	6.364688626528814
162	6.364688626528814
163	6.364688626528814
164	6.364688626528814
165	6.364688626528814
166	6.364688626528814
167	6.364688626528814
168	6.364688626528814
169	6.364688626528814
170	6.364688626528814
171	6.364688626528814
172	6.364688626528814
173	6.364688626528814
174	6.364688626528814
175	6.364688626528814
176	6.364688626528814
177	6.364688626528814
178	6.364688626528814
179	6.364688626528814
180	6.364688626528814
181	6.364688626528814
182	6.364688626528814
183	6.364688626528814
184	6.364688626528814
185	6.364688626528814
186	6.364688626528814
187	6.364688626528814
188	6.364688626528814
189	6.364688626528814
190	6.364688626528814
191	6.364688626528814
192	6.364688626528814
193	6.364688626528814
194	6.364688626528814
195	6.364688626528814
196	6.364688626528814
197	6.364688626528814
198	6.364688626528814
199	6.364688626528814
200	6.364688626528814
201	6.364688626528814
202	6.364688626528814
203	6.364688626528814
204	6.364688626528814
205	6.364688626528814
206	6.364688626528814
207	6.364688626528814
208	6.364688626528814
209	6.364688626528814
210	6.364688626528814
211	6.364688626528814
212	6.364688626528814
213	6.364688626528814
214	6.364688626528814
215	6.364688626528814
216	6.364688626528814
217	6.364688626528814
218	6.364688626528814
219	6.364688626528814
220	6.364688626528814
221	6.364688626528814
222	6.364688626528814
223	6.364688626528814
224	6.364688626528814
225	6.364688626528814
226	6.364688626528814
227	6.364688626528814
228	6.79353020068735
229	6.79353020068735
230	6.79353020068735
231	6.79353020068735
232	6.79353020068735
233	6.79353020068735
234	6.79353020068735
235	6.79353020068735
236	6.79353020068735
237	6.79353020068735
238	6.79353020068735
239	6.79353020068735
240	6.79353020068735
241	6.79353020068735
242	6.79353020068735
243	6.79353020068735
244	6.79353020068735
245	6.79353020068735
246	6.79353020068735
247	6.79353020068735
248	6.79353020068735
249	6.79353020068735
250	6.79353020068735
251	6.79353020068735
252	6.79353020068735
253	6.79353020068735
254	6.79353020068735
255	6.79353020068735
256	6.79353020068735
257	6.79353020068735
258	6.79353020068735
259	6.79353020068735
260	6.79353020068735
261	6.79353020068735
262	6.79353020068735
263	6.79353020068735
264	6.79353020068735
265	6.79353020068735
266	6.79353020068735
267	6.79353020068735
268	6.79353020068735
269	6.79353020068735
270	6.79353020068735
271	6.79353020068735
272	6.79353020068735
273	6.79353020068735
274	6.79353020068735
275	6.79353020068735
276	6.79353020068735
277	6.79353020068735
278	6.79353020068735
279	6.79353020068735
280	6.79353020068735
281	6.79353020068735
282	6.79353020068735
283	6.79353020068735
284	6.79353020068735
285	6.79353020068735
286	6.79353020068735
287	6.79353020068735
288	6.79353020068735
289	6.79353020068735
290	6.79353020068735
291	6.79353020068735
292	6.79353020068735
293	6.79353020068735
294	6.79353020068735
295	6.79353020068735
296	6.79353020068735
297	6.79353020068735
298	6.79353020068735
299	6.79353020068735
300	6.79353020068735
301	6.79353020068735
302	6.79353020068735
303	6.79353020068735
304	6.79353020068735
305	6.79353020068735
306	6.79353020068735
307	6.79353020068735
308	1.5415833419439542
309	1.5415833419439542
310	1.5415833419439542
311	1.5415833419439542
312	1.5415833419439542
313	1.5415833419439542
314	1.5415833419439542
315	1.5415833419439542
316	1.5415833419439542
317	1.5415833419439542
318	1.5415833419439542
319	1.5415833419439542
320	1.5415833419439542
321	1.5415833419439542
322	1.5415833419439542
323	1.5415833419439542
324	1.5415833419439542
325	1.5415833419439542
326	1.5415833419439542
327	1.5415833419439542
328	1.5415833419439542
329	1.5415833419439542
330	1.5415833419439542
331	1.5415833419439542
332	1.5415833419439542
333	1.5415833419439542
334	1.5415833419439542
335	1.5415833419439542
336	1.5415833419439542
337	1.5415833419439542
338	1.5415833419439542
339	1.5415833419439542
340	1.5415833419439542
341	1.5415833419439542
342	1.5415833419439542
343	1.5415833419439542
344	1.5415833419439542
345	1.5415833419439542
346	1.5415833419439542
347	1.5415833419439542
348	1.5415833419439542
349	1.5415833419439542
350	1.5415833419439542
351	1.5415833419439542
352	1.5415833419439542
353	1.5415833419439542
354	1.5415833419439542
355	1.5415833419439542
356	1.5415833419439542
357	1.5415833419439542
358	1.5415833419439542
359	1.5415833419439542
360	1.5415833419439542
361	1.5415833419439542
362	1.5415833419439542
363	1.5415833419439542
364	1.5415833419439542
365	1.5415833419439542
366	1.5415833419439542
367	1.5415833419439542
368	1.5415833419439542
369	1.5415833419439542
370	1.5415833419439542
371	1.5415833419439542
372	1.5415833419439542
373	1.5415833419439542
374	1.5415833419439542
375	1.5415833419439542
376	1.5415833419439542
377	1.5415833419439542
378	1.5415833419439542
379	1.5415833419439542
380	1.5415833419439542
381	1.5415833419439542
382	1.5415833419439542
383	3.98158315138777
384	3.98158315138777
385	3.98158315138777
386	3.98158315138777
387	3.98158315138777
388	3.98158315138777
389	3.98158315138777
390	3.98158315138777
391	3.98158315138777
392	3.98158315138777
393	3.98158315138777
394	3.98158315138777
395	3.98158315138777
396	3.98158315138777
397	3.98158315138777
398	3.98158315138777
399	3.98158315138777
400	3.98158315138777
401	3.98158315138777
402	3.98158315138777
403	3.98158315138777
404	3.98158315138777
405	3.98158315138777
406	3.98158315138777
407	3.98158315138777
408	3.98158315138777
409	3.98158315138777
410	3.98158315138777
411	3.98158315138777
412	3.98158315138777
413	3.98158315138777
414	3.98158315138777
415	3.98158315138777
416	3.98158315138777
417	3.98158315138777
418	3.98158315138777
419	3.98158315138777
420	3.98158315138777
421	3.98158315138777
422	3.98158315138777
423	3.98158315138777
424	3.98158315138777
425	3.98158315138777
426	3.98158315138777
427	3.98158315138777
428	3.98158315138777
429	3.98158315138777
430	3.98158315138777
431	3.98158315138777
432	3.98158315138777
433	3.98158315138777
434	3.98158315138777
435	3.98158315138777
436	3.98158315138777
437	3.98158315138777
438	3.98158315138777
439	3.98158315138777
440	3.98158315138777
441	3.98158315138777
442	3.98158315138777
443	3.98158315138777
444	3.98158315138777
445	3.98158315138777
446	3.98158315138777
447	3.98158315138777
448	3.98158315138777
449	3.98158315138777
450	3.98158315138777
451	3.98158315138777
452	3.98158315138777
453	3.98158315138777
454	3.98158315138777
455	3.98158315138777
456	3.98158315138777
457	3.98158315138777
458	3.98158315138777
459	3.98158315138777
460	3.98158315138777
461	3.98158315138777
462	3.98158315138777
463	3.425413469256947
464	3.425413469256947
465	3.425413469256947
466	3.425413469256947
467	3.425413469256947
468	3.425413469256947
469	3.425413469256947
470	3.425413469256947
471	3.425413469256947
472	3.425413469256947
473	3.425413469256947
474	3.425413469256947
475	3.425413469256947
476	3.425413469256947
477	3.425413469256947
478	3.425413469256947
479	3.425413469256947
480	3.425413469256947
481	3.425413469256947
482	3.425413469256947
483	3.425413469256947
484	3.425413469256947
485	3.425413469256947
486	3.425413469256947
487	3.425413469256947
488	3.425413469256947
489	3.425413469256947
490	3.425413469256947
491	3.425413469256947
492	3.425413469256947
493	3.425413469256947
494	3.425413469256947
495	3.425413469256947
496	3.425413469256947
497	3.425413469256947
498	3.425413469256947
499	3.425413469256947
500	3.425413469256947
501	3.425413469256947
502	3.425413469256947
503	3.425413469256947
504	3.425413469256947
505	3.425413469256947
506	3.425413469256947
507	3.425413469256947
508	3.425413469256947
509	3.425413469256947
510	3.425413469256947
511	3.425413469256947
512	3.425413469256947
513	3.425413469256947
514	3.425413469256947
515	3.425413469256947
516	3.425413469256947
517	3.425413469256947
518	3.425413469256947
519	3.425413469256947
520	3.425413469256947
521	3.425413469256947
522	3.425413469256947
523	3.425413469256947
524	3.425413469256947
525	3.425413469256947
526	3.425413469256947
527	3.425413469256947
528	3.425413469256947
529	3.425413469256947
530	3.425413469256947
531	3.425413469256947
532	3.425413469256947
533	3.425413469256947
534	3.425413469256947
535	3.425413469256947
536	3.425413469256947
537	3.425413469256947
538	3.425413469256947
539	3.425413469256947
540	3.425413469256947
541	3.425413469256947
542	3.425413469256947
543	2.8104782894500513
544	2.8104782894500513
545	2.8104782894500513
546	2.8104782894500513
547	2.8104782894500513
548	2.8104782894500513
549	2.8104782894500513
550	2.8104782894500513
551	2.8104782894500513
552	2.8104782894500513
553	2.8104782894500513
554	2.8104782894500513
555	2.8104782894500513
556	2.8104782894500513
557	2.8104782894500513
558	2.8104782894500513
559	2.8104782894500513
560	2.8104782894500513
561	2.8104782894500513
562	2.8104782894500513
563	2.8104782894500513
564	2.8104782894500513
565	2.8104782894500513
566	2.8104782894500513
567	2.8104782894500513
568	2.8104782894500513
569	2.8104782894500513
570	2.8104782894500513
571	2.8104782894500513
572	2.8104782894500513
573	2.8104782894500513
574	2.8104782894500513
575	2.8104782894500513
576	2.8104782894500513
577	2.8104782894500513
578	2.8104782894500513
579	2.8104782894500513
580	2.8104782894500513
581	2.8104782894500513
582	2.8104782894500513
583	2.8104782894500513
584	2.8104782894500513
585	2.8104782894500513
586	2.8104782894500513
587	2.8104782894500513
588	2.8104782894500513
589	2.8104782894500513
590	2.8104782894500513
591	2.8104782894500513
592	2.8104782894500513
593	2.8104782894500513
594	2.8104782894500513
595	2.8104782894500513
596	2.8104782894500513
597	2.8104782894500513
598	2.8104782894500513
599	2.8104782894500513
600	2.8104782894500513
601	2.8104782894500513
602	2.8104782894500513
603	2.8104782894500513
604	2.8104782894500513
605	2.8104782894500513
606	2.8104782894500513
607	2.8104782894500513
608	2.8104782894500513
609	2.8104782894500513
610	2.8104782894500513
611	2.8104782894500513
612	2.8104782894500513
613	2.8104782894500513
614	2.8104782894500513
615	2.8104782894500513
616	2.8104782894500513
617	2.8104782894500513
618	2.8104782894500513
619	2.8104782894500513
620	2.8104782894500513
621	2.8104782894500513
622	2.8104782894500513
623	1.5662503796351601
624	1.5662503796351601
625	1.5662503796351601
626	1.5662503796351601
627	1.5662503796351601
628	1.5662503796351601
629	1.5662503796351601
630	1.5662503796351601
631	1.5662503796351601
632	1.5662503796351601
633	1.5662503796351601
634	1.5662503796351601
635	1.5662503796351601
636	1.5662503796351601
637	1.5662503796351601
638	1.5662503796351601
639	1.5662503796351601
640	1.5662503796351601
641	1.5662503796351601
642	1.5662503796351601
643	1.5662503796351601
644	1.5662503796351601
645	1.5662503796351601
646	1.5662503796351601
647	1.5662503796351601
648	1.5662503796351601
649	1.5662503796351601
650	1.5662503796351601
651	1.5662503796351601
652	1.5662503796351601
653	1.5662503796351601
654	1.5662503796351601
655	1.5662503796351601
656	1.5662503796351601
657	1.5662503796351601
658	1.5662503796351601
659	1.5662503796351601
660	1.5662503796351601
661	1.5662503796351601
662	1.5662503796351601
663	1.5662503796351601
664	1.5662503796351601
665	1.5662503796351601
666	1.5662503796351601
667	1.5662503796351601
668	1.5662503796351601
669	1.5662503796351601
670	1.5662503796351601
671	1.5662503796351601
672	1.5662503796351601
673	1.5662503796351601
674	1.5662503796351601
675	1.5662503796351601
676	1.5662503796351601
677	1.5662503796351601
678	1.5662503796351601
679	1.5662503796351601
680	1.5662503796351601
681	1.5662503796351601
682	1.5662503796351601
683	1.5662503796351601
684	1.5662503796351601
685	1.5662503796351601
686	1.5662503796351601
687	1.5662503796351601
688	1.5662503796351601
689	1.5662503796351601
690	1.5662503796351601
691	1.5662503796351601
692	1.5662503796351601
693	1.5662503796351601
694	1.5662503796351601
695	1.5662503796351601
696	1.5662503796351601
697	1.5662503796351601
698	1.5662503796351601
699	1.5662503796351601
700	1.5662503796351601
701	1.5662503796351601
702	1.5662503796351601
703	3.595822502036829
704	3.595822502036829
705	3.595822502036829
706	3.595822502036829
707	3.595822502036829
708	3.595822502036829
709	3.595822502036829
710	3.595822502036829
711	3.595822502036829
712	3.595822502036829
713	3.595822502036829
714	3.595822502036829
715	3.595822502036829
716	3.595822502036829
717	3.595822502036829
718	3.595822502036829
719	3.595822502036829
720	3.595822502036829
721	3.595822502036829
722	3.595822502036829
723	3.595822502036829
724	3.595822502036829
725	3.595822502036829
726	3.595822502036829
727	3.595822502036829
728	3.595822502036829
729	3.595822502036829
730	3.595822502036829
731	3.595822502036829
732	3.595822502036829
733	3.595822502036829
734	3.595822502036829
735	3.595822502036829
736	3.595822502036829
737	3.595822502036829
738	3.595822502036829
739	3.595822502036829
740	3.595822502036829
741	3.595822502036829
742	3.595822502036829
743	3.595822502036829
744	3.595822502036829
745	3.595822502036829
746	3.595822502036829
747	3.595822502036829
748	3.595822502036829
749	3.595822502036829
750	3.595822502036829
751	3.595822502036829
752	3.595822502036829
753	3.595822502036829
754	3.595822502036829
755	3.595822502036829
756	3.595822502036829
757	3.595822502036829
758	3.595822502036829
759	3.595822502036829
760	3.595822502036829
761	3.595822502036829
762	3.595822502036829
763	3.595822502036829
764	3.595822502036829
765	3.595822502036829
766	3.595822502036829
767	3.595822502036829
768	3.595822502036829
769	3.595822502036829
770	3.595822502036829
771	3.595822502036829
772	3.595822502036829
773	3.595822502036829
774	3.595822502036829
775	3.595822502036829
776	3.595822502036829
777	3.595822502036829
778	3.595822502036829
779	3.595822502036829
780	3.595822502036829
781	3.595822502036829
782	3.595822502036829
783	4.457645585567793
784	4.457645585567793
785	4.457645585567793
786	4.457645585567793
787	4.457645585567793
788	4.457645585567793
789	4.457645585567793
790	4.457645585567793
791	4.457645585567793
792	4.457645585567793
793	4.457645585567793
794	4.457645585567793
795	4.457645585567793
796	4.457645585567793
797	4.457645585567793
798	4.457645585567793
799	4.457645585567793
800	4.457645585567793
801	4.457645585567793
802	4.457645585567793
803	4.457645585567793
804	4.457645585567793
805	4.457645585567793
806	4.457645585567793
807	4.457645585567793
808	4.457645585567793
809	4.457645585567793
810	4.457645585567793
811	4.457645585567793
812	4.457645585567793
813	4.457645585567793
814	4.457645585567793
815	4.457645585567793
816	4.457645585567793
817	4.457645585567793
818	4.457645585567793
819	4.457645585567793
820	4.457645585567793
821	4.457645585567793
822	4.457645585567793
823	4.457645585567793
824	4.457645585567793
825	4.457645585567793
826	4.457645585567793
827	4.457645585567793
828	4.457645585567793
829	4.457645585567793
830	4.457645585567793
831	4.457645585567793
832	4.457645585567793
833	4.457645585567793
834	4.457645585567793
835	4.457645585567793
836	4.457645585567793
837	4.457645585567793
838	4.457645585567793
839	4.457645585567793
840	4.457645585567793
841	4.457645585567793
842	4.457645585567793
843	4.457645585567793
844	4.457645585567793
845	4.457645585567793
846	4.457645585567793
847	4.457645585567793
848	4.457645585567793
849	4.457645585567793
850	4.457645585567793
851	4.457645585567793
852	4.457645585567793
853	4.457645585567793
854	4.457645585567793
855	4.457645585567793
856	4.457645585567793
857	4.457645585567793
858	4.457645585567793
859	4.457645585567793
860	4.457645585567793
861	4.457645585567793
862	4.457645585567793
863	4.1812153228415765
864	4.1812153228415765
865	4.1812153228415765
866	4.1812153228415765
867	4.1812153228415765
868	4.1812153228415765
869	4.1812153228415765
870	4.1812153228415765
871	4.1812153228415765
872	4.1812153228415765
873	4.1812153228415765
874	4.1812153228415765
875	4.518845954575479
876	4.518845954575479
877	4.518845954575479
878	4.518845954575479
879	4.518845954575479
880	4.518845954575479
881	4.518845954575479
882	4.518845954575479
883	4.518845954575479
884	4.518845954575479
885	4.518845954575479
886	4.518845954575479
887	4.518845954575479
888	4.518845954575479
889	4.518845954575479
890	4.518845954575479
891	4.518845954575479
892	4.518845954575479
893	4.518845954575479
894	4.518845954575479
895	4.518845954575479
896	4.518845954575479
897	4.518845954575479
898	4.518845954575479
899	4.518845954575479
900	4.518845954575479
901	4.518845954575479
902	4.518845954575479
903	4.518845954575479
904	4.518845954575479
905	4.518845954575479
906	4.518845954575479
907	4.518845954575479
908	4.518845954575479
909	4.518845954575479
910	4.518845954575479
911	4.518845954575479
912	4.518845954575479
913	4.518845954575479
914	4.518845954575479
915	4.518845954575479
916	4.518845954575479
917	4.518845954575479
918	4.518845954575479
919	4.518845954575479
920	4.518845954575479
921	4.518845954575479
922	4.518845954575479
923	4.518845954575479
924	4.518845954575479
925	4.518845954575479
926	4.518845954575479
927	4.518845954575479
928	4.518845954575479
929	4.518845954575479
930	4.518845954575479
931	4.518845954575479
932	4.518845954575479
933	4.518845954575479
934	4.518845954575479
935	4.518845954575479
936	4.518845954575479
937	4.518845954575479
938	4.518845954575479
939	4.518845954575479
940	4.518845954575479
941	4.518845954575479
942	4.518845954575479
943	4.518845954575479
944	4.518845954575479
945	4.518845954575479
946	4.518845954575479
947	4.518845954575479
948	4.518845954575479
949	4.518845954575479
950	4.518845954575479
951	4.518845954575479
952	4.518845954575479
953	4.518845954575479
954	4.518845954575479
955	3.995768683144777
956	3.995768683144777
957	3.995768683144777
958	3.995768683144777
959	3.995768683144777
960	3.995768683144777
961	3.995768683144777
962	3.995768683144777
963	3.995768683144777
964	3.995768683144777
965	3.995768683144777
966	3.995768683144777
967	3.995768683144777
968	3.995768683144777
969	3.995768683144777
970	3.995768683144777
971	3.995768683144777
972	3.995768683144777
973	3.995768683144777
974	3.995768683144777
975	3.995768683144777
976	3.995768683144777
977	3.995768683144777
978	3.995768683144777
979	3.995768683144777
980	3.995768683144777
981	3.995768683144777
982	3.995768683144777
983	3.995768683144777
984	3.995768683144777
985	3.995768683144777
986	3.995768683144777
987	3.995768683144777
988	3.995768683144777
989	3.995768683144777
990	3.995768683144777
991	3.995768683144777
992	3.995768683144777
993	3.995768683144777
994	3.995768683144777
995	3.995768683144777
996	3.995768683144777
997	3.995768683144777
998	3.995768683144777
999	3.995768683144777
1000	3.995768683144777
1001	3.995768683144777
1002	3.995768683144777
1003	3.995768683144777
1004	3.995768683144777
1005	3.995768683144777
1006	3.995768683144777
1007	3.995768683144777
1008	3.995768683144777
1009	3.995768683144777
1010	3.995768683144777
1011	3.995768683144777
1012	3.995768683144777
1013	3.995768683144777
1014	3.995768683144777
1015	3.995768683144777
1016	3.995768683144777
1017	3.995768683144777
1018	3.995768683144777
1019	3.995768683144777
1020	3.995768683144777
1021	3.995768683144777
1022	3.995768683144777
1023	3.995768683144777
1024	3.995768683144777
1025	3.995768683144777
1026	3.995768683144777
1027	3.995768683144777
1028	3.995768683144777
1029	3.995768683144777
1030	3.995768683144777
1031	3.995768683144777
1032	3.995768683144777
1033	3.995768683144777
1034	3.995768683144777
1035	6.785058551461227
1036	6.785058551461227
1037	6.785058551461227
1038	6.785058551461227
1039	6.785058551461227
1040	6.785058551461227
1041	6.785058551461227
1042	6.785058551461227
1043	6.785058551461227
1044	6.785058551461227
1045	6.785058551461227
1046	6.785058551461227
1047	6.785058551461227
1048	6.785058551461227
1049	6.785058551461227
1050	6.785058551461227
1051	6.785058551461227
1052	6.785058551461227
1053	6.785058551461227
1054	6.785058551461227
1055	6.785058551461227
1056	6.785058551461227
1057	6.785058551461227
1058	6.785058551461227
1059	6.785058551461227
1060	6.785058551461227
1061	6.785058551461227
1062	6.785058551461227
1063	6.785058551461227
1064	6.785058551461227
1065	6.785058551461227
1066	6.785058551461227
1067	6.785058551461227
1068	6.785058551461227
1069	6.785058551461227
1070	6.785058551461227
1071	6.785058551461227
1072	6.785058551461227
1073	6.785058551461227
1074	6.785058551461227
1075	6.785058551461227
1076	6.785058551461227
1077	6.785058551461227
1078	6.785058551461227
1079	6.785058551461227
1080	6.785058551461227
1081	6.785058551461227
1082	6.785058551461227
1083	6.785058551461227
1084	6.785058551461227
1085	6.785058551461227
1086	6.785058551461227
1087	6.785058551461227
1088	6.785058551461227
1089	6.785058551461227
1090	6.785058551461227
1091	6.785058551461227
1092	6.785058551461227
1093	6.785058551461227
1094	6.785058551461227
1095	6.785058551461227
1096	6.785058551461227
1097	6.785058551461227
1098	6.785058551461227
1099	6.785058551461227
1100	6.785058551461227
1101	6.785058551461227
1102	6.785058551461227
1103	6.785058551461227
1104	6.785058551461227
1105	6.785058551461227
1106	6.785058551461227
1107	6.785058551461227
1108	6.785058551461227
1109	6.785058551461227
1110	6.785058551461227
1111	6.785058551461227
1112	6.785058551461227
1113	6.785058551461227
1114	6.785058551461227
1115	7.939657888643879
1116	7.939657888643879
1117	7.939657888643879
1118	7.939657888643879
1119	7.939657888643879
1120	7.939657888643879
1121	7.939657888643879
1122	7.939657888643879
1123	7.939657888643879
1124	7.939657888643879
1125	7.939657888643879
1126	7.939657888643879
1127	7.939657888643879
1128	7.939657888643879
1129	7.939657888643879
1130	7.939657888643879
1131	7.939657888643879
1132	7.939657888643879
1133	7.939657888643879
1134	7.939657888643879
1135	7.939657888643879
1136	7.939657888643879
1137	7.939657888643879
1138	7.939657888643879
1139	7.939657888643879
1140	7.939657888643879
1141	7.939657888643879
1142	7.939657888643879
1143	7.939657888643879
1144	7.939657888643879
1145	7.939657888643879
1146	7.939657888643879
1147	7.939657888643879
1148	7.939657888643879
1149	7.939657888643879
1150	7.939657888643879
1151	7.939657888643879
1152	7.939657888643879
1153	7.939657888643879
1154	7.939657888643879
1155	7.939657888643879
1156	7.939657888643879
1157	7.939657888643879
1158	7.939657888643879
1159	7.939657888643879
1160	7.939657888643879
1161	7.939657888643879
1162	7.939657888643879
1163	7.939657888643879
1164	7.939657888643879
1165	7.939657888643879
1166	7.939657888643879
1167	7.939657888643879
1168	7.939657888643879
1169	7.939657888643879
1170	7.939657888643879
1171	7.939657888643879
1172	7.939657888643879
1173	7.939657888643879
1174	7.939657888643879
1175	7.939657888643879
1176	7.939657888643879
1177	7.939657888643879
1178	7.939657888643879
1179	7.939657888643879
1180	7.939657888643879
1181	7.939657888643879
1182	7.939657888643879
1183	7.939657888643879
1184	7.939657888643879
1185	7.939657888643879
1186	7.939657888643879
1187	7.939657888643879
1188	7.939657888643879
1189	7.939657888643879
1190	7.939657888643879
1191	7.939657888643879
1192	7.939657888643879
1193	7.939657888643879
1194	7.939657888643879
1195	5.567847743823704
1196	5.567847743823704
1197	5.567847743823704
1198	5.567847743823704
1199	5.567847743823704
1200	5.567847743823704
1201	5.567847743823704
1202	5.567847743823704
1203	5.567847743823704
1204	5.567847743823704
1205	5.567847743823704
1206	5.567847743823704
1207	5.567847743823704
1208	5.567847743823704
1209	5.567847743823704
1210	5.567847743823704
1211	5.567847743823704
1212	5.567847743823704
1213	5.567847743823704
1214	5.567847743823704
1215	5.567847743823704
1216	5.567847743823704
1217	5.567847743823704
1218	5.567847743823704
1219	5.567847743823704
1220	5.567847743823704
1221	5.567847743823704
1222	5.567847743823704
1223	5.567847743823704
1224	5.567847743823704
1225	5.567847743823704
1226	5.567847743823704
1227	5.567847743823704
1228	5.567847743823704
1229	5.567847743823704
1230	5.567847743823704
1231	5.567847743823704
1232	5.567847743823704
1233	5.567847743823704
1234	5.567847743823704
1235	5.567847743823704
1236	5.567847743823704
1237	5.567847743823704
1238	5.567847743823704
1239	5.567847743823704
1240	5.567847743823704
1241	5.567847743823704
1242	5.567847743823704
1243	5.567847743823704
1244	5.567847743823704
1245	5.567847743823704
1246	5.567847743823704
1247	5.567847743823704
1248	5.567847743823704
1249	5.567847743823704
1250	5.567847743823704
1251	5.567847743823704
1252	5.567847743823704
1253	5.567847743823704
1254	5.567847743823704
1255	5.567847743823704
1256	5.567847743823704
1257	5.567847743823704
1258	5.567847743823704
1259	5.567847743823704
1260	5.567847743823704
1261	5.567847743823704
1262	5.567847743823704
1263	5.567847743823704
1264	5.567847743823704
1265	5.567847743823704
1266	5.567847743823704
1267	5.567847743823704
1268	5.567847743823704
1269	5.567847743823704
1270	5.567847743823704
1271	5.567847743823704
1272	5.567847743823704
1273	5.567847743823704
1274	5.567847743823704
1275	9.311088681975946
1276	9.311088681975946
1277	9.311088681975946
1278	9.311088681975946
1279	9.311088681975946
1280	9.311088681975946
1281	9.311088681975946
1282	9.311088681975946
1283	9.311088681975946
1284	9.311088681975946
1285	9.311088681975946
1286	9.311088681975946
1287	9.311088681975946
1288	9.311088681975946
1289	9.311088681975946
1290	9.311088681975946
1291	9.311088681975946
1292	9.311088681975946
1293	9.311088681975946
1294	9.311088681975946
1295	9.311088681975946
1296	9.311088681975946
1297	9.311088681975946
1298	9.311088681975946
1299	9.311088681975946
1300	9.311088681975946
1301	9.311088681975946
1302	9.311088681975946
1303	9.311088681975946
1304	9.311088681975946
1305	9.311088681975946
1306	9.311088681975946
1307	9.311088681975946
1308	9.311088681975946
1309	9.311088681975946
1310	9.311088681975946
1311	9.311088681975946
1312	9.311088681975946
1313	9.311088681975946
1314	9.311088681975946
1315	9.311088681975946
1316	9.311088681975946
1317	9.311088681975946
1318	9.311088681975946
1319	9.311088681975946
1320	9.311088681975946
1321	9.311088681975946
1322	9.311088681975946
1323	9.311088681975946
1324	9.311088681975946
1325	9.311088681975946
1326	9.311088681975946
1327	9.311088681975946
1328	9.311088681975946
1329	9.311088681975946
1330	9.311088681975946
1331	9.311088681975946
1332	9.311088681975946
1333	9.311088681975946
1334	9.311088681975946
1335	9.311088681975946
1336	9.311088681975946
1337	9.311088681975946
1338	9.311088681975946
1339	9.311088681975946
1340	9.311088681975946
1341	9.311088681975946
1342	9.311088681975946
1343	9.311088681975946
1344	9.311088681975946
1345	9.311088681975946
1346	9.311088681975946
1347	9.311088681975946
1348	9.311088681975946
1349	9.311088681975946
1350	9.311088681975946
1351	9.311088681975946
1352	9.311088681975946
1353	9.311088681975946
1354	9.311088681975946
1355	3.9019168252371093
1356	3.9019168252371093
1357	3.9019168252371093
1358	3.9019168252371093
1359	3.9019168252371093
1360	3.9019168252371093
1361	3.9019168252371093
1362	3.9019168252371093
1363	3.9019168252371093
1364	3.9019168252371093
1365	3.9019168252371093
1366	3.9019168252371093
1367	3.9019168252371093
1368	3.9019168252371093
1369	3.9019168252371093
1370	3.9019168252371093
1371	3.9019168252371093
1372	3.9019168252371093
1373	3.9019168252371093
1374	3.9019168252371093
1375	3.9019168252371093
1376	3.9019168252371093
1377	3.9019168252371093
1378	3.9019168252371093
1379	3.9019168252371093
1380	3.9019168252371093
1381	3.9019168252371093
1382	3.9019168252371093
1383	3.9019168252371093
1384	3.9019168252371093
1385	3.9019168252371093
1386	3.9019168252371093
1387	3.9019168252371093
1388	3.9019168252371093
1389	3.9019168252371093
1390	3.9019168252371093
1391	3.9019168252371093
1392	3.9019168252371093
1393	3.9019168252371093
1394	3.9019168252371093
1395	3.9019168252371093
1396	3.9019168252371093
1397	2.755431744266554
1398	2.755431744266554
1399	2.755431744266554
1400	2.755431744266554
1401	2.755431744266554
1402	2.755431744266554
1403	2.755431744266554
1404	2.755431744266554
1405	2.755431744266554
1406	2.755431744266554
1407	2.755431744266554
1408	2.755431744266554
1409	2.755431744266554
1410	2.755431744266554
1411	2.755431744266554
1412	2.755431744266554
1413	2.755431744266554
1414	2.755431744266554
1415	2.755431744266554
1416	2.755431744266554
1417	2.755431744266554
1418	2.755431744266554
1419	2.755431744266554
1420	2.755431744266554
1421	2.755431744266554
1422	2.755431744266554
1423	2.755431744266554
1424	2.755431744266554
1425	2.755431744266554
1426	2.755431744266554
1427	2.755431744266554
1428	2.755431744266554
1429	2.755431744266554
1430	2.755431744266554
1431	2.755431744266554
1432	2.755431744266554
1433	2.755431744266554
1434	2.755431744266554
1435	2.755431744266554
1436	2.755431744266554
1437	2.755431744266554
1438	2.755431744266554
1439	2.755431744266554
1440	2.755431744266554
1441	2.755431744266554
1442	2.755431744266554
1443	2.755431744266554
1444	2.755431744266554
1445	2.755431744266554
1446	2.755431744266554
1447	2.755431744266554
1448	2.755431744266554
1449	2.755431744266554
1450	2.755431744266554
1451	2.755431744266554
1452	2.755431744266554
1453	2.755431744266554
1454	2.755431744266554
1455	2.755431744266554
1456	2.755431744266554
1457	2.755431744266554
1458	2.755431744266554
1459	2.755431744266554
1460	2.755431744266554
1461	2.755431744266554
1462	2.755431744266554
1463	2.755431744266554
1464	2.755431744266554
1465	2.755431744266554
1466	2.755431744266554
1467	2.755431744266554
1468	2.755431744266554
1469	2.755431744266554
1470	2.755431744266554
1471	2.755431744266554
1472	2.755431744266554
1473	2.755431744266554
1474	2.755431744266554
1475	2.755431744266554
1476	2.755431744266554
1477	6.034319898650682
1478	6.034319898650682
1479	6.034319898650682
1480	6.034319898650682
1481	6.034319898650682
1482	6.034319898650682
1483	6.034319898650682
1484	6.034319898650682
1485	6.034319898650682
1486	6.034319898650682
1487	6.034319898650682
1488	6.034319898650682
1489	6.034319898650682
1490	6.034319898650682
1491	6.034319898650682
1492	6.034319898650682
1493	6.034319898650682
1494	6.034319898650682
1495	6.034319898650682
1496	6.034319898650682
1497	6.034319898650682
1498	6.034319898650682
1499	6.034319898650682
1500	6.034319898650682
1501	6.034319898650682
1502	6.034319898650682
1503	6.034319898650682
1504	6.034319898650682
1505	6.034319898650682
1506	6.034319898650682
1507	6.034319898650682
1508	6.034319898650682
1509	6.034319898650682
1510	6.034319898650682
1511	6.034319898650682
1512	6.034319898650682
1513	6.034319898650682
1514	6.034319898650682
1515	6.034319898650682
1516	6.034319898650682
1517	6.034319898650682
1518	6.034319898650682
1519	6.034319898650682
1520	6.034319898650682
1521	6.034319898650682
1522	6.034319898650682
1523	6.034319898650682
1524	6.034319898650682
1525	6.034319898650682
1526	6.034319898650682
1527	6.034319898650682
1528	6.034319898650682
1529	6.034319898650682
1530	6.034319898650682
1531	6.034319898650682
1532	6.034319898650682
