0	6.471464405186714
1	6.471464405186714
2	6.471464405186714
3	6.471464405186714
4	6.471464405186714
5	6.471464405186714
6	6.471464405186714
7	6.471464405186714
8	6.471464405186714
9	6.471464405186714
10	6.471464405186714
11	6.471464405186714
12	6.471464405186714
13	6.471464405186714
14	6.471464405186714
15	6.471464405186714
16	6.471464405186714
17	6.471464405186714
18	6.471464405186714
19	6.471464405186714
20	6.471464405186714
21	6.471464405186714
22	6.471464405186714
23	6.471464405186714
24	6.471464405186714
25	6.471464405186714
26	6.471464405186714
27	6.471464405186714
28	6.471464405186714
29	6.471464405186714
30	6.471464405186714
31	6.471464405186714
32	6.471464405186714
33	6.471464405186714
34	6.471464405186714
35	6.471464405186714
36	6.471464405186714
37	6.471464405186714
38	6.471464405186714
39	6.471464405186714
40	6.471464405186714
41	6.471464405186714
42	6.471464405186714
43	6.471464405186714
44	6.471464405186714
45	6.471464405186714
46	6.471464405186714
47	6.471464405186714
48	6.471464405186714
49	6.471464405186714
50	6.471464405186714
51	6.471464405186714
52	6.471464405186714
53	6.471464405186714
54	6.471464405186714
55	6.471464405186714
56	6.471464405186714
57	6.471464405186714
58	6.471464405186714
59	6.471464405186714
60	6.471464405186714
61	6.471464405186714
62	6.471464405186714
63	6.471464405186714
64	6.471464405186714
65	6.471464405186714
66	6.471464405186714
67	6.471464405186714
68	6.471464405186714
69	6.471464405186714
70	6.471464405186714
71	6.471464405186714
72	6.471464405186714
73	6.471464405186714
74	6.471464405186714
75	6.471464405186714
76	6.471464405186714
77	6.471464405186714
78	6.471464405186714
79	6.471464405186714
80	7.934155067642177
81	7.934155067642177
82	7.934155067642177
83	7.934155067642177
84	7.934155067642177
85	7.934155067642177
86	7.934155067642177
87	7.934155067642177
88	7.934155067642177
89	7.934155067642177
90	7.934155067642177
91	7.934155067642177
92	7.934155067642177
93	7.934155067642177
94	7.934155067642177
95	7.934155067642177
96	7.934155067642177
97	7.934155067642177
98	7.934155067642177
99	7.934155067642177
100	7.934155067642177
101	7.934155067642177
102	7.934155067642177
103	7.934155067642177
104	7.934155067642177
105	7.934155067642177
106	7.934155067642177
107	7.934155067642177
108	7.934155067642177
109	7.934155067642177
110	7.934155067642177
111	7.934155067642177
112	7.934155067642177
113	7.934155067642177
114	7.934155067642177
115	7.934155067642177
116	7.934155067642177
117	7.934155067642177
118	7.934155067642177
119	7.934155067642177
120	7.934155067642177
121	7.934155067642177
122	7.934155067642177
123	7.934155067642177
124	7.934155067642177
125	7.934155067642177
126	7.934155067642177
127	7.934155067642177
128	7.934155067642177
129	7.934155067642177
130	7.934155067642177
131	7.934155067642177
132	7.934155067642177
133	7.934155067642177
134	7.934155067642177
135	7.934155067642177
136	7.934155067642177
137	7.934155067642177
138	7.934155067642177
139	7.934155067642177
140	7.934155067642177
141	7.934155067642177
142	7.934155067642177
143	7.934155067642177
144	7.934155067642177
145	7.934155067642177
146	7.934155067642177
147	7.934155067642177
148	7.934155067642177
149	7.934155067642177
150	7.934155067642177
151	7.934155067642177
152	7.934155067642177
153	7.934155067642177
154	7.934155067642177
155	7.934155067642177
156	7.934155067642177
157	7.934155067642177
158	7.934155067642177
159	7.934155067642177
160	10.0
161	10.0
162	10.0
163	10.0
164	10.0
165	10.0
166	10.0
167	10.0
168	10.0
169	10.0
170	10.0
171	10.0
172	10.0
173	10.0
174	10.0
175	10.0
176	10.0
177	10.0
178	10.0
179	10.0
180	10.0
181	10.0
182	10.0
183	10.0
184	10.0
185	10.0
186	10.0
187	10.0
188	10.0
189	10.0
190	10.0
191	10.0
192	10.0
193	10.0
194	10.0
195	10.0
196	10.0
197	10.0
198	10.0
199	10.0
200	10.0
201	10.0
202	10.0
203	10.0
204	10.0
205	10.0
206	10.0
207	10.0
208	10.0
209	10.0
210	10.0
211	10.0
212	10.0
213	10.0
214	10.0
215	10.0
216	10.0
217	10.0
218	10.0
219	10.0
220	10.0
221	10.0
222	10.0
223	10.0
224	10.0
225	10.0
226	10.0
227	10.0
228	10.0
229	10.0
230	10.0
231	10.0
232	10.0
233	10.0
234	10.0
235	10.0
236	10.0
237	10.0
238	10.0
239	10.0
240	10.0
241	10.0
242	10.0
243	10.0
244	10.0
245	10.0
246	10.0
247	10.0
248	10.0
249	10.0
250	10.0
251	10.0
252	10.0
253	10.0
254	10.0
255	10.0
256	10.0
257	10.0
258	10.0
259	10.0
260	10.0
261	10.0
262	10.0
263	10.0
264	10.0
265	10.0
266	10.0
267	10.0
268	10.0
269	10.0
270	10.0
271	10.0
272	10.0
273	10.0
274	10.0
275	10.0
276	10.0
277	10.0
278	10.0
279	10.0
280	10.0
281	10.0
282	10.0
283	10.0
284	10.0
285	10.0
286	10.0
287	10.0
288	10.0
289	10.0
290	10.0
291	10.0
292	10.0
293	10.0
294	10.0
295	10.0
296	10.0
297	10.0
298	10.0
299	10.0
300	10.0
301	10.0
302	10.0
303	10.0
304	10.0
305	10.0
306	10.0
307	10.0
308	10.0
309	10.0
310	10.0
311	10.0
312	10.0
313	10.0
314	10.0
315	10.0
316	10.0
317	10.0
318	10.0
319	10.0
320	10.0
321	10.0
322	10.0
323	10.0
324	10.0
325	10.0
326	10.0
327	10.0
328	10.0
329	10.0
330	10.0
331	10.0
332	10.0
333	10.0
334	10.0
335	10.0
336	10.0
337	10.0
338	10.0
339	10.0
340	10.0
341	10.0
342	10.0
343	10.0
344	10.0
345	10.0
346	10.0
347	10.0
348	10.0
349	10.0
350	10.0
351	10.0
352	10.0
353	10.0
354	10.0
355	10.0
356	10.0
357	10.0
358	10.0
359	10.0
360	10.0
361	10.0
362	10.0
363	10.0
364	10.0
365	10.0
366	10.0
367	10.0
368	10.0
369	10.0
370	10.0
371	10.0
372	10.0
373	10.0
374	10.0
375	10.0
376	10.0
377	10.0
378	10.0
379	10.0
380	10.0
381	10.0
382	10.0
383	10.0
384	10.0
385	10.0
386	10.0
387	10.0
388	10.0
389	10.0
390	10.0
391	10.0
392	10.0
393	10.0
394	10.0
395	10.0
396	10.0
397	10.0
398	10.0
399	10.0
400	10.0
401	10.0
402	10.0
403	10.0
404	10.0
405	10.0
406	10.0
407	10.0
408	10.0
409	10.0
410	10.0
411	10.0
412	10.0
413	10.0
414	10.0
415	10.0
416	10.0
417	10.0
418	10.0
419	10.0
420	10.0
421	10.0
422	10.0
423	10.0
424	10.0
425	10.0
426	10.0
427	10.0
428	10.0
429	10.0
430	10.0
431	10.0
432	10.0
433	10.0
434	10.0
435	10.0
436	10.0
437	10.0
438	10.0
439	10.0
440	10.0
441	10.0
442	10.0
443	10.0
444	10.0
445	10.0
446	10.0
447	10.0
448	10.0
449	10.0
450	10.0
451	10.0
452	10.0
453	10.0
454	10.0
455	10.0
456	10.0
457	10.0
458	10.0
459	10.0
460	10.0
461	10.0
462	10.0
463	10.0
464	10.0
465	10.0
466	10.0
467	10.0
468	10.0
469	10.0
470	10.0
471	10.0
472	10.0
473	10.0
474	10.0
475	10.0
476	10.0
477	10.0
478	10.0
479	10.0
480	10.0
481	10.0
482	10.0
483	10.0
484	10.0
485	10.0
486	10.0
487	10.0
488	10.0
489	10.0
490	10.0
491	10.0
492	10.0
493	10.0
494	10.0
495	10.0
496	10.0
497	10.0
498	10.0
499	10.0
500	10.0
501	10.0
502	10.0
503	10.0
504	10.0
505	10.0
506	10.0
507	10.0
508	10.0
509	10.0
510	10.0
511	10.0
512	10.0
513	10.0
514	10.0
515	10.0
516	10.0
517	10.0
518	10.0
519	10.0
520	10.0
521	10.0
522	10.0
523	10.0
524	10.0
525	10.0
526	10.0
527	10.0
528	10.0
529	10.0
530	10.0
531	10.0
532	10.0
533	10.0
534	10.0
535	10.0
536	10.0
537	10.0
538	10.0
539	10.0
540	10.0
541	10.0
542	10.0
543	10.0
544	10.0
545	10.0
546	10.0
547	10.0
548	10.0
549	10.0
550	10.0
551	10.0
552	10.0
553	10.0
554	10.0
555	10.0
556	10.0
557	10.0
558	10.0
559	10.0
560	6.832560841272715
561	6.832560841272715
562	6.832560841272715
563	6.832560841272715
564	6.832560841272715
565	6.832560841272715
566	6.832560841272715
567	6.832560841272715
568	6.832560841272715
569	6.832560841272715
570	6.832560841272715
571	6.832560841272715
572	6.832560841272715
573	6.832560841272715
574	6.832560841272715
575	6.832560841272715
576	6.832560841272715
577	6.832560841272715
578	6.832560841272715
579	6.832560841272715
580	6.832560841272715
581	6.832560841272715
582	6.832560841272715
583	6.832560841272715
584	6.832560841272715
585	6.832560841272715
586	6.832560841272715
587	6.832560841272715
588	6.832560841272715
589	6.832560841272715
590	6.832560841272715
591	6.832560841272715
592	6.832560841272715
593	6.832560841272715
594	6.832560841272715
595	6.832560841272715
596	6.832560841272715
597	6.832560841272715
598	6.832560841272715
599	6.832560841272715
600	6.832560841272715
601	6.832560841272715
602	6.832560841272715
603	6.832560841272715
604	6.832560841272715
605	6.832560841272715
606	6.832560841272715
607	6.832560841272715
608	6.832560841272715
609	6.832560841272715
610	6.832560841272715
611	6.832560841272715
612	6.832560841272715
613	6.832560841272715
614	6.832560841272715
615	6.832560841272715
616	6.832560841272715
617	6.832560841272715
618	6.832560841272715
619	6.832560841272715
620	6.832560841272715
621	6.832560841272715
622	6.832560841272715
623	6.832560841272715
624	6.832560841272715
625	6.832560841272715
626	6.832560841272715
627	6.832560841272715
628	6.832560841272715
629	6.832560841272715
630	6.832560841272715
631	6.832560841272715
632	6.832560841272715
633	6.832560841272715
634	6.832560841272715
635	6.832560841272715
636	6.832560841272715
637	6.832560841272715
638	6.832560841272715
639	6.832560841272715
640	10.0
641	10.0
642	10.0
643	10.0
644	10.0
645	10.0
646	10.0
647	10.0
648	10.0
649	10.0
650	10.0
651	10.0
652	10.0
653	10.0
654	10.0
655	10.0
656	10.0
657	10.0
658	10.0
659	10.0
660	10.0
661	10.0
662	10.0
663	10.0
664	10.0
665	10.0
666	10.0
667	10.0
668	10.0
669	10.0
670	10.0
671	10.0
672	10.0
673	10.0
674	10.0
675	10.0
676	10.0
677	10.0
678	10.0
679	10.0
680	10.0
681	10.0
682	10.0
683	10.0
684	10.0
685	10.0
686	10.0
687	10.0
688	10.0
689	10.0
690	10.0
691	10.0
692	10.0
693	10.0
694	10.0
695	10.0
696	10.0
697	10.0
698	10.0
699	10.0
700	10.0
701	10.0
702	10.0
703	10.0
704	10.0
705	10.0
706	10.0
707	10.0
708	10.0
709	10.0
710	10.0
711	10.0
712	10.0
713	10.0
714	10.0
715	10.0
716	10.0
717	10.0
718	10.0
719	10.0
720	7.601605581647078
721	7.601605581647078
722	7.601605581647078
723	7.601605581647078
724	7.601605581647078
725	7.601605581647078
726	7.601605581647078
727	7.601605581647078
728	7.601605581647078
729	7.601605581647078
730	7.601605581647078
731	7.601605581647078
732	7.601605581647078
733	7.601605581647078
734	7.601605581647078
735	7.601605581647078
736	7.601605581647078
737	7.601605581647078
738	7.601605581647078
739	7.601605581647078
740	7.601605581647078
741	7.601605581647078
742	7.601605581647078
743	7.601605581647078
744	7.601605581647078
745	7.601605581647078
746	7.601605581647078
747	7.601605581647078
748	7.601605581647078
749	7.601605581647078
750	7.601605581647078
751	7.601605581647078
752	7.601605581647078
753	7.601605581647078
754	7.601605581647078
755	7.601605581647078
756	7.601605581647078
757	7.601605581647078
758	7.601605581647078
759	7.601605581647078
760	7.601605581647078
761	7.601605581647078
762	7.601605581647078
763	7.601605581647078
764	7.601605581647078
765	7.601605581647078
766	7.601605581647078
767	7.601605581647078
768	7.601605581647078
769	7.601605581647078
770	7.601605581647078
771	7.601605581647078
772	7.601605581647078
773	7.601605581647078
774	7.601605581647078
775	7.601605581647078
776	7.601605581647078
777	7.601605581647078
778	7.601605581647078
779	7.601605581647078
780	7.601605581647078
781	7.601605581647078
782	7.601605581647078
783	7.601605581647078
784	7.601605581647078
785	7.601605581647078
786	7.601605581647078
787	7.601605581647078
788	7.601605581647078
789	7.601605581647078
790	7.601605581647078
791	7.601605581647078
792	7.601605581647078
793	7.601605581647078
794	7.601605581647078
795	7.601605581647078
796	7.601605581647078
797	7.601605581647078
798	7.601605581647078
799	7.601605581647078
800	10.0
801	10.0
802	10.0
803	10.0
804	10.0
805	10.0
806	10.0
807	10.0
808	10.0
809	10.0
810	10.0
811	10.0
812	10.0
813	10.0
814	10.0
815	10.0
816	10.0
817	10.0
818	10.0
819	10.0
820	10.0
821	10.0
822	10.0
823	10.0
824	10.0
825	10.0
826	10.0
827	10.0
828	10.0
829	10.0
830	10.0
831	10.0
832	10.0
833	10.0
834	10.0
835	10.0
836	10.0
837	10.0
838	10.0
839	10.0
840	10.0
841	10.0
842	10.0
843	10.0
844	10.0
845	10.0
846	10.0
847	10.0
848	10.0
849	10.0
850	10.0
851	10.0
852	10.0
853	10.0
854	10.0
855	10.0
856	10.0
857	10.0
858	10.0
859	10.0
860	10.0
861	10.0
862	10.0
863	10.0
864	10.0
865	10.0
866	10.0
867	10.0
868	10.0
869	10.0
870	10.0
871	10.0
872	10.0
873	10.0
874	10.0
875	10.0
876	10.0
877	10.0
878	10.0
879	10.0
880	10.0
881	10.0
882	10.0
883	10.0
884	10.0
885	10.0
886	10.0
887	10.0
888	10.0
889	10.0
890	10.0
891	10.0
892	10.0
893	10.0
894	10.0
895	10.0
896	10.0
897	10.0
898	10.0
899	10.0
900	10.0
901	10.0
902	10.0
903	10.0
904	10.0
905	10.0
906	10.0
907	10.0
908	10.0
909	10.0
910	10.0
911	10.0
912	10.0
913	10.0
914	10.0
915	10.0
916	10.0
917	10.0
918	10.0
919	10.0
920	10.0
921	10.0
922	10.0
923	10.0
924	10.0
925	10.0
926	10.0
927	10.0
928	10.0
929	10.0
930	10.0
931	10.0
932	10.0
933	10.0
934	10.0
935	10.0
936	10.0
937	10.0
938	10.0
939	10.0
940	10.0
941	10.0
942	10.0
943	10.0
944	10.0
945	10.0
946	10.0
947	10.0
948	10.0
949	10.0
950	10.0
951	10.0
952	10.0
953	10.0
954	10.0
955	10.0
956	10.0
957	10.0
958	10.0
959	10.0
960	10.0
961	10.0
962	10.0
963	10.0
964	10.0
965	10.0
966	10.0
967	10.0
968	10.0
969	10.0
970	10.0
971	10.0
972	10.0
973	10.0
974	10.0
975	10.0
976	10.0
977	10.0
978	10.0
979	10.0
980	10.0
981	10.0
982	10.0
983	10.0
984	10.0
985	10.0
986	10.0
987	10.0
988	10.0
989	10.0
990	10.0
991	10.0
992	10.0
993	10.0
994	10.0
995	10.0
996	10.0
997	10.0
998	10.0
999	10.0
1000	10.0
1001	10.0
1002	10.0
1003	10.0
1004	10.0
1005	10.0
1006	10.0
1007	10.0
1008	10.0
1009	10.0
1010	10.0
1011	10.0
1012	10.0
1013	10.0
1014	10.0
1015	10.0
1016	10.0
1017	10.0
1018	10.0
1019	10.0
1020	10.0
1021	10.0
1022	10.0
1023	10.0
1024	10.0
1025	10.0
1026	10.0
1027	10.0
1028	10.0
1029	10.0
1030	10.0
1031	10.0
1032	10.0
1033	10.0
1034	10.0
1035	10.0
1036	10.0
1037	10.0
1038	10.0
1039	10.0
1040	10.0
1041	10.0
1042	10.0
1043	10.0
1044	10.0
1045	10.0
1046	10.0
1047	10.0
1048	10.0
1049	10.0
1050	10.0
1051	10.0
1052	10.0
1053	10.0
1054	10.0
1055	10.0
1056	10.0
1057	10.0
1058	10.0
1059	10.0
1060	10.0
1061	10.0
1062	10.0
1063	10.0
1064	10.0
1065	10.0
1066	10.0
1067	10.0
1068	10.0
1069	10.0
1070	10.0
1071	10.0
1072	10.0
1073	10.0
1074	10.0
1075	10.0
1076	10.0
1077	10.0
1078	10.0
1079	10.0
1080	10.0
1081	10.0
1082	10.0
1083	10.0
1084	10.0
1085	10.0
1086	10.0
1087	10.0
1088	10.0
1089	10.0
1090	10.0
1091	10.0
1092	10.0
1093	10.0
1094	10.0
1095	10.0
1096	10.0
1097	10.0
1098	10.0
1099	10.0
1100	10.0
1101	10.0
1102	10.0
1103	10.0
1104	10.0
1105	10.0
1106	10.0
1107	10.0
1108	10.0
1109	10.0
1110	10.0
1111	10.0
1112	10.0
1113	10.0
1114	10.0
1115	10.0
1116	10.0
1117	10.0
1118	10.0
1119	10.0
1120	10.0
1121	10.0
1122	10.0
1123	10.0
1124	10.0
1125	10.0
1126	10.0
1127	10.0
1128	10.0
1129	10.0
1130	10.0
1131	10.0
1132	10.0
1133	10.0
1134	10.0
1135	10.0
1136	10.0
1137	10.0
1138	10.0
1139	10.0
1140	10.0
1141	10.0
1142	10.0
1143	10.0
1144	10.0
1145	10.0
1146	10.0
1147	10.0
1148	10.0
1149	10.0
1150	10.0
1151	10.0
1152	10.0
1153	10.0
1154	10.0
1155	10.0
1156	10.0
1157	10.0
1158	10.0
1159	10.0
1160	10.0
1161	10.0
1162	10.0
1163	10.0
1164	10.0
1165	10.0
1166	10.0
1167	10.0
1168	10.0
1169	10.0
1170	10.0
1171	10.0
1172	10.0
1173	10.0
1174	10.0
1175	10.0
1176	10.0
1177	10.0
1178	10.0
1179	10.0
1180	10.0
1181	10.0
1182	10.0
1183	10.0
1184	10.0
1185	10.0
1186	10.0
1187	10.0
1188	10.0
1189	10.0
1190	10.0
1191	10.0
1192	10.0
1193	10.0
1194	10.0
1195	10.0
1196	10.0
1197	10.0
1198	10.0
1199	10.0
1200	9.947575035522378
1201	9.947575035522378
1202	9.947575035522378
1203	9.947575035522378
1204	9.947575035522378
1205	9.947575035522378
1206	9.947575035522378
1207	9.947575035522378
1208	9.947575035522378
1209	9.947575035522378
1210	9.947575035522378
1211	9.947575035522378
1212	9.947575035522378
1213	9.947575035522378
1214	9.947575035522378
1215	9.947575035522378
1216	9.947575035522378
1217	9.947575035522378
1218	9.947575035522378
1219	9.947575035522378
1220	9.947575035522378
1221	9.947575035522378
1222	9.947575035522378
1223	9.947575035522378
1224	9.947575035522378
1225	9.947575035522378
1226	9.947575035522378
1227	9.947575035522378
1228	9.947575035522378
1229	9.947575035522378
1230	9.947575035522378
1231	9.947575035522378
1232	9.947575035522378
1233	9.947575035522378
1234	9.947575035522378
1235	9.947575035522378
1236	9.947575035522378
1237	9.947575035522378
1238	9.947575035522378
1239	9.947575035522378
1240	9.947575035522378
1241	9.947575035522378
1242	9.947575035522378
1243	9.947575035522378
1244	9.947575035522378
1245	9.947575035522378
1246	9.947575035522378
1247	9.947575035522378
1248	9.947575035522378
1249	9.947575035522378
1250	9.947575035522378
1251	9.947575035522378
1252	9.947575035522378
1253	9.947575035522378
1254	9.947575035522378
1255	9.947575035522378
1256	9.947575035522378
1257	9.947575035522378
1258	9.947575035522378
1259	9.947575035522378
1260	9.947575035522378
1261	9.947575035522378
1262	9.947575035522378
1263	9.947575035522378
1264	9.947575035522378
1265	9.947575035522378
1266	9.947575035522378
1267	9.947575035522378
1268	9.947575035522378
1269	9.947575035522378
1270	9.947575035522378
1271	9.947575035522378
1272	9.947575035522378
1273	9.947575035522378
1274	9.947575035522378
1275	9.947575035522378
1276	9.947575035522378
1277	9.947575035522378
1278	9.947575035522378
1279	9.947575035522378
1280	9.493812018412829
1281	9.493812018412829
1282	9.493812018412829
1283	9.493812018412829
1284	9.493812018412829
1285	9.493812018412829
1286	9.493812018412829
1287	9.493812018412829
1288	9.493812018412829
1289	9.493812018412829
1290	9.493812018412829
1291	9.493812018412829
1292	9.493812018412829
1293	9.493812018412829
1294	9.493812018412829
1295	9.493812018412829
1296	9.493812018412829
1297	9.493812018412829
1298	9.493812018412829
1299	9.493812018412829
1300	9.493812018412829
1301	9.493812018412829
1302	9.493812018412829
1303	9.493812018412829
1304	9.493812018412829
1305	9.493812018412829
1306	9.493812018412829
1307	9.493812018412829
1308	9.493812018412829
1309	9.493812018412829
1310	9.493812018412829
1311	9.493812018412829
1312	9.493812018412829
1313	9.493812018412829
1314	9.493812018412829
1315	9.493812018412829
1316	9.493812018412829
1317	9.493812018412829
1318	9.493812018412829
1319	9.493812018412829
1320	9.493812018412829
1321	9.493812018412829
1322	9.493812018412829
1323	9.493812018412829
1324	9.493812018412829
1325	9.493812018412829
1326	9.493812018412829
1327	9.493812018412829
1328	9.493812018412829
1329	9.493812018412829
1330	9.493812018412829
1331	9.493812018412829
1332	9.493812018412829
1333	9.493812018412829
1334	9.493812018412829
1335	9.493812018412829
1336	9.493812018412829
1337	9.493812018412829
1338	9.493812018412829
1339	9.493812018412829
1340	9.493812018412829
1341	9.493812018412829
1342	9.493812018412829
1343	9.493812018412829
1344	9.493812018412829
1345	9.493812018412829
1346	9.493812018412829
1347	9.493812018412829
1348	9.493812018412829
1349	9.493812018412829
1350	9.493812018412829
1351	9.493812018412829
1352	9.493812018412829
1353	9.493812018412829
1354	9.493812018412829
1355	9.493812018412829
1356	9.493812018412829
1357	9.493812018412829
1358	9.493812018412829
1359	9.493812018412829
1360	5.936175572877827
1361	5.936175572877827
1362	5.936175572877827
1363	5.936175572877827
1364	5.936175572877827
1365	5.936175572877827
1366	5.936175572877827
1367	5.936175572877827
1368	5.936175572877827
1369	5.936175572877827
1370	5.936175572877827
1371	5.936175572877827
1372	5.936175572877827
1373	5.936175572877827
1374	5.936175572877827
1375	5.936175572877827
1376	5.936175572877827
1377	5.936175572877827
1378	5.936175572877827
1379	5.936175572877827
1380	5.936175572877827
1381	5.936175572877827
1382	5.936175572877827
1383	5.936175572877827
1384	5.936175572877827
1385	5.936175572877827
1386	5.936175572877827
1387	5.936175572877827
1388	5.936175572877827
1389	5.936175572877827
1390	5.936175572877827
1391	5.936175572877827
1392	5.936175572877827
1393	5.936175572877827
1394	5.936175572877827
1395	5.936175572877827
1396	5.936175572877827
1397	5.936175572877827
1398	5.936175572877827
1399	5.936175572877827
1400	5.936175572877827
1401	5.936175572877827
1402	5.936175572877827
1403	5.936175572877827
1404	5.936175572877827
1405	5.936175572877827
1406	5.936175572877827
1407	5.936175572877827
1408	5.936175572877827
1409	5.936175572877827
1410	5.936175572877827
1411	5.936175572877827
1412	5.936175572877827
1413	5.936175572877827
1414	5.936175572877827
1415	5.936175572877827
1416	5.936175572877827
1417	5.936175572877827
1418	5.936175572877827
1419	5.936175572877827
1420	5.936175572877827
1421	5.936175572877827
1422	5.936175572877827
1423	5.936175572877827
1424	5.936175572877827
1425	5.936175572877827
1426	5.936175572877827
1427	5.936175572877827
1428	5.936175572877827
1429	5.936175572877827
1430	5.936175572877827
1431	5.936175572877827
1432	5.936175572877827
1433	5.936175572877827
1434	5.936175572877827
1435	5.936175572877827
1436	5.936175572877827
1437	5.936175572877827
1438	5.936175572877827
1439	5.936175572877827
1440	10.0
1441	10.0
1442	10.0
1443	10.0
1444	10.0
1445	10.0
1446	10.0
1447	10.0
1448	10.0
1449	10.0
1450	10.0
1451	10.0
1452	10.0
1453	10.0
1454	10.0
1455	10.0
1456	10.0
1457	10.0
1458	10.0
1459	10.0
1460	10.0
1461	10.0
1462	10.0
1463	10.0
1464	10.0
1465	10.0
1466	10.0
1467	10.0
1468	10.0
1469	10.0
1470	10.0
1471	10.0
1472	10.0
1473	10.0
1474	10.0
1475	10.0
1476	10.0
1477	10.0
1478	10.0
1479	10.0
1480	10.0
1481	10.0
1482	10.0
1483	10.0
1484	10.0
1485	10.0
1486	10.0
1487	10.0
1488	10.0
1489	10.0
1490	10.0
1491	10.0
1492	10.0
1493	10.0
1494	10.0
1495	10.0
1496	10.0
1497	10.0
1498	10.0
1499	10.0
1500	10.0
1501	10.0
1502	10.0
1503	10.0
1504	10.0
1505	10.0
1506	10.0
1507	10.0
1508	10.0
1509	10.0
1510	10.0
1511	10.0
1512	10.0
1513	10.0
1514	10.0
1515	10.0
1516	10.0
1517	10.0
1518	10.0
1519	10.0
1520	6.154675565885016
1521	6.154675565885016
1522	6.154675565885016
1523	6.154675565885016
1524	6.154675565885016
1525	6.154675565885016
1526	6.154675565885016
1527	6.154675565885016
1528	6.154675565885016
1529	6.154675565885016
1530	6.154675565885016
1531	6.154675565885016
1532	6.154675565885016
1533	6.154675565885016
1534	6.154675565885016
1535	6.154675565885016
1536	6.154675565885016
1537	6.154675565885016
1538	6.154675565885016
1539	6.154675565885016
1540	6.154675565885016
1541	6.154675565885016
1542	6.154675565885016
1543	6.154675565885016
1544	6.154675565885016
1545	6.154675565885016
1546	6.154675565885016
1547	6.154675565885016
1548	6.154675565885016
1549	6.154675565885016
1550	6.154675565885016
1551	6.154675565885016
1552	6.154675565885016
1553	6.154675565885016
1554	6.154675565885016
1555	6.154675565885016
1556	6.154675565885016
1557	6.154675565885016
1558	6.154675565885016
1559	6.154675565885016
1560	6.154675565885016
1561	6.154675565885016
1562	6.154675565885016
1563	6.154675565885016
1564	6.154675565885016
1565	6.154675565885016
1566	6.154675565885016
1567	6.154675565885016
1568	6.154675565885016
1569	6.154675565885016
1570	6.154675565885016
1571	6.154675565885016
1572	6.154675565885016
1573	6.154675565885016
1574	6.154675565885016
1575	6.154675565885016
1576	6.154675565885016
1577	6.154675565885016
1578	6.154675565885016
1579	6.154675565885016
1580	6.154675565885016
1581	6.154675565885016
1582	6.154675565885016
1583	6.154675565885016
1584	6.154675565885016
1585	6.154675565885016
1586	6.154675565885016
1587	6.154675565885016
1588	6.154675565885016
1589	6.154675565885016
1590	6.154675565885016
1591	6.154675565885016
1592	6.154675565885016
1593	6.154675565885016
1594	6.154675565885016
1595	6.154675565885016
1596	6.154675565885016
1597	6.154675565885016
1598	6.154675565885016
1599	6.154675565885016
1600	6.073361280414934
1601	6.073361280414934
1602	6.073361280414934
1603	6.073361280414934
1604	6.073361280414934
1605	6.073361280414934
1606	6.073361280414934
1607	6.073361280414934
1608	6.073361280414934
1609	6.073361280414934
1610	6.073361280414934
1611	6.073361280414934
1612	6.073361280414934
1613	6.073361280414934
1614	6.073361280414934
1615	6.073361280414934
1616	6.073361280414934
1617	6.073361280414934
1618	6.073361280414934
1619	6.073361280414934
1620	6.073361280414934
1621	6.073361280414934
1622	6.073361280414934
1623	6.073361280414934
1624	6.073361280414934
1625	6.073361280414934
1626	6.073361280414934
1627	6.073361280414934
1628	6.073361280414934
1629	6.073361280414934
1630	6.073361280414934
1631	6.073361280414934
1632	6.073361280414934
1633	6.073361280414934
1634	6.073361280414934
1635	6.073361280414934
1636	6.073361280414934
1637	6.073361280414934
1638	6.073361280414934
1639	6.073361280414934
1640	6.073361280414934
1641	6.073361280414934
1642	6.073361280414934
1643	6.073361280414934
1644	6.073361280414934
1645	6.073361280414934
1646	6.073361280414934
1647	6.073361280414934
1648	6.073361280414934
1649	6.073361280414934
1650	6.073361280414934
1651	6.073361280414934
1652	6.073361280414934
1653	6.073361280414934
1654	6.073361280414934
1655	6.073361280414934
1656	6.073361280414934
1657	9.404544621510999
1658	9.404544621510999
1659	9.404544621510999
1660	9.404544621510999
1661	9.404544621510999
1662	9.404544621510999
1663	9.404544621510999
1664	9.404544621510999
1665	9.404544621510999
1666	9.404544621510999
1667	9.404544621510999
1668	9.404544621510999
1669	9.404544621510999
1670	9.404544621510999
1671	9.404544621510999
1672	9.404544621510999
1673	9.404544621510999
1674	9.404544621510999
1675	9.404544621510999
1676	9.404544621510999
1677	9.404544621510999
1678	9.404544621510999
1679	9.404544621510999
1680	9.404544621510999
1681	9.404544621510999
1682	9.404544621510999
1683	9.404544621510999
1684	9.404544621510999
1685	9.404544621510999
1686	9.404544621510999
1687	9.404544621510999
1688	9.404544621510999
1689	9.404544621510999
1690	9.404544621510999
1691	9.404544621510999
1692	9.404544621510999
1693	9.404544621510999
1694	9.404544621510999
1695	9.404544621510999
1696	9.404544621510999
1697	9.404544621510999
1698	9.404544621510999
1699	9.404544621510999
1700	9.404544621510999
1701	9.404544621510999
1702	9.404544621510999
1703	9.404544621510999
1704	9.404544621510999
1705	9.404544621510999
1706	9.404544621510999
1707	9.404544621510999
1708	9.404544621510999
1709	9.404544621510999
1710	9.404544621510999
1711	9.404544621510999
1712	9.404544621510999
1713	9.404544621510999
1714	9.404544621510999
1715	9.404544621510999
1716	9.404544621510999
1717	9.404544621510999
1718	9.404544621510999
1719	9.404544621510999
1720	9.404544621510999
1721	9.404544621510999
1722	9.404544621510999
1723	9.404544621510999
1724	9.404544621510999
1725	9.404544621510999
1726	9.404544621510999
1727	9.404544621510999
1728	9.404544621510999
1729	9.404544621510999
1730	9.404544621510999
1731	9.404544621510999
1732	9.404544621510999
1733	9.404544621510999
1734	9.404544621510999
1735	9.404544621510999
1736	9.404544621510999
1737	9.684429926307722
1738	9.684429926307722
1739	9.684429926307722
1740	9.684429926307722
1741	9.684429926307722
1742	9.684429926307722
1743	9.684429926307722
1744	9.684429926307722
1745	9.684429926307722
1746	9.684429926307722
1747	9.684429926307722
1748	9.684429926307722
1749	9.684429926307722
1750	9.684429926307722
1751	9.684429926307722
1752	9.684429926307722
1753	9.684429926307722
1754	9.684429926307722
1755	9.684429926307722
1756	9.684429926307722
1757	9.684429926307722
1758	9.684429926307722
1759	9.684429926307722
1760	9.684429926307722
1761	9.684429926307722
1762	9.684429926307722
1763	9.684429926307722
1764	9.684429926307722
1765	9.684429926307722
1766	9.684429926307722
1767	9.684429926307722
1768	9.684429926307722
1769	9.684429926307722
1770	9.684429926307722
1771	9.684429926307722
1772	9.684429926307722
1773	9.684429926307722
1774	9.684429926307722
1775	9.684429926307722
1776	9.684429926307722
1777	9.684429926307722
1778	9.684429926307722
1779	9.684429926307722
1780	9.684429926307722
1781	9.684429926307722
1782	9.684429926307722
1783	9.684429926307722
1784	9.684429926307722
1785	9.684429926307722
1786	9.684429926307722
1787	9.684429926307722
1788	9.684429926307722
1789	9.684429926307722
1790	9.684429926307722
1791	9.684429926307722
1792	9.684429926307722
1793	9.684429926307722
1794	9.684429926307722
1795	9.684429926307722
1796	9.684429926307722
1797	9.684429926307722
1798	9.684429926307722
1799	9.684429926307722
1800	9.684429926307722
1801	9.684429926307722
1802	9.684429926307722
1803	9.684429926307722
1804	9.684429926307722
1805	9.684429926307722
1806	9.684429926307722
1807	9.684429926307722
1808	9.684429926307722
1809	9.684429926307722
1810	9.684429926307722
1811	9.684429926307722
1812	9.684429926307722
1813	9.684429926307722
1814	9.684429926307722
1815	9.684429926307722
1816	9.684429926307722
1817	5.681347197924362
1818	5.681347197924362
1819	5.681347197924362
1820	5.681347197924362
1821	5.681347197924362
1822	5.681347197924362
1823	5.681347197924362
1824	5.681347197924362
1825	5.681347197924362
1826	5.681347197924362
1827	5.681347197924362
1828	5.681347197924362
1829	5.681347197924362
1830	5.681347197924362
1831	5.681347197924362
1832	5.681347197924362
1833	5.681347197924362
1834	5.681347197924362
1835	5.681347197924362
1836	5.681347197924362
1837	5.681347197924362
1838	5.681347197924362
1839	5.681347197924362
1840	5.681347197924362
1841	5.681347197924362
1842	5.681347197924362
1843	5.681347197924362
1844	5.681347197924362
1845	7.041325890488709
1846	7.041325890488709
1847	7.041325890488709
1848	7.041325890488709
1849	7.041325890488709
1850	7.041325890488709
1851	7.041325890488709
1852	7.041325890488709
1853	7.041325890488709
1854	7.041325890488709
1855	7.041325890488709
1856	7.041325890488709
1857	7.041325890488709
1858	7.041325890488709
1859	7.041325890488709
1860	7.041325890488709
1861	7.041325890488709
1862	7.041325890488709
1863	7.041325890488709
1864	7.041325890488709
1865	7.041325890488709
1866	7.041325890488709
1867	7.041325890488709
1868	7.041325890488709
1869	7.041325890488709
1870	7.041325890488709
1871	7.041325890488709
1872	7.041325890488709
1873	7.041325890488709
1874	7.041325890488709
1875	7.041325890488709
1876	7.041325890488709
1877	7.041325890488709
1878	7.041325890488709
1879	7.041325890488709
1880	7.041325890488709
1881	7.041325890488709
1882	7.041325890488709
1883	7.041325890488709
1884	7.041325890488709
1885	7.041325890488709
1886	7.041325890488709
1887	7.041325890488709
1888	7.041325890488709
1889	7.041325890488709
1890	7.041325890488709
1891	7.041325890488709
1892	7.041325890488709
1893	7.041325890488709
1894	7.041325890488709
1895	7.041325890488709
1896	7.041325890488709
1897	7.041325890488709
1898	7.041325890488709
1899	7.041325890488709
1900	7.041325890488709
1901	7.041325890488709
1902	7.041325890488709
1903	7.041325890488709
1904	7.041325890488709
1905	7.041325890488709
1906	7.041325890488709
1907	7.041325890488709
1908	7.041325890488709
1909	7.041325890488709
1910	7.041325890488709
1911	7.041325890488709
1912	7.041325890488709
1913	7.041325890488709
1914	7.041325890488709
1915	7.041325890488709
1916	7.041325890488709
1917	7.041325890488709
1918	7.041325890488709
1919	7.041325890488709
1920	7.041325890488709
1921	7.041325890488709
1922	7.041325890488709
1923	7.041325890488709
1924	7.041325890488709
1925	6.237348153836573
1926	6.237348153836573
1927	6.237348153836573
1928	6.237348153836573
1929	6.237348153836573
1930	6.237348153836573
1931	6.237348153836573
1932	6.237348153836573
1933	6.237348153836573
1934	6.237348153836573
1935	6.237348153836573
1936	6.237348153836573
1937	6.237348153836573
1938	6.237348153836573
1939	6.237348153836573
1940	6.237348153836573
1941	6.237348153836573
1942	6.237348153836573
1943	6.237348153836573
1944	6.237348153836573
1945	6.237348153836573
1946	6.237348153836573
1947	6.237348153836573
1948	6.237348153836573
1949	6.237348153836573
1950	6.237348153836573
1951	6.237348153836573
1952	6.237348153836573
1953	6.237348153836573
1954	6.237348153836573
1955	6.237348153836573
1956	6.237348153836573
1957	6.237348153836573
1958	6.237348153836573
1959	6.237348153836573
1960	6.237348153836573
1961	6.237348153836573
1962	6.237348153836573
1963	6.237348153836573
1964	6.237348153836573
1965	6.237348153836573
1966	6.237348153836573
1967	6.237348153836573
1968	6.237348153836573
1969	6.237348153836573
1970	6.237348153836573
1971	6.237348153836573
1972	6.237348153836573
1973	6.237348153836573
1974	6.237348153836573
1975	6.237348153836573
1976	6.237348153836573
1977	6.237348153836573
1978	6.237348153836573
1979	6.237348153836573
1980	6.237348153836573
1981	6.237348153836573
1982	6.237348153836573
1983	6.237348153836573
1984	6.237348153836573
1985	6.237348153836573
1986	6.237348153836573
1987	6.237348153836573
1988	6.237348153836573
1989	6.237348153836573
1990	6.237348153836573
1991	6.237348153836573
1992	6.237348153836573
1993	6.237348153836573
1994	6.237348153836573
1995	6.237348153836573
1996	6.237348153836573
1997	6.237348153836573
1998	6.237348153836573
1999	6.237348153836573
2000	6.237348153836573
2001	6.237348153836573
2002	6.237348153836573
2003	6.237348153836573
2004	6.237348153836573
2005	6.577573750995975
2006	6.577573750995975
2007	6.577573750995975
2008	6.577573750995975
2009	6.577573750995975
2010	6.577573750995975
2011	6.577573750995975
2012	6.577573750995975
2013	6.577573750995975
2014	6.577573750995975
2015	6.577573750995975
2016	6.577573750995975
2017	6.577573750995975
2018	6.577573750995975
2019	6.577573750995975
2020	6.577573750995975
2021	6.577573750995975
2022	6.577573750995975
2023	6.577573750995975
2024	6.577573750995975
2025	6.577573750995975
2026	6.577573750995975
2027	6.577573750995975
2028	6.577573750995975
2029	6.577573750995975
2030	6.577573750995975
2031	6.577573750995975
2032	6.577573750995975
2033	6.577573750995975
2034	6.577573750995975
2035	6.577573750995975
2036	6.577573750995975
2037	6.577573750995975
2038	6.577573750995975
2039	6.577573750995975
2040	6.577573750995975
2041	6.577573750995975
2042	6.577573750995975
2043	6.577573750995975
2044	6.577573750995975
2045	6.577573750995975
2046	6.577573750995975
2047	6.577573750995975
2048	6.577573750995975
2049	6.577573750995975
2050	6.577573750995975
2051	6.577573750995975
2052	6.577573750995975
2053	6.577573750995975
2054	6.577573750995975
2055	6.577573750995975
2056	6.577573750995975
2057	6.577573750995975
2058	6.577573750995975
2059	6.577573750995975
2060	6.577573750995975
2061	6.577573750995975
2062	6.577573750995975
2063	6.577573750995975
2064	6.577573750995975
2065	6.577573750995975
2066	6.577573750995975
2067	6.577573750995975
2068	6.577573750995975
2069	6.577573750995975
2070	6.577573750995975
2071	6.577573750995975
2072	6.577573750995975
2073	6.577573750995975
2074	6.577573750995975
2075	6.577573750995975
2076	6.577573750995975
2077	6.577573750995975
2078	6.577573750995975
2079	6.577573750995975
2080	6.577573750995975
2081	6.577573750995975
2082	6.577573750995975
2083	6.577573750995975
2084	6.577573750995975
2085	7.456341451070699
2086	7.456341451070699
2087	7.456341451070699
2088	7.456341451070699
2089	7.456341451070699
2090	7.456341451070699
2091	7.456341451070699
2092	7.456341451070699
2093	7.456341451070699
2094	7.456341451070699
2095	7.456341451070699
2096	7.456341451070699
2097	7.456341451070699
2098	7.456341451070699
2099	7.456341451070699
2100	7.456341451070699
2101	7.456341451070699
2102	7.456341451070699
2103	7.456341451070699
2104	7.456341451070699
2105	7.456341451070699
2106	7.456341451070699
2107	7.456341451070699
2108	7.456341451070699
2109	7.456341451070699
2110	7.456341451070699
2111	7.456341451070699
2112	7.456341451070699
2113	7.456341451070699
2114	7.456341451070699
2115	7.456341451070699
2116	7.456341451070699
2117	7.456341451070699
2118	7.456341451070699
2119	7.456341451070699
2120	7.456341451070699
2121	7.456341451070699
2122	7.456341451070699
2123	7.456341451070699
2124	7.456341451070699
2125	7.456341451070699
2126	7.456341451070699
2127	7.456341451070699
2128	7.456341451070699
2129	7.456341451070699
2130	7.456341451070699
2131	7.456341451070699
2132	7.456341451070699
2133	7.456341451070699
2134	7.456341451070699
2135	7.456341451070699
2136	7.456341451070699
2137	7.456341451070699
2138	7.456341451070699
2139	7.456341451070699
2140	7.456341451070699
2141	7.456341451070699
2142	7.456341451070699
2143	7.456341451070699
2144	7.456341451070699
2145	7.456341451070699
2146	7.456341451070699
2147	7.456341451070699
2148	7.456341451070699
2149	7.456341451070699
2150	7.456341451070699
2151	7.456341451070699
2152	7.456341451070699
2153	7.456341451070699
2154	7.456341451070699
2155	7.456341451070699
2156	7.456341451070699
2157	7.456341451070699
2158	7.456341451070699
2159	7.456341451070699
2160	7.456341451070699
2161	7.456341451070699
2162	7.456341451070699
2163	7.456341451070699
2164	7.456341451070699
2165	6.179904796601477
2166	6.179904796601477
2167	6.179904796601477
2168	6.179904796601477
2169	6.179904796601477
2170	6.179904796601477
2171	6.179904796601477
2172	6.179904796601477
2173	6.179904796601477
2174	6.179904796601477
2175	6.179904796601477
2176	6.179904796601477
2177	6.179904796601477
2178	6.179904796601477
2179	6.179904796601477
2180	6.179904796601477
2181	6.179904796601477
2182	6.179904796601477
2183	6.179904796601477
2184	6.179904796601477
2185	6.179904796601477
2186	6.179904796601477
2187	6.179904796601477
2188	6.179904796601477
2189	6.179904796601477
2190	6.179904796601477
2191	6.179904796601477
2192	6.179904796601477
2193	6.179904796601477
2194	6.179904796601477
2195	6.179904796601477
2196	6.179904796601477
2197	6.179904796601477
2198	6.179904796601477
2199	6.179904796601477
2200	6.179904796601477
2201	6.179904796601477
2202	6.179904796601477
2203	6.179904796601477
2204	6.179904796601477
2205	6.179904796601477
2206	6.179904796601477
2207	6.179904796601477
2208	6.179904796601477
2209	6.179904796601477
2210	6.179904796601477
2211	6.179904796601477
2212	6.179904796601477
2213	6.179904796601477
2214	6.179904796601477
2215	6.179904796601477
2216	6.179904796601477
2217	6.179904796601477
2218	6.179904796601477
2219	6.179904796601477
2220	6.179904796601477
2221	6.179904796601477
2222	6.179904796601477
2223	6.179904796601477
2224	6.179904796601477
2225	6.179904796601477
2226	6.179904796601477
2227	6.179904796601477
2228	6.179904796601477
2229	6.179904796601477
2230	6.179904796601477
2231	6.179904796601477
2232	6.179904796601477
2233	6.179904796601477
2234	6.179904796601477
2235	6.179904796601477
2236	6.179904796601477
2237	6.179904796601477
2238	6.179904796601477
2239	6.179904796601477
2240	6.179904796601477
2241	6.179904796601477
2242	6.179904796601477
2243	6.179904796601477
2244	6.179904796601477
2245	7.865185336581086
2246	7.865185336581086
2247	7.865185336581086
2248	7.865185336581086
2249	7.865185336581086
2250	7.865185336581086
2251	7.865185336581086
2252	7.865185336581086
2253	7.865185336581086
2254	7.865185336581086
2255	7.865185336581086
2256	7.865185336581086
2257	7.865185336581086
2258	7.865185336581086
2259	7.865185336581086
2260	7.865185336581086
2261	7.865185336581086
2262	7.865185336581086
2263	7.865185336581086
2264	7.865185336581086
2265	7.865185336581086
2266	7.865185336581086
2267	7.865185336581086
2268	7.865185336581086
2269	7.865185336581086
2270	7.865185336581086
2271	7.865185336581086
2272	7.865185336581086
2273	7.865185336581086
2274	7.865185336581086
2275	7.865185336581086
2276	7.865185336581086
2277	7.865185336581086
2278	7.865185336581086
2279	7.865185336581086
2280	7.865185336581086
2281	7.865185336581086
2282	7.865185336581086
2283	7.865185336581086
2284	7.865185336581086
2285	7.865185336581086
2286	7.865185336581086
2287	7.865185336581086
2288	7.865185336581086
2289	7.865185336581086
2290	7.865185336581086
2291	7.865185336581086
2292	7.865185336581086
2293	7.865185336581086
2294	7.865185336581086
2295	7.865185336581086
2296	7.865185336581086
2297	7.865185336581086
2298	7.865185336581086
2299	7.865185336581086
2300	7.865185336581086
2301	7.865185336581086
2302	7.865185336581086
2303	7.865185336581086
2304	7.865185336581086
2305	7.865185336581086
2306	7.865185336581086
2307	7.865185336581086
2308	7.865185336581086
2309	7.865185336581086
2310	7.865185336581086
2311	7.865185336581086
2312	7.865185336581086
2313	7.865185336581086
2314	7.865185336581086
2315	7.865185336581086
2316	7.865185336581086
2317	7.865185336581086
2318	7.865185336581086
2319	7.865185336581086
2320	7.865185336581086
2321	7.865185336581086
2322	7.865185336581086
2323	7.865185336581086
2324	7.865185336581086
2325	7.1343357234094045
2326	7.1343357234094045
2327	7.1343357234094045
2328	7.1343357234094045
2329	7.1343357234094045
2330	7.1343357234094045
2331	7.1343357234094045
2332	7.1343357234094045
2333	7.1343357234094045
2334	7.1343357234094045
2335	7.1343357234094045
2336	7.1343357234094045
2337	7.1343357234094045
2338	7.1343357234094045
2339	7.1343357234094045
2340	7.1343357234094045
2341	7.1343357234094045
2342	7.1343357234094045
2343	7.1343357234094045
2344	7.1343357234094045
2345	7.1343357234094045
2346	7.1343357234094045
2347	7.1343357234094045
2348	7.1343357234094045
2349	7.1343357234094045
2350	7.1343357234094045
2351	7.1343357234094045
2352	7.1343357234094045
2353	7.1343357234094045
2354	7.1343357234094045
2355	7.1343357234094045
2356	7.1343357234094045
2357	7.1343357234094045
2358	7.1343357234094045
2359	7.1343357234094045
2360	7.1343357234094045
2361	7.1343357234094045
2362	7.1343357234094045
2363	7.1343357234094045
2364	7.1343357234094045
2365	7.1343357234094045
2366	7.1343357234094045
2367	7.1343357234094045
2368	7.1343357234094045
2369	7.1343357234094045
2370	7.1343357234094045
2371	7.1343357234094045
2372	7.1343357234094045
2373	7.1343357234094045
2374	7.1343357234094045
2375	7.1343357234094045
2376	7.1343357234094045
2377	7.1343357234094045
2378	7.1343357234094045
2379	7.1343357234094045
2380	7.1343357234094045
2381	7.1343357234094045
2382	7.1343357234094045
2383	7.1343357234094045
2384	7.1343357234094045
2385	7.1343357234094045
2386	7.1343357234094045
2387	7.1343357234094045
2388	7.1343357234094045
2389	7.1343357234094045
2390	7.1343357234094045
2391	7.1343357234094045
2392	7.1343357234094045
2393	7.1343357234094045
2394	7.1343357234094045
2395	7.1343357234094045
2396	7.1343357234094045
2397	7.1343357234094045
2398	7.1343357234094045
2399	7.1343357234094045
2400	7.1343357234094045
2401	7.1343357234094045
2402	7.1343357234094045
2403	7.1343357234094045
2404	7.1343357234094045
2405	8.373964926300838
2406	8.373964926300838
2407	8.373964926300838
2408	8.373964926300838
2409	8.373964926300838
2410	8.373964926300838
2411	8.373964926300838
2412	8.373964926300838
2413	8.373964926300838
2414	8.373964926300838
2415	8.373964926300838
2416	8.373964926300838
2417	8.373964926300838
2418	8.373964926300838
2419	8.373964926300838
2420	8.373964926300838
2421	8.373964926300838
2422	8.373964926300838
2423	8.373964926300838
2424	8.373964926300838
2425	8.373964926300838
2426	8.373964926300838
2427	8.373964926300838
2428	8.373964926300838
2429	8.373964926300838
2430	8.373964926300838
2431	8.373964926300838
2432	8.373964926300838
2433	8.373964926300838
2434	8.373964926300838
2435	8.373964926300838
2436	8.373964926300838
2437	8.373964926300838
2438	8.373964926300838
2439	8.373964926300838
2440	8.373964926300838
2441	8.373964926300838
2442	8.373964926300838
2443	8.373964926300838
2444	8.373964926300838
2445	8.373964926300838
2446	8.373964926300838
2447	8.373964926300838
2448	8.373964926300838
2449	8.373964926300838
2450	8.373964926300838
2451	8.373964926300838
2452	8.373964926300838
2453	8.373964926300838
2454	8.373964926300838
2455	8.373964926300838
2456	8.373964926300838
2457	8.373964926300838
2458	8.373964926300838
2459	8.373964926300838
2460	8.373964926300838
2461	8.373964926300838
2462	8.373964926300838
2463	8.373964926300838
2464	8.373964926300838
2465	8.373964926300838
2466	8.373964926300838
2467	8.373964926300838
2468	8.373964926300838
2469	8.373964926300838
2470	8.373964926300838
2471	8.373964926300838
2472	8.373964926300838
2473	8.373964926300838
2474	8.373964926300838
2475	8.373964926300838
2476	8.373964926300838
2477	8.373964926300838
2478	8.373964926300838
2479	8.373964926300838
2480	8.373964926300838
2481	8.373964926300838
2482	8.373964926300838
2483	8.373964926300838
2484	8.373964926300838
2485	6.279425505963254
2486	6.279425505963254
2487	6.279425505963254
2488	6.279425505963254
2489	6.279425505963254
2490	6.279425505963254
2491	6.279425505963254
2492	6.279425505963254
2493	6.279425505963254
2494	6.279425505963254
2495	6.279425505963254
2496	6.279425505963254
2497	6.279425505963254
2498	6.279425505963254
2499	6.279425505963254
2500	6.279425505963254
2501	6.279425505963254
2502	6.279425505963254
2503	6.279425505963254
2504	6.279425505963254
2505	6.279425505963254
2506	6.279425505963254
2507	6.279425505963254
2508	6.279425505963254
2509	6.279425505963254
2510	6.279425505963254
2511	6.279425505963254
2512	6.279425505963254
2513	6.279425505963254
2514	6.279425505963254
2515	6.279425505963254
2516	6.279425505963254
2517	6.279425505963254
2518	6.279425505963254
2519	6.279425505963254
2520	6.279425505963254
2521	6.279425505963254
2522	6.279425505963254
2523	6.279425505963254
2524	6.279425505963254
2525	6.279425505963254
2526	6.279425505963254
2527	6.279425505963254
2528	6.279425505963254
2529	6.279425505963254
2530	6.279425505963254
2531	6.279425505963254
2532	6.279425505963254
2533	6.279425505963254
2534	6.279425505963254
2535	6.279425505963254
2536	6.279425505963254
2537	6.279425505963254
2538	6.279425505963254
2539	6.279425505963254
2540	6.279425505963254
2541	6.279425505963254
2542	6.279425505963254
2543	6.279425505963254
2544	6.279425505963254
2545	6.279425505963254
2546	6.279425505963254
2547	6.279425505963254
2548	6.279425505963254
2549	6.279425505963254
2550	6.279425505963254
2551	6.279425505963254
2552	6.279425505963254
2553	6.279425505963254
2554	6.279425505963254
2555	6.279425505963254
2556	6.279425505963254
2557	6.279425505963254
2558	6.279425505963254
2559	6.279425505963254
2560	6.279425505963254
2561	6.279425505963254
2562	6.279425505963254
2563	6.279425505963254
2564	6.279425505963254
2565	8.653728267578225
2566	8.653728267578225
2567	8.653728267578225
2568	8.653728267578225
2569	8.653728267578225
2570	8.653728267578225
2571	8.653728267578225
2572	8.653728267578225
2573	8.653728267578225
2574	8.653728267578225
2575	8.653728267578225
2576	8.653728267578225
2577	8.653728267578225
2578	8.653728267578225
2579	8.653728267578225
2580	8.653728267578225
2581	8.653728267578225
2582	8.653728267578225
2583	8.653728267578225
2584	8.653728267578225
2585	8.653728267578225
2586	8.653728267578225
2587	8.653728267578225
2588	8.653728267578225
2589	8.653728267578225
2590	8.653728267578225
2591	8.653728267578225
2592	8.653728267578225
2593	8.653728267578225
2594	8.653728267578225
2595	8.653728267578225
2596	8.653728267578225
2597	8.653728267578225
2598	8.653728267578225
2599	8.653728267578225
2600	8.653728267578225
2601	8.653728267578225
2602	8.653728267578225
2603	8.653728267578225
2604	8.653728267578225
2605	8.653728267578225
2606	8.653728267578225
2607	8.653728267578225
2608	8.653728267578225
2609	8.653728267578225
2610	8.653728267578225
2611	8.653728267578225
2612	8.653728267578225
2613	8.653728267578225
2614	8.653728267578225
2615	8.653728267578225
2616	8.653728267578225
2617	8.653728267578225
2618	8.653728267578225
2619	8.653728267578225
2620	8.653728267578225
2621	8.653728267578225
2622	8.653728267578225
2623	8.653728267578225
2624	8.653728267578225
2625	8.653728267578225
2626	8.653728267578225
2627	8.653728267578225
2628	8.653728267578225
2629	8.653728267578225
2630	8.653728267578225
2631	8.653728267578225
2632	8.653728267578225
