0	9.883312864025333
1	9.883312864025333
2	9.883312864025333
3	9.883312864025333
4	9.883312864025333
5	9.883312864025333
6	9.883312864025333
7	9.883312864025333
8	9.883312864025333
9	9.883312864025333
10	9.883312864025333
11	9.883312864025333
12	9.883312864025333
13	9.883312864025333
14	9.883312864025333
15	9.883312864025333
16	9.883312864025333
17	9.883312864025333
18	9.883312864025333
19	9.883312864025333
20	9.883312864025333
21	9.883312864025333
22	9.883312864025333
23	9.883312864025333
24	9.883312864025333
25	9.883312864025333
26	9.883312864025333
27	9.883312864025333
28	9.883312864025333
29	9.883312864025333
30	9.883312864025333
31	9.883312864025333
32	9.883312864025333
33	9.883312864025333
34	9.883312864025333
35	9.883312864025333
36	9.883312864025333
37	9.883312864025333
38	9.883312864025333
39	9.883312864025333
40	9.883312864025333
41	9.883312864025333
42	9.883312864025333
43	9.883312864025333
44	9.883312864025333
45	9.883312864025333
46	9.883312864025333
47	9.883312864025333
48	9.883312864025333
49	9.883312864025333
50	9.883312864025333
51	9.883312864025333
52	9.883312864025333
53	9.883312864025333
54	9.883312864025333
55	9.883312864025333
56	9.883312864025333
57	9.883312864025333
58	9.883312864025333
59	9.883312864025333
60	9.883312864025333
61	9.883312864025333
62	9.883312864025333
63	9.883312864025333
64	9.883312864025333
65	9.883312864025333
66	9.883312864025333
67	9.883312864025333
68	9.883312864025333
69	9.883312864025333
70	9.883312864025333
71	9.883312864025333
72	9.883312864025333
73	9.883312864025333
74	9.883312864025333
75	9.883312864025333
76	9.883312864025333
77	9.883312864025333
78	9.883312864025333
79	9.883312864025333
80	7.174792611164883
81	7.174792611164883
82	7.174792611164883
83	7.174792611164883
84	7.174792611164883
85	7.174792611164883
86	7.174792611164883
87	7.174792611164883
88	7.174792611164883
89	7.174792611164883
90	7.174792611164883
91	7.174792611164883
92	7.174792611164883
93	7.174792611164883
94	7.174792611164883
95	7.174792611164883
96	7.174792611164883
97	7.174792611164883
98	7.174792611164883
99	7.174792611164883
100	7.174792611164883
101	7.174792611164883
102	7.174792611164883
103	7.174792611164883
104	7.174792611164883
105	7.174792611164883
106	7.174792611164883
107	7.174792611164883
108	7.174792611164883
109	7.174792611164883
110	7.174792611164883
111	7.174792611164883
112	7.174792611164883
113	7.174792611164883
114	7.174792611164883
115	7.174792611164883
116	7.174792611164883
117	7.174792611164883
118	7.174792611164883
119	7.174792611164883
120	7.174792611164883
121	7.174792611164883
122	7.174792611164883
123	7.174792611164883
124	7.174792611164883
125	7.174792611164883
126	7.174792611164883
127	7.174792611164883
128	7.174792611164883
129	7.174792611164883
130	7.174792611164883
131	7.174792611164883
132	7.174792611164883
133	7.174792611164883
134	7.174792611164883
135	7.174792611164883
136	7.174792611164883
137	7.174792611164883
138	7.174792611164883
139	7.174792611164883
140	7.174792611164883
141	7.174792611164883
142	7.174792611164883
143	7.174792611164883
144	7.174792611164883
145	7.174792611164883
146	7.174792611164883
147	7.174792611164883
148	7.174792611164883
149	7.174792611164883
150	7.174792611164883
151	7.174792611164883
152	7.174792611164883
153	7.174792611164883
154	7.174792611164883
155	7.174792611164883
156	7.174792611164883
157	7.174792611164883
158	7.174792611164883
159	7.174792611164883
160	10.0
161	10.0
162	10.0
163	10.0
164	10.0
165	10.0
166	10.0
167	10.0
168	10.0
169	10.0
170	10.0
171	10.0
172	10.0
173	10.0
174	10.0
175	10.0
176	10.0
177	10.0
178	10.0
179	10.0
180	10.0
181	10.0
182	10.0
183	10.0
184	10.0
185	10.0
186	10.0
187	10.0
188	10.0
189	10.0
190	10.0
191	10.0
192	10.0
193	10.0
194	10.0
195	10.0
196	10.0
197	10.0
198	10.0
199	10.0
200	10.0
201	10.0
202	10.0
203	10.0
204	10.0
205	10.0
206	10.0
207	10.0
208	10.0
209	10.0
210	10.0
211	10.0
212	10.0
213	10.0
214	10.0
215	10.0
216	10.0
217	10.0
218	10.0
219	10.0
220	10.0
221	10.0
222	10.0
223	10.0
224	10.0
225	10.0
226	10.0
227	10.0
228	10.0
229	10.0
230	10.0
231	10.0
232	10.0
233	10.0
234	10.0
235	10.0
236	10.0
237	10.0
238	10.0
239	10.0
240	0.1
241	0.1
242	0.1
243	0.1
244	0.1
245	0.1
246	0.1
247	0.1
248	0.1
249	0.1
250	0.1
251	0.1
252	0.1
253	0.1
254	0.1
255	0.1
256	0.1
257	0.1
258	0.1
259	0.1
260	0.1
261	0.1
262	0.1
263	0.1
264	0.1
265	0.1
266	0.1
267	0.1
268	0.1
269	0.1
270	0.1
271	0.1
272	0.1
273	0.1
274	0.1
275	0.1
276	0.1
277	0.1
278	0.1
279	0.1
280	0.1
281	0.1
282	0.1
283	0.1
284	0.1
285	0.1
286	0.1
287	0.1
288	0.1
289	0.1
290	0.1
291	0.1
292	0.1
293	0.1
294	0.1
295	0.1
296	0.1
297	0.1
298	0.1
299	0.1
300	0.1
301	0.1
302	0.1
303	0.1
304	0.1
305	0.1
306	0.1
307	0.1
308	0.1
309	0.1
310	0.1
311	0.1
312	0.1
313	0.1
314	0.1
315	0.1
316	0.1
317	0.1
318	0.1
319	0.1
320	0.1
321	0.1
322	0.1
323	0.1
324	0.1
325	0.1
326	0.1
327	0.1
328	0.1
329	0.1
330	0.1
331	0.1
332	0.1
333	0.1
334	0.1
335	0.1
336	0.1
337	0.1
338	0.1
339	0.1
340	0.1
341	0.1
342	0.1
343	0.1
344	0.1
345	0.1
346	0.1
347	0.1
348	0.1
349	0.1
350	0.1
351	0.1
352	0.1
353	0.1
354	0.1
355	0.1
356	0.1
357	0.1
358	0.1
359	0.1
360	0.1
361	0.1
362	0.1
363	0.1
364	0.1
365	0.1
366	0.1
367	0.1
368	0.1
369	0.1
370	0.1
371	0.1
372	0.1
373	0.1
374	0.1
375	0.1
376	0.1
377	0.1
378	0.1
379	0.1
380	0.1
381	0.1
382	0.1
383	0.1
384	0.1
385	0.1
386	0.1
387	0.1
388	0.1
389	0.1
390	0.1
391	0.1
392	0.1
393	0.1
394	0.1
395	0.1
396	0.1
397	0.1
398	0.1
399	0.1
400	10.0
401	10.0
402	10.0
403	10.0
404	10.0
405	10.0
406	10.0
407	10.0
408	10.0
409	10.0
410	10.0
411	10.0
412	10.0
413	10.0
414	10.0
415	10.0
416	10.0
417	10.0
418	10.0
419	10.0
420	10.0
421	10.0
422	10.0
423	10.0
424	10.0
425	10.0
426	10.0
427	10.0
428	10.0
429	10.0
430	10.0
431	10.0
432	10.0
433	10.0
434	10.0
435	10.0
436	10.0
437	10.0
438	10.0
439	10.0
440	10.0
441	10.0
442	10.0
443	10.0
444	10.0
445	10.0
446	10.0
447	10.0
448	10.0
449	10.0
450	10.0
451	10.0
452	10.0
453	10.0
454	10.0
455	10.0
456	10.0
457	10.0
458	10.0
459	10.0
460	10.0
461	10.0
462	10.0
463	10.0
464	10.0
465	10.0
466	10.0
467	10.0
468	10.0
469	10.0
470	10.0
471	10.0
472	10.0
473	10.0
474	10.0
475	10.0
476	10.0
477	10.0
478	10.0
479	10.0
480	10.0
481	10.0
482	10.0
483	10.0
484	10.0
485	10.0
486	10.0
487	10.0
488	10.0
489	10.0
490	10.0
491	10.0
492	10.0
493	10.0
494	10.0
495	10.0
496	10.0
497	10.0
498	10.0
499	10.0
500	10.0
501	10.0
502	10.0
503	10.0
504	10.0
505	10.0
506	10.0
507	10.0
508	10.0
509	10.0
510	10.0
511	10.0
512	10.0
513	10.0
514	10.0
515	10.0
516	10.0
517	10.0
518	10.0
519	10.0
520	10.0
521	10.0
522	10.0
523	10.0
524	10.0
525	10.0
526	10.0
527	10.0
528	10.0
529	10.0
530	10.0
531	10.0
532	10.0
533	10.0
534	10.0
535	10.0
536	10.0
537	10.0
538	10.0
539	10.0
540	10.0
541	10.0
542	10.0
543	10.0
544	10.0
545	10.0
546	10.0
547	10.0
548	10.0
549	10.0
550	10.0
551	10.0
552	10.0
553	10.0
554	10.0
555	10.0
556	10.0
557	10.0
558	10.0
559	10.0
560	10.0
561	10.0
562	10.0
563	10.0
564	10.0
565	10.0
566	10.0
567	10.0
568	10.0
569	10.0
570	10.0
571	10.0
572	10.0
573	10.0
574	10.0
575	10.0
576	10.0
577	10.0
578	10.0
579	10.0
580	10.0
581	10.0
582	10.0
583	10.0
584	10.0
585	10.0
586	10.0
587	10.0
588	10.0
589	10.0
590	10.0
591	10.0
592	10.0
593	10.0
594	10.0
595	10.0
596	10.0
597	10.0
598	10.0
599	10.0
600	10.0
601	10.0
602	10.0
603	10.0
604	10.0
605	10.0
606	10.0
607	10.0
608	10.0
609	10.0
610	10.0
611	10.0
612	10.0
613	10.0
614	10.0
615	10.0
616	10.0
617	10.0
618	10.0
619	10.0
620	10.0
621	10.0
622	10.0
623	10.0
624	10.0
625	10.0
626	10.0
627	10.0
628	10.0
629	10.0
630	10.0
631	10.0
632	10.0
633	10.0
634	10.0
635	10.0
636	10.0
637	10.0
638	10.0
639	10.0
640	10.0
641	10.0
642	10.0
643	10.0
644	10.0
645	10.0
646	10.0
647	10.0
648	10.0
649	10.0
650	10.0
651	10.0
652	10.0
653	10.0
654	10.0
655	10.0
656	10.0
657	10.0
658	10.0
659	10.0
660	10.0
661	10.0
662	10.0
663	10.0
664	10.0
665	10.0
666	10.0
667	10.0
668	10.0
669	10.0
670	10.0
671	10.0
672	10.0
673	10.0
674	10.0
675	10.0
676	10.0
677	10.0
678	10.0
679	10.0
680	10.0
681	10.0
682	10.0
683	10.0
684	10.0
685	10.0
686	10.0
687	10.0
688	10.0
689	10.0
690	10.0
691	10.0
692	10.0
693	10.0
694	10.0
695	10.0
696	10.0
697	10.0
698	10.0
699	10.0
700	10.0
701	10.0
702	10.0
703	10.0
704	10.0
705	10.0
706	10.0
707	10.0
708	10.0
709	10.0
710	10.0
711	10.0
712	10.0
713	10.0
714	10.0
715	10.0
716	10.0
717	10.0
718	10.0
719	10.0
720	10.0
721	10.0
722	10.0
723	10.0
724	10.0
725	10.0
726	10.0
727	10.0
728	10.0
729	10.0
730	10.0
731	10.0
732	10.0
733	10.0
734	10.0
735	10.0
736	10.0
737	10.0
738	10.0
739	10.0
740	10.0
741	10.0
742	10.0
743	10.0
744	10.0
745	10.0
746	10.0
747	10.0
748	10.0
749	10.0
750	10.0
751	10.0
752	10.0
753	10.0
754	10.0
755	10.0
756	10.0
757	10.0
758	10.0
759	10.0
760	10.0
761	10.0
762	10.0
763	10.0
764	10.0
765	10.0
766	10.0
767	10.0
768	10.0
769	10.0
770	10.0
771	10.0
772	10.0
773	10.0
774	10.0
775	10.0
776	10.0
777	10.0
778	10.0
779	10.0
780	10.0
781	10.0
782	10.0
783	10.0
784	10.0
785	10.0
786	10.0
787	10.0
788	10.0
789	10.0
790	10.0
791	10.0
792	10.0
793	10.0
794	10.0
795	10.0
796	10.0
797	10.0
798	10.0
799	10.0
800	10.0
801	10.0
802	10.0
803	10.0
804	10.0
805	10.0
806	10.0
807	10.0
808	10.0
809	10.0
810	10.0
811	10.0
812	10.0
813	10.0
814	10.0
815	10.0
816	10.0
817	10.0
818	10.0
819	10.0
820	10.0
821	10.0
822	10.0
823	10.0
824	10.0
825	10.0
826	10.0
827	10.0
828	10.0
829	10.0
830	10.0
831	10.0
832	10.0
833	10.0
834	10.0
835	10.0
836	10.0
837	10.0
838	10.0
839	10.0
840	10.0
841	10.0
842	10.0
843	10.0
844	10.0
845	10.0
846	10.0
847	10.0
848	10.0
849	10.0
850	10.0
851	10.0
852	10.0
853	10.0
854	10.0
855	10.0
856	10.0
857	10.0
858	10.0
859	10.0
860	10.0
861	10.0
862	10.0
863	10.0
864	10.0
865	10.0
866	10.0
867	10.0
868	10.0
869	10.0
870	10.0
871	10.0
872	10.0
873	10.0
874	10.0
875	10.0
876	10.0
877	10.0
878	10.0
879	10.0
880	0.1
881	0.1
882	0.1
883	0.1
884	0.1
885	0.1
886	0.1
887	0.1
888	0.1
889	0.1
890	0.1
891	0.1
892	0.1
893	0.1
894	0.1
895	0.1
896	0.1
897	0.1
898	0.1
899	0.1
900	0.1
901	0.1
902	0.1
903	0.1
904	0.1
905	0.1
906	0.1
907	0.1
908	0.1
909	0.1
910	0.1
911	0.1
912	0.1
913	0.1
914	0.1
915	0.1
916	0.1
917	0.1
918	0.1
919	0.1
920	0.1
921	0.1
922	0.1
923	0.1
924	0.1
925	0.1
926	0.1
927	0.1
928	0.1
929	0.1
930	0.1
931	0.1
932	0.1
933	0.1
934	0.1
935	0.1
936	0.1
937	0.1
938	0.1
939	0.1
940	0.1
941	0.1
942	0.1
943	0.1
944	0.1
945	0.1
946	0.1
947	0.1
948	0.1
949	0.1
950	0.1
951	0.1
952	0.1
953	0.1
954	0.1
955	0.1
956	0.1
957	0.1
958	0.1
959	0.1
960	10.0
961	10.0
962	10.0
963	10.0
964	10.0
965	10.0
966	10.0
967	10.0
968	10.0
969	10.0
970	10.0
971	10.0
972	10.0
973	10.0
974	10.0
975	10.0
976	10.0
977	10.0
978	10.0
979	10.0
980	10.0
981	10.0
982	10.0
983	10.0
984	10.0
985	10.0
986	10.0
987	10.0
988	10.0
989	10.0
990	10.0
991	10.0
992	10.0
993	10.0
994	10.0
995	10.0
996	10.0
997	10.0
998	10.0
999	10.0
1000	10.0
1001	10.0
1002	10.0
1003	10.0
1004	10.0
1005	10.0
1006	10.0
1007	10.0
1008	10.0
1009	10.0
1010	10.0
1011	10.0
1012	10.0
1013	10.0
1014	10.0
1015	10.0
1016	10.0
1017	10.0
1018	10.0
1019	10.0
1020	10.0
1021	10.0
1022	10.0
1023	10.0
1024	10.0
1025	10.0
1026	10.0
1027	10.0
1028	10.0
1029	10.0
1030	10.0
1031	10.0
1032	10.0
1033	10.0
1034	10.0
1035	10.0
1036	10.0
1037	10.0
1038	10.0
1039	10.0
1040	8.772771983102619
1041	8.772771983102619
1042	8.772771983102619
1043	8.772771983102619
1044	8.772771983102619
1045	8.772771983102619
1046	8.772771983102619
1047	8.772771983102619
1048	8.772771983102619
1049	8.772771983102619
1050	8.772771983102619
1051	8.772771983102619
1052	8.772771983102619
1053	8.772771983102619
1054	8.772771983102619
1055	8.772771983102619
1056	8.772771983102619
1057	8.772771983102619
1058	8.772771983102619
1059	8.772771983102619
1060	8.772771983102619
1061	8.772771983102619
1062	8.772771983102619
1063	8.772771983102619
1064	8.772771983102619
1065	8.772771983102619
1066	8.772771983102619
1067	8.772771983102619
1068	8.772771983102619
1069	8.772771983102619
1070	8.772771983102619
1071	8.772771983102619
1072	8.772771983102619
1073	8.772771983102619
1074	8.772771983102619
1075	8.772771983102619
1076	8.772771983102619
1077	8.772771983102619
1078	8.772771983102619
1079	8.772771983102619
1080	8.772771983102619
1081	8.772771983102619
1082	8.772771983102619
1083	8.772771983102619
1084	8.772771983102619
1085	8.772771983102619
1086	8.772771983102619
1087	8.772771983102619
1088	8.772771983102619
1089	8.772771983102619
1090	8.772771983102619
1091	8.772771983102619
1092	8.772771983102619
1093	8.772771983102619
1094	8.772771983102619
1095	8.772771983102619
1096	8.772771983102619
1097	8.772771983102619
1098	8.772771983102619
1099	8.772771983102619
1100	8.772771983102619
1101	8.772771983102619
1102	8.772771983102619
1103	8.772771983102619
1104	8.772771983102619
1105	8.772771983102619
1106	8.772771983102619
1107	8.772771983102619
1108	8.772771983102619
1109	8.772771983102619
1110	8.772771983102619
1111	8.772771983102619
1112	8.772771983102619
1113	8.772771983102619
1114	8.772771983102619
1115	8.772771983102619
1116	8.772771983102619
1117	8.772771983102619
1118	8.772771983102619
1119	8.772771983102619
1120	7.54282674121027
1121	7.54282674121027
1122	7.54282674121027
1123	7.54282674121027
1124	7.54282674121027
1125	7.54282674121027
1126	7.54282674121027
1127	7.54282674121027
1128	7.54282674121027
1129	7.54282674121027
1130	7.54282674121027
1131	7.54282674121027
1132	7.54282674121027
1133	7.54282674121027
1134	7.54282674121027
1135	7.54282674121027
1136	7.54282674121027
1137	7.54282674121027
1138	7.54282674121027
1139	7.54282674121027
1140	7.54282674121027
1141	7.54282674121027
1142	7.54282674121027
1143	7.54282674121027
1144	7.54282674121027
1145	7.54282674121027
1146	7.54282674121027
1147	7.54282674121027
1148	7.54282674121027
1149	7.54282674121027
1150	7.54282674121027
1151	7.54282674121027
1152	7.54282674121027
1153	7.54282674121027
1154	7.54282674121027
1155	7.54282674121027
1156	7.54282674121027
1157	7.54282674121027
1158	7.54282674121027
1159	7.54282674121027
1160	7.54282674121027
1161	7.54282674121027
1162	7.54282674121027
1163	7.54282674121027
1164	7.54282674121027
1165	7.54282674121027
1166	7.54282674121027
1167	7.54282674121027
1168	7.54282674121027
1169	7.54282674121027
1170	7.54282674121027
1171	7.54282674121027
1172	7.54282674121027
1173	7.54282674121027
1174	7.54282674121027
1175	7.54282674121027
1176	7.54282674121027
1177	7.54282674121027
1178	7.54282674121027
1179	7.54282674121027
1180	7.54282674121027
1181	7.54282674121027
1182	7.54282674121027
1183	7.54282674121027
1184	7.54282674121027
1185	7.54282674121027
1186	7.54282674121027
1187	7.54282674121027
1188	7.54282674121027
1189	7.54282674121027
1190	7.54282674121027
1191	7.54282674121027
1192	7.54282674121027
1193	7.54282674121027
1194	7.54282674121027
1195	7.54282674121027
1196	7.54282674121027
1197	7.54282674121027
1198	7.54282674121027
1199	7.54282674121027
1200	10.0
1201	10.0
1202	10.0
1203	10.0
1204	10.0
1205	10.0
1206	10.0
1207	10.0
1208	10.0
1209	10.0
1210	10.0
1211	10.0
1212	10.0
1213	10.0
1214	10.0
1215	10.0
1216	10.0
1217	10.0
1218	10.0
1219	10.0
1220	10.0
1221	10.0
1222	10.0
1223	10.0
1224	10.0
1225	10.0
1226	10.0
1227	10.0
1228	10.0
1229	10.0
1230	10.0
1231	10.0
1232	10.0
1233	10.0
1234	10.0
1235	10.0
1236	10.0
1237	10.0
1238	10.0
1239	10.0
1240	10.0
1241	10.0
1242	10.0
1243	10.0
1244	10.0
1245	10.0
1246	10.0
1247	10.0
1248	10.0
1249	10.0
1250	10.0
1251	10.0
1252	10.0
1253	10.0
1254	10.0
1255	10.0
1256	10.0
1257	10.0
1258	10.0
1259	10.0
1260	10.0
1261	10.0
1262	10.0
1263	10.0
1264	10.0
1265	10.0
1266	10.0
1267	10.0
1268	10.0
1269	10.0
1270	10.0
1271	10.0
1272	10.0
1273	10.0
1274	10.0
1275	10.0
1276	10.0
1277	10.0
1278	10.0
1279	10.0
1280	6.209926392585264
1281	6.209926392585264
1282	6.209926392585264
1283	6.209926392585264
1284	6.209926392585264
1285	6.209926392585264
1286	6.209926392585264
1287	6.209926392585264
1288	6.209926392585264
1289	6.209926392585264
1290	6.209926392585264
1291	6.209926392585264
1292	6.209926392585264
1293	6.209926392585264
1294	6.209926392585264
1295	6.209926392585264
1296	6.209926392585264
1297	6.209926392585264
1298	6.209926392585264
1299	6.209926392585264
1300	6.209926392585264
1301	6.209926392585264
1302	6.209926392585264
1303	6.209926392585264
1304	6.209926392585264
1305	6.209926392585264
1306	6.209926392585264
1307	6.209926392585264
1308	6.209926392585264
1309	6.209926392585264
1310	6.209926392585264
1311	6.209926392585264
1312	6.209926392585264
1313	6.209926392585264
1314	6.209926392585264
1315	6.209926392585264
1316	6.209926392585264
1317	6.209926392585264
1318	6.209926392585264
1319	6.209926392585264
1320	6.209926392585264
1321	6.209926392585264
1322	6.209926392585264
1323	6.209926392585264
1324	6.209926392585264
1325	6.209926392585264
1326	6.209926392585264
1327	6.209926392585264
1328	6.209926392585264
1329	6.209926392585264
1330	6.209926392585264
1331	6.209926392585264
1332	6.209926392585264
1333	6.209926392585264
1334	6.209926392585264
1335	6.209926392585264
1336	6.209926392585264
