0	10.0
1	10.0
2	10.0
3	10.0
4	10.0
5	10.0
6	10.0
7	10.0
8	10.0
9	10.0
10	10.0
11	10.0
12	10.0
13	10.0
14	10.0
15	10.0
16	10.0
17	10.0
18	10.0
19	10.0
20	10.0
21	10.0
22	10.0
23	10.0
24	10.0
25	10.0
26	10.0
27	10.0
28	10.0
29	10.0
30	9.592037905164952
31	9.592037905164952
32	9.592037905164952
33	9.592037905164952
34	9.592037905164952
35	9.592037905164952
36	9.592037905164952
37	9.592037905164952
38	9.592037905164952
39	9.592037905164952
40	9.592037905164952
41	9.592037905164952
42	9.592037905164952
43	9.592037905164952
44	9.592037905164952
45	9.592037905164952
46	9.592037905164952
47	9.592037905164952
48	9.592037905164952
49	9.592037905164952
50	9.592037905164952
51	9.592037905164952
52	9.592037905164952
53	9.592037905164952
54	9.592037905164952
55	9.592037905164952
56	9.592037905164952
57	9.592037905164952
58	9.592037905164952
59	9.592037905164952
60	9.853022781719375
61	9.853022781719375
62	9.853022781719375
63	9.853022781719375
64	9.853022781719375
65	9.853022781719375
66	9.853022781719375
67	9.853022781719375
68	9.853022781719375
69	9.853022781719375
70	9.853022781719375
71	9.853022781719375
72	9.853022781719375
73	9.853022781719375
74	9.853022781719375
75	9.853022781719375
76	9.853022781719375
77	9.853022781719375
78	9.853022781719375
79	9.853022781719375
80	9.853022781719375
81	9.853022781719375
82	9.853022781719375
83	9.853022781719375
84	9.853022781719375
85	9.853022781719375
86	9.853022781719375
87	9.853022781719375
88	9.853022781719375
89	9.853022781719375
90	10.0
91	10.0
92	10.0
93	10.0
94	10.0
95	10.0
96	10.0
97	10.0
98	10.0
99	10.0
100	10.0
101	10.0
102	10.0
103	10.0
104	10.0
105	10.0
106	10.0
107	10.0
108	10.0
109	10.0
110	10.0
111	10.0
112	10.0
113	10.0
114	10.0
115	10.0
116	10.0
117	10.0
118	10.0
119	10.0
120	7.93286150671453
121	7.93286150671453
122	7.93286150671453
123	7.93286150671453
124	7.93286150671453
125	7.93286150671453
126	7.93286150671453
127	7.93286150671453
128	7.93286150671453
129	7.93286150671453
130	7.93286150671453
131	7.93286150671453
132	7.93286150671453
133	7.93286150671453
134	7.93286150671453
135	7.93286150671453
136	7.93286150671453
137	7.93286150671453
138	7.93286150671453
139	7.93286150671453
140	7.93286150671453
141	7.93286150671453
142	7.93286150671453
143	7.93286150671453
144	7.93286150671453
145	7.93286150671453
146	7.93286150671453
147	7.93286150671453
148	7.93286150671453
149	7.93286150671453
150	9.720402824573707
151	9.720402824573707
152	9.720402824573707
153	9.720402824573707
154	9.720402824573707
155	9.720402824573707
156	9.720402824573707
157	9.720402824573707
158	9.720402824573707
159	9.720402824573707
160	9.720402824573707
161	9.720402824573707
162	9.720402824573707
163	9.720402824573707
164	9.720402824573707
165	9.720402824573707
166	9.720402824573707
167	9.720402824573707
168	9.720402824573707
169	9.720402824573707
170	9.720402824573707
171	9.720402824573707
172	9.720402824573707
173	9.720402824573707
174	9.720402824573707
175	9.720402824573707
176	9.720402824573707
177	9.720402824573707
178	9.720402824573707
179	9.720402824573707
180	8.713852053096291
181	8.713852053096291
182	8.713852053096291
183	8.713852053096291
184	8.713852053096291
185	8.713852053096291
186	8.713852053096291
187	8.713852053096291
188	8.713852053096291
189	8.713852053096291
190	8.713852053096291
191	8.713852053096291
192	8.713852053096291
193	8.713852053096291
194	8.713852053096291
195	8.713852053096291
196	8.713852053096291
197	8.713852053096291
198	8.713852053096291
199	8.713852053096291
200	8.713852053096291
201	8.713852053096291
202	8.713852053096291
203	8.713852053096291
204	8.713852053096291
205	8.713852053096291
206	8.713852053096291
207	8.713852053096291
208	8.713852053096291
209	8.713852053096291
210	10.0
211	10.0
212	10.0
213	10.0
214	10.0
215	10.0
216	10.0
217	10.0
218	10.0
219	10.0
220	10.0
221	10.0
222	10.0
223	10.0
224	10.0
225	10.0
226	10.0
227	10.0
228	10.0
229	10.0
230	10.0
231	10.0
232	10.0
233	10.0
234	10.0
235	10.0
236	10.0
237	10.0
238	10.0
239	10.0
240	9.164207414268663
241	9.164207414268663
242	9.164207414268663
243	9.164207414268663
244	9.164207414268663
245	9.164207414268663
246	9.164207414268663
247	9.164207414268663
248	9.164207414268663
249	9.164207414268663
250	9.164207414268663
251	9.164207414268663
252	9.164207414268663
253	9.164207414268663
254	9.164207414268663
255	9.164207414268663
256	9.164207414268663
257	9.164207414268663
258	9.164207414268663
259	9.164207414268663
260	9.164207414268663
261	9.164207414268663
262	9.164207414268663
263	9.164207414268663
264	9.164207414268663
265	9.164207414268663
266	9.164207414268663
267	9.164207414268663
268	9.164207414268663
269	9.164207414268663
270	10.0
271	10.0
272	10.0
273	10.0
274	10.0
275	10.0
276	10.0
277	10.0
278	10.0
279	10.0
280	10.0
281	10.0
282	10.0
283	10.0
284	10.0
285	10.0
286	10.0
287	10.0
288	10.0
289	10.0
290	10.0
291	10.0
292	10.0
293	10.0
294	10.0
295	10.0
296	10.0
297	10.0
298	10.0
299	10.0
300	9.84917596576923
301	9.84917596576923
302	9.84917596576923
303	9.84917596576923
304	9.84917596576923
305	9.84917596576923
306	9.84917596576923
307	9.84917596576923
308	9.84917596576923
309	9.84917596576923
310	9.84917596576923
311	9.84917596576923
312	9.84917596576923
313	9.84917596576923
314	9.84917596576923
315	9.84917596576923
316	9.84917596576923
317	9.84917596576923
318	9.84917596576923
319	9.84917596576923
320	9.84917596576923
321	9.84917596576923
322	9.84917596576923
323	9.84917596576923
324	9.84917596576923
325	9.84917596576923
326	9.84917596576923
327	9.84917596576923
328	9.84917596576923
329	9.84917596576923
330	10.0
331	10.0
332	10.0
333	10.0
334	10.0
335	10.0
336	10.0
337	10.0
338	10.0
339	10.0
340	10.0
341	10.0
342	10.0
343	10.0
344	10.0
345	10.0
346	10.0
347	10.0
348	10.0
349	10.0
350	10.0
351	10.0
352	10.0
353	10.0
354	10.0
355	10.0
356	10.0
357	10.0
358	10.0
359	10.0
360	10.0
361	10.0
362	10.0
363	10.0
364	10.0
365	10.0
366	10.0
367	10.0
368	10.0
369	10.0
370	10.0
371	10.0
372	10.0
373	10.0
374	10.0
375	10.0
376	10.0
377	10.0
378	10.0
379	10.0
380	10.0
381	10.0
382	10.0
383	10.0
384	10.0
385	10.0
386	10.0
387	10.0
388	10.0
389	10.0
390	9.181591173273269
391	9.181591173273269
392	9.181591173273269
393	9.181591173273269
394	9.181591173273269
395	9.181591173273269
396	9.181591173273269
397	9.181591173273269
398	9.181591173273269
399	9.181591173273269
400	9.181591173273269
401	9.181591173273269
402	9.181591173273269
403	9.181591173273269
404	9.181591173273269
405	9.181591173273269
406	9.181591173273269
407	9.181591173273269
408	9.181591173273269
409	9.181591173273269
410	9.181591173273269
411	9.181591173273269
412	9.181591173273269
413	9.181591173273269
414	9.181591173273269
415	9.181591173273269
416	9.181591173273269
417	9.181591173273269
418	9.181591173273269
419	9.181591173273269
420	9.39132035095719
421	9.39132035095719
422	9.39132035095719
423	9.39132035095719
424	9.39132035095719
425	9.39132035095719
426	9.39132035095719
427	9.39132035095719
428	9.39132035095719
429	9.39132035095719
430	9.39132035095719
431	9.39132035095719
432	9.39132035095719
433	9.39132035095719
434	9.39132035095719
435	9.39132035095719
436	9.39132035095719
437	9.39132035095719
438	9.39132035095719
439	9.39132035095719
440	9.39132035095719
441	9.39132035095719
442	9.39132035095719
443	9.39132035095719
444	9.39132035095719
445	9.39132035095719
446	9.39132035095719
447	9.39132035095719
448	9.39132035095719
449	9.39132035095719
450	10.0
451	10.0
452	10.0
453	10.0
454	10.0
455	10.0
456	10.0
457	10.0
458	10.0
459	10.0
460	10.0
461	10.0
462	10.0
463	10.0
464	10.0
465	10.0
466	10.0
467	10.0
468	10.0
469	10.0
470	10.0
471	10.0
472	10.0
473	10.0
474	10.0
475	10.0
476	10.0
477	10.0
478	10.0
479	10.0
480	10.0
481	10.0
482	10.0
483	10.0
484	10.0
485	10.0
486	10.0
487	10.0
488	10.0
489	10.0
490	10.0
491	10.0
492	10.0
493	10.0
494	10.0
495	10.0
496	10.0
497	10.0
498	10.0
499	10.0
500	10.0
501	10.0
502	10.0
503	10.0
504	10.0
505	10.0
506	10.0
507	10.0
508	10.0
509	10.0
510	7.94516570336073
511	7.94516570336073
512	7.94516570336073
513	7.94516570336073
514	7.94516570336073
515	7.94516570336073
516	7.94516570336073
517	7.94516570336073
518	7.94516570336073
519	7.94516570336073
520	7.94516570336073
521	7.94516570336073
522	7.94516570336073
523	7.94516570336073
524	7.94516570336073
525	7.94516570336073
526	7.94516570336073
527	7.94516570336073
528	7.94516570336073
529	7.94516570336073
530	7.94516570336073
531	7.94516570336073
532	7.94516570336073
533	7.94516570336073
534	7.94516570336073
535	7.94516570336073
536	7.94516570336073
537	7.94516570336073
538	7.94516570336073
539	7.94516570336073
540	9.483119009118619
541	9.483119009118619
542	9.483119009118619
543	9.483119009118619
544	9.483119009118619
545	9.483119009118619
546	9.483119009118619
547	9.483119009118619
548	9.483119009118619
549	9.483119009118619
550	9.483119009118619
551	9.483119009118619
552	9.483119009118619
553	9.483119009118619
554	9.483119009118619
555	9.483119009118619
556	9.483119009118619
557	9.483119009118619
558	9.483119009118619
559	9.483119009118619
560	9.483119009118619
561	9.483119009118619
562	9.483119009118619
563	9.483119009118619
564	9.483119009118619
565	9.483119009118619
566	9.483119009118619
567	9.483119009118619
568	9.483119009118619
569	9.483119009118619
570	10.0
571	10.0
572	10.0
573	10.0
574	10.0
575	10.0
576	10.0
577	10.0
578	10.0
579	10.0
580	10.0
581	10.0
582	10.0
583	10.0
584	10.0
585	10.0
586	10.0
587	10.0
588	10.0
589	10.0
590	10.0
591	10.0
592	10.0
593	10.0
594	10.0
595	10.0
596	10.0
597	10.0
598	10.0
599	10.0
600	10.0
601	10.0
602	10.0
603	10.0
604	10.0
605	10.0
606	10.0
607	10.0
608	10.0
609	10.0
610	10.0
611	10.0
612	10.0
613	10.0
614	10.0
615	10.0
616	10.0
617	10.0
618	10.0
619	10.0
620	10.0
621	10.0
622	10.0
623	10.0
624	10.0
625	10.0
626	10.0
627	10.0
628	10.0
629	10.0
630	10.0
631	10.0
632	10.0
633	10.0
634	10.0
635	10.0
636	10.0
637	10.0
638	10.0
639	10.0
640	10.0
641	10.0
642	10.0
643	10.0
644	10.0
645	10.0
646	10.0
647	10.0
648	10.0
649	10.0
650	10.0
651	10.0
652	10.0
653	10.0
654	10.0
655	10.0
656	10.0
657	10.0
658	10.0
659	10.0
660	10.0
661	10.0
662	10.0
663	10.0
664	10.0
665	10.0
666	10.0
667	10.0
668	10.0
669	10.0
670	10.0
671	10.0
672	10.0
673	10.0
674	10.0
675	10.0
676	10.0
677	10.0
678	10.0
679	10.0
680	10.0
681	10.0
682	10.0
683	10.0
684	10.0
685	10.0
686	10.0
687	10.0
688	10.0
689	10.0
690	10.0
691	10.0
692	10.0
693	10.0
694	10.0
695	10.0
696	10.0
697	10.0
698	10.0
699	10.0
700	10.0
701	10.0
702	10.0
703	10.0
704	10.0
705	10.0
706	10.0
707	10.0
708	10.0
709	10.0
710	10.0
711	10.0
712	10.0
713	10.0
714	10.0
715	10.0
716	10.0
717	10.0
718	10.0
719	10.0
720	8.598778962099434
721	8.598778962099434
722	8.598778962099434
723	8.598778962099434
724	8.598778962099434
725	8.598778962099434
726	8.598778962099434
727	8.598778962099434
728	8.598778962099434
729	8.598778962099434
730	8.598778962099434
731	8.598778962099434
732	8.598778962099434
733	8.598778962099434
734	8.598778962099434
735	8.598778962099434
736	8.598778962099434
737	8.598778962099434
738	8.598778962099434
739	8.598778962099434
740	8.598778962099434
741	8.598778962099434
742	8.598778962099434
743	8.598778962099434
744	8.598778962099434
745	8.598778962099434
746	8.598778962099434
747	8.598778962099434
748	8.598778962099434
749	8.598778962099434
750	10.0
751	10.0
752	10.0
753	10.0
754	10.0
755	10.0
756	10.0
757	10.0
758	10.0
759	10.0
760	10.0
761	10.0
762	10.0
763	10.0
764	10.0
765	10.0
766	10.0
767	10.0
768	10.0
769	10.0
770	10.0
771	10.0
772	10.0
773	10.0
774	10.0
775	10.0
776	10.0
777	10.0
778	10.0
779	10.0
780	7.735137689668834
781	7.735137689668834
782	7.735137689668834
783	7.735137689668834
784	7.735137689668834
785	7.735137689668834
786	7.735137689668834
787	7.735137689668834
788	7.735137689668834
789	7.735137689668834
790	7.735137689668834
791	7.735137689668834
792	7.735137689668834
793	7.735137689668834
794	7.735137689668834
795	7.735137689668834
796	7.735137689668834
797	7.735137689668834
798	7.735137689668834
799	7.735137689668834
800	7.735137689668834
801	7.735137689668834
802	7.735137689668834
803	7.735137689668834
804	7.735137689668834
805	7.735137689668834
806	7.735137689668834
807	7.735137689668834
808	7.735137689668834
809	7.735137689668834
810	7.9485349963794505
811	7.9485349963794505
812	7.9485349963794505
813	7.9485349963794505
814	7.9485349963794505
815	7.9485349963794505
816	7.9485349963794505
817	7.9485349963794505
818	10.0
819	10.0
820	10.0
821	10.0
822	10.0
823	10.0
824	10.0
825	10.0
826	10.0
827	10.0
828	10.0
829	10.0
830	10.0
831	10.0
832	10.0
833	10.0
834	10.0
835	10.0
836	10.0
837	10.0
838	10.0
839	10.0
840	10.0
841	10.0
842	10.0
843	10.0
844	10.0
845	10.0
846	10.0
847	10.0
848	10.0
849	10.0
850	10.0
851	10.0
852	10.0
853	10.0
854	10.0
855	10.0
856	10.0
857	10.0
858	10.0
859	10.0
860	10.0
861	10.0
862	10.0
863	10.0
864	10.0
865	10.0
866	10.0
867	10.0
868	10.0
869	10.0
870	10.0
871	10.0
872	10.0
873	10.0
874	10.0
875	10.0
876	10.0
877	10.0
878	10.0
879	10.0
880	10.0
881	10.0
882	10.0
883	10.0
884	10.0
885	10.0
886	10.0
887	10.0
888	10.0
889	10.0
890	10.0
891	10.0
892	10.0
893	10.0
894	10.0
895	10.0
896	10.0
897	10.0
898	10.0
899	10.0
900	10.0
901	10.0
902	10.0
903	10.0
904	10.0
905	10.0
906	10.0
907	10.0
908	10.0
909	10.0
910	10.0
911	10.0
912	10.0
913	10.0
914	10.0
915	10.0
916	10.0
917	10.0
918	10.0
919	10.0
920	10.0
921	10.0
922	10.0
923	10.0
924	10.0
925	10.0
926	10.0
927	10.0
928	10.0
929	10.0
930	10.0
931	10.0
932	10.0
933	10.0
934	10.0
935	10.0
936	10.0
937	10.0
938	4.298274822935821
939	4.298274822935821
940	4.298274822935821
941	4.298274822935821
942	4.298274822935821
943	4.298274822935821
944	4.298274822935821
945	4.298274822935821
946	4.298274822935821
947	4.298274822935821
948	4.298274822935821
949	4.298274822935821
950	4.298274822935821
951	4.298274822935821
952	4.298274822935821
953	4.298274822935821
954	4.298274822935821
955	4.298274822935821
956	4.298274822935821
957	4.298274822935821
958	4.298274822935821
959	4.298274822935821
960	4.298274822935821
961	4.298274822935821
962	4.298274822935821
963	4.298274822935821
964	4.298274822935821
965	4.298274822935821
966	4.298274822935821
967	4.298274822935821
968	8.12063021703288
969	8.12063021703288
970	8.12063021703288
971	8.12063021703288
972	8.12063021703288
973	8.12063021703288
974	8.12063021703288
975	8.12063021703288
976	8.12063021703288
977	8.12063021703288
978	8.12063021703288
979	8.12063021703288
980	8.12063021703288
981	8.12063021703288
982	8.12063021703288
983	8.12063021703288
984	8.12063021703288
985	8.12063021703288
986	8.12063021703288
987	8.12063021703288
988	8.12063021703288
989	8.12063021703288
990	8.12063021703288
991	8.12063021703288
992	8.12063021703288
993	8.12063021703288
994	8.12063021703288
995	8.12063021703288
996	8.12063021703288
997	8.12063021703288
998	6.841821275720881
999	6.841821275720881
1000	6.841821275720881
1001	6.841821275720881
1002	6.841821275720881
1003	6.841821275720881
1004	6.841821275720881
1005	6.841821275720881
1006	6.841821275720881
1007	6.841821275720881
1008	6.841821275720881
1009	6.841821275720881
1010	6.841821275720881
1011	6.841821275720881
1012	6.841821275720881
1013	6.841821275720881
1014	6.841821275720881
1015	6.841821275720881
1016	6.841821275720881
1017	6.841821275720881
1018	6.841821275720881
1019	6.841821275720881
1020	6.841821275720881
1021	6.841821275720881
1022	6.841821275720881
1023	6.841821275720881
1024	6.841821275720881
1025	6.841821275720881
1026	6.841821275720881
1027	6.841821275720881
1028	10.0
1029	10.0
1030	10.0
1031	10.0
1032	10.0
1033	10.0
1034	10.0
1035	10.0
1036	10.0
1037	10.0
1038	10.0
1039	10.0
1040	10.0
1041	10.0
1042	10.0
1043	10.0
1044	10.0
1045	10.0
1046	10.0
1047	10.0
1048	10.0
1049	10.0
1050	10.0
1051	10.0
1052	10.0
1053	10.0
1054	10.0
1055	10.0
1056	10.0
1057	10.0
1058	9.230355191942294
1059	9.230355191942294
1060	9.230355191942294
1061	9.230355191942294
1062	9.230355191942294
1063	9.230355191942294
1064	9.230355191942294
1065	9.230355191942294
1066	9.230355191942294
1067	9.230355191942294
1068	9.230355191942294
1069	9.230355191942294
1070	9.230355191942294
1071	9.230355191942294
1072	9.230355191942294
1073	9.230355191942294
1074	9.230355191942294
1075	9.230355191942294
1076	9.230355191942294
1077	9.230355191942294
1078	9.230355191942294
1079	9.230355191942294
1080	9.230355191942294
1081	9.230355191942294
1082	9.230355191942294
1083	9.230355191942294
1084	9.230355191942294
1085	9.230355191942294
1086	9.230355191942294
1087	9.230355191942294
1088	10.0
1089	10.0
1090	10.0
1091	10.0
1092	10.0
1093	10.0
1094	10.0
1095	10.0
1096	10.0
1097	10.0
1098	10.0
1099	10.0
1100	10.0
1101	10.0
1102	10.0
1103	10.0
1104	10.0
1105	10.0
1106	10.0
1107	10.0
1108	10.0
1109	10.0
1110	10.0
1111	10.0
1112	10.0
1113	10.0
1114	10.0
1115	10.0
1116	10.0
1117	10.0
1118	9.65886254085594
1119	9.65886254085594
1120	9.65886254085594
1121	9.65886254085594
1122	9.65886254085594
1123	9.65886254085594
1124	9.65886254085594
1125	9.65886254085594
1126	9.65886254085594
1127	9.65886254085594
1128	9.65886254085594
1129	9.65886254085594
1130	9.65886254085594
1131	9.65886254085594
1132	9.65886254085594
1133	9.65886254085594
1134	9.65886254085594
1135	9.65886254085594
1136	9.65886254085594
1137	9.65886254085594
1138	9.65886254085594
1139	9.65886254085594
1140	9.65886254085594
1141	9.65886254085594
1142	9.65886254085594
1143	9.65886254085594
1144	9.65886254085594
1145	9.65886254085594
1146	9.65886254085594
1147	9.65886254085594
1148	10.0
1149	10.0
1150	10.0
1151	10.0
1152	10.0
1153	10.0
1154	10.0
1155	10.0
1156	10.0
1157	10.0
1158	10.0
1159	10.0
1160	10.0
1161	10.0
1162	10.0
1163	10.0
1164	10.0
1165	10.0
1166	10.0
1167	10.0
1168	10.0
1169	10.0
1170	10.0
1171	10.0
1172	10.0
1173	10.0
1174	10.0
1175	10.0
1176	10.0
1177	10.0
1178	9.142210158003824
1179	9.142210158003824
1180	9.142210158003824
1181	9.142210158003824
1182	9.142210158003824
1183	9.142210158003824
1184	9.142210158003824
1185	9.142210158003824
1186	9.142210158003824
1187	9.142210158003824
1188	9.142210158003824
1189	9.142210158003824
1190	9.142210158003824
1191	9.142210158003824
1192	9.142210158003824
1193	9.142210158003824
1194	9.142210158003824
1195	9.142210158003824
1196	9.142210158003824
1197	9.142210158003824
1198	9.142210158003824
1199	9.142210158003824
1200	9.142210158003824
1201	9.142210158003824
1202	9.142210158003824
1203	9.142210158003824
1204	9.142210158003824
1205	9.142210158003824
1206	9.142210158003824
1207	9.142210158003824
1208	10.0
1209	10.0
1210	10.0
1211	10.0
1212	10.0
1213	10.0
1214	10.0
1215	10.0
1216	10.0
1217	10.0
1218	10.0
1219	10.0
1220	10.0
1221	10.0
1222	10.0
1223	10.0
1224	10.0
1225	10.0
1226	10.0
1227	10.0
1228	10.0
1229	10.0
1230	10.0
1231	10.0
1232	10.0
1233	10.0
1234	10.0
1235	10.0
1236	10.0
1237	10.0
1238	10.0
1239	10.0
1240	10.0
1241	10.0
1242	10.0
1243	10.0
1244	10.0
1245	10.0
1246	10.0
1247	10.0
1248	10.0
1249	10.0
1250	10.0
1251	10.0
1252	10.0
1253	10.0
1254	10.0
1255	10.0
1256	10.0
1257	10.0
1258	10.0
1259	10.0
1260	10.0
1261	10.0
1262	10.0
1263	10.0
1264	10.0
1265	10.0
1266	10.0
1267	10.0
1268	10.0
1269	10.0
1270	10.0
1271	10.0
1272	10.0
1273	10.0
1274	10.0
1275	10.0
1276	10.0
1277	10.0
1278	10.0
1279	10.0
1280	10.0
1281	10.0
1282	10.0
1283	10.0
1284	10.0
1285	10.0
1286	10.0
1287	10.0
1288	10.0
1289	10.0
1290	10.0
1291	10.0
1292	10.0
1293	10.0
1294	10.0
1295	10.0
1296	10.0
1297	10.0
1298	10.0
1299	10.0
1300	10.0
1301	10.0
1302	10.0
1303	10.0
1304	10.0
1305	10.0
1306	10.0
1307	10.0
1308	10.0
1309	10.0
1310	9.681180162346195
1311	9.681180162346195
1312	9.681180162346195
1313	9.681180162346195
1314	9.681180162346195
1315	9.681180162346195
1316	9.681180162346195
1317	9.681180162346195
1318	9.681180162346195
1319	9.681180162346195
1320	9.681180162346195
1321	9.681180162346195
1322	9.681180162346195
1323	9.681180162346195
1324	9.681180162346195
1325	9.681180162346195
1326	9.681180162346195
1327	9.681180162346195
1328	9.681180162346195
1329	9.681180162346195
1330	9.681180162346195
1331	9.681180162346195
1332	9.681180162346195
1333	9.681180162346195
1334	9.681180162346195
1335	9.681180162346195
1336	9.681180162346195
1337	9.681180162346195
1338	9.681180162346195
1339	9.681180162346195
1340	10.0
1341	10.0
1342	10.0
1343	10.0
1344	10.0
1345	10.0
1346	10.0
1347	10.0
1348	10.0
1349	10.0
1350	10.0
1351	10.0
1352	10.0
1353	10.0
1354	10.0
1355	10.0
1356	10.0
1357	10.0
1358	10.0
1359	10.0
1360	10.0
1361	10.0
1362	10.0
1363	10.0
1364	10.0
1365	10.0
1366	10.0
1367	10.0
1368	10.0
1369	10.0
1370	10.0
1371	10.0
1372	10.0
1373	10.0
1374	10.0
1375	10.0
1376	10.0
1377	10.0
1378	10.0
1379	10.0
1380	10.0
1381	10.0
1382	10.0
1383	10.0
1384	10.0
1385	10.0
1386	10.0
1387	10.0
1388	10.0
1389	10.0
1390	10.0
1391	10.0
1392	10.0
1393	10.0
1394	10.0
1395	10.0
1396	10.0
1397	10.0
1398	10.0
1399	10.0
1400	9.94878216496378
1401	9.94878216496378
1402	9.94878216496378
1403	9.94878216496378
1404	9.94878216496378
1405	9.94878216496378
1406	9.94878216496378
1407	9.94878216496378
1408	9.94878216496378
1409	9.94878216496378
1410	9.94878216496378
1411	9.94878216496378
1412	9.94878216496378
1413	9.94878216496378
1414	9.94878216496378
1415	9.94878216496378
1416	9.94878216496378
1417	9.94878216496378
1418	9.94878216496378
1419	9.94878216496378
1420	9.94878216496378
1421	9.94878216496378
1422	9.94878216496378
1423	9.94878216496378
1424	9.94878216496378
1425	9.94878216496378
1426	9.94878216496378
1427	9.94878216496378
1428	9.94878216496378
1429	9.94878216496378
1430	10.0
1431	10.0
1432	10.0
1433	10.0
1434	10.0
1435	10.0
1436	10.0
1437	10.0
1438	10.0
1439	10.0
1440	10.0
1441	10.0
1442	10.0
1443	10.0
1444	10.0
1445	10.0
1446	10.0
1447	10.0
1448	10.0
1449	10.0
1450	10.0
1451	10.0
1452	10.0
1453	10.0
1454	10.0
1455	10.0
1456	10.0
1457	10.0
1458	10.0
1459	10.0
1460	10.0
1461	10.0
1462	10.0
1463	10.0
1464	10.0
1465	10.0
1466	10.0
1467	10.0
1468	10.0
1469	10.0
1470	10.0
1471	10.0
1472	10.0
1473	10.0
1474	10.0
1475	10.0
1476	10.0
1477	10.0
1478	10.0
1479	10.0
1480	10.0
1481	10.0
1482	10.0
1483	10.0
1484	10.0
1485	10.0
1486	10.0
1487	10.0
1488	10.0
1489	10.0
1490	9.264850997423345
1491	9.264850997423345
1492	9.264850997423345
1493	9.264850997423345
1494	9.264850997423345
1495	9.264850997423345
1496	9.264850997423345
