0	10.0
1	10.0
2	10.0
3	10.0
4	10.0
5	10.0
6	10.0
7	10.0
8	10.0
9	10.0
10	10.0
11	10.0
12	10.0
13	10.0
14	10.0
15	10.0
16	10.0
17	10.0
18	10.0
19	10.0
20	10.0
21	10.0
22	10.0
23	10.0
24	10.0
25	10.0
26	10.0
27	10.0
28	10.0
29	10.0
30	1.6488261924281522
31	1.6488261924281522
32	1.6488261924281522
33	1.6488261924281522
34	1.6488261924281522
35	1.6488261924281522
36	1.6488261924281522
37	1.6488261924281522
38	1.6488261924281522
39	1.6488261924281522
40	1.6488261924281522
41	1.6488261924281522
42	1.6488261924281522
43	1.6488261924281522
44	1.6488261924281522
45	1.6488261924281522
46	1.6488261924281522
47	1.6488261924281522
48	1.6488261924281522
49	1.6488261924281522
50	1.6488261924281522
51	1.6488261924281522
52	1.6488261924281522
53	1.6488261924281522
54	1.6488261924281522
55	1.6488261924281522
56	1.6488261924281522
57	1.6488261924281522
58	1.6488261924281522
59	1.6488261924281522
60	8.00829691057335
61	8.00829691057335
62	8.00829691057335
63	8.00829691057335
64	8.00829691057335
65	8.00829691057335
66	8.00829691057335
67	8.00829691057335
68	8.00829691057335
69	8.00829691057335
70	8.00829691057335
71	8.00829691057335
72	8.00829691057335
73	8.00829691057335
74	8.00829691057335
75	8.00829691057335
76	8.00829691057335
77	8.00829691057335
78	8.00829691057335
79	8.00829691057335
80	8.00829691057335
81	8.00829691057335
82	8.00829691057335
83	8.00829691057335
84	8.00829691057335
85	8.00829691057335
86	8.00829691057335
87	8.00829691057335
88	8.00829691057335
89	8.00829691057335
90	0.9031691978734795
91	0.9031691978734795
92	0.9031691978734795
93	0.9031691978734795
94	0.9031691978734795
95	0.9031691978734795
96	0.9031691978734795
97	0.9031691978734795
98	0.9031691978734795
99	0.9031691978734795
100	0.9031691978734795
101	0.9031691978734795
102	0.9031691978734795
103	0.9031691978734795
104	0.9031691978734795
105	0.9031691978734795
106	0.9031691978734795
107	0.9031691978734795
108	0.9031691978734795
109	0.9031691978734795
110	0.9031691978734795
111	0.9031691978734795
112	0.9031691978734795
113	0.9031691978734795
114	0.9031691978734795
115	0.9031691978734795
116	0.9031691978734795
117	0.9031691978734795
118	0.9031691978734795
119	0.9031691978734795
120	10.0
121	10.0
122	10.0
123	10.0
124	10.0
125	10.0
126	10.0
127	10.0
128	10.0
129	10.0
130	10.0
131	10.0
132	10.0
133	10.0
134	10.0
135	10.0
136	10.0
137	10.0
138	10.0
139	10.0
140	10.0
141	10.0
142	10.0
143	10.0
144	10.0
145	10.0
146	10.0
147	10.0
148	10.0
149	10.0
150	10.0
151	10.0
152	10.0
153	10.0
154	10.0
155	10.0
156	10.0
157	10.0
158	10.0
159	10.0
160	10.0
161	10.0
162	10.0
163	10.0
164	10.0
165	10.0
166	10.0
167	10.0
168	10.0
169	10.0
170	10.0
171	10.0
172	10.0
173	10.0
174	10.0
175	10.0
176	10.0
177	10.0
178	10.0
179	10.0
180	2.354041346698735
181	2.354041346698735
182	2.354041346698735
183	2.354041346698735
184	2.354041346698735
185	2.354041346698735
186	2.354041346698735
187	2.354041346698735
188	2.354041346698735
189	2.354041346698735
190	2.354041346698735
191	2.354041346698735
192	2.354041346698735
193	2.354041346698735
194	2.354041346698735
195	2.354041346698735
196	2.354041346698735
197	2.354041346698735
198	2.354041346698735
199	2.354041346698735
200	2.354041346698735
201	2.354041346698735
202	2.354041346698735
203	2.354041346698735
204	2.354041346698735
205	2.354041346698735
206	2.354041346698735
207	2.354041346698735
208	2.354041346698735
209	2.354041346698735
210	9.725135449372685
211	9.725135449372685
212	9.725135449372685
213	9.725135449372685
214	9.725135449372685
215	9.725135449372685
216	9.725135449372685
217	9.725135449372685
218	9.725135449372685
219	9.725135449372685
220	9.725135449372685
221	9.725135449372685
222	9.725135449372685
223	9.725135449372685
224	9.725135449372685
225	9.725135449372685
226	9.725135449372685
227	9.725135449372685
228	9.725135449372685
229	9.725135449372685
230	9.725135449372685
231	9.725135449372685
232	9.725135449372685
233	9.725135449372685
234	9.725135449372685
235	9.725135449372685
236	9.725135449372685
237	9.725135449372685
238	9.725135449372685
239	9.725135449372685
240	10.0
241	10.0
242	10.0
243	10.0
244	10.0
245	10.0
246	10.0
247	10.0
248	10.0
249	10.0
250	10.0
251	10.0
252	10.0
253	10.0
254	10.0
255	10.0
256	10.0
257	10.0
258	10.0
259	10.0
260	10.0
261	10.0
262	10.0
263	10.0
264	10.0
265	10.0
266	10.0
267	10.0
268	10.0
269	10.0
270	10.0
271	10.0
272	10.0
273	10.0
274	10.0
275	10.0
276	10.0
277	10.0
278	10.0
279	10.0
280	10.0
281	10.0
282	10.0
283	10.0
284	10.0
285	10.0
286	10.0
287	10.0
288	10.0
289	10.0
290	10.0
291	10.0
292	10.0
293	10.0
294	10.0
295	10.0
296	10.0
297	10.0
298	10.0
299	10.0
300	6.024422067788286
301	6.024422067788286
302	6.024422067788286
303	6.024422067788286
304	6.024422067788286
305	6.024422067788286
306	6.024422067788286
307	6.024422067788286
308	6.024422067788286
309	6.024422067788286
310	6.024422067788286
311	6.024422067788286
312	6.024422067788286
313	6.024422067788286
314	6.024422067788286
315	6.024422067788286
316	6.024422067788286
317	6.024422067788286
318	6.024422067788286
319	6.024422067788286
320	6.024422067788286
321	6.024422067788286
322	6.024422067788286
323	6.024422067788286
324	6.024422067788286
325	6.024422067788286
326	6.024422067788286
327	6.024422067788286
328	6.024422067788286
329	6.024422067788286
330	4.034841849991465
331	4.034841849991465
332	4.034841849991465
333	4.034841849991465
334	4.034841849991465
335	4.034841849991465
336	4.034841849991465
337	4.034841849991465
338	4.034841849991465
339	4.034841849991465
340	4.034841849991465
341	4.034841849991465
342	4.034841849991465
343	4.034841849991465
344	4.034841849991465
345	4.034841849991465
346	4.034841849991465
347	4.034841849991465
348	4.034841849991465
349	4.034841849991465
350	4.034841849991465
351	4.034841849991465
352	4.034841849991465
353	4.034841849991465
354	4.034841849991465
355	4.034841849991465
356	4.034841849991465
357	4.034841849991465
358	4.034841849991465
359	4.034841849991465
360	10.0
361	10.0
362	10.0
363	10.0
364	10.0
365	10.0
366	10.0
367	10.0
368	10.0
369	10.0
370	10.0
371	10.0
372	10.0
373	10.0
374	10.0
375	10.0
376	10.0
377	10.0
378	10.0
379	10.0
380	10.0
381	10.0
382	10.0
383	10.0
384	10.0
385	10.0
386	10.0
387	10.0
388	10.0
389	10.0
390	8.151667793906404
391	8.151667793906404
392	8.151667793906404
393	8.151667793906404
394	8.151667793906404
395	8.151667793906404
396	8.151667793906404
397	8.151667793906404
398	8.151667793906404
399	8.151667793906404
400	8.151667793906404
401	8.151667793906404
402	8.151667793906404
403	8.151667793906404
404	8.151667793906404
405	8.151667793906404
406	8.151667793906404
407	8.151667793906404
408	8.151667793906404
409	8.151667793906404
410	8.151667793906404
411	8.151667793906404
412	8.151667793906404
413	8.151667793906404
414	8.151667793906404
415	8.151667793906404
416	8.151667793906404
417	8.151667793906404
418	8.151667793906404
419	8.151667793906404
420	0.1
421	0.1
422	0.1
423	0.1
424	0.1
425	0.1
426	0.1
427	0.1
428	0.1
429	0.1
430	0.1
431	0.1
432	0.1
433	0.1
434	0.1
435	0.1
436	0.1
437	0.1
438	0.1
439	0.1
440	0.1
441	0.1
442	0.1
443	0.1
444	0.1
445	0.1
446	0.1
447	0.1
448	0.1
449	0.1
450	10.0
451	10.0
452	10.0
453	10.0
454	10.0
455	10.0
456	10.0
457	10.0
458	10.0
459	10.0
460	10.0
461	10.0
462	10.0
463	10.0
464	10.0
465	10.0
466	10.0
467	10.0
468	10.0
469	10.0
470	10.0
471	10.0
472	10.0
473	10.0
474	10.0
475	10.0
476	10.0
477	10.0
478	10.0
479	10.0
480	0.10828389902516022
481	0.10828389902516022
482	0.10828389902516022
483	0.10828389902516022
484	0.10828389902516022
485	0.10828389902516022
486	0.10828389902516022
487	0.10828389902516022
488	0.10828389902516022
489	0.10828389902516022
490	0.10828389902516022
491	0.10828389902516022
492	0.10828389902516022
493	0.10828389902516022
494	0.10828389902516022
495	0.10828389902516022
496	0.10828389902516022
497	0.10828389902516022
498	0.10828389902516022
499	0.10828389902516022
500	0.10828389902516022
501	0.10828389902516022
502	0.10828389902516022
503	0.10828389902516022
504	0.10828389902516022
505	0.10828389902516022
506	0.10828389902516022
507	0.10828389902516022
508	0.10828389902516022
509	0.10828389902516022
510	4.463175424454234
511	4.463175424454234
512	4.463175424454234
513	4.463175424454234
514	4.463175424454234
515	4.463175424454234
516	4.463175424454234
517	4.463175424454234
518	4.463175424454234
519	4.463175424454234
520	4.463175424454234
521	4.463175424454234
522	4.463175424454234
523	4.463175424454234
524	4.463175424454234
525	4.463175424454234
526	4.463175424454234
527	4.463175424454234
528	4.463175424454234
529	4.463175424454234
530	4.463175424454234
531	4.463175424454234
532	4.463175424454234
533	4.463175424454234
534	4.463175424454234
535	4.463175424454234
536	4.463175424454234
537	4.463175424454234
538	4.463175424454234
539	4.463175424454234
540	10.0
541	10.0
542	10.0
543	10.0
544	10.0
545	10.0
546	10.0
547	10.0
548	10.0
549	10.0
550	10.0
551	10.0
552	10.0
553	10.0
554	10.0
555	10.0
556	10.0
557	10.0
558	10.0
559	10.0
560	10.0
561	10.0
562	10.0
563	10.0
564	10.0
565	10.0
566	10.0
567	10.0
568	10.0
569	10.0
570	10.0
571	10.0
572	10.0
573	10.0
574	10.0
575	10.0
576	10.0
577	10.0
578	10.0
579	10.0
580	10.0
581	10.0
582	10.0
583	10.0
584	10.0
585	10.0
586	10.0
587	10.0
588	10.0
589	10.0
590	10.0
591	10.0
592	10.0
593	10.0
594	10.0
595	10.0
596	10.0
597	10.0
598	10.0
599	10.0
600	10.0
601	10.0
602	10.0
603	10.0
604	10.0
605	10.0
606	10.0
607	10.0
608	10.0
609	10.0
610	10.0
611	10.0
612	10.0
613	10.0
614	10.0
615	10.0
616	10.0
617	10.0
618	10.0
619	10.0
620	10.0
621	10.0
622	10.0
623	10.0
624	10.0
625	10.0
626	10.0
627	10.0
628	10.0
629	10.0
630	10.0
631	10.0
632	10.0
633	10.0
634	10.0
635	10.0
636	10.0
637	10.0
638	10.0
639	10.0
640	10.0
641	10.0
642	10.0
643	10.0
644	10.0
645	10.0
646	10.0
647	10.0
648	10.0
649	10.0
650	10.0
651	10.0
652	10.0
653	10.0
654	10.0
655	10.0
656	10.0
657	10.0
658	10.0
659	10.0
660	10.0
661	10.0
662	10.0
663	10.0
664	10.0
665	10.0
666	10.0
667	10.0
668	10.0
669	10.0
670	10.0
671	10.0
672	10.0
673	10.0
674	10.0
675	10.0
676	10.0
677	10.0
678	10.0
679	10.0
680	10.0
681	10.0
682	10.0
683	10.0
684	10.0
685	10.0
686	10.0
687	10.0
688	10.0
689	10.0
690	10.0
691	10.0
692	10.0
693	10.0
694	10.0
695	10.0
696	10.0
697	10.0
698	10.0
699	10.0
700	10.0
701	10.0
702	10.0
703	10.0
704	10.0
705	10.0
706	10.0
707	10.0
708	10.0
709	10.0
710	10.0
711	10.0
712	10.0
713	10.0
714	10.0
715	10.0
716	10.0
717	10.0
718	10.0
719	10.0
720	10.0
721	10.0
722	10.0
723	10.0
724	10.0
725	10.0
726	10.0
727	10.0
728	10.0
729	10.0
730	10.0
731	10.0
732	10.0
733	10.0
734	10.0
735	10.0
736	10.0
737	10.0
738	10.0
739	10.0
740	10.0
741	10.0
742	10.0
743	10.0
744	10.0
745	10.0
746	10.0
747	10.0
748	10.0
749	10.0
750	10.0
751	10.0
752	10.0
753	10.0
754	10.0
755	10.0
756	10.0
757	10.0
758	10.0
759	10.0
760	10.0
761	10.0
762	10.0
763	10.0
764	10.0
765	10.0
766	10.0
767	10.0
768	10.0
769	10.0
770	10.0
771	10.0
772	10.0
773	10.0
774	10.0
775	10.0
776	10.0
777	10.0
778	10.0
779	10.0
780	10.0
781	10.0
782	10.0
783	10.0
784	10.0
785	10.0
786	10.0
787	10.0
788	10.0
789	10.0
790	10.0
791	10.0
792	10.0
793	10.0
794	10.0
795	10.0
796	10.0
797	10.0
798	10.0
799	10.0
800	10.0
801	10.0
802	10.0
803	10.0
804	10.0
805	10.0
806	10.0
807	10.0
808	10.0
809	10.0
810	7.5041237968224985
811	7.5041237968224985
812	7.5041237968224985
813	7.5041237968224985
814	7.5041237968224985
815	7.5041237968224985
816	7.5041237968224985
817	7.5041237968224985
818	7.5041237968224985
819	7.5041237968224985
820	7.5041237968224985
821	7.5041237968224985
822	7.5041237968224985
823	7.5041237968224985
824	7.5041237968224985
825	7.5041237968224985
826	7.5041237968224985
827	7.5041237968224985
828	7.5041237968224985
829	7.5041237968224985
830	7.5041237968224985
831	7.5041237968224985
832	7.5041237968224985
833	7.5041237968224985
834	7.5041237968224985
835	7.5041237968224985
836	7.5041237968224985
837	7.5041237968224985
838	7.5041237968224985
839	7.5041237968224985
840	1.6219811271781408
841	1.6219811271781408
842	1.6219811271781408
843	1.6219811271781408
844	1.6219811271781408
845	1.6219811271781408
846	1.6219811271781408
847	1.6219811271781408
848	1.6219811271781408
849	1.6219811271781408
850	1.6219811271781408
851	1.6219811271781408
852	1.6219811271781408
853	1.6219811271781408
854	1.6219811271781408
855	1.6219811271781408
856	1.6219811271781408
857	1.6219811271781408
858	1.6219811271781408
859	1.6219811271781408
860	1.6219811271781408
861	1.6219811271781408
862	1.6219811271781408
863	1.6219811271781408
864	1.6219811271781408
865	1.6219811271781408
866	1.6219811271781408
867	1.6219811271781408
868	1.6219811271781408
869	1.6219811271781408
870	10.0
871	10.0
872	10.0
873	10.0
874	10.0
875	10.0
876	10.0
877	10.0
878	10.0
879	10.0
880	10.0
881	10.0
882	10.0
883	10.0
884	10.0
885	10.0
886	10.0
887	10.0
888	10.0
889	10.0
890	10.0
891	10.0
892	10.0
893	10.0
894	10.0
895	10.0
896	10.0
897	10.0
898	10.0
899	10.0
900	1.5316929464970883
901	1.5316929464970883
902	1.5316929464970883
903	1.5316929464970883
904	1.5316929464970883
905	1.5316929464970883
906	1.5316929464970883
907	1.5316929464970883
908	1.5316929464970883
909	1.5316929464970883
910	1.5316929464970883
911	1.5316929464970883
912	1.5316929464970883
913	1.5316929464970883
914	1.5316929464970883
915	1.5316929464970883
916	1.5316929464970883
917	1.5316929464970883
918	1.5316929464970883
919	1.5316929464970883
920	1.5316929464970883
921	1.5316929464970883
922	1.5316929464970883
923	1.5316929464970883
924	1.5316929464970883
925	1.5316929464970883
926	1.5316929464970883
927	1.5316929464970883
928	1.5316929464970883
929	1.5316929464970883
930	2.8496000051923884
931	2.8496000051923884
932	2.8496000051923884
933	2.8496000051923884
934	2.8496000051923884
935	2.8496000051923884
936	2.8496000051923884
937	2.8496000051923884
938	2.8496000051923884
939	2.8496000051923884
940	2.8496000051923884
941	2.8496000051923884
942	2.8496000051923884
943	2.8496000051923884
944	2.8496000051923884
945	2.8496000051923884
946	2.8496000051923884
947	2.8496000051923884
948	2.8496000051923884
949	2.8496000051923884
950	2.8496000051923884
951	2.8496000051923884
952	2.8496000051923884
953	2.8496000051923884
954	2.8496000051923884
955	2.8496000051923884
956	2.8496000051923884
957	2.8496000051923884
958	2.8496000051923884
959	2.8496000051923884
960	0.1
961	0.1
962	0.1
963	0.1
964	0.1
965	0.1
966	0.1
967	0.1
968	0.1
969	0.1
970	0.1
971	0.1
972	0.1
973	0.1
974	0.1
975	0.1
976	0.1
977	0.1
978	0.1
979	0.1
980	0.1
981	0.1
982	0.1
983	0.1
984	0.1
985	0.1
986	0.1
987	0.1
988	0.1
989	0.1
990	0.1
991	0.1
992	0.1
993	0.1
994	0.1
995	0.1
996	0.1
997	0.1
998	0.1
999	0.1
1000	0.1
1001	0.1
1002	0.1
1003	0.1
1004	0.1
1005	0.1
1006	0.1
1007	0.1
1008	0.1
1009	0.1
1010	0.1
1011	0.1
1012	0.1
1013	0.1
1014	0.1
1015	0.1
1016	0.1
1017	0.1
1018	0.1
1019	0.1
1020	8.1301319563707
1021	8.1301319563707
1022	8.1301319563707
1023	8.1301319563707
1024	8.1301319563707
1025	8.1301319563707
1026	8.1301319563707
1027	8.1301319563707
1028	8.1301319563707
1029	8.1301319563707
1030	8.1301319563707
1031	8.1301319563707
1032	8.1301319563707
1033	8.1301319563707
1034	8.1301319563707
1035	8.1301319563707
1036	8.1301319563707
1037	8.1301319563707
1038	8.1301319563707
1039	8.1301319563707
1040	8.1301319563707
1041	8.1301319563707
1042	8.1301319563707
1043	8.1301319563707
1044	8.1301319563707
1045	8.1301319563707
1046	8.1301319563707
1047	8.1301319563707
1048	8.1301319563707
1049	8.1301319563707
1050	10.0
1051	10.0
1052	10.0
1053	10.0
1054	10.0
1055	10.0
1056	10.0
1057	10.0
1058	10.0
1059	10.0
1060	10.0
1061	10.0
1062	10.0
1063	10.0
1064	10.0
1065	10.0
1066	10.0
1067	10.0
1068	10.0
1069	10.0
1070	10.0
1071	10.0
1072	10.0
1073	10.0
1074	10.0
1075	10.0
1076	10.0
1077	10.0
1078	10.0
1079	10.0
1080	5.421963655557897
1081	5.421963655557897
1082	5.421963655557897
1083	5.421963655557897
1084	5.421963655557897
1085	5.421963655557897
1086	5.421963655557897
1087	5.421963655557897
1088	5.421963655557897
1089	5.421963655557897
1090	5.421963655557897
1091	5.421963655557897
1092	5.421963655557897
1093	5.421963655557897
1094	5.421963655557897
1095	5.421963655557897
1096	5.421963655557897
1097	5.421963655557897
1098	5.421963655557897
1099	5.421963655557897
1100	5.421963655557897
1101	5.421963655557897
1102	5.421963655557897
1103	5.421963655557897
1104	5.421963655557897
1105	5.421963655557897
1106	5.421963655557897
1107	5.421963655557897
1108	5.421963655557897
1109	5.421963655557897
1110	4.0229012919784815
1111	4.0229012919784815
1112	4.0229012919784815
1113	4.0229012919784815
1114	4.0229012919784815
1115	4.0229012919784815
1116	4.0229012919784815
1117	4.0229012919784815
1118	4.0229012919784815
1119	4.0229012919784815
1120	4.0229012919784815
1121	4.0229012919784815
1122	4.0229012919784815
1123	4.0229012919784815
1124	4.0229012919784815
1125	4.0229012919784815
1126	4.0229012919784815
1127	4.0229012919784815
1128	4.0229012919784815
1129	4.0229012919784815
1130	4.0229012919784815
1131	4.0229012919784815
1132	4.0229012919784815
1133	4.0229012919784815
1134	4.0229012919784815
1135	4.0229012919784815
1136	4.0229012919784815
1137	4.0229012919784815
1138	4.0229012919784815
1139	4.0229012919784815
1140	0.1
1141	0.1
1142	0.1
1143	0.1
1144	0.1
1145	0.1
1146	0.1
1147	0.1
1148	0.1
1149	0.1
1150	0.1
1151	0.1
1152	0.1
1153	0.1
1154	0.1
1155	0.1
1156	0.1
1157	0.1
1158	0.1
1159	0.1
1160	0.1
1161	0.1
1162	0.1
1163	0.1
1164	0.1
1165	0.1
1166	0.1
1167	0.1
1168	0.1
1169	0.1
1170	4.531352960176074
1171	4.531352960176074
1172	4.531352960176074
1173	4.531352960176074
1174	4.531352960176074
1175	4.531352960176074
1176	4.531352960176074
1177	4.531352960176074
1178	4.531352960176074
1179	4.531352960176074
1180	4.531352960176074
1181	4.531352960176074
1182	4.531352960176074
1183	4.531352960176074
1184	4.531352960176074
1185	4.531352960176074
1186	4.531352960176074
1187	4.531352960176074
1188	4.531352960176074
1189	4.531352960176074
1190	4.531352960176074
1191	4.531352960176074
1192	4.531352960176074
1193	4.531352960176074
1194	4.531352960176074
1195	4.531352960176074
1196	4.531352960176074
1197	4.531352960176074
1198	4.531352960176074
1199	4.531352960176074
1200	10.0
1201	10.0
1202	10.0
1203	10.0
1204	10.0
1205	10.0
1206	10.0
1207	10.0
1208	10.0
1209	10.0
1210	10.0
1211	10.0
1212	10.0
1213	10.0
1214	10.0
1215	10.0
1216	10.0
1217	10.0
1218	10.0
1219	10.0
1220	10.0
1221	10.0
1222	10.0
1223	10.0
1224	10.0
1225	10.0
1226	10.0
1227	10.0
1228	10.0
1229	10.0
1230	9.204545274601307
1231	9.204545274601307
1232	9.204545274601307
1233	9.204545274601307
1234	9.204545274601307
1235	9.204545274601307
1236	9.204545274601307
1237	9.204545274601307
1238	9.204545274601307
1239	9.204545274601307
1240	9.204545274601307
1241	9.204545274601307
1242	9.204545274601307
1243	9.204545274601307
1244	9.204545274601307
1245	9.204545274601307
1246	9.204545274601307
