0	5.232883387997399
1	5.232883387997399
2	5.232883387997399
3	5.232883387997399
4	5.232883387997399
5	5.232883387997399
6	5.232883387997399
7	5.232883387997399
8	5.232883387997399
9	5.232883387997399
10	5.232883387997399
11	5.232883387997399
12	5.232883387997399
13	5.232883387997399
14	5.232883387997399
15	5.232883387997399
16	5.232883387997399
17	5.232883387997399
18	5.232883387997399
19	5.232883387997399
20	5.232883387997399
21	5.232883387997399
22	5.232883387997399
23	5.232883387997399
24	5.232883387997399
25	5.232883387997399
26	5.232883387997399
27	5.232883387997399
28	5.232883387997399
29	5.232883387997399
30	10.0
31	10.0
32	10.0
33	10.0
34	10.0
35	10.0
36	10.0
37	10.0
38	10.0
39	10.0
40	10.0
41	10.0
42	10.0
43	10.0
44	10.0
45	7.751602036215999
46	7.751602036215999
47	7.751602036215999
48	7.751602036215999
49	7.751602036215999
50	7.751602036215999
51	7.751602036215999
52	7.751602036215999
53	7.751602036215999
54	7.751602036215999
55	7.751602036215999
56	7.751602036215999
57	7.751602036215999
58	7.751602036215999
59	7.751602036215999
60	7.751602036215999
61	7.751602036215999
62	7.751602036215999
63	7.751602036215999
64	7.751602036215999
65	7.751602036215999
66	7.751602036215999
67	7.751602036215999
68	7.751602036215999
69	7.751602036215999
70	7.751602036215999
71	7.751602036215999
72	7.751602036215999
73	7.751602036215999
74	7.751602036215999
75	7.488448882073644
76	7.488448882073644
77	7.488448882073644
78	7.488448882073644
79	7.488448882073644
80	7.488448882073644
81	7.488448882073644
82	7.488448882073644
83	7.488448882073644
84	7.488448882073644
85	7.488448882073644
86	7.488448882073644
87	7.488448882073644
88	7.488448882073644
89	7.488448882073644
90	7.488448882073644
91	7.488448882073644
92	7.488448882073644
93	7.488448882073644
94	7.488448882073644
95	7.488448882073644
96	7.488448882073644
97	7.488448882073644
98	7.488448882073644
99	7.488448882073644
100	7.488448882073644
101	7.488448882073644
102	7.488448882073644
103	7.488448882073644
104	7.488448882073644
105	7.653228863362988
106	7.653228863362988
107	7.653228863362988
108	7.653228863362988
109	7.653228863362988
110	7.653228863362988
111	7.653228863362988
112	7.653228863362988
113	7.653228863362988
114	7.653228863362988
115	7.653228863362988
116	7.653228863362988
117	7.653228863362988
118	7.653228863362988
119	7.653228863362988
120	7.653228863362988
121	7.653228863362988
122	7.653228863362988
123	7.653228863362988
124	7.653228863362988
125	7.653228863362988
126	7.653228863362988
127	7.653228863362988
128	7.653228863362988
129	7.653228863362988
130	7.653228863362988
131	7.653228863362988
132	7.653228863362988
133	7.653228863362988
134	7.653228863362988
135	2.8957910309573256
136	2.8957910309573256
137	2.8957910309573256
138	2.8957910309573256
139	2.8957910309573256
140	2.8957910309573256
141	2.8957910309573256
142	2.8957910309573256
143	2.8957910309573256
144	2.8957910309573256
145	2.8957910309573256
146	2.8957910309573256
147	2.8957910309573256
148	2.8957910309573256
149	2.8957910309573256
150	2.8957910309573256
151	2.8957910309573256
152	2.8957910309573256
153	2.8957910309573256
154	2.8957910309573256
155	2.8957910309573256
156	2.8957910309573256
157	2.8957910309573256
158	2.8957910309573256
159	2.8957910309573256
160	2.8957910309573256
161	2.8957910309573256
162	2.8957910309573256
163	2.8957910309573256
164	2.8957910309573256
165	7.258765141830482
166	7.258765141830482
167	7.258765141830482
168	7.258765141830482
169	7.258765141830482
170	7.258765141830482
171	7.258765141830482
172	7.258765141830482
173	7.258765141830482
174	7.258765141830482
175	7.258765141830482
176	7.258765141830482
177	7.258765141830482
178	7.258765141830482
179	7.258765141830482
180	7.258765141830482
181	7.258765141830482
182	7.258765141830482
183	7.258765141830482
184	7.258765141830482
185	7.258765141830482
186	7.258765141830482
187	7.258765141830482
188	7.258765141830482
189	7.258765141830482
190	7.258765141830482
191	7.258765141830482
192	7.258765141830482
193	7.258765141830482
194	7.258765141830482
195	10.0
196	10.0
197	10.0
198	10.0
199	10.0
200	10.0
201	10.0
202	10.0
203	10.0
204	10.0
205	10.0
206	10.0
207	10.0
208	10.0
209	10.0
210	10.0
211	10.0
212	10.0
213	10.0
214	10.0
215	10.0
216	10.0
217	10.0
218	10.0
219	10.0
220	10.0
221	10.0
222	10.0
223	10.0
224	10.0
225	10.0
226	10.0
227	10.0
228	10.0
229	10.0
230	10.0
231	10.0
232	10.0
233	10.0
234	10.0
235	10.0
236	10.0
237	10.0
238	10.0
239	10.0
240	10.0
241	10.0
242	10.0
243	10.0
244	10.0
245	10.0
246	10.0
247	10.0
248	10.0
249	10.0
250	10.0
251	10.0
252	10.0
253	10.0
254	10.0
255	1.6228582674959862
256	1.6228582674959862
257	1.6228582674959862
258	1.6228582674959862
259	1.6228582674959862
260	1.6228582674959862
261	1.6228582674959862
262	1.6228582674959862
263	1.6228582674959862
264	1.6228582674959862
265	1.6228582674959862
266	1.6228582674959862
267	1.6228582674959862
268	1.6228582674959862
269	1.6228582674959862
270	1.6228582674959862
271	1.6228582674959862
272	1.6228582674959862
273	1.6228582674959862
274	1.6228582674959862
275	1.6228582674959862
276	1.6228582674959862
277	1.6228582674959862
278	1.6228582674959862
279	1.6228582674959862
280	1.6228582674959862
281	1.6228582674959862
282	1.6228582674959862
283	1.6228582674959862
284	1.6228582674959862
285	10.0
286	10.0
287	10.0
288	10.0
289	10.0
290	10.0
291	10.0
292	10.0
293	10.0
294	10.0
295	10.0
296	10.0
297	10.0
298	10.0
299	10.0
300	10.0
301	10.0
302	10.0
303	10.0
304	10.0
305	10.0
306	10.0
307	10.0
308	10.0
309	10.0
310	10.0
311	10.0
312	10.0
313	10.0
314	10.0
315	10.0
316	10.0
317	10.0
318	10.0
319	10.0
320	10.0
321	10.0
322	10.0
323	10.0
324	10.0
325	10.0
326	10.0
327	10.0
328	10.0
329	10.0
330	10.0
331	10.0
332	10.0
333	10.0
334	10.0
335	10.0
336	10.0
337	10.0
338	10.0
339	10.0
340	10.0
341	10.0
342	10.0
343	10.0
344	10.0
345	10.0
346	10.0
347	10.0
348	10.0
349	10.0
350	10.0
351	10.0
352	10.0
353	10.0
354	10.0
355	10.0
356	10.0
357	10.0
358	10.0
359	10.0
360	10.0
361	10.0
362	10.0
363	10.0
364	10.0
365	10.0
366	10.0
367	10.0
368	10.0
369	10.0
370	10.0
371	10.0
372	10.0
373	10.0
374	10.0
375	7.096368410968492
376	7.096368410968492
377	7.096368410968492
378	7.096368410968492
379	7.096368410968492
380	7.096368410968492
381	7.096368410968492
382	7.096368410968492
383	7.096368410968492
384	7.096368410968492
385	7.096368410968492
386	7.096368410968492
387	7.096368410968492
388	7.096368410968492
389	7.096368410968492
390	7.096368410968492
391	7.096368410968492
392	7.096368410968492
393	7.096368410968492
394	7.096368410968492
395	7.096368410968492
396	7.096368410968492
397	7.096368410968492
398	7.096368410968492
399	7.096368410968492
400	7.096368410968492
401	7.096368410968492
402	7.096368410968492
403	7.096368410968492
404	7.096368410968492
405	10.0
406	10.0
407	10.0
408	10.0
409	10.0
410	10.0
411	10.0
412	10.0
413	10.0
414	10.0
415	10.0
416	10.0
417	10.0
418	10.0
419	10.0
420	10.0
421	10.0
422	10.0
423	10.0
424	10.0
425	10.0
426	10.0
427	10.0
428	10.0
429	10.0
430	10.0
431	10.0
432	10.0
433	10.0
434	10.0
435	1.5240439756942887
436	1.5240439756942887
437	1.5240439756942887
438	1.5240439756942887
439	1.5240439756942887
440	1.5240439756942887
441	1.5240439756942887
442	1.5240439756942887
443	1.5240439756942887
444	1.5240439756942887
445	1.5240439756942887
446	1.5240439756942887
447	1.5240439756942887
448	1.5240439756942887
449	1.5240439756942887
450	1.5240439756942887
451	1.5240439756942887
452	1.5240439756942887
453	1.5240439756942887
454	1.5240439756942887
455	1.5240439756942887
456	1.5240439756942887
457	1.5240439756942887
458	1.5240439756942887
459	1.5240439756942887
460	1.5240439756942887
461	1.5240439756942887
462	1.5240439756942887
463	1.5240439756942887
464	1.5240439756942887
465	10.0
466	10.0
467	10.0
468	10.0
469	10.0
470	10.0
471	10.0
472	10.0
473	10.0
474	10.0
475	10.0
476	10.0
477	10.0
478	10.0
479	10.0
480	10.0
481	10.0
482	10.0
483	10.0
484	10.0
485	10.0
486	10.0
487	10.0
488	10.0
489	10.0
490	10.0
491	10.0
492	10.0
493	10.0
494	10.0
495	9.943259820379106
496	9.943259820379106
497	9.943259820379106
498	9.943259820379106
499	9.943259820379106
500	9.943259820379106
501	9.943259820379106
502	9.943259820379106
503	9.943259820379106
504	9.943259820379106
505	9.943259820379106
506	9.943259820379106
507	9.943259820379106
508	9.943259820379106
509	9.943259820379106
510	9.943259820379106
511	9.943259820379106
512	9.943259820379106
513	9.943259820379106
514	9.943259820379106
515	9.943259820379106
516	9.943259820379106
517	9.943259820379106
518	9.943259820379106
519	9.943259820379106
520	9.943259820379106
521	9.943259820379106
522	9.943259820379106
523	9.943259820379106
524	9.943259820379106
525	10.0
526	10.0
527	10.0
528	10.0
529	10.0
530	10.0
531	10.0
532	10.0
533	10.0
534	10.0
535	10.0
536	10.0
537	10.0
538	10.0
539	10.0
540	10.0
541	10.0
542	10.0
543	10.0
544	10.0
545	10.0
546	10.0
547	10.0
548	10.0
549	10.0
550	10.0
551	10.0
552	10.0
553	10.0
554	10.0
555	8.271410449900467
556	8.271410449900467
557	8.271410449900467
558	8.271410449900467
559	8.271410449900467
560	8.271410449900467
561	8.271410449900467
562	8.271410449900467
563	8.271410449900467
564	8.271410449900467
565	8.271410449900467
566	8.271410449900467
567	8.271410449900467
568	8.271410449900467
569	8.271410449900467
570	8.271410449900467
571	8.271410449900467
572	8.271410449900467
573	8.271410449900467
574	8.271410449900467
575	8.271410449900467
576	8.271410449900467
577	8.271410449900467
578	8.271410449900467
579	8.271410449900467
580	8.271410449900467
581	8.271410449900467
582	8.271410449900467
583	8.271410449900467
584	8.271410449900467
585	10.0
586	10.0
587	10.0
588	10.0
589	10.0
590	10.0
591	10.0
592	10.0
593	10.0
594	10.0
595	10.0
596	10.0
597	10.0
598	10.0
599	10.0
600	10.0
601	10.0
602	10.0
603	10.0
604	10.0
605	10.0
606	10.0
607	10.0
608	10.0
609	10.0
610	10.0
611	10.0
612	10.0
613	10.0
614	10.0
615	4.721716129061695
616	4.721716129061695
617	4.721716129061695
618	4.721716129061695
619	4.721716129061695
620	4.721716129061695
621	4.721716129061695
622	4.721716129061695
623	4.721716129061695
624	4.721716129061695
625	4.721716129061695
626	4.721716129061695
627	4.721716129061695
628	4.721716129061695
629	4.721716129061695
630	4.721716129061695
631	4.721716129061695
632	4.721716129061695
633	4.721716129061695
634	4.721716129061695
635	4.721716129061695
636	4.721716129061695
637	4.721716129061695
638	4.721716129061695
639	4.721716129061695
640	4.721716129061695
641	4.721716129061695
642	4.721716129061695
643	4.721716129061695
644	4.721716129061695
645	5.15631014874175
646	5.15631014874175
647	5.15631014874175
648	5.15631014874175
649	5.15631014874175
650	5.15631014874175
651	5.15631014874175
652	5.15631014874175
653	5.15631014874175
654	5.15631014874175
655	5.15631014874175
656	5.15631014874175
657	5.15631014874175
658	5.15631014874175
659	5.15631014874175
660	5.15631014874175
661	5.15631014874175
662	5.15631014874175
663	5.15631014874175
664	5.15631014874175
665	5.15631014874175
666	5.15631014874175
667	5.15631014874175
668	5.15631014874175
669	5.15631014874175
670	5.15631014874175
671	5.15631014874175
672	5.15631014874175
673	5.15631014874175
674	5.15631014874175
675	8.129290612566514
676	8.129290612566514
677	8.129290612566514
678	8.129290612566514
679	8.129290612566514
680	8.129290612566514
681	8.129290612566514
682	8.129290612566514
683	8.129290612566514
684	8.129290612566514
685	8.129290612566514
686	8.129290612566514
687	8.129290612566514
688	8.129290612566514
689	8.129290612566514
690	8.129290612566514
691	8.129290612566514
692	8.129290612566514
693	8.129290612566514
694	8.129290612566514
695	8.129290612566514
696	8.129290612566514
697	8.129290612566514
698	8.129290612566514
699	8.129290612566514
700	8.129290612566514
701	8.129290612566514
702	8.129290612566514
703	8.129290612566514
704	8.129290612566514
705	9.823937071560787
706	9.823937071560787
707	9.823937071560787
708	9.823937071560787
709	9.823937071560787
710	9.823937071560787
711	9.823937071560787
712	9.823937071560787
713	9.823937071560787
714	9.823937071560787
715	9.823937071560787
716	9.823937071560787
717	9.823937071560787
718	9.823937071560787
719	9.823937071560787
720	9.823937071560787
721	9.823937071560787
722	9.823937071560787
723	9.823937071560787
724	9.823937071560787
725	9.823937071560787
726	9.823937071560787
727	9.823937071560787
728	9.823937071560787
729	9.823937071560787
730	9.823937071560787
731	9.823937071560787
732	9.823937071560787
733	9.823937071560787
734	9.823937071560787
735	10.0
736	10.0
737	10.0
738	10.0
739	10.0
740	10.0
741	10.0
742	10.0
743	10.0
744	10.0
745	10.0
746	10.0
747	10.0
748	10.0
749	10.0
750	10.0
751	10.0
752	10.0
753	10.0
754	10.0
755	10.0
756	10.0
757	10.0
758	10.0
759	10.0
760	10.0
761	10.0
762	10.0
763	10.0
764	10.0
765	0.962382935087656
766	0.962382935087656
767	0.962382935087656
768	0.962382935087656
769	0.962382935087656
770	0.962382935087656
771	0.962382935087656
772	0.962382935087656
773	0.962382935087656
774	0.962382935087656
775	0.962382935087656
776	0.962382935087656
777	0.962382935087656
778	0.962382935087656
779	0.962382935087656
780	0.962382935087656
781	0.962382935087656
782	0.962382935087656
783	0.962382935087656
784	0.962382935087656
785	0.962382935087656
786	0.962382935087656
787	0.962382935087656
788	0.962382935087656
789	0.962382935087656
790	0.962382935087656
791	0.962382935087656
792	0.962382935087656
793	0.962382935087656
794	0.962382935087656
795	2.5544570011239793
796	2.5544570011239793
797	2.5544570011239793
798	2.5544570011239793
799	2.5544570011239793
800	2.5544570011239793
801	2.5544570011239793
802	2.5544570011239793
803	2.5544570011239793
804	2.5544570011239793
805	2.5544570011239793
806	2.5544570011239793
807	2.5544570011239793
808	2.5544570011239793
809	2.5544570011239793
810	2.5544570011239793
811	2.5544570011239793
812	2.5544570011239793
813	2.5544570011239793
814	2.5544570011239793
815	2.5544570011239793
816	2.5544570011239793
817	2.5544570011239793
818	2.5544570011239793
819	2.5544570011239793
820	2.5544570011239793
821	2.5544570011239793
822	2.5544570011239793
823	2.5544570011239793
824	2.5544570011239793
825	8.666214668749816
826	8.666214668749816
827	8.666214668749816
828	8.666214668749816
829	8.666214668749816
830	8.666214668749816
831	8.666214668749816
832	8.666214668749816
833	8.666214668749816
834	8.666214668749816
835	8.666214668749816
836	8.666214668749816
837	8.666214668749816
838	8.666214668749816
839	8.666214668749816
840	8.666214668749816
841	8.666214668749816
842	8.666214668749816
843	8.666214668749816
844	8.666214668749816
845	8.666214668749816
846	8.666214668749816
847	8.666214668749816
848	8.666214668749816
849	8.666214668749816
850	8.666214668749816
851	8.666214668749816
852	8.666214668749816
853	8.666214668749816
854	8.666214668749816
855	6.610807263893481
856	6.610807263893481
857	6.610807263893481
858	6.610807263893481
859	6.610807263893481
860	6.610807263893481
861	6.610807263893481
862	6.610807263893481
863	6.610807263893481
864	6.610807263893481
865	6.610807263893481
866	6.610807263893481
867	6.610807263893481
868	6.610807263893481
869	6.610807263893481
870	6.610807263893481
871	6.610807263893481
872	6.610807263893481
873	6.610807263893481
874	6.610807263893481
875	6.610807263893481
876	6.610807263893481
877	6.610807263893481
878	6.610807263893481
879	6.610807263893481
880	6.610807263893481
881	6.610807263893481
882	6.610807263893481
883	6.610807263893481
884	6.610807263893481
885	1.6557827435054415
886	1.6557827435054415
887	1.6557827435054415
888	1.6557827435054415
889	1.6557827435054415
890	1.6557827435054415
891	1.6557827435054415
892	1.6557827435054415
893	1.6557827435054415
894	1.6557827435054415
895	1.6557827435054415
896	1.6557827435054415
897	1.6557827435054415
898	1.6557827435054415
899	1.6557827435054415
900	1.6557827435054415
901	1.6557827435054415
902	1.6557827435054415
903	1.6557827435054415
904	1.6557827435054415
905	1.6557827435054415
906	1.6557827435054415
907	1.6557827435054415
908	1.6557827435054415
909	1.6557827435054415
910	1.6557827435054415
911	1.6557827435054415
912	1.6557827435054415
913	1.6557827435054415
914	1.6557827435054415
915	10.0
916	10.0
917	10.0
918	10.0
919	10.0
920	10.0
921	10.0
922	10.0
923	10.0
924	10.0
925	10.0
926	10.0
927	10.0
928	10.0
929	10.0
930	10.0
931	10.0
932	10.0
933	10.0
934	10.0
935	10.0
936	10.0
937	10.0
938	10.0
939	10.0
940	10.0
941	10.0
942	10.0
943	10.0
944	10.0
945	10.0
946	10.0
947	10.0
948	10.0
949	10.0
950	10.0
951	10.0
952	10.0
953	10.0
954	10.0
955	10.0
956	10.0
957	10.0
958	10.0
959	10.0
960	10.0
961	10.0
962	10.0
963	10.0
964	10.0
965	10.0
966	10.0
967	10.0
968	10.0
969	10.0
970	10.0
971	10.0
972	10.0
973	10.0
974	10.0
975	6.1445346982368
976	6.1445346982368
977	6.1445346982368
978	6.1445346982368
979	6.1445346982368
980	6.1445346982368
981	6.1445346982368
982	6.1445346982368
983	6.1445346982368
984	6.1445346982368
985	6.1445346982368
986	6.1445346982368
987	6.1445346982368
988	6.1445346982368
989	6.1445346982368
990	6.1445346982368
991	6.1445346982368
992	6.1445346982368
993	6.1445346982368
994	6.1445346982368
995	6.1445346982368
996	6.1445346982368
997	6.1445346982368
998	6.1445346982368
999	6.1445346982368
1000	6.1445346982368
1001	6.1445346982368
1002	6.1445346982368
1003	6.1445346982368
1004	6.1445346982368
1005	10.0
1006	10.0
1007	10.0
1008	10.0
1009	10.0
1010	10.0
1011	10.0
1012	10.0
1013	10.0
1014	10.0
1015	10.0
1016	10.0
1017	10.0
1018	10.0
1019	10.0
1020	10.0
1021	10.0
1022	10.0
1023	10.0
1024	10.0
1025	10.0
1026	10.0
1027	10.0
1028	10.0
1029	10.0
1030	10.0
1031	10.0
1032	10.0
1033	10.0
1034	10.0
1035	4.256543826898278
1036	4.256543826898278
1037	4.256543826898278
1038	4.256543826898278
1039	4.256543826898278
1040	4.256543826898278
1041	4.256543826898278
1042	4.256543826898278
1043	4.256543826898278
1044	4.256543826898278
1045	4.256543826898278
1046	4.256543826898278
1047	4.256543826898278
1048	4.256543826898278
1049	4.256543826898278
1050	4.256543826898278
1051	4.256543826898278
1052	4.256543826898278
1053	4.256543826898278
1054	4.256543826898278
1055	4.256543826898278
1056	4.256543826898278
1057	4.256543826898278
1058	4.256543826898278
1059	4.256543826898278
1060	4.256543826898278
1061	4.256543826898278
1062	4.256543826898278
1063	4.256543826898278
1064	4.256543826898278
1065	10.0
1066	10.0
1067	10.0
1068	10.0
1069	10.0
1070	10.0
1071	10.0
1072	10.0
1073	10.0
1074	10.0
1075	10.0
1076	10.0
1077	10.0
1078	10.0
1079	10.0
1080	10.0
1081	10.0
1082	10.0
1083	10.0
1084	10.0
1085	10.0
1086	10.0
1087	10.0
1088	10.0
1089	10.0
1090	10.0
1091	10.0
1092	10.0
1093	10.0
1094	10.0
1095	3.738148980702727
1096	3.738148980702727
1097	3.738148980702727
1098	3.738148980702727
1099	3.738148980702727
1100	3.738148980702727
1101	3.738148980702727
1102	3.738148980702727
1103	3.738148980702727
1104	3.738148980702727
1105	3.738148980702727
1106	3.738148980702727
1107	3.738148980702727
1108	3.738148980702727
1109	3.738148980702727
1110	3.738148980702727
1111	3.738148980702727
1112	3.738148980702727
1113	3.738148980702727
1114	3.738148980702727
1115	3.738148980702727
1116	3.738148980702727
1117	3.738148980702727
1118	3.738148980702727
1119	3.738148980702727
1120	3.738148980702727
1121	3.738148980702727
1122	3.738148980702727
1123	3.738148980702727
1124	3.738148980702727
1125	10.0
1126	10.0
1127	10.0
1128	10.0
1129	10.0
1130	10.0
1131	10.0
1132	10.0
1133	10.0
1134	10.0
1135	10.0
1136	10.0
1137	10.0
1138	10.0
1139	10.0
1140	10.0
1141	10.0
1142	10.0
1143	10.0
1144	10.0
1145	10.0
1146	10.0
1147	10.0
1148	10.0
1149	10.0
1150	10.0
1151	10.0
1152	10.0
1153	10.0
1154	10.0
1155	7.199216639218114
1156	7.199216639218114
1157	7.199216639218114
1158	7.199216639218114
1159	7.199216639218114
1160	7.199216639218114
1161	7.199216639218114
1162	7.199216639218114
1163	7.199216639218114
1164	7.199216639218114
1165	7.199216639218114
1166	7.199216639218114
1167	7.199216639218114
1168	7.199216639218114
1169	7.199216639218114
1170	7.199216639218114
1171	7.199216639218114
1172	7.199216639218114
1173	7.199216639218114
1174	7.199216639218114
1175	7.199216639218114
1176	7.199216639218114
1177	7.199216639218114
1178	7.199216639218114
1179	7.199216639218114
1180	7.199216639218114
1181	7.199216639218114
1182	7.199216639218114
1183	7.199216639218114
1184	7.199216639218114
1185	9.17702031144309
1186	9.17702031144309
1187	9.17702031144309
1188	9.17702031144309
1189	9.17702031144309
1190	9.17702031144309
1191	9.17702031144309
1192	9.17702031144309
1193	9.17702031144309
1194	9.17702031144309
1195	9.17702031144309
1196	9.17702031144309
1197	9.17702031144309
1198	9.17702031144309
1199	9.17702031144309
1200	9.17702031144309
1201	9.17702031144309
1202	9.17702031144309
1203	9.17702031144309
1204	9.17702031144309
1205	9.17702031144309
1206	9.17702031144309
1207	9.17702031144309
1208	9.17702031144309
1209	9.17702031144309
1210	9.17702031144309
1211	9.17702031144309
1212	9.17702031144309
1213	9.17702031144309
1214	9.17702031144309
1215	10.0
1216	10.0
1217	10.0
1218	10.0
1219	10.0
1220	10.0
1221	10.0
1222	10.0
1223	10.0
1224	10.0
1225	10.0
1226	10.0
1227	10.0
1228	10.0
1229	10.0
1230	10.0
1231	10.0
