0	10.0
1	10.0
2	10.0
3	10.0
4	10.0
5	10.0
6	10.0
7	10.0
8	10.0
9	10.0
10	10.0
11	10.0
12	10.0
13	10.0
14	10.0
15	10.0
16	10.0
17	10.0
18	10.0
19	10.0
20	10.0
21	10.0
22	10.0
23	10.0
24	10.0
25	10.0
26	10.0
27	10.0
28	10.0
29	10.0
30	0.3608997639835696
31	0.3608997639835696
32	0.3608997639835696
33	0.3608997639835696
34	0.3608997639835696
35	0.3608997639835696
36	0.3608997639835696
37	0.3608997639835696
38	0.3608997639835696
39	0.3608997639835696
40	0.3608997639835696
41	0.3608997639835696
42	0.3608997639835696
43	0.3608997639835696
44	0.3608997639835696
45	0.3608997639835696
46	0.3608997639835696
47	0.3608997639835696
48	0.3608997639835696
49	0.3608997639835696
50	0.3608997639835696
51	0.3608997639835696
52	0.3608997639835696
53	0.3608997639835696
54	0.3608997639835696
55	0.3608997639835696
56	0.3608997639835696
57	0.3608997639835696
58	0.3608997639835696
59	0.3608997639835696
60	10.0
61	10.0
62	10.0
63	10.0
64	10.0
65	10.0
66	10.0
67	10.0
68	10.0
69	10.0
70	10.0
71	10.0
72	10.0
73	10.0
74	10.0
75	10.0
76	10.0
77	10.0
78	10.0
79	10.0
80	10.0
81	10.0
82	10.0
83	10.0
84	10.0
85	10.0
86	10.0
87	10.0
88	10.0
89	10.0
90	10.0
91	10.0
92	10.0
93	10.0
94	10.0
95	10.0
96	10.0
97	10.0
98	10.0
99	10.0
100	10.0
101	10.0
102	10.0
103	10.0
104	10.0
105	10.0
106	10.0
107	10.0
108	10.0
109	10.0
110	10.0
111	10.0
112	10.0
113	10.0
114	10.0
115	10.0
116	10.0
117	10.0
118	10.0
119	10.0
120	8.219258815431695
121	8.219258815431695
122	8.219258815431695
123	8.219258815431695
124	8.219258815431695
125	8.219258815431695
126	8.219258815431695
127	8.219258815431695
128	8.219258815431695
129	8.219258815431695
130	8.219258815431695
131	8.219258815431695
132	8.219258815431695
133	8.219258815431695
134	8.219258815431695
135	8.219258815431695
136	8.219258815431695
137	8.219258815431695
138	8.219258815431695
139	8.219258815431695
140	8.219258815431695
141	8.219258815431695
142	8.219258815431695
143	8.219258815431695
144	8.219258815431695
145	8.219258815431695
146	8.219258815431695
147	8.219258815431695
148	8.219258815431695
149	8.219258815431695
150	5.385652086720553
151	5.385652086720553
152	5.385652086720553
153	5.385652086720553
154	5.385652086720553
155	5.385652086720553
156	5.385652086720553
157	5.385652086720553
158	5.385652086720553
159	5.385652086720553
160	5.385652086720553
161	5.385652086720553
162	5.385652086720553
163	5.385652086720553
164	5.385652086720553
165	5.385652086720553
166	5.385652086720553
167	5.385652086720553
168	5.385652086720553
169	5.385652086720553
170	5.385652086720553
171	5.385652086720553
172	5.385652086720553
173	5.385652086720553
174	5.385652086720553
175	5.385652086720553
176	5.385652086720553
177	5.385652086720553
178	5.385652086720553
179	5.385652086720553
180	5.265048455246505
181	5.265048455246505
182	5.265048455246505
183	5.265048455246505
184	5.265048455246505
185	5.265048455246505
186	5.265048455246505
187	5.265048455246505
188	5.265048455246505
189	5.265048455246505
190	5.265048455246505
191	5.265048455246505
192	5.265048455246505
193	5.265048455246505
194	5.265048455246505
195	5.265048455246505
196	5.265048455246505
197	5.265048455246505
198	5.265048455246505
199	5.265048455246505
200	5.265048455246505
201	5.265048455246505
202	5.265048455246505
203	5.265048455246505
204	5.265048455246505
205	5.265048455246505
206	5.265048455246505
207	5.265048455246505
208	5.265048455246505
209	5.265048455246505
210	10.0
211	10.0
212	10.0
213	10.0
214	10.0
215	10.0
216	10.0
217	10.0
218	10.0
219	10.0
220	10.0
221	10.0
222	10.0
223	10.0
224	10.0
225	10.0
226	10.0
227	10.0
228	10.0
229	10.0
230	10.0
231	10.0
232	10.0
233	10.0
234	10.0
235	10.0
236	10.0
237	10.0
238	10.0
239	10.0
240	10.0
241	10.0
242	10.0
243	10.0
244	10.0
245	10.0
246	10.0
247	10.0
248	10.0
249	10.0
250	10.0
251	10.0
252	10.0
253	10.0
254	10.0
255	10.0
256	10.0
257	10.0
258	10.0
259	10.0
260	10.0
261	10.0
262	10.0
263	10.0
264	10.0
265	10.0
266	10.0
267	10.0
268	10.0
269	10.0
270	8.420920888799767
271	8.420920888799767
272	8.420920888799767
273	8.420920888799767
274	8.420920888799767
275	8.420920888799767
276	8.420920888799767
277	8.420920888799767
278	8.420920888799767
279	8.420920888799767
280	8.420920888799767
281	8.420920888799767
282	8.420920888799767
283	8.420920888799767
284	8.420920888799767
285	8.420920888799767
286	8.420920888799767
287	8.420920888799767
288	8.420920888799767
289	8.420920888799767
290	8.420920888799767
291	8.420920888799767
292	8.420920888799767
293	8.420920888799767
294	8.420920888799767
295	8.420920888799767
296	8.420920888799767
297	8.420920888799767
298	8.420920888799767
299	8.420920888799767
300	10.0
301	10.0
302	10.0
303	10.0
304	10.0
305	10.0
306	10.0
307	10.0
308	10.0
309	10.0
310	10.0
311	10.0
312	10.0
313	10.0
314	10.0
315	10.0
316	10.0
317	10.0
318	10.0
319	10.0
320	10.0
321	10.0
322	10.0
323	10.0
324	10.0
325	10.0
326	10.0
327	10.0
328	10.0
329	10.0
330	3.3242175260352473
331	3.3242175260352473
332	3.3242175260352473
333	3.3242175260352473
334	3.3242175260352473
335	3.3242175260352473
336	3.3242175260352473
337	3.3242175260352473
338	3.3242175260352473
339	3.3242175260352473
340	3.3242175260352473
341	3.3242175260352473
342	3.3242175260352473
343	3.3242175260352473
344	3.3242175260352473
345	3.3242175260352473
346	3.3242175260352473
347	3.3242175260352473
348	3.3242175260352473
349	3.3242175260352473
350	3.3242175260352473
351	3.3242175260352473
352	3.3242175260352473
353	3.3242175260352473
354	3.3242175260352473
355	3.3242175260352473
356	3.3242175260352473
357	3.3242175260352473
358	3.3242175260352473
359	3.3242175260352473
360	10.0
361	10.0
362	10.0
363	10.0
364	10.0
365	10.0
366	10.0
367	10.0
368	10.0
369	10.0
370	10.0
371	10.0
372	10.0
373	10.0
374	10.0
375	10.0
376	10.0
377	10.0
378	10.0
379	10.0
380	10.0
381	10.0
382	10.0
383	10.0
384	10.0
385	10.0
386	10.0
387	10.0
388	10.0
389	10.0
390	3.526562030234996
391	3.526562030234996
392	3.526562030234996
393	3.526562030234996
394	3.526562030234996
395	3.526562030234996
396	3.526562030234996
397	3.526562030234996
398	3.526562030234996
399	3.526562030234996
400	3.526562030234996
401	3.526562030234996
402	3.526562030234996
403	3.526562030234996
404	3.526562030234996
405	3.526562030234996
406	3.526562030234996
407	3.526562030234996
408	3.526562030234996
409	3.526562030234996
410	3.526562030234996
411	3.526562030234996
412	3.526562030234996
413	3.526562030234996
414	3.526562030234996
415	3.526562030234996
416	3.526562030234996
417	3.526562030234996
418	3.526562030234996
419	3.526562030234996
420	10.0
421	10.0
422	10.0
423	10.0
424	10.0
425	10.0
426	10.0
427	10.0
428	10.0
429	10.0
430	10.0
431	10.0
432	10.0
433	10.0
434	10.0
435	10.0
436	10.0
437	10.0
438	10.0
439	10.0
440	10.0
441	10.0
442	10.0
443	10.0
444	10.0
445	10.0
446	10.0
447	10.0
448	10.0
449	10.0
450	10.0
451	10.0
452	10.0
453	10.0
454	10.0
455	10.0
456	10.0
457	10.0
458	10.0
459	10.0
460	10.0
461	10.0
462	10.0
463	10.0
464	10.0
465	10.0
466	10.0
467	10.0
468	10.0
469	10.0
470	10.0
471	10.0
472	10.0
473	10.0
474	10.0
475	10.0
476	10.0
477	10.0
478	10.0
479	10.0
480	7.576986802012845
481	7.576986802012845
482	7.576986802012845
483	7.576986802012845
484	7.576986802012845
485	7.576986802012845
486	7.576986802012845
487	7.576986802012845
488	7.576986802012845
489	7.576986802012845
490	7.576986802012845
491	7.576986802012845
492	7.576986802012845
493	7.576986802012845
494	7.576986802012845
495	7.576986802012845
496	7.576986802012845
497	7.576986802012845
498	7.576986802012845
499	7.576986802012845
500	7.576986802012845
501	7.576986802012845
502	7.576986802012845
503	7.576986802012845
504	7.576986802012845
505	7.576986802012845
506	7.576986802012845
507	7.576986802012845
508	7.576986802012845
509	7.576986802012845
510	10.0
511	10.0
512	10.0
513	10.0
514	10.0
515	10.0
516	10.0
517	10.0
518	10.0
519	10.0
520	10.0
521	10.0
522	10.0
523	10.0
524	10.0
525	10.0
526	10.0
527	10.0
528	10.0
529	10.0
530	10.0
531	10.0
532	10.0
533	10.0
534	10.0
535	10.0
536	10.0
537	10.0
538	10.0
539	10.0
540	10.0
541	10.0
542	10.0
543	10.0
544	10.0
545	10.0
546	10.0
547	10.0
548	10.0
549	10.0
550	10.0
551	10.0
552	10.0
553	10.0
554	10.0
555	10.0
556	10.0
557	10.0
558	10.0
559	10.0
560	10.0
561	10.0
562	10.0
563	10.0
564	10.0
565	10.0
566	10.0
567	10.0
568	10.0
569	10.0
570	10.0
571	10.0
572	10.0
573	10.0
574	10.0
575	10.0
576	10.0
577	10.0
578	10.0
579	10.0
580	10.0
581	10.0
582	10.0
583	10.0
584	10.0
585	10.0
586	10.0
587	10.0
588	10.0
589	10.0
590	10.0
591	10.0
592	10.0
593	10.0
594	10.0
595	10.0
596	10.0
597	10.0
598	10.0
599	10.0
600	10.0
601	10.0
602	10.0
603	10.0
604	10.0
605	10.0
606	10.0
607	10.0
608	10.0
609	10.0
610	10.0
611	10.0
612	10.0
613	10.0
614	10.0
615	10.0
616	10.0
617	10.0
618	10.0
619	10.0
620	10.0
621	10.0
622	10.0
623	10.0
624	10.0
625	10.0
626	10.0
627	10.0
628	10.0
629	10.0
630	10.0
631	10.0
632	10.0
633	10.0
634	10.0
635	10.0
636	10.0
637	10.0
638	10.0
639	10.0
640	10.0
641	10.0
642	10.0
643	10.0
644	10.0
645	10.0
646	10.0
647	10.0
648	10.0
649	10.0
650	10.0
651	10.0
652	10.0
653	10.0
654	10.0
655	10.0
656	10.0
657	10.0
658	10.0
659	10.0
660	5.96604599117177
661	5.96604599117177
662	5.96604599117177
663	5.96604599117177
664	5.96604599117177
665	5.96604599117177
666	5.96604599117177
667	5.96604599117177
668	5.96604599117177
669	5.96604599117177
670	5.96604599117177
671	5.96604599117177
672	5.96604599117177
673	5.96604599117177
674	5.96604599117177
675	5.96604599117177
676	5.96604599117177
677	5.96604599117177
678	5.96604599117177
679	5.96604599117177
680	5.96604599117177
681	5.96604599117177
682	5.96604599117177
683	5.96604599117177
684	5.96604599117177
685	5.96604599117177
686	5.96604599117177
687	5.96604599117177
688	5.96604599117177
689	5.96604599117177
690	10.0
691	10.0
692	10.0
693	10.0
694	10.0
695	10.0
696	10.0
697	10.0
698	10.0
699	10.0
700	10.0
701	10.0
702	10.0
703	10.0
704	10.0
705	10.0
706	10.0
707	10.0
708	10.0
709	10.0
710	10.0
711	10.0
712	10.0
713	10.0
714	10.0
715	10.0
716	10.0
717	10.0
718	10.0
719	10.0
720	10.0
721	10.0
722	10.0
723	10.0
724	10.0
725	10.0
726	10.0
727	10.0
728	10.0
729	10.0
730	10.0
731	10.0
732	10.0
733	10.0
734	10.0
735	10.0
736	10.0
737	10.0
738	10.0
739	10.0
740	10.0
741	10.0
742	10.0
743	10.0
744	10.0
745	10.0
746	10.0
747	10.0
748	10.0
749	10.0
750	10.0
751	10.0
752	10.0
753	10.0
754	10.0
755	10.0
756	10.0
757	10.0
758	10.0
759	10.0
760	10.0
761	10.0
762	10.0
763	10.0
764	10.0
765	10.0
766	10.0
767	10.0
768	10.0
769	10.0
770	10.0
771	10.0
772	10.0
773	10.0
774	10.0
775	10.0
776	10.0
777	10.0
778	10.0
779	10.0
780	8.91334054191269
781	8.91334054191269
782	8.91334054191269
783	8.91334054191269
784	8.91334054191269
785	8.91334054191269
786	8.91334054191269
787	8.91334054191269
788	8.91334054191269
789	8.91334054191269
790	8.91334054191269
791	8.91334054191269
792	8.91334054191269
793	8.91334054191269
794	8.91334054191269
795	8.91334054191269
796	8.91334054191269
797	8.91334054191269
798	8.91334054191269
799	8.91334054191269
800	8.91334054191269
801	8.91334054191269
802	8.91334054191269
803	8.91334054191269
804	8.91334054191269
805	8.91334054191269
806	8.91334054191269
807	8.91334054191269
808	8.91334054191269
809	8.91334054191269
810	3.802276650343609
811	3.802276650343609
812	3.802276650343609
813	3.802276650343609
814	3.802276650343609
815	3.802276650343609
816	3.802276650343609
817	3.802276650343609
818	3.802276650343609
819	3.802276650343609
820	3.802276650343609
821	3.802276650343609
822	3.802276650343609
823	3.802276650343609
824	3.802276650343609
825	3.802276650343609
826	3.802276650343609
827	3.802276650343609
828	3.802276650343609
829	3.802276650343609
830	3.802276650343609
831	3.802276650343609
832	3.802276650343609
833	3.802276650343609
834	3.802276650343609
835	3.802276650343609
836	3.802276650343609
837	3.802276650343609
838	3.802276650343609
839	3.802276650343609
840	7.983766342459897
841	7.983766342459897
842	7.983766342459897
843	7.983766342459897
844	7.983766342459897
845	7.983766342459897
846	7.983766342459897
847	7.983766342459897
848	7.983766342459897
849	7.983766342459897
850	7.983766342459897
851	7.983766342459897
852	7.983766342459897
853	7.983766342459897
854	7.983766342459897
855	7.983766342459897
856	7.983766342459897
857	7.983766342459897
858	7.983766342459897
859	7.983766342459897
860	7.983766342459897
861	7.983766342459897
862	7.983766342459897
863	7.983766342459897
864	7.983766342459897
865	7.983766342459897
866	7.983766342459897
867	7.983766342459897
868	7.983766342459897
869	7.983766342459897
870	10.0
871	10.0
872	10.0
873	10.0
874	10.0
875	10.0
876	10.0
877	10.0
878	10.0
879	10.0
880	10.0
881	10.0
882	10.0
883	10.0
884	10.0
885	10.0
886	10.0
887	10.0
888	10.0
889	10.0
890	10.0
891	10.0
892	10.0
893	10.0
894	10.0
895	10.0
896	10.0
897	10.0
898	10.0
899	10.0
900	8.399075620125869
901	8.399075620125869
902	8.399075620125869
903	8.399075620125869
904	8.399075620125869
905	8.399075620125869
906	8.399075620125869
907	8.399075620125869
908	8.399075620125869
909	8.399075620125869
910	8.399075620125869
911	8.399075620125869
912	8.399075620125869
913	8.399075620125869
914	8.399075620125869
915	8.399075620125869
916	8.399075620125869
917	8.399075620125869
918	8.399075620125869
919	8.399075620125869
920	8.399075620125869
921	8.399075620125869
922	8.399075620125869
923	8.399075620125869
924	8.399075620125869
925	8.399075620125869
926	8.399075620125869
927	8.399075620125869
928	8.399075620125869
929	8.399075620125869
930	10.0
931	10.0
932	10.0
933	10.0
934	10.0
935	10.0
936	10.0
937	10.0
938	10.0
939	10.0
940	10.0
941	10.0
942	10.0
943	10.0
944	10.0
945	10.0
946	10.0
947	10.0
948	10.0
949	10.0
950	10.0
951	10.0
952	10.0
953	10.0
954	10.0
955	10.0
956	10.0
957	10.0
958	10.0
959	10.0
960	10.0
961	10.0
962	10.0
963	10.0
964	10.0
965	10.0
966	10.0
967	10.0
968	10.0
969	10.0
970	10.0
971	10.0
972	10.0
973	10.0
974	10.0
975	10.0
976	10.0
977	10.0
978	10.0
979	10.0
980	10.0
981	10.0
982	10.0
983	10.0
984	10.0
985	10.0
986	10.0
987	10.0
988	10.0
989	10.0
990	4.6636205358963085
991	4.6636205358963085
992	4.6636205358963085
993	4.6636205358963085
994	4.6636205358963085
995	4.6636205358963085
996	4.6636205358963085
997	4.6636205358963085
998	4.6636205358963085
999	4.6636205358963085
1000	4.6636205358963085
1001	4.6636205358963085
1002	4.6636205358963085
1003	4.6636205358963085
1004	4.6636205358963085
1005	4.6636205358963085
1006	4.6636205358963085
1007	4.6636205358963085
1008	4.6636205358963085
1009	4.6636205358963085
1010	4.6636205358963085
1011	4.6636205358963085
1012	4.6636205358963085
1013	4.6636205358963085
1014	4.6636205358963085
1015	4.6636205358963085
1016	4.6636205358963085
1017	4.6636205358963085
1018	4.6636205358963085
1019	4.6636205358963085
1020	10.0
1021	10.0
1022	10.0
1023	10.0
1024	10.0
1025	10.0
1026	10.0
1027	10.0
1028	10.0
1029	10.0
1030	10.0
1031	10.0
1032	10.0
1033	10.0
1034	10.0
1035	10.0
1036	10.0
1037	10.0
1038	10.0
1039	10.0
1040	10.0
1041	10.0
1042	10.0
1043	10.0
1044	10.0
1045	10.0
1046	10.0
1047	10.0
1048	10.0
1049	10.0
1050	0.1
1051	0.1
1052	0.1
1053	0.1
1054	0.1
1055	0.1
1056	0.1
1057	0.1
1058	0.1
1059	0.1
1060	0.1
1061	0.1
1062	0.1
1063	0.1
1064	0.1
1065	0.1
1066	0.1
1067	0.1
1068	0.1
1069	0.1
1070	0.1
1071	0.1
1072	0.1
1073	0.1
1074	0.1
1075	0.1
1076	0.1
1077	0.1
1078	0.1
1079	0.1
1080	10.0
1081	10.0
1082	10.0
1083	10.0
1084	10.0
1085	10.0
1086	10.0
1087	10.0
1088	10.0
1089	10.0
1090	10.0
1091	10.0
1092	10.0
1093	10.0
1094	10.0
1095	10.0
1096	10.0
1097	10.0
1098	10.0
1099	10.0
1100	10.0
1101	10.0
1102	10.0
1103	10.0
1104	10.0
1105	10.0
1106	10.0
1107	10.0
1108	10.0
1109	10.0
1110	10.0
1111	10.0
1112	10.0
1113	10.0
1114	10.0
1115	10.0
1116	10.0
1117	10.0
1118	10.0
1119	10.0
1120	10.0
1121	10.0
1122	10.0
1123	10.0
1124	10.0
1125	10.0
1126	10.0
1127	10.0
1128	10.0
1129	10.0
1130	10.0
1131	10.0
1132	10.0
1133	10.0
1134	10.0
1135	10.0
1136	10.0
1137	10.0
1138	10.0
1139	10.0
1140	9.280601725465367
1141	9.280601725465367
1142	9.280601725465367
1143	9.280601725465367
1144	9.280601725465367
1145	9.280601725465367
1146	9.280601725465367
1147	9.280601725465367
1148	9.280601725465367
1149	9.280601725465367
1150	9.280601725465367
1151	9.280601725465367
1152	9.280601725465367
1153	9.280601725465367
1154	9.280601725465367
1155	9.280601725465367
1156	9.280601725465367
1157	9.280601725465367
1158	9.280601725465367
1159	9.280601725465367
1160	9.280601725465367
1161	9.280601725465367
1162	9.280601725465367
1163	9.280601725465367
1164	9.280601725465367
1165	9.280601725465367
1166	9.280601725465367
1167	9.280601725465367
1168	9.280601725465367
1169	9.280601725465367
1170	10.0
1171	10.0
1172	10.0
1173	10.0
1174	10.0
1175	10.0
1176	10.0
1177	10.0
1178	10.0
1179	10.0
1180	10.0
1181	10.0
1182	10.0
1183	10.0
1184	10.0
1185	10.0
1186	10.0
1187	10.0
1188	10.0
1189	10.0
1190	10.0
1191	10.0
1192	10.0
1193	10.0
1194	10.0
1195	10.0
1196	10.0
1197	10.0
1198	10.0
1199	10.0
1200	5.325832660951606
1201	5.325832660951606
1202	5.325832660951606
1203	5.325832660951606
1204	5.325832660951606
1205	5.325832660951606
1206	5.325832660951606
1207	5.325832660951606
1208	5.325832660951606
1209	5.325832660951606
1210	5.325832660951606
1211	5.325832660951606
1212	5.325832660951606
1213	5.325832660951606
1214	5.325832660951606
1215	5.325832660951606
1216	5.325832660951606
1217	5.325832660951606
1218	5.325832660951606
1219	5.325832660951606
1220	5.325832660951606
1221	5.325832660951606
1222	5.325832660951606
1223	5.325832660951606
1224	5.325832660951606
1225	5.325832660951606
1226	5.325832660951606
1227	5.325832660951606
1228	5.325832660951606
1229	5.325832660951606
1230	4.073695012471287
1231	4.073695012471287
1232	4.073695012471287
1233	4.073695012471287
1234	4.073695012471287
1235	4.073695012471287
1236	4.073695012471287
1237	4.073695012471287
1238	4.073695012471287
1239	4.073695012471287
1240	4.073695012471287
1241	4.073695012471287
1242	4.073695012471287
1243	4.073695012471287
1244	4.073695012471287
1245	4.073695012471287
1246	4.073695012471287
1247	4.073695012471287
1248	4.073695012471287
1249	4.073695012471287
1250	4.073695012471287
1251	4.073695012471287
1252	4.073695012471287
1253	4.073695012471287
1254	4.073695012471287
1255	4.073695012471287
1256	4.073695012471287
1257	4.073695012471287
1258	4.073695012471287
1259	4.073695012471287
1260	10.0
1261	10.0
1262	10.0
1263	10.0
1264	10.0
1265	10.0
1266	10.0
1267	10.0
1268	10.0
1269	10.0
1270	10.0
1271	10.0
1272	10.0
1273	10.0
1274	10.0
1275	10.0
1276	10.0
1277	10.0
1278	10.0
1279	10.0
1280	10.0
1281	10.0
1282	10.0
1283	10.0
1284	10.0
1285	10.0
1286	10.0
1287	10.0
1288	10.0
1289	10.0
1290	10.0
1291	10.0
1292	10.0
1293	10.0
1294	10.0
1295	10.0
1296	10.0
1297	10.0
1298	10.0
1299	10.0
1300	10.0
1301	10.0
1302	10.0
1303	10.0
1304	10.0
1305	10.0
1306	10.0
1307	10.0
1308	10.0
1309	10.0
1310	10.0
1311	10.0
1312	10.0
1313	10.0
1314	10.0
1315	10.0
1316	10.0
1317	10.0
1318	10.0
1319	10.0
1320	9.009918038011785
1321	9.009918038011785
1322	9.009918038011785
1323	9.009918038011785
1324	9.009918038011785
1325	9.009918038011785
1326	9.009918038011785
1327	9.009918038011785
1328	9.009918038011785
1329	9.009918038011785
1330	9.009918038011785
1331	9.009918038011785
1332	9.009918038011785
1333	9.009918038011785
1334	9.009918038011785
1335	9.009918038011785
1336	9.009918038011785
1337	9.009918038011785
1338	9.009918038011785
1339	9.009918038011785
1340	9.009918038011785
1341	9.009918038011785
1342	9.009918038011785
1343	9.009918038011785
1344	9.009918038011785
1345	9.009918038011785
1346	9.009918038011785
1347	9.009918038011785
1348	9.009918038011785
1349	9.009918038011785
1350	0.1
1351	0.1
1352	0.1
1353	0.1
1354	0.1
1355	0.1
1356	0.1
1357	0.1
1358	0.1
1359	0.1
1360	0.1
1361	0.1
1362	0.1
1363	0.1
1364	0.1
1365	0.1
1366	0.1
1367	0.1
1368	0.1
1369	0.1
1370	0.1
1371	0.1
1372	0.1
1373	0.1
1374	0.1
1375	0.1
1376	0.1
1377	0.1
1378	0.1
1379	0.1
1380	10.0
1381	10.0
1382	10.0
1383	10.0
1384	10.0
1385	10.0
1386	10.0
1387	10.0
1388	10.0
1389	10.0
1390	10.0
1391	10.0
1392	10.0
1393	10.0
1394	10.0
1395	10.0
1396	10.0
1397	10.0
1398	10.0
1399	10.0
1400	10.0
1401	10.0
1402	10.0
1403	10.0
1404	10.0
1405	10.0
1406	10.0
1407	10.0
1408	10.0
1409	10.0
1410	8.445256198584394
1411	8.445256198584394
1412	8.445256198584394
