0	4.04774675097874
1	4.04774675097874
2	4.04774675097874
3	4.04774675097874
4	4.04774675097874
5	4.04774675097874
6	4.04774675097874
7	4.04774675097874
8	4.04774675097874
9	4.04774675097874
10	4.04774675097874
11	4.04774675097874
12	4.04774675097874
13	4.04774675097874
14	4.04774675097874
15	4.04774675097874
16	4.04774675097874
17	4.04774675097874
18	4.04774675097874
19	4.04774675097874
20	4.04774675097874
21	4.04774675097874
22	4.04774675097874
23	4.04774675097874
24	4.04774675097874
25	4.04774675097874
26	4.04774675097874
27	4.04774675097874
28	4.04774675097874
29	4.04774675097874
30	3.858280528616964
31	3.858280528616964
32	3.858280528616964
33	3.858280528616964
34	3.858280528616964
35	3.858280528616964
36	3.858280528616964
37	3.858280528616964
38	3.858280528616964
39	3.858280528616964
40	3.858280528616964
41	3.858280528616964
42	3.858280528616964
43	3.858280528616964
44	3.858280528616964
45	3.858280528616964
46	3.858280528616964
47	3.858280528616964
48	3.858280528616964
49	3.858280528616964
50	3.858280528616964
51	3.858280528616964
52	3.858280528616964
53	3.858280528616964
54	3.858280528616964
55	3.858280528616964
56	3.858280528616964
57	3.858280528616964
58	3.858280528616964
59	3.858280528616964
60	3.2349350948666733
61	3.2349350948666733
62	3.2349350948666733
63	3.2349350948666733
64	3.2349350948666733
65	3.2349350948666733
66	3.2349350948666733
67	3.2349350948666733
68	3.2349350948666733
69	3.2349350948666733
70	3.2349350948666733
71	3.2349350948666733
72	3.2349350948666733
73	3.2349350948666733
74	3.2349350948666733
75	3.2349350948666733
76	3.2349350948666733
77	3.2349350948666733
78	3.2349350948666733
79	3.2349350948666733
80	3.2349350948666733
81	3.2349350948666733
82	3.2349350948666733
83	3.2349350948666733
84	3.2349350948666733
85	3.2349350948666733
86	3.2349350948666733
87	3.2349350948666733
88	3.2349350948666733
89	3.2349350948666733
90	2.9885990118651504
91	2.9885990118651504
92	2.9885990118651504
93	2.9885990118651504
94	2.9885990118651504
95	2.9885990118651504
96	2.9885990118651504
97	2.9885990118651504
98	2.9885990118651504
99	2.9885990118651504
100	2.9885990118651504
101	2.9885990118651504
102	2.9885990118651504
103	2.9885990118651504
104	2.9885990118651504
105	2.9885990118651504
106	2.9885990118651504
107	2.9885990118651504
108	2.9885990118651504
109	2.9885990118651504
110	2.9885990118651504
111	2.9885990118651504
112	2.9885990118651504
113	2.9885990118651504
114	2.9885990118651504
115	2.9885990118651504
116	2.9885990118651504
117	2.9885990118651504
118	2.9885990118651504
119	2.9885990118651504
120	2.6688155771059305
121	2.6688155771059305
122	2.6688155771059305
123	2.6688155771059305
124	2.6688155771059305
125	2.6688155771059305
126	2.6688155771059305
127	2.6688155771059305
128	2.6688155771059305
129	2.6688155771059305
130	2.6688155771059305
131	2.6688155771059305
132	2.6688155771059305
133	2.6688155771059305
134	2.6688155771059305
135	2.6688155771059305
136	2.6688155771059305
137	2.6688155771059305
138	2.6688155771059305
139	2.6688155771059305
140	2.6688155771059305
141	2.6688155771059305
142	2.6688155771059305
143	2.6688155771059305
144	2.6688155771059305
145	2.6688155771059305
146	2.6688155771059305
147	2.6688155771059305
148	2.6688155771059305
149	2.6688155771059305
150	3.738055114314589
151	3.738055114314589
152	3.738055114314589
153	3.738055114314589
154	3.738055114314589
155	3.738055114314589
156	3.738055114314589
157	3.738055114314589
158	3.738055114314589
159	3.738055114314589
160	3.738055114314589
161	3.738055114314589
162	3.738055114314589
163	3.738055114314589
164	3.738055114314589
165	3.738055114314589
166	3.738055114314589
167	3.738055114314589
168	3.738055114314589
169	3.738055114314589
170	3.738055114314589
171	3.738055114314589
172	3.738055114314589
173	3.738055114314589
174	3.738055114314589
175	3.738055114314589
176	3.738055114314589
177	3.738055114314589
178	3.738055114314589
179	3.738055114314589
180	4.489407627021266
181	4.489407627021266
182	4.489407627021266
183	4.489407627021266
184	4.489407627021266
185	4.489407627021266
186	4.489407627021266
187	4.489407627021266
188	4.489407627021266
189	4.489407627021266
190	4.489407627021266
191	4.489407627021266
192	4.489407627021266
193	4.489407627021266
194	4.489407627021266
195	4.489407627021266
196	4.489407627021266
197	4.489407627021266
198	4.489407627021266
199	4.489407627021266
200	4.489407627021266
201	4.489407627021266
202	4.489407627021266
203	4.489407627021266
204	4.489407627021266
205	4.489407627021266
206	4.489407627021266
207	4.489407627021266
208	4.489407627021266
209	4.489407627021266
210	3.5380344700126245
211	3.5380344700126245
212	3.5380344700126245
213	3.5380344700126245
214	3.5380344700126245
215	3.5380344700126245
216	3.5380344700126245
217	3.5380344700126245
218	3.5380344700126245
219	3.5380344700126245
220	3.5380344700126245
221	3.5380344700126245
222	3.5380344700126245
223	3.5380344700126245
224	3.5380344700126245
225	3.5380344700126245
226	3.5380344700126245
227	3.5380344700126245
228	3.5380344700126245
229	3.5380344700126245
230	3.5380344700126245
231	3.5380344700126245
232	3.5380344700126245
233	3.5380344700126245
234	3.5380344700126245
235	3.5380344700126245
236	3.5380344700126245
237	3.5380344700126245
238	3.5380344700126245
239	3.5380344700126245
240	3.250441943292374
241	3.250441943292374
242	3.250441943292374
243	3.250441943292374
244	3.250441943292374
245	3.250441943292374
246	3.250441943292374
247	3.250441943292374
248	3.250441943292374
249	3.250441943292374
250	3.250441943292374
251	3.250441943292374
252	3.250441943292374
253	3.250441943292374
254	3.250441943292374
255	3.250441943292374
256	3.250441943292374
257	3.250441943292374
258	3.250441943292374
259	3.250441943292374
260	3.250441943292374
261	3.250441943292374
262	3.250441943292374
263	3.250441943292374
264	3.250441943292374
265	3.250441943292374
266	3.250441943292374
267	3.250441943292374
268	3.250441943292374
269	3.250441943292374
270	3.05213396865951
271	3.05213396865951
272	3.05213396865951
273	3.05213396865951
274	3.05213396865951
275	3.05213396865951
276	3.05213396865951
277	3.05213396865951
278	3.05213396865951
279	3.05213396865951
280	3.05213396865951
281	3.05213396865951
282	3.05213396865951
283	3.05213396865951
284	3.05213396865951
285	3.05213396865951
286	3.05213396865951
287	3.05213396865951
288	3.05213396865951
289	3.05213396865951
290	3.05213396865951
291	3.05213396865951
292	3.05213396865951
293	3.05213396865951
294	3.05213396865951
295	3.05213396865951
296	3.05213396865951
297	3.05213396865951
298	3.05213396865951
299	3.05213396865951
300	4.597421507275124
301	4.597421507275124
302	4.597421507275124
303	4.597421507275124
304	4.597421507275124
305	4.597421507275124
306	4.597421507275124
307	4.597421507275124
308	4.597421507275124
309	4.597421507275124
310	4.597421507275124
311	4.597421507275124
312	4.597421507275124
313	4.597421507275124
314	4.597421507275124
315	4.597421507275124
316	4.597421507275124
317	4.597421507275124
318	4.597421507275124
319	4.597421507275124
320	4.597421507275124
321	4.597421507275124
322	4.597421507275124
323	4.597421507275124
324	4.597421507275124
325	4.597421507275124
326	4.597421507275124
327	4.597421507275124
328	4.597421507275124
329	4.597421507275124
330	3.661472948384186
331	3.661472948384186
332	3.661472948384186
333	3.661472948384186
334	3.661472948384186
335	3.661472948384186
336	3.661472948384186
337	3.661472948384186
338	3.661472948384186
339	3.661472948384186
340	3.661472948384186
341	3.661472948384186
342	3.661472948384186
343	3.661472948384186
344	3.661472948384186
345	3.661472948384186
346	3.661472948384186
347	3.661472948384186
348	3.661472948384186
349	3.661472948384186
350	3.661472948384186
351	3.661472948384186
352	3.661472948384186
353	3.661472948384186
354	3.661472948384186
355	3.661472948384186
356	3.661472948384186
357	3.661472948384186
358	3.661472948384186
359	3.661472948384186
360	2.585613964584379
361	2.585613964584379
362	2.585613964584379
363	2.585613964584379
364	2.585613964584379
365	2.585613964584379
366	2.585613964584379
367	2.585613964584379
368	2.585613964584379
369	2.585613964584379
370	2.585613964584379
371	2.585613964584379
372	2.585613964584379
373	2.585613964584379
374	2.585613964584379
375	2.585613964584379
376	2.585613964584379
377	2.585613964584379
378	2.585613964584379
379	2.585613964584379
380	2.585613964584379
381	2.585613964584379
382	2.585613964584379
383	2.585613964584379
384	2.585613964584379
385	2.585613964584379
386	2.585613964584379
387	2.585613964584379
388	2.585613964584379
389	2.585613964584379
390	2.9878436688163825
391	2.9878436688163825
392	2.9878436688163825
393	2.9878436688163825
394	2.9878436688163825
395	2.9878436688163825
396	2.9878436688163825
397	2.9878436688163825
398	2.9878436688163825
399	2.9878436688163825
400	2.9878436688163825
401	2.9878436688163825
402	2.9878436688163825
403	2.9878436688163825
404	2.9878436688163825
405	2.9878436688163825
406	2.9878436688163825
407	2.9878436688163825
408	2.9878436688163825
409	2.9878436688163825
410	2.9878436688163825
411	2.9878436688163825
412	2.9878436688163825
413	2.9878436688163825
414	2.9878436688163825
415	2.9878436688163825
416	2.9878436688163825
417	2.9878436688163825
418	2.9878436688163825
419	2.9878436688163825
420	1.9903723784381055
421	1.9903723784381055
422	1.9903723784381055
423	1.9903723784381055
424	1.9903723784381055
425	1.9903723784381055
426	1.9903723784381055
427	1.9903723784381055
428	1.9903723784381055
429	1.9903723784381055
430	1.9903723784381055
431	1.9903723784381055
432	1.9903723784381055
433	1.9903723784381055
434	1.9903723784381055
435	1.9903723784381055
436	1.9903723784381055
437	1.9903723784381055
438	1.9903723784381055
439	1.9903723784381055
440	1.9903723784381055
441	1.9903723784381055
442	1.9903723784381055
443	1.9903723784381055
444	1.9903723784381055
445	1.9903723784381055
446	1.9903723784381055
447	1.9903723784381055
448	1.9903723784381055
449	1.9903723784381055
450	2.585583052125628
451	2.585583052125628
452	2.585583052125628
453	2.585583052125628
454	2.585583052125628
455	2.585583052125628
456	2.585583052125628
457	2.585583052125628
458	2.585583052125628
459	2.585583052125628
460	2.585583052125628
461	2.585583052125628
462	2.585583052125628
463	2.585583052125628
464	2.585583052125628
465	2.585583052125628
466	2.585583052125628
467	2.585583052125628
468	2.585583052125628
469	2.585583052125628
470	2.585583052125628
471	2.585583052125628
472	2.585583052125628
473	2.585583052125628
474	2.585583052125628
475	2.585583052125628
476	2.585583052125628
477	2.585583052125628
478	2.585583052125628
479	2.585583052125628
480	4.782750066099691
481	4.782750066099691
482	4.782750066099691
483	4.782750066099691
484	4.782750066099691
485	4.782750066099691
486	4.782750066099691
487	4.782750066099691
488	4.782750066099691
489	4.782750066099691
490	4.782750066099691
491	4.782750066099691
492	4.782750066099691
493	4.782750066099691
494	4.782750066099691
495	4.782750066099691
496	4.782750066099691
497	4.782750066099691
498	4.782750066099691
499	4.782750066099691
500	4.782750066099691
501	4.782750066099691
502	4.782750066099691
503	4.782750066099691
504	4.782750066099691
505	4.782750066099691
506	4.782750066099691
507	4.782750066099691
508	4.782750066099691
509	4.782750066099691
510	3.6400470889494243
511	3.6400470889494243
512	3.6400470889494243
513	3.6400470889494243
514	3.6400470889494243
515	3.6400470889494243
516	3.6400470889494243
517	3.6400470889494243
518	3.6400470889494243
519	3.6400470889494243
520	3.6400470889494243
521	3.6400470889494243
522	3.6400470889494243
523	3.6400470889494243
524	3.6400470889494243
525	3.6400470889494243
526	3.6400470889494243
527	3.6400470889494243
528	3.6400470889494243
529	3.6400470889494243
530	3.6400470889494243
531	3.6400470889494243
532	3.6400470889494243
533	3.6400470889494243
534	3.6400470889494243
535	3.6400470889494243
536	3.6400470889494243
537	3.6400470889494243
538	3.6400470889494243
539	3.6400470889494243
540	3.388555534811859
541	3.388555534811859
542	3.388555534811859
543	3.388555534811859
544	3.388555534811859
545	3.388555534811859
546	3.388555534811859
547	3.388555534811859
548	3.388555534811859
549	3.388555534811859
550	3.388555534811859
551	3.388555534811859
552	3.388555534811859
553	3.388555534811859
554	3.388555534811859
555	3.388555534811859
556	3.388555534811859
557	3.388555534811859
558	3.388555534811859
559	3.388555534811859
560	3.388555534811859
561	3.388555534811859
562	3.388555534811859
563	3.388555534811859
564	3.388555534811859
565	3.388555534811859
566	3.388555534811859
567	3.388555534811859
568	3.388555534811859
569	3.388555534811859
570	2.8369542884271417
571	2.8369542884271417
572	2.8369542884271417
573	2.8369542884271417
574	2.8369542884271417
575	2.8369542884271417
576	2.8369542884271417
577	2.8369542884271417
578	2.8369542884271417
579	2.8369542884271417
580	2.8369542884271417
581	2.8369542884271417
582	2.8369542884271417
583	2.8369542884271417
584	2.8369542884271417
585	2.8369542884271417
586	2.8369542884271417
587	2.8369542884271417
588	2.8369542884271417
589	2.8369542884271417
590	2.8369542884271417
591	2.8369542884271417
592	2.8369542884271417
593	2.8369542884271417
594	2.8369542884271417
595	2.8369542884271417
596	2.8369542884271417
597	2.8369542884271417
598	2.8369542884271417
599	2.8369542884271417
600	4.550979365462127
601	4.550979365462127
602	4.550979365462127
603	4.550979365462127
604	4.550979365462127
605	4.550979365462127
606	4.550979365462127
607	4.550979365462127
608	4.550979365462127
609	4.550979365462127
610	4.550979365462127
611	4.550979365462127
612	4.550979365462127
613	4.550979365462127
614	4.550979365462127
615	4.550979365462127
616	4.550979365462127
617	4.550979365462127
618	4.550979365462127
619	4.550979365462127
620	4.550979365462127
621	4.550979365462127
622	4.550979365462127
623	4.550979365462127
624	4.550979365462127
625	4.550979365462127
626	4.550979365462127
627	4.550979365462127
628	4.550979365462127
629	4.550979365462127
630	2.9906273958778327
631	2.9906273958778327
632	2.9906273958778327
633	2.9906273958778327
634	2.9906273958778327
635	2.9906273958778327
636	2.9906273958778327
637	2.9906273958778327
638	2.9906273958778327
639	2.9906273958778327
640	2.9906273958778327
641	2.9906273958778327
642	2.9906273958778327
643	2.9906273958778327
644	2.9906273958778327
645	2.9906273958778327
646	2.9906273958778327
647	2.9906273958778327
648	2.9906273958778327
649	2.9906273958778327
650	2.9906273958778327
651	2.9906273958778327
652	2.9906273958778327
653	2.9906273958778327
654	2.9906273958778327
655	2.9906273958778327
656	2.9906273958778327
657	2.9906273958778327
658	2.9906273958778327
659	2.9906273958778327
660	3.9050889177807937
661	3.9050889177807937
662	3.9050889177807937
663	3.9050889177807937
664	3.9050889177807937
665	3.9050889177807937
666	3.9050889177807937
667	3.9050889177807937
668	3.9050889177807937
669	3.9050889177807937
670	3.9050889177807937
671	3.9050889177807937
672	3.9050889177807937
673	3.9050889177807937
674	3.9050889177807937
675	3.9050889177807937
676	3.9050889177807937
677	3.9050889177807937
678	3.9050889177807937
679	3.9050889177807937
680	3.9050889177807937
681	3.9050889177807937
682	3.9050889177807937
683	3.9050889177807937
684	3.9050889177807937
685	3.9050889177807937
686	3.9050889177807937
687	3.9050889177807937
688	3.9050889177807937
689	3.9050889177807937
690	3.71171606133012
691	3.71171606133012
692	3.71171606133012
693	3.71171606133012
694	3.71171606133012
695	3.71171606133012
696	3.71171606133012
697	3.71171606133012
698	3.71171606133012
699	3.71171606133012
700	3.71171606133012
701	3.71171606133012
702	3.71171606133012
703	3.71171606133012
704	3.71171606133012
705	3.71171606133012
706	3.71171606133012
707	3.71171606133012
708	3.71171606133012
709	3.71171606133012
710	3.71171606133012
711	3.71171606133012
712	3.71171606133012
713	3.71171606133012
714	3.71171606133012
715	3.71171606133012
716	3.71171606133012
717	3.71171606133012
718	3.71171606133012
719	3.71171606133012
720	3.086357879256161
721	3.086357879256161
722	3.086357879256161
723	3.086357879256161
724	3.086357879256161
725	3.086357879256161
726	3.086357879256161
727	3.086357879256161
728	3.086357879256161
729	3.086357879256161
730	3.086357879256161
731	3.086357879256161
732	3.086357879256161
733	3.086357879256161
734	3.086357879256161
735	3.086357879256161
736	3.086357879256161
737	3.086357879256161
738	3.086357879256161
739	3.086357879256161
740	3.086357879256161
741	3.086357879256161
742	3.086357879256161
743	3.086357879256161
744	3.086357879256161
745	3.086357879256161
746	3.086357879256161
747	3.086357879256161
748	3.086357879256161
749	3.086357879256161
750	4.612461685260758
751	4.612461685260758
752	4.612461685260758
753	4.612461685260758
754	4.612461685260758
755	4.612461685260758
756	4.612461685260758
757	4.612461685260758
758	4.612461685260758
759	4.612461685260758
760	4.612461685260758
761	4.612461685260758
762	4.612461685260758
763	4.612461685260758
764	4.612461685260758
765	4.612461685260758
766	4.612461685260758
767	4.612461685260758
768	4.612461685260758
769	4.612461685260758
770	4.612461685260758
771	4.612461685260758
772	4.612461685260758
773	4.612461685260758
774	4.612461685260758
775	4.612461685260758
776	4.612461685260758
777	4.612461685260758
778	4.612461685260758
779	4.612461685260758
780	4.520987084966837
781	4.520987084966837
782	4.520987084966837
783	4.520987084966837
784	4.520987084966837
785	4.520987084966837
786	4.520987084966837
787	4.520987084966837
788	4.520987084966837
789	4.520987084966837
790	4.520987084966837
791	4.520987084966837
792	4.520987084966837
793	4.520987084966837
794	4.520987084966837
795	4.520987084966837
796	4.520987084966837
797	4.520987084966837
798	4.520987084966837
799	4.520987084966837
800	4.520987084966837
801	4.520987084966837
802	4.520987084966837
803	4.520987084966837
804	4.520987084966837
805	4.520987084966837
806	4.520987084966837
807	4.520987084966837
808	4.520987084966837
809	4.520987084966837
810	3.6676392251472967
811	3.6676392251472967
812	3.6676392251472967
813	3.6676392251472967
814	3.6676392251472967
815	3.6676392251472967
816	3.6676392251472967
817	3.6676392251472967
818	3.6676392251472967
819	3.6676392251472967
820	3.6676392251472967
821	3.6676392251472967
822	3.6676392251472967
823	3.6676392251472967
824	3.6676392251472967
825	3.6676392251472967
826	3.6676392251472967
827	3.6676392251472967
828	3.6676392251472967
829	3.6676392251472967
830	3.6676392251472967
831	3.6676392251472967
832	3.6676392251472967
833	3.6676392251472967
834	3.6676392251472967
835	3.6676392251472967
836	3.6676392251472967
837	3.6676392251472967
838	3.6676392251472967
839	3.6676392251472967
840	4.264842026945498
841	4.264842026945498
842	4.264842026945498
843	4.264842026945498
844	4.264842026945498
845	4.264842026945498
846	4.264842026945498
847	4.264842026945498
848	4.264842026945498
849	4.264842026945498
850	4.264842026945498
851	4.264842026945498
852	4.264842026945498
853	4.264842026945498
854	4.264842026945498
855	4.264842026945498
856	4.264842026945498
857	4.264842026945498
858	4.264842026945498
859	4.264842026945498
860	4.264842026945498
861	4.264842026945498
862	4.264842026945498
863	4.264842026945498
864	4.264842026945498
865	4.264842026945498
866	4.264842026945498
867	4.264842026945498
868	4.264842026945498
869	4.264842026945498
870	2.741583236487081
871	2.741583236487081
872	2.741583236487081
873	2.741583236487081
874	2.741583236487081
875	2.741583236487081
876	2.741583236487081
877	2.741583236487081
878	2.741583236487081
879	2.741583236487081
880	2.741583236487081
881	2.741583236487081
882	2.741583236487081
883	2.741583236487081
884	2.741583236487081
885	2.741583236487081
886	2.741583236487081
887	2.741583236487081
888	2.741583236487081
889	2.741583236487081
890	2.741583236487081
891	2.741583236487081
892	2.741583236487081
893	2.741583236487081
894	2.741583236487081
895	2.741583236487081
896	2.741583236487081
897	2.741583236487081
898	2.741583236487081
899	2.741583236487081
900	3.9967684799629106
901	3.9967684799629106
902	3.9967684799629106
903	3.9967684799629106
904	3.9967684799629106
905	3.9967684799629106
906	3.9967684799629106
907	3.9967684799629106
908	3.9967684799629106
909	3.9967684799629106
910	3.9967684799629106
911	3.9967684799629106
912	3.9967684799629106
913	3.9967684799629106
914	3.9967684799629106
915	3.9967684799629106
916	3.9967684799629106
917	3.9967684799629106
918	3.9967684799629106
919	3.9967684799629106
920	3.9967684799629106
921	3.9967684799629106
922	3.9967684799629106
923	3.9967684799629106
924	3.9967684799629106
925	3.9967684799629106
926	3.9967684799629106
927	3.9967684799629106
928	3.9967684799629106
929	3.9967684799629106
930	3.344093132051335
931	3.344093132051335
932	3.344093132051335
933	3.344093132051335
934	3.344093132051335
935	3.344093132051335
936	3.344093132051335
937	3.344093132051335
938	3.344093132051335
939	3.344093132051335
940	3.344093132051335
941	3.344093132051335
942	3.344093132051335
943	3.344093132051335
944	3.344093132051335
945	3.344093132051335
946	3.344093132051335
947	3.344093132051335
948	3.344093132051335
949	3.344093132051335
950	3.344093132051335
951	3.344093132051335
952	3.344093132051335
953	3.344093132051335
954	3.344093132051335
955	3.344093132051335
956	3.344093132051335
957	3.344093132051335
958	3.344093132051335
959	3.344093132051335
960	3.345058765678629
961	3.345058765678629
962	3.345058765678629
963	3.345058765678629
964	3.345058765678629
965	3.345058765678629
966	3.345058765678629
967	3.345058765678629
968	3.345058765678629
969	3.345058765678629
970	3.345058765678629
971	3.345058765678629
972	3.345058765678629
973	3.345058765678629
974	3.345058765678629
975	3.345058765678629
976	3.345058765678629
977	3.345058765678629
978	3.345058765678629
979	3.345058765678629
980	3.345058765678629
981	3.345058765678629
982	3.345058765678629
983	3.345058765678629
984	3.345058765678629
985	3.345058765678629
986	3.345058765678629
987	3.345058765678629
988	3.345058765678629
989	3.345058765678629
990	3.39788868401584
991	3.39788868401584
992	3.39788868401584
993	3.39788868401584
994	3.39788868401584
995	3.39788868401584
996	3.39788868401584
997	3.39788868401584
998	3.39788868401584
999	3.39788868401584
1000	3.39788868401584
1001	3.39788868401584
1002	3.39788868401584
1003	3.39788868401584
1004	3.39788868401584
1005	3.39788868401584
1006	3.39788868401584
1007	3.39788868401584
1008	3.39788868401584
1009	3.39788868401584
1010	3.39788868401584
1011	3.39788868401584
1012	3.39788868401584
1013	3.39788868401584
1014	3.39788868401584
1015	3.39788868401584
1016	3.39788868401584
1017	3.39788868401584
1018	3.39788868401584
1019	3.39788868401584
1020	3.7002644555109967
1021	3.7002644555109967
1022	3.7002644555109967
1023	3.7002644555109967
1024	3.7002644555109967
1025	3.7002644555109967
1026	3.7002644555109967
1027	3.7002644555109967
1028	3.7002644555109967
1029	3.7002644555109967
1030	3.7002644555109967
1031	3.7002644555109967
1032	3.7002644555109967
1033	3.7002644555109967
1034	3.7002644555109967
1035	3.7002644555109967
1036	3.7002644555109967
1037	3.7002644555109967
1038	3.7002644555109967
1039	3.7002644555109967
1040	3.7002644555109967
1041	3.7002644555109967
1042	3.7002644555109967
1043	3.7002644555109967
1044	3.7002644555109967
1045	3.7002644555109967
1046	3.7002644555109967
1047	3.7002644555109967
1048	3.7002644555109967
1049	3.7002644555109967
1050	3.4408107647515616
1051	3.4408107647515616
1052	3.4408107647515616
1053	3.4408107647515616
1054	3.4408107647515616
1055	3.4408107647515616
1056	3.4408107647515616
1057	3.4408107647515616
1058	3.4408107647515616
1059	3.4408107647515616
1060	3.4408107647515616
1061	3.4408107647515616
1062	3.4408107647515616
1063	3.4408107647515616
1064	3.4408107647515616
1065	3.4408107647515616
1066	3.4408107647515616
1067	3.4408107647515616
1068	3.4408107647515616
1069	3.4408107647515616
1070	3.4408107647515616
1071	3.4408107647515616
1072	3.4408107647515616
1073	3.4408107647515616
1074	3.4408107647515616
1075	3.4408107647515616
1076	3.4408107647515616
1077	3.4408107647515616
1078	3.4408107647515616
1079	3.4408107647515616
1080	2.601476830233345
1081	2.601476830233345
1082	2.601476830233345
1083	2.601476830233345
1084	2.601476830233345
1085	2.601476830233345
1086	2.601476830233345
1087	2.601476830233345
1088	2.601476830233345
1089	2.601476830233345
1090	2.601476830233345
1091	2.601476830233345
1092	2.601476830233345
1093	2.601476830233345
1094	2.601476830233345
1095	2.601476830233345
1096	2.601476830233345
1097	2.601476830233345
1098	2.601476830233345
1099	2.601476830233345
1100	2.601476830233345
1101	2.601476830233345
1102	2.601476830233345
1103	2.601476830233345
1104	2.601476830233345
1105	2.601476830233345
1106	2.601476830233345
1107	2.601476830233345
1108	2.601476830233345
1109	2.601476830233345
1110	3.8449528904083308
1111	3.8449528904083308
1112	3.8449528904083308
1113	3.8449528904083308
1114	3.8449528904083308
1115	3.8449528904083308
1116	3.8449528904083308
1117	3.8449528904083308
1118	3.8449528904083308
1119	3.8449528904083308
1120	3.8449528904083308
1121	3.8449528904083308
1122	3.8449528904083308
1123	3.8449528904083308
1124	3.8449528904083308
1125	3.8449528904083308
1126	3.8449528904083308
1127	3.8449528904083308
1128	3.8449528904083308
1129	3.8449528904083308
1130	3.8449528904083308
1131	3.8449528904083308
1132	3.8449528904083308
1133	3.8449528904083308
1134	3.8449528904083308
1135	3.8449528904083308
1136	3.8449528904083308
1137	3.8449528904083308
1138	3.8449528904083308
1139	3.8449528904083308
1140	3.9864793766608346
1141	3.9864793766608346
1142	3.9864793766608346
1143	3.9864793766608346
1144	3.9864793766608346
1145	3.9864793766608346
1146	3.9864793766608346
1147	3.9864793766608346
1148	3.9864793766608346
1149	3.9864793766608346
1150	3.9864793766608346
1151	3.9864793766608346
1152	3.9864793766608346
1153	3.9864793766608346
1154	3.9864793766608346
1155	3.9864793766608346
1156	3.9864793766608346
1157	3.9864793766608346
1158	3.9864793766608346
1159	3.9864793766608346
1160	3.9864793766608346
1161	3.9864793766608346
1162	3.9864793766608346
1163	3.9864793766608346
1164	3.9864793766608346
1165	3.9864793766608346
1166	3.9864793766608346
1167	3.9864793766608346
1168	3.9864793766608346
1169	3.9864793766608346
1170	3.709210295735853
1171	3.709210295735853
1172	3.709210295735853
1173	3.709210295735853
1174	3.709210295735853
1175	3.709210295735853
1176	3.709210295735853
1177	3.709210295735853
1178	3.709210295735853
1179	3.709210295735853
1180	3.709210295735853
1181	3.709210295735853
1182	3.709210295735853
1183	3.709210295735853
1184	3.709210295735853
1185	3.709210295735853
1186	3.709210295735853
1187	3.709210295735853
1188	3.709210295735853
1189	3.709210295735853
1190	3.709210295735853
1191	3.709210295735853
1192	3.709210295735853
1193	3.709210295735853
1194	3.709210295735853
1195	3.709210295735853
1196	3.709210295735853
1197	3.709210295735853
1198	3.709210295735853
1199	3.709210295735853
1200	2.906384610920498
1201	2.906384610920498
1202	2.906384610920498
1203	2.906384610920498
1204	2.906384610920498
1205	2.906384610920498
1206	2.906384610920498
1207	2.906384610920498
1208	2.906384610920498
1209	2.906384610920498
1210	2.906384610920498
1211	2.906384610920498
1212	2.906384610920498
1213	2.906384610920498
1214	2.906384610920498
1215	2.906384610920498
1216	2.906384610920498
1217	2.906384610920498
1218	2.906384610920498
1219	2.906384610920498
1220	2.906384610920498
1221	2.906384610920498
1222	2.906384610920498
1223	2.906384610920498
1224	2.906384610920498
1225	2.906384610920498
1226	2.906384610920498
1227	2.906384610920498
1228	2.906384610920498
1229	2.906384610920498
1230	2.282563885774436
1231	2.282563885774436
1232	2.282563885774436
1233	2.282563885774436
1234	2.282563885774436
1235	2.282563885774436
1236	2.282563885774436
1237	2.282563885774436
1238	2.282563885774436
1239	2.282563885774436
1240	2.282563885774436
1241	2.282563885774436
1242	2.282563885774436
1243	2.282563885774436
1244	2.282563885774436
1245	2.282563885774436
1246	2.282563885774436
1247	2.282563885774436
1248	2.282563885774436
1249	2.282563885774436
1250	2.282563885774436
1251	2.282563885774436
1252	2.282563885774436
1253	2.282563885774436
1254	2.282563885774436
1255	2.282563885774436
1256	2.282563885774436
1257	2.282563885774436
1258	2.282563885774436
1259	2.282563885774436
1260	5.155568521609581
1261	5.155568521609581
1262	5.155568521609581
1263	5.155568521609581
1264	5.155568521609581
1265	5.155568521609581
1266	5.155568521609581
1267	5.155568521609581
1268	5.155568521609581
1269	5.155568521609581
1270	5.155568521609581
1271	5.155568521609581
1272	5.155568521609581
1273	5.155568521609581
1274	5.155568521609581
1275	5.155568521609581
1276	5.155568521609581
1277	5.155568521609581
1278	5.155568521609581
1279	5.155568521609581
1280	5.155568521609581
1281	5.155568521609581
1282	5.155568521609581
1283	5.155568521609581
1284	5.155568521609581
1285	5.155568521609581
1286	5.155568521609581
1287	5.155568521609581
1288	5.155568521609581
1289	5.155568521609581
1290	4.540672320982554
1291	4.540672320982554
1292	4.540672320982554
1293	4.540672320982554
1294	4.540672320982554
1295	4.540672320982554
1296	4.540672320982554
1297	4.540672320982554
1298	4.540672320982554
1299	4.540672320982554
1300	4.540672320982554
1301	4.540672320982554
1302	4.540672320982554
1303	4.540672320982554
1304	4.540672320982554
1305	4.540672320982554
1306	4.540672320982554
1307	4.540672320982554
1308	4.540672320982554
1309	4.540672320982554
1310	4.540672320982554
1311	4.540672320982554
1312	4.540672320982554
1313	4.540672320982554
1314	4.540672320982554
1315	4.540672320982554
1316	4.540672320982554
1317	4.540672320982554
1318	4.540672320982554
1319	4.540672320982554
1320	2.8807842691128283
1321	2.8807842691128283
1322	2.8807842691128283
1323	2.8807842691128283
1324	2.8807842691128283
1325	2.8807842691128283
1326	2.8807842691128283
1327	2.8807842691128283
1328	2.8807842691128283
1329	2.8807842691128283
1330	2.8807842691128283
1331	2.8807842691128283
1332	2.8807842691128283
1333	2.8807842691128283
1334	2.8807842691128283
1335	2.8807842691128283
1336	2.8807842691128283
1337	2.8807842691128283
1338	2.8807842691128283
1339	2.8807842691128283
1340	2.8807842691128283
1341	2.8807842691128283
1342	2.8807842691128283
1343	2.8807842691128283
1344	2.8807842691128283
1345	2.8807842691128283
1346	2.8807842691128283
1347	2.8807842691128283
1348	2.8807842691128283
1349	2.8807842691128283
1350	3.996931110801156
1351	3.996931110801156
1352	3.996931110801156
1353	3.996931110801156
1354	3.996931110801156
1355	3.996931110801156
1356	3.996931110801156
1357	3.996931110801156
1358	3.996931110801156
1359	3.996931110801156
1360	3.996931110801156
1361	3.996931110801156
1362	3.996931110801156
1363	3.996931110801156
1364	3.996931110801156
1365	3.996931110801156
1366	3.996931110801156
1367	3.996931110801156
1368	3.996931110801156
1369	3.996931110801156
1370	3.996931110801156
1371	3.996931110801156
1372	3.996931110801156
1373	3.996931110801156
1374	3.996931110801156
1375	3.996931110801156
1376	3.996931110801156
1377	3.996931110801156
1378	3.996931110801156
1379	3.996931110801156
1380	4.041772963935668
1381	4.041772963935668
1382	4.041772963935668
1383	4.041772963935668
1384	4.041772963935668
1385	4.041772963935668
1386	4.041772963935668
1387	4.041772963935668
1388	4.041772963935668
1389	4.041772963935668
1390	4.041772963935668
1391	4.041772963935668
1392	4.041772963935668
1393	4.041772963935668
1394	4.041772963935668
1395	4.041772963935668
1396	4.041772963935668
1397	4.041772963935668
1398	4.041772963935668
1399	4.041772963935668
1400	4.041772963935668
1401	4.041772963935668
1402	4.041772963935668
1403	4.041772963935668
1404	4.041772963935668
1405	4.041772963935668
1406	4.041772963935668
1407	4.041772963935668
1408	4.041772963935668
1409	4.041772963935668
1410	5.0274668878952244
1411	5.0274668878952244
1412	5.0274668878952244
1413	5.0274668878952244
1414	5.0274668878952244
1415	5.0274668878952244
1416	5.0274668878952244
1417	5.0274668878952244
1418	5.0274668878952244
1419	5.0274668878952244
1420	5.0274668878952244
1421	5.0274668878952244
1422	5.0274668878952244
1423	5.0274668878952244
1424	5.0274668878952244
1425	5.0274668878952244
1426	5.0274668878952244
1427	5.0274668878952244
1428	5.0274668878952244
1429	5.0274668878952244
1430	5.0274668878952244
1431	5.0274668878952244
1432	5.0274668878952244
1433	5.0274668878952244
1434	5.0274668878952244
1435	5.0274668878952244
1436	5.0274668878952244
1437	5.0274668878952244
1438	5.0274668878952244
1439	5.0274668878952244
1440	4.00682576862504
1441	4.00682576862504
1442	4.00682576862504
1443	4.00682576862504
1444	4.00682576862504
1445	4.00682576862504
1446	4.00682576862504
1447	4.00682576862504
1448	4.00682576862504
1449	4.00682576862504
1450	4.00682576862504
1451	4.00682576862504
1452	4.00682576862504
1453	4.00682576862504
1454	4.00682576862504
1455	4.00682576862504
1456	4.00682576862504
1457	4.00682576862504
1458	4.00682576862504
1459	4.00682576862504
1460	4.00682576862504
1461	4.00682576862504
1462	4.00682576862504
1463	4.00682576862504
1464	4.00682576862504
1465	4.00682576862504
1466	4.00682576862504
1467	4.00682576862504
1468	4.00682576862504
1469	4.00682576862504
1470	4.357349717125626
1471	4.357349717125626
1472	4.357349717125626
1473	4.357349717125626
1474	4.357349717125626
1475	4.357349717125626
1476	4.357349717125626
1477	4.357349717125626
1478	4.357349717125626
1479	4.357349717125626
1480	4.357349717125626
1481	4.357349717125626
1482	4.357349717125626
1483	4.357349717125626
1484	4.357349717125626
1485	4.357349717125626
1486	4.357349717125626
1487	4.357349717125626
1488	4.357349717125626
1489	4.357349717125626
1490	4.357349717125626
1491	4.357349717125626
1492	4.357349717125626
1493	4.357349717125626
1494	4.357349717125626
1495	4.357349717125626
1496	4.357349717125626
1497	4.357349717125626
1498	4.357349717125626
1499	4.357349717125626
1500	3.6328232915680245
1501	3.6328232915680245
1502	3.6328232915680245
1503	3.6328232915680245
1504	3.6328232915680245
1505	3.6328232915680245
1506	3.6328232915680245
1507	3.6328232915680245
1508	3.6328232915680245
1509	3.6328232915680245
1510	3.6328232915680245
1511	3.6328232915680245
1512	3.6328232915680245
1513	3.6328232915680245
1514	3.6328232915680245
1515	3.6328232915680245
1516	3.6328232915680245
1517	3.6328232915680245
1518	3.6328232915680245
1519	3.6328232915680245
1520	3.6328232915680245
1521	3.6328232915680245
1522	3.6328232915680245
1523	3.6328232915680245
1524	3.6328232915680245
1525	3.6328232915680245
1526	3.6328232915680245
1527	3.6328232915680245
1528	3.6328232915680245
1529	3.6328232915680245
1530	1.7815190545331572
1531	1.7815190545331572
1532	1.7815190545331572
1533	1.7815190545331572
1534	1.7815190545331572
1535	1.7815190545331572
1536	1.7815190545331572
1537	1.7815190545331572
1538	1.7815190545331572
1539	1.7815190545331572
1540	1.7815190545331572
1541	1.7815190545331572
1542	1.7815190545331572
1543	1.7815190545331572
1544	1.7815190545331572
1545	1.7815190545331572
1546	1.7815190545331572
1547	1.7815190545331572
1548	1.7815190545331572
1549	1.7815190545331572
1550	1.7815190545331572
1551	1.7815190545331572
1552	1.7815190545331572
1553	1.7815190545331572
1554	1.7815190545331572
1555	1.7815190545331572
1556	1.7815190545331572
1557	1.7815190545331572
1558	1.7815190545331572
1559	1.7815190545331572
1560	4.651373206730892
1561	4.651373206730892
1562	4.651373206730892
1563	4.651373206730892
1564	4.651373206730892
1565	4.651373206730892
1566	4.651373206730892
1567	4.651373206730892
1568	4.651373206730892
1569	4.651373206730892
1570	4.651373206730892
1571	4.651373206730892
1572	4.651373206730892
1573	4.651373206730892
1574	4.651373206730892
1575	4.651373206730892
1576	4.651373206730892
1577	4.651373206730892
1578	4.651373206730892
1579	4.651373206730892
1580	4.651373206730892
1581	4.651373206730892
1582	4.651373206730892
1583	4.651373206730892
1584	4.651373206730892
1585	4.651373206730892
1586	4.651373206730892
1587	4.651373206730892
1588	4.651373206730892
1589	4.651373206730892
1590	3.180039623470601
1591	3.180039623470601
1592	3.180039623470601
1593	3.180039623470601
1594	3.180039623470601
1595	3.180039623470601
1596	3.180039623470601
1597	3.180039623470601
1598	3.180039623470601
1599	3.180039623470601
1600	3.180039623470601
1601	3.180039623470601
1602	3.180039623470601
1603	3.180039623470601
1604	3.180039623470601
1605	3.180039623470601
1606	3.180039623470601
1607	3.180039623470601
1608	3.180039623470601
1609	3.180039623470601
1610	3.180039623470601
1611	3.180039623470601
1612	3.180039623470601
1613	3.180039623470601
1614	3.180039623470601
1615	3.180039623470601
1616	3.180039623470601
1617	3.180039623470601
1618	3.180039623470601
1619	3.180039623470601
1620	4.308103966175657
1621	4.308103966175657
1622	4.308103966175657
1623	4.308103966175657
1624	4.308103966175657
1625	4.308103966175657
1626	4.308103966175657
1627	4.308103966175657
1628	4.308103966175657
1629	4.308103966175657
1630	4.308103966175657
1631	4.308103966175657
1632	4.308103966175657
1633	4.308103966175657
1634	4.308103966175657
1635	4.308103966175657
1636	4.308103966175657
1637	4.308103966175657
1638	4.308103966175657
1639	4.308103966175657
1640	4.308103966175657
1641	4.308103966175657
1642	4.308103966175657
1643	4.308103966175657
1644	4.308103966175657
1645	4.308103966175657
1646	4.308103966175657
1647	4.308103966175657
1648	4.308103966175657
1649	4.308103966175657
1650	4.676490917743141
1651	4.676490917743141
1652	4.676490917743141
1653	4.676490917743141
1654	4.676490917743141
1655	4.676490917743141
1656	4.676490917743141
1657	4.676490917743141
1658	4.676490917743141
1659	4.676490917743141
1660	4.676490917743141
1661	4.676490917743141
1662	4.676490917743141
1663	4.676490917743141
1664	4.676490917743141
1665	4.676490917743141
1666	4.676490917743141
1667	4.676490917743141
1668	4.676490917743141
1669	4.676490917743141
1670	4.676490917743141
1671	4.676490917743141
1672	4.676490917743141
1673	4.676490917743141
1674	4.676490917743141
1675	4.676490917743141
1676	4.676490917743141
1677	4.676490917743141
1678	4.676490917743141
1679	4.676490917743141
1680	3.110751057594177
1681	3.110751057594177
1682	3.110751057594177
1683	3.110751057594177
1684	3.110751057594177
1685	3.110751057594177
1686	3.110751057594177
1687	3.110751057594177
1688	3.110751057594177
1689	3.110751057594177
1690	3.110751057594177
1691	3.110751057594177
1692	3.110751057594177
1693	3.110751057594177
1694	3.110751057594177
1695	3.110751057594177
1696	3.110751057594177
1697	3.110751057594177
1698	3.110751057594177
1699	3.110751057594177
1700	3.110751057594177
1701	3.110751057594177
1702	3.110751057594177
1703	3.110751057594177
1704	3.110751057594177
1705	3.110751057594177
1706	3.110751057594177
1707	3.110751057594177
1708	3.110751057594177
1709	3.110751057594177
1710	3.289043561409285
1711	3.289043561409285
1712	3.289043561409285
1713	3.289043561409285
1714	3.289043561409285
1715	3.289043561409285
1716	3.289043561409285
1717	3.289043561409285
1718	3.289043561409285
1719	3.289043561409285
1720	3.289043561409285
1721	3.289043561409285
1722	3.289043561409285
1723	3.289043561409285
1724	3.289043561409285
1725	3.289043561409285
1726	3.289043561409285
1727	3.289043561409285
1728	3.289043561409285
1729	3.289043561409285
1730	3.289043561409285
1731	3.289043561409285
1732	3.289043561409285
1733	3.289043561409285
1734	3.289043561409285
1735	3.289043561409285
1736	3.289043561409285
1737	3.289043561409285
1738	3.289043561409285
1739	3.289043561409285
1740	2.9833468583561387
1741	2.9833468583561387
1742	2.9833468583561387
1743	2.9833468583561387
1744	2.9833468583561387
1745	2.9833468583561387
1746	2.9833468583561387
1747	2.9833468583561387
1748	2.9833468583561387
1749	2.9833468583561387
1750	2.9833468583561387
1751	2.9833468583561387
1752	2.9833468583561387
1753	2.9833468583561387
1754	2.9833468583561387
1755	2.9833468583561387
1756	2.9833468583561387
1757	2.9833468583561387
1758	2.9833468583561387
1759	2.9833468583561387
1760	2.9833468583561387
1761	2.9833468583561387
1762	2.9833468583561387
1763	2.9833468583561387
1764	2.9833468583561387
1765	2.9833468583561387
1766	2.9833468583561387
1767	2.9833468583561387
1768	2.9833468583561387
1769	2.9833468583561387
1770	1.84969886518948
1771	1.84969886518948
1772	1.84969886518948
1773	1.84969886518948
1774	1.84969886518948
1775	1.84969886518948
1776	1.84969886518948
1777	1.84969886518948
1778	1.84969886518948
1779	1.84969886518948
1780	1.84969886518948
1781	1.84969886518948
1782	1.84969886518948
1783	1.84969886518948
1784	1.84969886518948
1785	1.84969886518948
1786	1.84969886518948
1787	1.84969886518948
1788	1.84969886518948
1789	1.84969886518948
1790	1.84969886518948
1791	1.84969886518948
1792	1.84969886518948
1793	1.84969886518948
1794	1.84969886518948
1795	1.84969886518948
1796	1.84969886518948
1797	1.84969886518948
1798	1.84969886518948
1799	1.84969886518948
1800	3.211446125712115
1801	3.211446125712115
1802	3.211446125712115
1803	3.211446125712115
1804	3.211446125712115
1805	3.211446125712115
1806	3.211446125712115
1807	3.211446125712115
1808	3.211446125712115
1809	3.211446125712115
1810	3.211446125712115
1811	3.211446125712115
1812	3.211446125712115
1813	3.211446125712115
1814	3.211446125712115
1815	3.211446125712115
1816	3.211446125712115
1817	3.211446125712115
1818	3.211446125712115
1819	3.211446125712115
1820	3.211446125712115
1821	3.211446125712115
1822	3.211446125712115
1823	3.211446125712115
1824	3.211446125712115
1825	3.211446125712115
1826	3.211446125712115
1827	3.211446125712115
1828	3.211446125712115
1829	3.211446125712115
1830	3.1402687914739627
1831	3.1402687914739627
1832	3.1402687914739627
1833	3.1402687914739627
1834	3.1402687914739627
1835	3.1402687914739627
1836	3.1402687914739627
1837	3.1402687914739627
1838	3.1402687914739627
1839	3.1402687914739627
1840	3.1402687914739627
1841	3.1402687914739627
1842	3.1402687914739627
1843	3.1402687914739627
1844	3.1402687914739627
1845	3.1402687914739627
1846	3.1402687914739627
1847	3.1402687914739627
1848	3.1402687914739627
1849	3.1402687914739627
1850	3.1402687914739627
1851	3.1402687914739627
1852	3.1402687914739627
1853	3.1402687914739627
1854	3.1402687914739627
1855	3.1402687914739627
1856	3.1402687914739627
1857	3.1402687914739627
1858	3.1402687914739627
1859	3.1402687914739627
1860	1.5283656383037352
1861	1.5283656383037352
1862	1.5283656383037352
1863	1.5283656383037352
1864	1.5283656383037352
1865	1.5283656383037352
1866	1.5283656383037352
1867	1.5283656383037352
1868	1.5283656383037352
1869	1.5283656383037352
1870	1.5283656383037352
1871	1.5283656383037352
1872	1.5283656383037352
1873	1.5283656383037352
1874	1.5283656383037352
1875	1.5283656383037352
1876	1.5283656383037352
1877	1.5283656383037352
1878	1.5283656383037352
1879	1.5283656383037352
1880	1.5283656383037352
1881	1.5283656383037352
1882	1.5283656383037352
1883	1.5283656383037352
1884	1.5283656383037352
1885	1.5283656383037352
1886	1.5283656383037352
1887	1.5283656383037352
1888	1.5283656383037352
1889	1.5283656383037352
1890	4.5920294749604835
1891	4.5920294749604835
1892	4.5920294749604835
1893	4.5920294749604835
1894	4.5920294749604835
1895	4.5920294749604835
1896	4.5920294749604835
1897	4.5920294749604835
1898	4.5920294749604835
1899	4.5920294749604835
1900	4.5920294749604835
1901	4.5920294749604835
1902	4.5920294749604835
1903	4.5920294749604835
1904	4.5920294749604835
1905	4.5920294749604835
1906	4.5920294749604835
1907	4.5920294749604835
1908	4.5920294749604835
1909	4.5920294749604835
1910	4.5920294749604835
1911	4.5920294749604835
1912	4.5920294749604835
1913	4.5920294749604835
1914	4.5920294749604835
1915	4.5920294749604835
1916	4.5920294749604835
1917	4.5920294749604835
1918	4.5920294749604835
1919	4.5920294749604835
1920	3.230337428258845
1921	3.230337428258845
1922	3.230337428258845
1923	3.230337428258845
1924	3.230337428258845
1925	3.230337428258845
1926	3.230337428258845
1927	3.230337428258845
1928	3.230337428258845
1929	3.230337428258845
1930	3.230337428258845
1931	3.230337428258845
1932	3.230337428258845
1933	3.230337428258845
1934	3.230337428258845
1935	3.230337428258845
1936	3.230337428258845
1937	3.230337428258845
1938	3.230337428258845
1939	3.230337428258845
1940	3.230337428258845
1941	3.230337428258845
1942	3.230337428258845
1943	3.230337428258845
1944	3.230337428258845
1945	3.230337428258845
1946	3.230337428258845
1947	3.230337428258845
1948	3.230337428258845
1949	3.230337428258845
1950	2.9342546029925685
1951	2.9342546029925685
1952	2.9342546029925685
1953	2.9342546029925685
1954	2.9342546029925685
1955	2.9342546029925685
1956	2.9342546029925685
1957	2.9342546029925685
1958	2.9342546029925685
1959	2.9342546029925685
1960	2.9342546029925685
1961	2.9342546029925685
1962	2.9342546029925685
1963	2.9342546029925685
1964	2.9342546029925685
1965	2.9342546029925685
1966	2.9342546029925685
1967	2.9342546029925685
1968	2.9342546029925685
1969	2.9342546029925685
1970	2.9342546029925685
1971	2.9342546029925685
1972	2.9342546029925685
1973	2.9342546029925685
1974	2.9342546029925685
1975	2.9342546029925685
1976	2.9342546029925685
1977	2.9342546029925685
1978	2.9342546029925685
1979	2.9342546029925685
1980	2.1444870703356145
1981	2.1444870703356145
1982	2.1444870703356145
1983	2.1444870703356145
1984	2.1444870703356145
1985	2.1444870703356145
1986	2.1444870703356145
1987	2.1444870703356145
1988	2.1444870703356145
1989	2.1444870703356145
1990	2.1444870703356145
1991	2.1444870703356145
1992	2.1444870703356145
1993	2.1444870703356145
1994	2.1444870703356145
1995	2.1444870703356145
1996	2.1444870703356145
1997	2.1444870703356145
1998	2.1444870703356145
1999	2.1444870703356145
2000	2.1444870703356145
2001	2.1444870703356145
2002	2.1444870703356145
2003	2.1444870703356145
2004	2.1444870703356145
2005	2.1444870703356145
2006	2.1444870703356145
2007	2.1444870703356145
2008	2.1444870703356145
2009	2.1444870703356145
2010	3.436449696132464
2011	3.436449696132464
2012	3.436449696132464
2013	3.436449696132464
2014	3.436449696132464
2015	3.436449696132464
2016	3.436449696132464
2017	3.436449696132464
2018	3.436449696132464
2019	3.436449696132464
2020	3.436449696132464
2021	3.436449696132464
2022	3.436449696132464
2023	3.436449696132464
2024	3.436449696132464
2025	3.436449696132464
2026	3.436449696132464
2027	3.436449696132464
2028	3.436449696132464
2029	3.436449696132464
2030	3.436449696132464
2031	3.436449696132464
2032	3.436449696132464
2033	3.436449696132464
2034	3.436449696132464
2035	3.436449696132464
2036	3.436449696132464
2037	3.436449696132464
2038	3.436449696132464
2039	3.436449696132464
2040	4.879454554278168
2041	4.879454554278168
2042	4.879454554278168
2043	4.879454554278168
2044	4.879454554278168
2045	4.879454554278168
2046	4.879454554278168
2047	4.879454554278168
2048	4.879454554278168
2049	4.879454554278168
2050	4.879454554278168
2051	4.879454554278168
2052	4.879454554278168
2053	4.879454554278168
2054	4.879454554278168
2055	4.879454554278168
2056	4.879454554278168
2057	4.879454554278168
2058	4.879454554278168
2059	4.879454554278168
2060	4.879454554278168
2061	4.879454554278168
2062	4.879454554278168
2063	4.879454554278168
2064	4.879454554278168
2065	4.879454554278168
2066	4.879454554278168
2067	4.879454554278168
2068	4.879454554278168
2069	4.879454554278168
2070	3.7298202507078226
2071	3.7298202507078226
2072	3.7298202507078226
2073	3.7298202507078226
2074	3.7298202507078226
2075	3.7298202507078226
2076	3.7298202507078226
2077	3.7298202507078226
2078	3.7298202507078226
2079	3.7298202507078226
2080	3.7298202507078226
2081	3.7298202507078226
2082	3.7298202507078226
2083	3.7298202507078226
2084	3.7298202507078226
2085	3.7298202507078226
2086	3.7298202507078226
2087	3.7298202507078226
2088	3.7298202507078226
2089	3.7298202507078226
2090	3.7298202507078226
2091	3.7298202507078226
2092	3.7298202507078226
2093	3.7298202507078226
2094	3.7298202507078226
2095	3.7298202507078226
2096	3.7298202507078226
2097	3.7298202507078226
2098	3.7298202507078226
2099	3.7298202507078226
2100	2.8182163439162133
2101	2.8182163439162133
2102	2.8182163439162133
2103	2.8182163439162133
2104	2.8182163439162133
2105	2.8182163439162133
2106	2.8182163439162133
2107	2.8182163439162133
2108	2.8182163439162133
2109	2.8182163439162133
2110	2.8182163439162133
2111	2.8182163439162133
2112	2.8182163439162133
2113	2.8182163439162133
2114	2.8182163439162133
2115	2.8182163439162133
2116	2.8182163439162133
2117	2.8182163439162133
2118	2.8182163439162133
2119	2.8182163439162133
2120	2.8182163439162133
2121	2.8182163439162133
2122	2.8182163439162133
2123	2.8182163439162133
2124	2.8182163439162133
2125	2.8182163439162133
2126	2.8182163439162133
2127	2.8182163439162133
2128	2.8182163439162133
2129	2.8182163439162133
2130	3.007277548922861
2131	3.007277548922861
2132	3.007277548922861
2133	3.007277548922861
2134	3.007277548922861
2135	3.007277548922861
2136	3.007277548922861
2137	3.007277548922861
2138	3.007277548922861
2139	3.007277548922861
2140	3.007277548922861
2141	3.007277548922861
2142	3.007277548922861
2143	3.007277548922861
2144	3.007277548922861
2145	3.007277548922861
2146	3.007277548922861
2147	3.007277548922861
2148	3.007277548922861
2149	3.007277548922861
2150	3.007277548922861
2151	3.007277548922861
2152	3.007277548922861
2153	3.007277548922861
2154	3.007277548922861
2155	3.007277548922861
2156	3.007277548922861
2157	3.007277548922861
2158	3.007277548922861
2159	3.007277548922861
2160	4.565122725641234
2161	4.565122725641234
2162	4.565122725641234
2163	4.565122725641234
2164	4.565122725641234
2165	4.565122725641234
2166	4.565122725641234
2167	4.565122725641234
2168	4.565122725641234
2169	4.565122725641234
2170	4.565122725641234
2171	4.565122725641234
2172	4.565122725641234
2173	4.565122725641234
2174	4.565122725641234
2175	4.565122725641234
2176	4.565122725641234
2177	4.565122725641234
2178	4.565122725641234
2179	4.565122725641234
2180	4.565122725641234
2181	4.565122725641234
2182	4.565122725641234
2183	4.565122725641234
2184	4.565122725641234
2185	4.565122725641234
2186	4.565122725641234
2187	4.565122725641234
2188	4.565122725641234
2189	4.565122725641234
2190	4.086972413323222
2191	4.086972413323222
2192	4.086972413323222
2193	4.086972413323222
2194	4.086972413323222
2195	4.086972413323222
2196	4.086972413323222
2197	4.086972413323222
2198	4.086972413323222
2199	4.086972413323222
2200	4.086972413323222
2201	4.086972413323222
2202	4.086972413323222
2203	4.086972413323222
2204	4.086972413323222
2205	4.086972413323222
2206	4.086972413323222
2207	4.086972413323222
2208	4.086972413323222
2209	4.086972413323222
2210	4.086972413323222
2211	4.086972413323222
2212	4.086972413323222
2213	4.086972413323222
2214	4.086972413323222
2215	4.086972413323222
2216	4.086972413323222
2217	4.086972413323222
2218	4.086972413323222
2219	4.086972413323222
2220	4.750945196602909
2221	4.750945196602909
2222	4.750945196602909
2223	4.750945196602909
2224	4.750945196602909
2225	4.750945196602909
2226	4.750945196602909
2227	4.750945196602909
2228	4.750945196602909
2229	4.750945196602909
2230	4.750945196602909
2231	4.750945196602909
2232	4.750945196602909
2233	4.750945196602909
2234	4.750945196602909
2235	4.750945196602909
2236	4.750945196602909
2237	4.750945196602909
2238	4.750945196602909
2239	4.750945196602909
2240	4.750945196602909
2241	4.750945196602909
2242	4.750945196602909
2243	4.750945196602909
2244	4.750945196602909
2245	4.750945196602909
2246	4.750945196602909
2247	4.750945196602909
2248	4.750945196602909
2249	4.750945196602909
2250	2.977827653322564
2251	2.977827653322564
2252	2.977827653322564
2253	2.977827653322564
2254	2.977827653322564
2255	2.977827653322564
2256	2.977827653322564
2257	2.977827653322564
2258	2.977827653322564
2259	2.977827653322564
2260	2.977827653322564
2261	2.977827653322564
2262	2.977827653322564
2263	2.977827653322564
2264	2.977827653322564
2265	2.977827653322564
2266	2.977827653322564
2267	2.977827653322564
2268	2.977827653322564
2269	2.977827653322564
2270	2.977827653322564
2271	2.977827653322564
2272	2.977827653322564
2273	2.977827653322564
2274	2.977827653322564
2275	2.977827653322564
2276	2.977827653322564
2277	2.977827653322564
2278	2.977827653322564
2279	2.977827653322564
2280	4.916969320972457
2281	4.916969320972457
2282	4.916969320972457
2283	4.916969320972457
2284	4.916969320972457
2285	4.916969320972457
2286	4.916969320972457
2287	4.916969320972457
2288	4.916969320972457
2289	4.916969320972457
2290	4.916969320972457
2291	4.916969320972457
2292	4.916969320972457
2293	4.916969320972457
2294	4.916969320972457
2295	4.916969320972457
2296	4.916969320972457
2297	4.916969320972457
2298	4.916969320972457
2299	4.916969320972457
2300	4.916969320972457
2301	4.916969320972457
2302	4.916969320972457
2303	4.916969320972457
2304	4.916969320972457
2305	4.916969320972457
2306	4.916969320972457
2307	4.916969320972457
2308	4.916969320972457
2309	4.916969320972457
2310	3.853743700025854
2311	3.853743700025854
2312	3.853743700025854
2313	3.853743700025854
2314	3.853743700025854
2315	3.853743700025854
2316	3.853743700025854
2317	3.853743700025854
2318	3.853743700025854
2319	3.853743700025854
2320	3.853743700025854
2321	3.853743700025854
2322	3.853743700025854
2323	3.853743700025854
2324	3.853743700025854
2325	3.853743700025854
2326	3.853743700025854
2327	3.853743700025854
2328	3.853743700025854
2329	3.853743700025854
2330	3.853743700025854
2331	3.853743700025854
2332	3.853743700025854
2333	3.853743700025854
2334	3.853743700025854
2335	3.853743700025854
2336	3.853743700025854
2337	3.853743700025854
2338	3.853743700025854
2339	3.853743700025854
2340	5.113880780015085
2341	5.113880780015085
2342	5.113880780015085
2343	5.113880780015085
2344	5.113880780015085
2345	5.113880780015085
2346	5.113880780015085
2347	5.113880780015085
2348	5.113880780015085
2349	5.113880780015085
2350	5.113880780015085
2351	5.113880780015085
2352	5.113880780015085
2353	5.113880780015085
2354	5.113880780015085
2355	5.113880780015085
2356	5.113880780015085
2357	5.113880780015085
2358	5.113880780015085
2359	5.113880780015085
2360	5.113880780015085
2361	5.113880780015085
2362	5.113880780015085
2363	5.113880780015085
2364	5.113880780015085
2365	5.113880780015085
2366	5.113880780015085
2367	5.113880780015085
2368	5.113880780015085
2369	5.113880780015085
2370	2.3550356508985315
2371	2.3550356508985315
2372	2.3550356508985315
2373	2.3550356508985315
2374	2.3550356508985315
2375	2.3550356508985315
2376	2.3550356508985315
2377	2.3550356508985315
2378	2.3550356508985315
2379	2.3550356508985315
2380	2.3550356508985315
2381	2.3550356508985315
2382	2.3550356508985315
2383	2.3550356508985315
2384	2.3550356508985315
2385	2.3550356508985315
2386	2.3550356508985315
2387	2.3550356508985315
2388	2.3550356508985315
2389	2.3550356508985315
2390	2.3550356508985315
2391	2.3550356508985315
2392	2.3550356508985315
2393	2.3550356508985315
2394	2.3550356508985315
2395	2.3550356508985315
2396	2.3550356508985315
2397	2.3550356508985315
2398	2.3550356508985315
2399	2.3550356508985315
2400	4.159237997526153
2401	4.159237997526153
2402	4.159237997526153
2403	4.159237997526153
2404	4.159237997526153
2405	4.159237997526153
2406	4.159237997526153
2407	4.159237997526153
2408	4.159237997526153
2409	4.159237997526153
2410	4.159237997526153
2411	4.159237997526153
2412	4.159237997526153
2413	4.159237997526153
2414	4.159237997526153
2415	4.159237997526153
2416	4.159237997526153
2417	4.159237997526153
2418	4.159237997526153
2419	4.159237997526153
2420	4.159237997526153
2421	4.159237997526153
2422	4.159237997526153
2423	4.159237997526153
2424	4.159237997526153
2425	4.159237997526153
2426	4.159237997526153
2427	4.159237997526153
2428	4.159237997526153
2429	4.159237997526153
2430	3.678427286341162
2431	3.678427286341162
2432	3.678427286341162
2433	3.678427286341162
2434	3.678427286341162
2435	3.678427286341162
2436	3.678427286341162
2437	3.678427286341162
2438	3.678427286341162
2439	3.678427286341162
2440	3.678427286341162
2441	3.678427286341162
2442	3.678427286341162
2443	3.678427286341162
2444	3.678427286341162
2445	3.678427286341162
2446	3.678427286341162
2447	3.678427286341162
2448	3.678427286341162
2449	3.678427286341162
2450	3.678427286341162
2451	3.678427286341162
2452	3.678427286341162
2453	3.678427286341162
2454	3.678427286341162
2455	3.678427286341162
2456	3.678427286341162
2457	3.678427286341162
2458	3.678427286341162
2459	3.678427286341162
2460	5.268089773161785
2461	5.268089773161785
2462	5.268089773161785
2463	5.268089773161785
2464	5.268089773161785
2465	5.268089773161785
2466	5.268089773161785
2467	5.268089773161785
2468	5.268089773161785
2469	5.268089773161785
2470	5.268089773161785
2471	5.268089773161785
2472	5.268089773161785
2473	5.268089773161785
2474	5.268089773161785
