0	9.895956118288895
1	9.895956118288895
2	9.895956118288895
3	9.895956118288895
4	9.895956118288895
5	9.895956118288895
6	9.895956118288895
7	9.895956118288895
8	9.895956118288895
9	9.895956118288895
10	9.895956118288895
11	9.895956118288895
12	9.895956118288895
13	9.895956118288895
14	9.895956118288895
15	9.895956118288895
16	9.895956118288895
17	9.895956118288895
18	9.895956118288895
19	9.895956118288895
20	9.895956118288895
21	9.895956118288895
22	9.895956118288895
23	9.895956118288895
24	9.895956118288895
25	9.895956118288895
26	9.895956118288895
27	9.895956118288895
28	9.895956118288895
29	9.895956118288895
30	8.674190808043516
31	8.674190808043516
32	8.674190808043516
33	8.674190808043516
34	8.674190808043516
35	8.674190808043516
36	8.674190808043516
37	8.674190808043516
38	8.674190808043516
39	8.674190808043516
40	8.674190808043516
41	8.674190808043516
42	8.674190808043516
43	8.674190808043516
44	8.674190808043516
45	8.674190808043516
46	8.674190808043516
47	8.674190808043516
48	8.674190808043516
49	8.674190808043516
50	8.674190808043516
51	8.674190808043516
52	8.674190808043516
53	8.674190808043516
54	8.674190808043516
55	8.674190808043516
56	8.674190808043516
57	8.674190808043516
58	8.674190808043516
59	8.674190808043516
60	10.0
61	10.0
62	10.0
63	10.0
64	10.0
65	10.0
66	10.0
67	10.0
68	10.0
69	10.0
70	10.0
71	10.0
72	10.0
73	10.0
74	10.0
75	10.0
76	10.0
77	10.0
78	10.0
79	10.0
80	10.0
81	10.0
82	10.0
83	10.0
84	10.0
85	10.0
86	10.0
87	10.0
88	10.0
89	10.0
90	9.346658184734528
91	9.346658184734528
92	9.346658184734528
93	9.346658184734528
94	9.346658184734528
95	9.346658184734528
96	9.346658184734528
97	9.346658184734528
98	9.346658184734528
99	9.346658184734528
100	9.346658184734528
101	9.346658184734528
102	9.346658184734528
103	9.346658184734528
104	9.346658184734528
105	9.346658184734528
106	9.346658184734528
107	9.346658184734528
108	9.346658184734528
109	9.346658184734528
110	9.346658184734528
111	9.346658184734528
112	9.346658184734528
113	9.346658184734528
114	9.346658184734528
115	9.346658184734528
116	9.346658184734528
117	9.346658184734528
118	9.346658184734528
119	9.346658184734528
120	10.0
121	10.0
122	10.0
123	10.0
124	10.0
125	10.0
126	10.0
127	10.0
128	10.0
129	10.0
130	10.0
131	10.0
132	10.0
133	10.0
134	10.0
135	10.0
136	10.0
137	10.0
138	10.0
139	10.0
140	10.0
141	10.0
142	10.0
143	10.0
144	10.0
145	10.0
146	10.0
147	10.0
148	10.0
149	10.0
150	8.206367245837598
151	8.206367245837598
152	8.206367245837598
153	8.206367245837598
154	8.206367245837598
155	8.206367245837598
156	8.206367245837598
157	8.206367245837598
158	8.206367245837598
159	8.206367245837598
160	8.206367245837598
161	8.206367245837598
162	8.206367245837598
163	8.206367245837598
164	8.206367245837598
165	8.206367245837598
166	8.206367245837598
167	8.206367245837598
168	8.206367245837598
169	8.206367245837598
170	8.206367245837598
171	8.206367245837598
172	8.206367245837598
173	8.206367245837598
174	8.206367245837598
175	8.206367245837598
176	8.206367245837598
177	8.206367245837598
178	8.206367245837598
179	8.206367245837598
180	10.0
181	10.0
182	10.0
183	10.0
184	10.0
185	10.0
186	10.0
187	10.0
188	10.0
189	10.0
190	10.0
191	10.0
192	10.0
193	10.0
194	10.0
195	10.0
196	10.0
197	10.0
198	10.0
199	10.0
200	10.0
201	10.0
202	10.0
203	10.0
204	10.0
205	10.0
206	10.0
207	10.0
208	10.0
209	10.0
210	10.0
211	10.0
212	10.0
213	10.0
214	10.0
215	10.0
216	10.0
217	10.0
218	10.0
219	10.0
220	10.0
221	10.0
222	10.0
223	10.0
224	10.0
225	10.0
226	10.0
227	10.0
228	10.0
229	10.0
230	10.0
231	10.0
232	10.0
233	10.0
234	10.0
235	10.0
236	10.0
237	10.0
238	10.0
239	10.0
240	8.627505263140637
241	8.627505263140637
242	8.627505263140637
243	8.627505263140637
244	8.627505263140637
245	8.627505263140637
246	8.627505263140637
247	8.627505263140637
248	8.627505263140637
249	8.627505263140637
250	8.627505263140637
251	8.627505263140637
252	8.627505263140637
253	8.627505263140637
254	8.627505263140637
255	8.627505263140637
256	8.627505263140637
257	8.627505263140637
258	8.627505263140637
259	8.627505263140637
260	8.627505263140637
261	8.627505263140637
262	8.627505263140637
263	8.627505263140637
264	8.627505263140637
265	8.627505263140637
266	8.627505263140637
267	8.627505263140637
268	8.627505263140637
269	8.627505263140637
270	10.0
271	10.0
272	10.0
273	10.0
274	10.0
275	10.0
276	10.0
277	10.0
278	10.0
279	10.0
280	10.0
281	10.0
282	10.0
283	10.0
284	10.0
285	10.0
286	10.0
287	10.0
288	10.0
289	10.0
290	10.0
291	10.0
292	10.0
293	10.0
294	10.0
295	10.0
296	10.0
297	10.0
298	10.0
299	10.0
300	4.008412301995585
301	4.008412301995585
302	4.008412301995585
303	4.008412301995585
304	4.008412301995585
305	4.008412301995585
306	4.008412301995585
307	4.008412301995585
308	4.008412301995585
309	4.008412301995585
310	4.008412301995585
311	4.008412301995585
312	4.008412301995585
313	4.008412301995585
314	4.008412301995585
315	4.008412301995585
316	4.008412301995585
317	4.008412301995585
318	4.008412301995585
319	4.008412301995585
320	4.008412301995585
321	4.008412301995585
322	4.008412301995585
323	4.008412301995585
324	4.008412301995585
325	4.008412301995585
326	4.008412301995585
327	4.008412301995585
328	4.008412301995585
329	4.008412301995585
330	8.197450323624935
331	8.197450323624935
332	8.197450323624935
333	8.197450323624935
334	8.197450323624935
335	8.197450323624935
336	8.197450323624935
337	8.197450323624935
338	8.197450323624935
339	8.197450323624935
340	8.197450323624935
341	8.197450323624935
342	8.197450323624935
343	8.197450323624935
344	8.197450323624935
345	8.197450323624935
346	8.197450323624935
347	8.197450323624935
348	8.197450323624935
349	8.197450323624935
350	8.197450323624935
351	8.197450323624935
352	8.197450323624935
353	8.197450323624935
354	8.197450323624935
355	8.197450323624935
356	8.197450323624935
357	8.197450323624935
358	8.197450323624935
359	8.197450323624935
360	10.0
361	10.0
362	10.0
363	10.0
364	10.0
365	10.0
366	10.0
367	10.0
368	10.0
369	10.0
370	10.0
371	10.0
372	10.0
373	10.0
374	10.0
375	10.0
376	10.0
377	10.0
378	10.0
379	10.0
380	10.0
381	10.0
382	10.0
383	10.0
384	10.0
385	10.0
386	10.0
387	10.0
388	10.0
389	10.0
390	10.0
391	10.0
392	10.0
393	10.0
394	10.0
395	10.0
396	10.0
397	10.0
398	10.0
399	10.0
400	10.0
401	10.0
402	10.0
403	10.0
404	10.0
405	10.0
406	10.0
407	10.0
408	10.0
409	10.0
410	10.0
411	10.0
412	10.0
413	10.0
414	10.0
415	10.0
416	10.0
417	10.0
418	10.0
419	10.0
420	6.861893596136435
421	6.861893596136435
422	6.861893596136435
423	6.861893596136435
424	6.861893596136435
425	6.861893596136435
426	6.861893596136435
427	6.861893596136435
428	6.861893596136435
429	6.861893596136435
430	6.861893596136435
431	6.861893596136435
432	6.861893596136435
433	6.861893596136435
434	6.861893596136435
435	6.861893596136435
436	6.861893596136435
437	6.861893596136435
438	6.861893596136435
439	6.861893596136435
440	6.861893596136435
441	6.861893596136435
442	6.861893596136435
443	6.861893596136435
444	6.861893596136435
445	6.861893596136435
446	6.861893596136435
447	6.861893596136435
448	6.861893596136435
449	6.861893596136435
450	2.9512701848969183
451	2.9512701848969183
452	2.9512701848969183
453	2.9512701848969183
454	2.9512701848969183
455	2.9512701848969183
456	2.9512701848969183
457	2.9512701848969183
458	2.9512701848969183
459	2.9512701848969183
460	2.9512701848969183
461	2.9512701848969183
462	2.9512701848969183
463	2.9512701848969183
464	2.9512701848969183
465	2.9512701848969183
466	2.9512701848969183
467	2.9512701848969183
468	2.9512701848969183
469	2.9512701848969183
470	2.9512701848969183
471	2.9512701848969183
472	2.9512701848969183
473	2.9512701848969183
474	2.9512701848969183
475	2.9512701848969183
476	2.9512701848969183
477	2.9512701848969183
478	2.9512701848969183
479	2.9512701848969183
480	7.920139147661697
481	7.920139147661697
482	7.920139147661697
483	7.920139147661697
484	7.920139147661697
485	7.920139147661697
486	7.920139147661697
487	7.920139147661697
488	7.920139147661697
489	7.920139147661697
490	7.920139147661697
491	7.920139147661697
492	7.920139147661697
493	7.920139147661697
494	7.920139147661697
495	7.920139147661697
496	7.920139147661697
497	7.920139147661697
498	7.920139147661697
499	7.920139147661697
500	7.920139147661697
501	7.920139147661697
502	7.920139147661697
503	7.920139147661697
504	7.920139147661697
505	7.920139147661697
506	7.920139147661697
507	7.920139147661697
508	7.920139147661697
509	7.920139147661697
510	10.0
511	10.0
512	10.0
513	10.0
514	10.0
515	10.0
516	10.0
517	10.0
518	10.0
519	10.0
520	10.0
521	10.0
522	10.0
523	10.0
524	10.0
525	10.0
526	10.0
527	10.0
528	10.0
529	10.0
530	10.0
531	10.0
532	10.0
533	10.0
534	10.0
535	10.0
536	10.0
537	10.0
538	10.0
539	10.0
540	9.178285363586868
541	9.178285363586868
542	9.178285363586868
543	9.178285363586868
544	9.178285363586868
545	9.178285363586868
546	9.178285363586868
547	9.178285363586868
548	9.178285363586868
549	9.178285363586868
550	9.178285363586868
551	9.178285363586868
552	9.178285363586868
553	9.178285363586868
554	9.178285363586868
555	9.178285363586868
556	9.178285363586868
557	9.178285363586868
558	9.178285363586868
559	9.178285363586868
560	9.178285363586868
561	9.178285363586868
562	9.178285363586868
563	9.178285363586868
564	9.178285363586868
565	9.178285363586868
566	9.178285363586868
567	9.178285363586868
568	9.178285363586868
569	9.178285363586868
570	10.0
571	10.0
572	10.0
573	10.0
574	10.0
575	10.0
576	10.0
577	10.0
578	10.0
579	10.0
580	10.0
581	10.0
582	10.0
583	10.0
584	10.0
585	10.0
586	10.0
587	10.0
588	10.0
589	10.0
590	10.0
591	10.0
592	10.0
593	10.0
594	10.0
595	10.0
596	10.0
597	10.0
598	10.0
599	10.0
600	10.0
601	10.0
602	10.0
603	10.0
604	10.0
605	10.0
606	10.0
607	10.0
608	10.0
609	10.0
610	10.0
611	10.0
612	10.0
613	10.0
614	10.0
615	10.0
616	10.0
617	10.0
618	10.0
619	10.0
620	10.0
621	10.0
622	10.0
623	10.0
624	10.0
625	10.0
626	10.0
627	10.0
628	10.0
629	10.0
630	10.0
631	10.0
632	10.0
633	10.0
634	10.0
635	10.0
636	10.0
637	10.0
638	10.0
639	10.0
640	10.0
641	10.0
642	10.0
643	10.0
644	10.0
645	10.0
646	10.0
647	10.0
648	10.0
649	10.0
650	10.0
651	10.0
652	10.0
653	10.0
654	10.0
655	10.0
656	10.0
657	10.0
658	10.0
659	10.0
660	10.0
661	10.0
662	10.0
663	10.0
664	10.0
665	10.0
666	10.0
667	10.0
668	10.0
669	10.0
670	10.0
671	10.0
672	10.0
673	10.0
674	10.0
675	10.0
676	10.0
677	10.0
678	10.0
679	10.0
680	10.0
681	10.0
682	10.0
683	10.0
684	10.0
685	10.0
686	10.0
687	10.0
688	10.0
689	10.0
690	10.0
691	10.0
692	10.0
693	5.691528635495441
694	5.691528635495441
695	5.691528635495441
696	5.691528635495441
697	5.691528635495441
698	5.691528635495441
699	5.691528635495441
700	5.691528635495441
701	5.691528635495441
702	5.691528635495441
703	5.691528635495441
704	5.691528635495441
705	5.691528635495441
706	5.691528635495441
707	5.691528635495441
708	5.691528635495441
709	5.691528635495441
710	5.691528635495441
711	5.691528635495441
712	5.691528635495441
713	5.691528635495441
714	5.691528635495441
715	5.691528635495441
716	5.691528635495441
717	5.691528635495441
718	5.691528635495441
719	5.691528635495441
720	5.691528635495441
721	5.691528635495441
722	5.691528635495441
723	8.783753383802079
724	8.783753383802079
725	8.783753383802079
726	8.783753383802079
727	8.783753383802079
728	8.783753383802079
729	8.783753383802079
730	8.783753383802079
731	8.783753383802079
732	8.783753383802079
733	8.783753383802079
734	8.783753383802079
735	8.783753383802079
736	8.783753383802079
737	8.783753383802079
738	8.783753383802079
739	8.783753383802079
740	8.783753383802079
741	8.783753383802079
742	8.783753383802079
743	8.783753383802079
744	8.783753383802079
745	8.783753383802079
746	8.783753383802079
747	8.783753383802079
748	8.783753383802079
749	8.783753383802079
750	8.783753383802079
751	8.783753383802079
752	8.783753383802079
753	10.0
754	10.0
755	10.0
756	10.0
757	10.0
758	10.0
759	10.0
760	10.0
761	10.0
762	10.0
763	10.0
764	10.0
765	10.0
766	10.0
767	10.0
768	10.0
769	10.0
770	10.0
771	10.0
772	10.0
773	10.0
774	10.0
775	10.0
776	10.0
777	10.0
778	10.0
779	10.0
780	10.0
781	10.0
782	10.0
783	10.0
784	10.0
785	10.0
786	10.0
787	10.0
788	10.0
789	10.0
790	10.0
791	10.0
792	10.0
793	10.0
794	10.0
795	10.0
796	10.0
797	10.0
798	10.0
799	10.0
800	10.0
801	10.0
802	10.0
803	10.0
804	10.0
805	10.0
806	10.0
807	10.0
808	10.0
809	10.0
810	10.0
811	10.0
812	10.0
813	6.753072920221948
814	6.753072920221948
815	6.753072920221948
816	6.753072920221948
817	6.753072920221948
818	6.753072920221948
819	6.753072920221948
820	6.753072920221948
821	6.753072920221948
822	6.753072920221948
823	6.753072920221948
824	6.753072920221948
825	6.753072920221948
826	6.753072920221948
827	6.753072920221948
828	6.753072920221948
829	6.753072920221948
830	6.753072920221948
831	6.753072920221948
832	6.753072920221948
833	6.753072920221948
834	6.753072920221948
835	6.753072920221948
836	6.753072920221948
837	6.753072920221948
838	6.753072920221948
839	6.753072920221948
840	6.753072920221948
841	6.753072920221948
842	6.753072920221948
843	9.639283721651196
844	9.639283721651196
845	9.639283721651196
846	9.639283721651196
847	9.639283721651196
848	9.639283721651196
849	9.639283721651196
850	9.639283721651196
851	9.639283721651196
852	9.639283721651196
853	9.639283721651196
854	9.639283721651196
855	9.639283721651196
856	9.639283721651196
857	9.639283721651196
858	9.639283721651196
859	9.639283721651196
860	9.639283721651196
861	9.639283721651196
862	9.639283721651196
863	9.639283721651196
864	9.639283721651196
865	9.639283721651196
866	9.639283721651196
867	9.639283721651196
868	9.639283721651196
869	9.639283721651196
870	9.639283721651196
871	9.639283721651196
872	9.639283721651196
873	10.0
874	10.0
875	10.0
876	10.0
877	10.0
878	10.0
879	10.0
880	10.0
881	10.0
882	10.0
883	10.0
884	10.0
885	10.0
886	10.0
887	10.0
888	10.0
889	10.0
890	10.0
891	10.0
892	10.0
893	10.0
894	10.0
895	10.0
896	10.0
897	10.0
898	10.0
899	10.0
900	10.0
901	10.0
902	10.0
903	10.0
904	10.0
905	10.0
906	10.0
907	10.0
908	10.0
909	10.0
910	10.0
911	10.0
912	10.0
913	10.0
914	10.0
915	10.0
916	10.0
917	10.0
918	10.0
919	10.0
920	10.0
921	10.0
922	10.0
923	10.0
924	10.0
925	10.0
926	10.0
927	10.0
928	10.0
929	10.0
930	10.0
931	10.0
932	10.0
933	10.0
934	10.0
935	10.0
936	10.0
937	10.0
938	10.0
939	10.0
940	10.0
941	10.0
942	10.0
943	10.0
944	10.0
945	10.0
946	10.0
947	10.0
948	10.0
949	10.0
950	10.0
951	10.0
952	10.0
953	10.0
954	10.0
955	10.0
956	10.0
957	10.0
958	10.0
959	10.0
960	10.0
961	10.0
962	10.0
963	10.0
964	10.0
965	10.0
966	10.0
967	10.0
968	10.0
969	10.0
970	10.0
971	10.0
972	10.0
973	10.0
974	10.0
975	10.0
976	10.0
977	10.0
978	10.0
979	10.0
980	10.0
981	10.0
982	10.0
983	10.0
984	10.0
985	10.0
986	10.0
987	10.0
988	10.0
989	10.0
990	10.0
991	10.0
992	10.0
993	6.312680383121739
994	6.312680383121739
995	6.312680383121739
996	6.312680383121739
997	6.312680383121739
998	6.312680383121739
999	6.312680383121739
1000	6.312680383121739
1001	6.312680383121739
1002	6.312680383121739
1003	6.312680383121739
1004	6.312680383121739
1005	6.312680383121739
1006	6.312680383121739
1007	6.312680383121739
1008	6.312680383121739
1009	6.312680383121739
1010	6.312680383121739
1011	6.312680383121739
1012	6.312680383121739
1013	6.312680383121739
1014	6.312680383121739
1015	6.312680383121739
1016	6.312680383121739
1017	6.312680383121739
1018	6.312680383121739
1019	6.312680383121739
1020	6.312680383121739
1021	6.312680383121739
1022	6.312680383121739
1023	10.0
1024	10.0
1025	10.0
1026	10.0
1027	10.0
1028	10.0
1029	10.0
1030	10.0
1031	10.0
1032	10.0
1033	10.0
1034	10.0
1035	10.0
1036	10.0
1037	10.0
1038	10.0
1039	10.0
1040	10.0
1041	10.0
1042	10.0
1043	10.0
1044	10.0
1045	10.0
1046	10.0
1047	10.0
1048	10.0
1049	10.0
1050	10.0
1051	10.0
1052	10.0
1053	8.257807545012097
1054	8.257807545012097
1055	8.257807545012097
1056	8.257807545012097
1057	8.257807545012097
1058	8.257807545012097
1059	8.257807545012097
1060	8.257807545012097
1061	8.257807545012097
1062	8.257807545012097
1063	8.257807545012097
1064	8.257807545012097
1065	8.257807545012097
1066	8.257807545012097
1067	8.257807545012097
1068	8.257807545012097
1069	8.257807545012097
1070	8.257807545012097
1071	8.257807545012097
1072	8.257807545012097
1073	8.257807545012097
1074	8.257807545012097
1075	8.257807545012097
1076	8.257807545012097
1077	8.257807545012097
1078	8.257807545012097
1079	8.257807545012097
1080	8.257807545012097
1081	8.257807545012097
1082	8.257807545012097
1083	9.295920948288655
1084	9.295920948288655
1085	9.295920948288655
1086	9.295920948288655
1087	9.295920948288655
1088	9.295920948288655
1089	9.295920948288655
1090	9.295920948288655
1091	9.295920948288655
1092	9.295920948288655
1093	9.295920948288655
1094	9.295920948288655
1095	9.295920948288655
1096	9.295920948288655
1097	9.295920948288655
1098	9.295920948288655
1099	9.295920948288655
1100	9.295920948288655
1101	9.295920948288655
1102	9.295920948288655
1103	9.295920948288655
1104	9.295920948288655
1105	9.295920948288655
1106	9.295920948288655
1107	9.295920948288655
1108	9.295920948288655
1109	9.295920948288655
1110	9.295920948288655
1111	9.295920948288655
1112	9.295920948288655
1113	10.0
1114	10.0
1115	10.0
1116	10.0
1117	10.0
1118	10.0
1119	10.0
1120	10.0
1121	10.0
1122	10.0
1123	10.0
1124	10.0
1125	10.0
1126	10.0
1127	10.0
1128	10.0
1129	10.0
1130	10.0
1131	10.0
1132	10.0
1133	10.0
1134	10.0
1135	10.0
1136	10.0
1137	10.0
1138	10.0
1139	10.0
1140	10.0
1141	10.0
1142	10.0
1143	8.095994397638941
1144	8.095994397638941
1145	8.095994397638941
1146	8.095994397638941
1147	8.095994397638941
1148	8.095994397638941
1149	8.095994397638941
1150	8.095994397638941
1151	8.095994397638941
1152	8.095994397638941
1153	8.095994397638941
1154	8.095994397638941
1155	8.095994397638941
1156	8.095994397638941
1157	8.095994397638941
1158	8.095994397638941
1159	8.095994397638941
1160	8.095994397638941
1161	8.095994397638941
1162	8.095994397638941
1163	8.095994397638941
1164	8.095994397638941
1165	8.095994397638941
1166	8.095994397638941
1167	8.095994397638941
1168	8.095994397638941
1169	8.095994397638941
1170	8.095994397638941
1171	8.095994397638941
1172	8.095994397638941
1173	10.0
1174	10.0
1175	10.0
1176	10.0
1177	10.0
1178	10.0
1179	10.0
1180	10.0
1181	10.0
1182	10.0
1183	10.0
1184	10.0
1185	10.0
1186	10.0
1187	10.0
1188	10.0
1189	10.0
1190	10.0
1191	10.0
1192	10.0
1193	10.0
1194	10.0
1195	10.0
1196	10.0
1197	10.0
1198	10.0
1199	10.0
1200	10.0
1201	10.0
1202	10.0
1203	9.608839796689361
1204	9.608839796689361
1205	9.608839796689361
1206	9.608839796689361
1207	9.608839796689361
1208	9.608839796689361
1209	9.608839796689361
1210	9.608839796689361
1211	9.608839796689361
1212	9.608839796689361
1213	9.608839796689361
1214	9.608839796689361
1215	9.608839796689361
1216	9.608839796689361
1217	9.608839796689361
1218	9.608839796689361
1219	9.608839796689361
1220	9.608839796689361
1221	9.608839796689361
1222	9.608839796689361
1223	9.608839796689361
1224	9.608839796689361
1225	9.608839796689361
1226	9.608839796689361
1227	9.608839796689361
1228	9.608839796689361
1229	9.608839796689361
1230	9.608839796689361
1231	9.608839796689361
1232	9.608839796689361
1233	10.0
1234	10.0
1235	10.0
1236	10.0
1237	10.0
1238	10.0
1239	10.0
1240	10.0
1241	10.0
1242	10.0
1243	10.0
1244	10.0
1245	10.0
1246	10.0
1247	10.0
1248	10.0
1249	10.0
1250	10.0
1251	10.0
1252	10.0
1253	10.0
1254	10.0
1255	10.0
1256	10.0
1257	10.0
1258	10.0
1259	10.0
1260	10.0
1261	10.0
1262	10.0
1263	9.891724225492931
1264	9.891724225492931
1265	9.891724225492931
1266	9.891724225492931
1267	9.891724225492931
1268	9.891724225492931
1269	9.891724225492931
1270	9.891724225492931
1271	9.891724225492931
1272	9.891724225492931
1273	9.891724225492931
1274	9.891724225492931
1275	9.891724225492931
1276	9.891724225492931
1277	9.891724225492931
1278	9.891724225492931
1279	9.891724225492931
1280	9.891724225492931
1281	9.891724225492931
1282	9.891724225492931
1283	9.891724225492931
1284	9.891724225492931
1285	9.891724225492931
1286	9.891724225492931
1287	9.891724225492931
1288	9.891724225492931
1289	9.891724225492931
1290	9.891724225492931
1291	9.891724225492931
1292	9.891724225492931
1293	10.0
1294	10.0
1295	10.0
1296	10.0
1297	10.0
1298	10.0
1299	10.0
1300	10.0
1301	10.0
1302	10.0
1303	10.0
1304	10.0
1305	10.0
1306	10.0
1307	10.0
1308	10.0
1309	10.0
1310	10.0
1311	10.0
1312	10.0
1313	10.0
1314	10.0
1315	10.0
1316	10.0
1317	10.0
1318	10.0
1319	10.0
1320	10.0
1321	10.0
1322	10.0
1323	10.0
1324	10.0
1325	10.0
1326	10.0
1327	10.0
1328	10.0
1329	10.0
1330	10.0
1331	10.0
1332	10.0
1333	10.0
1334	10.0
1335	10.0
1336	10.0
1337	10.0
1338	10.0
1339	10.0
1340	10.0
1341	10.0
1342	10.0
1343	10.0
1344	10.0
1345	10.0
1346	10.0
1347	10.0
1348	10.0
1349	10.0
1350	10.0
1351	10.0
1352	10.0
1353	6.0791454812432075
1354	6.0791454812432075
1355	6.0791454812432075
1356	6.0791454812432075
1357	6.0791454812432075
1358	6.0791454812432075
1359	6.0791454812432075
1360	6.0791454812432075
1361	6.0791454812432075
1362	6.0791454812432075
1363	6.0791454812432075
1364	6.0791454812432075
1365	6.0791454812432075
1366	6.0791454812432075
1367	6.0791454812432075
1368	6.0791454812432075
1369	6.0791454812432075
1370	6.0791454812432075
1371	6.0791454812432075
1372	6.0791454812432075
1373	6.0791454812432075
1374	6.0791454812432075
1375	6.0791454812432075
1376	6.0791454812432075
1377	6.0791454812432075
1378	6.0791454812432075
1379	6.0791454812432075
1380	6.0791454812432075
1381	6.0791454812432075
1382	6.0791454812432075
1383	7.904157730048199
1384	7.904157730048199
1385	7.904157730048199
1386	7.904157730048199
1387	7.904157730048199
1388	7.904157730048199
1389	7.904157730048199
1390	7.904157730048199
1391	7.904157730048199
1392	7.904157730048199
1393	7.904157730048199
1394	7.904157730048199
1395	7.904157730048199
1396	7.904157730048199
1397	7.904157730048199
1398	7.904157730048199
1399	7.904157730048199
1400	7.904157730048199
1401	7.904157730048199
1402	7.904157730048199
1403	7.904157730048199
1404	7.904157730048199
1405	7.904157730048199
1406	7.904157730048199
1407	7.904157730048199
1408	7.904157730048199
1409	7.904157730048199
1410	7.904157730048199
1411	7.904157730048199
1412	7.904157730048199
1413	9.015108009692291
1414	9.015108009692291
1415	9.015108009692291
1416	9.015108009692291
1417	9.015108009692291
1418	9.015108009692291
1419	9.015108009692291
1420	9.015108009692291
1421	9.015108009692291
1422	9.015108009692291
1423	9.015108009692291
1424	9.015108009692291
1425	9.015108009692291
1426	9.015108009692291
1427	9.015108009692291
1428	9.015108009692291
1429	9.015108009692291
1430	9.015108009692291
1431	9.015108009692291
1432	9.015108009692291
1433	9.015108009692291
1434	9.015108009692291
1435	9.015108009692291
1436	9.015108009692291
1437	9.015108009692291
1438	9.015108009692291
1439	9.015108009692291
1440	9.015108009692291
1441	9.015108009692291
1442	9.015108009692291
1443	8.649957149146799
1444	8.649957149146799
1445	8.649957149146799
1446	8.649957149146799
1447	8.649957149146799
1448	8.649957149146799
1449	8.649957149146799
1450	8.649957149146799
1451	8.649957149146799
1452	8.649957149146799
1453	8.649957149146799
1454	8.649957149146799
1455	8.649957149146799
1456	8.649957149146799
1457	8.649957149146799
1458	8.649957149146799
1459	8.649957149146799
1460	8.649957149146799
1461	8.649957149146799
1462	8.649957149146799
1463	8.649957149146799
1464	8.649957149146799
1465	8.649957149146799
1466	8.649957149146799
1467	8.649957149146799
1468	8.649957149146799
1469	8.649957149146799
1470	8.649957149146799
1471	8.649957149146799
1472	8.649957149146799
1473	9.150803140561552
1474	9.150803140561552
1475	9.150803140561552
1476	9.150803140561552
1477	9.150803140561552
1478	9.150803140561552
1479	9.150803140561552
1480	9.150803140561552
1481	9.150803140561552
1482	9.150803140561552
1483	9.150803140561552
1484	9.150803140561552
1485	9.150803140561552
1486	9.150803140561552
1487	9.150803140561552
1488	9.150803140561552
1489	9.150803140561552
1490	9.150803140561552
1491	9.150803140561552
1492	9.150803140561552
1493	9.150803140561552
1494	9.150803140561552
1495	9.150803140561552
1496	9.150803140561552
1497	9.150803140561552
1498	9.150803140561552
1499	9.150803140561552
1500	9.150803140561552
1501	9.150803140561552
1502	9.150803140561552
1503	5.843841423778747
1504	5.843841423778747
1505	5.843841423778747
1506	5.843841423778747
1507	5.843841423778747
1508	5.843841423778747
1509	5.843841423778747
1510	5.843841423778747
1511	5.843841423778747
1512	5.843841423778747
1513	5.843841423778747
1514	5.843841423778747
1515	5.843841423778747
1516	5.843841423778747
1517	5.843841423778747
1518	5.843841423778747
1519	5.843841423778747
1520	5.843841423778747
1521	5.843841423778747
1522	5.843841423778747
1523	5.843841423778747
1524	5.843841423778747
1525	5.843841423778747
1526	5.843841423778747
1527	5.843841423778747
1528	5.843841423778747
1529	5.843841423778747
1530	5.843841423778747
1531	5.843841423778747
1532	5.843841423778747
1533	7.357345397741058
1534	7.357345397741058
1535	7.357345397741058
1536	7.357345397741058
1537	7.357345397741058
1538	7.357345397741058
1539	7.357345397741058
1540	7.357345397741058
1541	7.357345397741058
1542	7.357345397741058
1543	7.357345397741058
1544	7.357345397741058
1545	7.357345397741058
1546	7.357345397741058
1547	7.357345397741058
1548	7.357345397741058
1549	7.357345397741058
1550	7.357345397741058
1551	7.357345397741058
1552	7.357345397741058
1553	7.357345397741058
1554	7.357345397741058
1555	7.357345397741058
1556	7.357345397741058
1557	7.357345397741058
1558	7.357345397741058
1559	7.357345397741058
1560	7.357345397741058
1561	7.357345397741058
1562	7.357345397741058
1563	10.0
1564	10.0
1565	10.0
1566	10.0
1567	10.0
1568	10.0
1569	10.0
1570	10.0
1571	10.0
1572	10.0
1573	10.0
1574	10.0
1575	10.0
1576	10.0
1577	10.0
1578	10.0
1579	10.0
1580	10.0
1581	10.0
1582	10.0
1583	10.0
1584	10.0
1585	10.0
1586	10.0
1587	10.0
1588	10.0
1589	10.0
1590	10.0
1591	10.0
1592	10.0
1593	10.0
1594	10.0
1595	10.0
1596	10.0
1597	10.0
1598	10.0
1599	10.0
1600	10.0
1601	10.0
1602	10.0
1603	10.0
1604	10.0
1605	10.0
1606	10.0
1607	10.0
1608	10.0
1609	10.0
1610	10.0
1611	10.0
1612	10.0
1613	10.0
1614	10.0
1615	10.0
1616	10.0
1617	10.0
1618	10.0
1619	10.0
1620	10.0
1621	10.0
1622	10.0
1623	10.0
1624	10.0
1625	10.0
1626	10.0
1627	10.0
1628	10.0
1629	10.0
1630	10.0
1631	10.0
1632	10.0
1633	10.0
1634	10.0
1635	10.0
1636	10.0
1637	10.0
1638	10.0
1639	10.0
1640	10.0
1641	10.0
1642	10.0
1643	10.0
1644	10.0
1645	10.0
1646	10.0
1647	10.0
1648	10.0
1649	10.0
1650	10.0
1651	10.0
1652	10.0
1653	9.986215110198373
1654	9.986215110198373
1655	9.986215110198373
1656	9.986215110198373
1657	9.986215110198373
1658	9.986215110198373
1659	9.986215110198373
1660	9.986215110198373
1661	9.986215110198373
1662	9.986215110198373
1663	9.986215110198373
1664	9.986215110198373
1665	9.986215110198373
1666	9.986215110198373
1667	9.986215110198373
1668	9.986215110198373
1669	9.986215110198373
1670	9.986215110198373
1671	9.986215110198373
1672	9.986215110198373
1673	9.986215110198373
1674	9.986215110198373
1675	9.986215110198373
1676	9.986215110198373
1677	9.986215110198373
1678	9.986215110198373
1679	9.986215110198373
1680	9.986215110198373
1681	9.986215110198373
1682	9.986215110198373
1683	10.0
1684	10.0
1685	10.0
1686	10.0
1687	10.0
1688	10.0
1689	10.0
1690	10.0
1691	10.0
1692	10.0
1693	10.0
1694	10.0
1695	10.0
1696	10.0
1697	10.0
1698	10.0
1699	10.0
1700	10.0
1701	10.0
1702	10.0
1703	10.0
1704	10.0
1705	10.0
1706	10.0
1707	10.0
1708	10.0
1709	10.0
1710	10.0
1711	10.0
1712	10.0
1713	7.195190021380519
1714	7.195190021380519
1715	7.195190021380519
1716	7.195190021380519
1717	7.195190021380519
1718	7.195190021380519
1719	7.195190021380519
1720	7.195190021380519
1721	7.195190021380519
1722	7.195190021380519
1723	7.195190021380519
1724	7.195190021380519
1725	7.195190021380519
1726	7.195190021380519
1727	7.195190021380519
1728	7.195190021380519
1729	7.195190021380519
1730	7.195190021380519
1731	7.195190021380519
1732	7.195190021380519
1733	7.195190021380519
1734	7.195190021380519
1735	7.195190021380519
1736	7.195190021380519
1737	7.195190021380519
1738	7.195190021380519
1739	7.195190021380519
1740	7.195190021380519
1741	7.195190021380519
1742	7.195190021380519
1743	5.407640883898392
1744	5.407640883898392
1745	5.407640883898392
1746	5.407640883898392
1747	5.407640883898392
1748	5.407640883898392
1749	5.407640883898392
1750	5.407640883898392
1751	5.407640883898392
1752	5.407640883898392
1753	5.407640883898392
1754	5.407640883898392
1755	5.407640883898392
1756	5.407640883898392
1757	5.407640883898392
1758	5.407640883898392
1759	5.407640883898392
1760	5.407640883898392
1761	5.407640883898392
1762	5.407640883898392
1763	5.407640883898392
1764	5.407640883898392
1765	5.407640883898392
1766	5.407640883898392
1767	5.407640883898392
1768	5.407640883898392
1769	5.407640883898392
1770	5.407640883898392
1771	5.407640883898392
1772	5.407640883898392
1773	8.301033696882689
1774	8.301033696882689
1775	8.301033696882689
1776	8.301033696882689
1777	8.301033696882689
1778	8.301033696882689
1779	8.301033696882689
1780	8.301033696882689
1781	8.301033696882689
1782	8.301033696882689
1783	8.301033696882689
1784	8.301033696882689
1785	8.301033696882689
1786	8.301033696882689
1787	8.301033696882689
1788	8.301033696882689
1789	8.301033696882689
1790	8.301033696882689
1791	8.301033696882689
1792	8.301033696882689
1793	8.301033696882689
1794	8.301033696882689
1795	8.301033696882689
1796	8.301033696882689
1797	8.301033696882689
1798	8.301033696882689
1799	8.301033696882689
1800	8.301033696882689
1801	8.301033696882689
1802	8.301033696882689
1803	8.265146045993026
1804	8.265146045993026
1805	8.265146045993026
1806	8.265146045993026
1807	8.265146045993026
1808	8.265146045993026
1809	8.265146045993026
1810	8.265146045993026
1811	8.265146045993026
1812	8.265146045993026
1813	8.265146045993026
1814	8.265146045993026
1815	8.265146045993026
1816	8.265146045993026
1817	8.265146045993026
1818	8.265146045993026
1819	8.265146045993026
1820	8.265146045993026
1821	8.265146045993026
1822	8.265146045993026
1823	8.265146045993026
1824	8.265146045993026
1825	8.265146045993026
1826	8.265146045993026
1827	8.265146045993026
1828	8.265146045993026
1829	8.265146045993026
1830	8.265146045993026
1831	8.265146045993026
1832	8.265146045993026
1833	5.643155760993354
1834	5.643155760993354
1835	5.643155760993354
1836	5.643155760993354
1837	5.643155760993354
1838	5.643155760993354
1839	5.643155760993354
1840	5.643155760993354
1841	5.643155760993354
1842	5.643155760993354
1843	5.643155760993354
1844	5.643155760993354
1845	5.643155760993354
1846	5.643155760993354
1847	5.643155760993354
1848	5.643155760993354
1849	5.643155760993354
1850	5.643155760993354
1851	5.643155760993354
1852	5.643155760993354
1853	5.643155760993354
1854	5.643155760993354
1855	5.643155760993354
1856	5.643155760993354
1857	5.643155760993354
1858	5.643155760993354
1859	5.643155760993354
1860	5.643155760993354
1861	5.643155760993354
1862	5.643155760993354
1863	10.0
1864	10.0
1865	10.0
1866	10.0
1867	10.0
1868	10.0
1869	10.0
1870	10.0
1871	10.0
1872	10.0
1873	10.0
1874	10.0
1875	10.0
1876	10.0
1877	10.0
1878	10.0
1879	10.0
1880	10.0
1881	10.0
1882	10.0
1883	10.0
1884	10.0
1885	10.0
1886	10.0
1887	10.0
1888	10.0
1889	10.0
1890	10.0
1891	10.0
1892	10.0
1893	10.0
1894	10.0
1895	10.0
1896	10.0
1897	10.0
1898	10.0
1899	10.0
1900	10.0
1901	10.0
1902	10.0
1903	10.0
1904	10.0
1905	10.0
1906	10.0
1907	10.0
1908	10.0
1909	10.0
1910	10.0
1911	10.0
1912	10.0
1913	10.0
1914	10.0
1915	10.0
1916	10.0
1917	10.0
1918	10.0
1919	10.0
1920	10.0
1921	10.0
1922	10.0
1923	10.0
1924	10.0
1925	10.0
1926	10.0
1927	10.0
1928	10.0
1929	10.0
1930	10.0
1931	10.0
1932	10.0
1933	10.0
1934	10.0
1935	10.0
1936	10.0
1937	10.0
1938	10.0
1939	10.0
1940	10.0
1941	10.0
1942	10.0
1943	10.0
1944	10.0
1945	10.0
1946	10.0
1947	10.0
1948	10.0
1949	10.0
1950	10.0
1951	10.0
1952	10.0
1953	8.504001970576823
1954	8.504001970576823
1955	8.504001970576823
1956	8.504001970576823
1957	8.504001970576823
1958	8.504001970576823
1959	8.504001970576823
1960	8.504001970576823
1961	8.504001970576823
1962	8.504001970576823
1963	8.504001970576823
1964	8.504001970576823
1965	8.504001970576823
1966	8.504001970576823
1967	8.504001970576823
1968	8.504001970576823
1969	8.504001970576823
1970	8.504001970576823
1971	8.504001970576823
1972	8.504001970576823
1973	8.504001970576823
1974	8.504001970576823
1975	8.504001970576823
1976	8.504001970576823
1977	8.504001970576823
1978	8.504001970576823
1979	8.504001970576823
1980	8.504001970576823
1981	8.504001970576823
1982	8.504001970576823
1983	10.0
1984	10.0
1985	10.0
1986	10.0
1987	10.0
1988	10.0
1989	10.0
1990	10.0
1991	10.0
1992	10.0
1993	10.0
1994	10.0
1995	10.0
1996	10.0
1997	10.0
1998	10.0
1999	10.0
2000	10.0
2001	10.0
2002	10.0
2003	10.0
2004	10.0
2005	10.0
2006	10.0
2007	10.0
2008	10.0
2009	10.0
2010	10.0
2011	10.0
2012	10.0
2013	9.291878193829648
2014	9.291878193829648
2015	9.291878193829648
2016	9.291878193829648
2017	9.291878193829648
2018	9.291878193829648
2019	9.291878193829648
2020	9.291878193829648
2021	9.291878193829648
2022	9.291878193829648
2023	9.291878193829648
2024	9.291878193829648
2025	9.291878193829648
2026	9.291878193829648
2027	9.291878193829648
2028	9.291878193829648
2029	9.291878193829648
2030	9.291878193829648
2031	9.291878193829648
2032	9.291878193829648
2033	9.291878193829648
2034	9.291878193829648
2035	9.291878193829648
2036	9.291878193829648
2037	9.291878193829648
2038	9.291878193829648
2039	9.291878193829648
2040	9.291878193829648
2041	9.291878193829648
2042	9.291878193829648
2043	10.0
2044	10.0
2045	10.0
2046	10.0
2047	10.0
2048	10.0
2049	10.0
2050	10.0
2051	10.0
2052	10.0
2053	10.0
2054	10.0
2055	10.0
2056	10.0
2057	10.0
2058	10.0
2059	10.0
2060	10.0
2061	10.0
2062	10.0
2063	10.0
2064	10.0
2065	10.0
2066	10.0
2067	10.0
2068	10.0
2069	10.0
2070	10.0
2071	10.0
2072	10.0
2073	7.129449094177782
2074	7.129449094177782
2075	7.129449094177782
2076	7.129449094177782
2077	7.129449094177782
2078	7.129449094177782
2079	7.129449094177782
2080	7.129449094177782
2081	7.129449094177782
2082	7.129449094177782
2083	7.129449094177782
2084	7.129449094177782
2085	7.129449094177782
2086	7.129449094177782
2087	7.129449094177782
2088	7.129449094177782
2089	7.129449094177782
2090	7.129449094177782
2091	7.129449094177782
2092	7.129449094177782
2093	7.129449094177782
2094	7.129449094177782
2095	7.129449094177782
2096	7.129449094177782
2097	7.129449094177782
2098	7.129449094177782
2099	7.129449094177782
2100	7.129449094177782
2101	7.129449094177782
2102	7.129449094177782
2103	6.817354777535332
2104	6.817354777535332
2105	6.817354777535332
2106	6.817354777535332
2107	6.817354777535332
2108	6.817354777535332
2109	6.817354777535332
2110	6.817354777535332
2111	6.817354777535332
2112	6.817354777535332
2113	6.817354777535332
2114	6.817354777535332
2115	6.817354777535332
2116	6.817354777535332
2117	6.817354777535332
2118	6.817354777535332
2119	6.817354777535332
2120	6.817354777535332
2121	6.817354777535332
2122	6.817354777535332
2123	6.817354777535332
2124	6.817354777535332
2125	6.817354777535332
2126	6.817354777535332
2127	6.817354777535332
2128	6.817354777535332
2129	6.817354777535332
2130	6.817354777535332
2131	6.817354777535332
2132	6.817354777535332
2133	8.374609349299643
2134	8.374609349299643
2135	8.374609349299643
2136	8.374609349299643
2137	8.374609349299643
2138	8.374609349299643
2139	8.374609349299643
2140	8.374609349299643
2141	8.374609349299643
2142	8.374609349299643
2143	8.374609349299643
2144	8.374609349299643
2145	8.374609349299643
2146	8.374609349299643
2147	8.374609349299643
2148	8.374609349299643
2149	8.374609349299643
2150	8.374609349299643
2151	8.374609349299643
2152	8.374609349299643
2153	8.374609349299643
2154	8.374609349299643
2155	8.374609349299643
2156	8.374609349299643
2157	8.374609349299643
2158	8.374609349299643
2159	8.374609349299643
2160	8.374609349299643
2161	8.374609349299643
2162	8.374609349299643
2163	10.0
2164	10.0
2165	10.0
2166	10.0
2167	10.0
2168	10.0
2169	10.0
2170	10.0
2171	10.0
2172	10.0
2173	10.0
2174	10.0
2175	10.0
2176	10.0
2177	10.0
2178	10.0
2179	10.0
2180	10.0
2181	10.0
2182	10.0
2183	10.0
2184	10.0
2185	10.0
2186	10.0
2187	10.0
2188	10.0
2189	10.0
2190	10.0
2191	10.0
2192	10.0
2193	10.0
2194	10.0
2195	10.0
2196	10.0
2197	10.0
2198	10.0
2199	10.0
2200	10.0
2201	10.0
2202	10.0
2203	10.0
2204	10.0
2205	10.0
2206	10.0
2207	10.0
2208	10.0
2209	10.0
2210	10.0
2211	10.0
2212	10.0
2213	10.0
2214	10.0
2215	10.0
2216	10.0
2217	10.0
2218	10.0
2219	10.0
2220	10.0
2221	10.0
2222	10.0
2223	6.698661602312923
2224	6.698661602312923
2225	6.698661602312923
2226	6.698661602312923
2227	6.698661602312923
2228	6.698661602312923
2229	6.698661602312923
2230	6.698661602312923
2231	6.698661602312923
2232	6.698661602312923
2233	6.698661602312923
2234	6.698661602312923
2235	6.698661602312923
2236	6.698661602312923
2237	6.698661602312923
2238	6.698661602312923
2239	6.698661602312923
2240	6.698661602312923
2241	6.698661602312923
2242	6.698661602312923
2243	6.698661602312923
2244	6.698661602312923
2245	6.698661602312923
2246	6.698661602312923
2247	6.698661602312923
2248	6.698661602312923
2249	6.698661602312923
2250	6.698661602312923
2251	6.698661602312923
2252	6.698661602312923
2253	8.36061513426329
2254	8.36061513426329
2255	8.36061513426329
2256	8.36061513426329
2257	8.36061513426329
2258	8.36061513426329
2259	8.36061513426329
2260	8.36061513426329
2261	8.36061513426329
2262	8.36061513426329
2263	8.36061513426329
2264	8.36061513426329
2265	8.36061513426329
2266	8.36061513426329
2267	8.36061513426329
2268	8.36061513426329
2269	8.36061513426329
2270	8.36061513426329
2271	8.36061513426329
2272	8.36061513426329
2273	8.36061513426329
2274	8.36061513426329
2275	8.36061513426329
2276	8.36061513426329
2277	8.36061513426329
2278	8.36061513426329
2279	8.36061513426329
2280	8.36061513426329
2281	8.36061513426329
2282	8.36061513426329
2283	9.453983594221738
2284	9.453983594221738
2285	9.453983594221738
2286	9.453983594221738
2287	9.453983594221738
2288	9.453983594221738
2289	9.453983594221738
2290	9.453983594221738
2291	9.453983594221738
2292	9.453983594221738
2293	9.453983594221738
2294	9.453983594221738
2295	9.453983594221738
2296	9.453983594221738
2297	9.453983594221738
2298	9.453983594221738
2299	9.453983594221738
2300	9.453983594221738
2301	9.453983594221738
2302	9.453983594221738
2303	9.453983594221738
2304	9.453983594221738
2305	9.453983594221738
2306	9.453983594221738
2307	9.453983594221738
2308	9.453983594221738
2309	9.453983594221738
2310	9.453983594221738
2311	9.453983594221738
2312	9.453983594221738
2313	10.0
2314	10.0
2315	10.0
2316	10.0
2317	10.0
2318	10.0
2319	10.0
2320	10.0
2321	10.0
2322	10.0
2323	10.0
2324	10.0
2325	10.0
2326	10.0
2327	10.0
2328	10.0
2329	10.0
2330	10.0
2331	10.0
2332	10.0
2333	10.0
2334	10.0
2335	10.0
2336	10.0
2337	10.0
2338	10.0
2339	10.0
2340	10.0
2341	10.0
2342	10.0
2343	10.0
2344	10.0
2345	10.0
2346	10.0
2347	10.0
2348	10.0
2349	10.0
2350	10.0
2351	10.0
2352	10.0
2353	10.0
2354	10.0
2355	10.0
2356	10.0
2357	10.0
2358	10.0
2359	10.0
2360	10.0
2361	10.0
2362	10.0
2363	10.0
2364	10.0
2365	10.0
2366	10.0
2367	10.0
2368	10.0
2369	10.0
2370	10.0
2371	10.0
2372	10.0
2373	10.0
2374	10.0
2375	10.0
2376	10.0
2377	10.0
2378	10.0
2379	10.0
2380	10.0
2381	10.0
2382	10.0
2383	10.0
2384	10.0
2385	10.0
2386	10.0
2387	10.0
2388	10.0
2389	10.0
2390	10.0
2391	10.0
2392	10.0
2393	10.0
2394	10.0
2395	10.0
2396	10.0
2397	10.0
2398	10.0
2399	10.0
2400	10.0
2401	10.0
2402	10.0
2403	10.0
2404	10.0
2405	10.0
2406	10.0
2407	10.0
2408	10.0
2409	10.0
2410	10.0
2411	10.0
2412	10.0
2413	10.0
2414	10.0
2415	10.0
2416	10.0
2417	10.0
2418	10.0
2419	10.0
2420	10.0
2421	10.0
2422	10.0
2423	10.0
2424	10.0
2425	10.0
2426	10.0
2427	10.0
2428	10.0
2429	10.0
2430	10.0
2431	10.0
2432	10.0
2433	9.099255514370611
2434	9.099255514370611
2435	9.099255514370611
2436	9.099255514370611
2437	9.099255514370611
2438	9.099255514370611
2439	9.099255514370611
2440	9.099255514370611
2441	9.099255514370611
2442	9.099255514370611
2443	9.099255514370611
2444	9.099255514370611
2445	9.099255514370611
2446	9.099255514370611
2447	9.099255514370611
2448	9.099255514370611
2449	9.099255514370611
