0	3.8
1	3.8
2	3.8
3	3.8
4	3.8
5	3.8
6	3.8
7	3.8
8	3.8
9	3.8
10	3.8
11	3.8
12	3.8
13	3.8
14	3.8
15	3.8
16	3.8
17	3.8
18	3.8
19	3.8
20	3.8
21	3.8
22	3.8
23	3.8
24	3.8
25	3.6166811603391626
26	3.6166811603391626
27	3.6166811603391626
28	3.6166811603391626
29	3.6166811603391626
30	3.6166811603391626
31	3.6166811603391626
32	2.2359845348050826
33	2.2359845348050826
34	2.2359845348050826
35	2.2359845348050826
36	2.2359845348050826
37	2.2359845348050826
38	2.2359845348050826
39	3.8
40	3.8
41	3.8
42	3.8
43	3.8
44	3.8
45	3.8
46	3.8
47	3.8
48	3.8
49	3.8
50	3.8
51	3.8
52	3.8
53	3.2781838503424643
54	3.2781838503424643
55	3.2781838503424643
56	3.2781838503424643
57	3.2781838503424643
58	3.2781838503424643
59	3.2781838503424643
60	3.077280244826585
61	3.077280244826585
62	3.077280244826585
63	3.077280244826585
64	3.077280244826585
65	3.077280244826585
66	3.077280244826585
67	2.463556442365897
68	2.463556442365897
69	2.463556442365897
70	2.463556442365897
71	2.463556442365897
72	2.463556442365897
73	2.463556442365897
74	2.0558860101727934
75	2.0558860101727934
76	2.0558860101727934
77	2.0558860101727934
78	2.0558860101727934
79	2.0558860101727934
80	2.0558860101727934
81	2.717585542316151
82	2.717585542316151
83	2.717585542316151
84	2.717585542316151
85	2.717585542316151
86	2.717585542316151
87	2.717585542316151
88	3.8
89	3.8
90	3.8
91	3.8
92	3.8
93	3.8
94	3.8
95	1.5382827134521664
96	1.5382827134521664
97	1.5382827134521664
98	1.5382827134521664
99	1.5382827134521664
100	1.5382827134521664
101	1.5382827134521664
102	3.8
103	3.8
104	3.8
105	3.8
106	3.8
107	3.8
108	3.8
109	3.8
110	3.8
111	3.8
112	3.8
113	3.8
114	3.8
115	3.8
116	3.183045699107521
117	3.183045699107521
118	3.183045699107521
119	3.183045699107521
120	3.183045699107521
121	3.183045699107521
122	3.199089644024682
123	3.199089644024682
124	3.199089644024682
125	3.199089644024682
126	3.199089644024682
127	3.199089644024682
128	3.199089644024682
129	3.1471808241953916
130	3.1471808241953916
131	3.1471808241953916
132	3.1471808241953916
133	3.1471808241953916
134	3.1471808241953916
135	3.1471808241953916
136	3.8
137	3.8
138	3.8
139	3.8
140	3.8
141	3.8
142	3.8
143	3.8
144	3.8
145	3.8
146	3.8
147	3.8
148	3.8
149	3.8
150	3.2461703111613676
151	3.2461703111613676
152	3.2461703111613676
153	3.2461703111613676
154	3.2461703111613676
155	3.2461703111613676
156	3.2461703111613676
157	3.6069227462881024
158	3.6069227462881024
159	3.6069227462881024
160	3.6069227462881024
161	3.6069227462881024
162	3.6069227462881024
163	3.6069227462881024
164	1.7558877071633632
165	1.7558877071633632
166	1.7558877071633632
167	1.7558877071633632
168	1.7558877071633632
169	1.7558877071633632
170	1.7558877071633632
171	3.8
172	3.8
173	3.8
174	3.8
175	3.8
176	3.8
177	3.8
178	3.1167886862293495
179	3.1167886862293495
180	3.1167886862293495
181	3.1167886862293495
182	3.1167886862293495
183	3.1167886862293495
184	3.1167886862293495
185	3.739529217158371
186	3.739529217158371
187	3.739529217158371
188	3.739529217158371
189	3.739529217158371
190	3.739529217158371
191	3.739529217158371
192	3.8
193	3.8
194	3.8
195	3.8
196	3.8
197	3.8
198	3.8
199	3.3877926930849993
200	3.3877926930849993
201	3.3877926930849993
202	3.3877926930849993
203	3.3877926930849993
204	3.3877926930849993
205	3.3877926930849993
206	3.8
207	3.8
208	3.8
209	3.8
210	3.8
211	3.8
212	3.8
213	2.6389577563609397
214	2.6389577563609397
215	2.6389577563609397
216	2.6389577563609397
217	2.6389577563609397
218	2.6389577563609397
219	2.6389577563609397
220	3.3876476873934975
221	3.3876476873934975
222	3.3876476873934975
223	3.3876476873934975
224	3.3876476873934975
225	3.3876476873934975
226	3.3876476873934975
227	2.435448425900186
228	2.435448425900186
229	2.435448425900186
230	2.435448425900186
231	2.435448425900186
232	2.435448425900186
233	2.435448425900186
234	3.152794318953122
235	3.152794318953122
236	3.152794318953122
237	3.152794318953122
238	3.152794318953122
239	3.152794318953122
240	3.152794318953122
241	3.8
242	3.8
243	3.8
244	3.8
245	3.8
246	3.8
247	3.8
248	3.8
249	3.8
250	3.8
251	3.8
252	3.8
253	3.8
254	3.8
255	3.8
256	3.8
257	3.8
258	3.8
259	3.8
260	3.8
261	3.8
262	2.0137453236827554
263	2.0137453236827554
264	2.0137453236827554
265	2.0137453236827554
266	2.0137453236827554
267	2.0137453236827554
268	2.0137453236827554
269	3.479589542896117
270	3.479589542896117
271	3.479589542896117
272	3.479589542896117
273	3.479589542896117
274	3.479589542896117
275	3.479589542896117
276	3.8
277	3.8
278	3.8
279	3.8
280	3.8
281	3.8
282	3.8
283	3.8
284	3.8
285	3.8
286	3.8
287	3.8
288	3.8
289	3.8
290	3.539468654725543
291	3.539468654725543
292	3.539468654725543
293	3.539468654725543
294	3.539468654725543
295	3.539468654725543
296	3.539468654725543
297	2.2226365612991197
298	2.2226365612991197
299	2.2226365612991197
300	2.2226365612991197
301	2.2226365612991197
302	2.2226365612991197
303	2.2226365612991197
304	3.8
305	3.8
306	3.8
307	3.8
308	3.8
309	3.8
310	3.8
311	2.6457411368361465
312	2.6457411368361465
313	2.6457411368361465
314	2.6457411368361465
315	2.6457411368361465
316	2.6457411368361465
317	2.6457411368361465
318	3.8
319	3.8
320	3.8
321	3.8
322	3.8
323	3.8
324	3.8
325	3.325302591864241
326	3.325302591864241
327	3.325302591864241
328	3.325302591864241
329	3.325302591864241
330	3.325302591864241
331	3.325302591864241
332	3.8
333	3.8
334	3.8
335	3.8
336	3.8
337	3.8
338	3.8
339	3.6143569438121577
340	3.6143569438121577
341	3.6143569438121577
342	3.6143569438121577
343	3.6143569438121577
344	3.6143569438121577
345	3.6143569438121577
346	2.074167803866553
347	2.074167803866553
348	2.074167803866553
349	2.074167803866553
350	2.074167803866553
351	2.074167803866553
352	2.074167803866553
353	3.8
354	3.8
355	3.8
356	3.8
357	3.8
358	3.8
359	3.8
360	2.6057496944376686
361	2.6057496944376686
362	2.6057496944376686
363	2.6057496944376686
364	2.6057496944376686
365	2.6057496944376686
366	2.6057496944376686
367	3.8
368	3.8
369	3.8
370	3.8
371	3.8
372	3.8
373	3.8
374	3.5504971899227282
375	3.5504971899227282
376	3.5504971899227282
377	3.5504971899227282
378	3.5504971899227282
379	3.5504971899227282
380	3.5504971899227282
381	3.430227923658421
382	3.430227923658421
383	3.430227923658421
384	3.430227923658421
385	3.430227923658421
386	3.430227923658421
387	3.430227923658421
388	2.972509885445965
389	2.972509885445965
390	2.972509885445965
391	2.972509885445965
392	2.972509885445965
393	2.972509885445965
394	2.972509885445965
395	3.8
396	3.8
397	3.8
398	3.8
399	3.8
400	3.8
401	3.8
402	3.616993107046179
403	3.616993107046179
404	3.616993107046179
405	3.616993107046179
406	3.616993107046179
407	3.616993107046179
408	3.616993107046179
409	2.9891155736985064
410	2.9891155736985064
411	2.9891155736985064
412	2.9891155736985064
413	2.9891155736985064
414	2.9891155736985064
415	2.9891155736985064
416	3.0250539948019775
417	3.0250539948019775
418	3.0250539948019775
419	3.0250539948019775
420	3.0250539948019775
421	3.0250539948019775
422	3.0250539948019775
423	3.695211297586823
424	3.695211297586823
425	3.695211297586823
426	3.695211297586823
427	3.695211297586823
428	3.695211297586823
429	3.695211297586823
430	3.613819784696701
431	3.613819784696701
432	3.613819784696701
433	3.613819784696701
434	3.613819784696701
435	3.613819784696701
436	3.613819784696701
437	3.552141836105138
438	3.552141836105138
439	3.552141836105138
440	3.552141836105138
441	3.552141836105138
442	3.552141836105138
443	3.552141836105138
444	3.14360257235396
445	3.14360257235396
446	3.14360257235396
447	3.14360257235396
448	3.14360257235396
449	3.14360257235396
450	3.14360257235396
451	3.8
452	3.8
453	3.8
454	3.8
455	3.8
456	3.8
457	3.8
458	3.8
459	3.8
460	3.8
461	3.8
462	3.8
463	3.8
464	3.8
465	3.615720582140533
466	3.615720582140533
467	3.615720582140533
468	3.615720582140533
469	3.615720582140533
470	3.615720582140533
471	3.615720582140533
472	3.8
473	3.8
474	3.8
475	3.8
476	3.8
477	3.8
478	3.8
479	3.8
480	3.8
481	3.8
482	3.8
483	3.8
484	3.8
485	3.8
486	3.8
487	3.8
488	3.8
489	3.8
490	3.8
491	3.8
492	3.8
493	2.6018299331334216
494	2.6018299331334216
495	2.6018299331334216
496	2.6018299331334216
497	2.6018299331334216
498	2.6018299331334216
499	2.6018299331334216
500	3.8
501	3.8
502	3.8
503	3.8
504	3.8
505	3.8
506	3.8
507	3.134952737898854
508	3.134952737898854
509	3.134952737898854
510	3.134952737898854
511	3.134952737898854
512	3.134952737898854
513	3.134952737898854
514	3.1854090792604666
515	3.1854090792604666
516	3.1854090792604666
517	3.1854090792604666
518	3.1854090792604666
519	3.1854090792604666
520	3.1854090792604666
521	3.8
522	3.8
523	3.8
524	3.8
525	3.8
526	3.8
527	3.8
528	3.8
529	3.8
530	3.8
531	3.8
532	3.8
533	3.8
534	3.8
535	2.6450569136385176
536	2.6450569136385176
537	2.6450569136385176
538	2.6450569136385176
539	2.6450569136385176
540	2.6450569136385176
541	2.6450569136385176
542	2.443269413901234
543	2.443269413901234
544	2.443269413901234
545	2.443269413901234
546	2.443269413901234
547	2.443269413901234
548	2.443269413901234
549	3.8
550	3.8
551	3.8
552	3.8
553	3.8
554	3.8
555	3.8
556	2.561525690803849
557	2.561525690803849
558	2.561525690803849
559	2.561525690803849
560	2.561525690803849
561	2.561525690803849
562	2.561525690803849
563	3.8
564	3.8
565	3.8
566	3.8
567	3.8
568	3.8
569	3.8
570	2.5415724471325873
571	2.5415724471325873
572	2.5415724471325873
573	2.5415724471325873
574	2.5415724471325873
575	2.5415724471325873
576	2.5415724471325873
577	3.8
578	3.8
579	3.8
580	3.8
581	3.8
582	3.8
583	3.8
584	3.066585962668122
585	3.066585962668122
586	3.066585962668122
587	3.066585962668122
588	3.066585962668122
589	3.066585962668122
590	3.066585962668122
591	3.8
592	3.8
593	3.8
594	3.8
595	3.8
596	3.8
597	3.8
598	3.8
599	3.8
600	3.8
601	3.8
602	3.8
603	3.8
604	3.8
605	3.539436952568665
606	3.539436952568665
607	3.539436952568665
608	3.0900827442369603
609	3.0900827442369603
610	3.0900827442369603
611	3.0900827442369603
612	3.0900827442369603
613	3.0900827442369603
614	3.0900827442369603
615	3.8
616	3.8
617	3.8
618	3.8
619	3.8
620	3.8
621	3.8
622	3.8
623	3.8
624	3.8
625	3.8
626	3.8
627	3.8
628	3.8
629	3.2506651735788124
630	3.2506651735788124
631	3.2506651735788124
632	3.2506651735788124
633	3.2506651735788124
634	3.2506651735788124
635	3.2506651735788124
636	3.0611975503702684
637	3.0611975503702684
638	3.0611975503702684
639	3.0611975503702684
640	3.0611975503702684
641	3.0611975503702684
642	3.0611975503702684
643	2.5202381120139523
644	2.5202381120139523
645	2.5202381120139523
646	2.5202381120139523
647	2.5202381120139523
648	2.5202381120139523
649	2.5202381120139523
650	3.8
651	3.8
652	3.8
653	3.8
654	3.8
655	3.8
656	3.8
657	3.7698119135739883
658	3.7698119135739883
659	3.7698119135739883
660	3.7698119135739883
661	3.7698119135739883
662	3.7698119135739883
663	3.7698119135739883
664	3.689847214975995
665	3.689847214975995
666	3.689847214975995
667	3.689847214975995
668	3.689847214975995
669	3.689847214975995
670	3.689847214975995
671	2.7924044958994143
672	2.7924044958994143
673	2.7924044958994143
674	2.7924044958994143
675	2.7924044958994143
676	2.7924044958994143
677	2.7924044958994143
678	3.1039331815786793
679	3.1039331815786793
680	3.1039331815786793
681	3.1039331815786793
682	3.1039331815786793
683	3.1039331815786793
684	3.1039331815786793
685	3.752160132635897
686	3.752160132635897
687	3.752160132635897
688	3.752160132635897
689	3.752160132635897
690	3.752160132635897
691	3.752160132635897
692	3.8
693	3.8
694	3.8
695	3.8
696	3.8
697	3.8
698	3.8
699	3.8
700	3.8
701	3.8
702	3.8
703	3.8
704	3.8
705	3.8
706	3.8
707	3.8
708	3.8
709	3.8
710	3.8
711	3.8
712	3.8
713	3.63894781267478
714	3.63894781267478
715	3.63894781267478
716	3.63894781267478
717	3.63894781267478
718	3.63894781267478
719	3.63894781267478
720	3.5154758184946875
721	3.5154758184946875
722	3.5154758184946875
723	3.5154758184946875
724	3.5154758184946875
725	3.5154758184946875
726	3.5154758184946875
727	2.7832006723269567
728	2.7832006723269567
729	2.7832006723269567
730	2.7832006723269567
731	2.7832006723269567
732	2.7832006723269567
733	2.7832006723269567
734	2.644369465862581
735	2.644369465862581
736	2.644369465862581
737	2.644369465862581
738	2.644369465862581
739	2.644369465862581
740	2.644369465862581
741	3.8
742	3.8
743	3.8
744	3.8
745	3.8
746	3.8
747	3.8
748	3.8
749	3.8
750	3.8
751	3.8
752	3.8
753	3.8
754	3.8
755	3.1365087794932984
756	3.1365087794932984
757	3.1365087794932984
758	3.1365087794932984
759	3.1365087794932984
760	3.1365087794932984
761	3.1365087794932984
762	3.5846972035157494
763	3.5846972035157494
764	3.5846972035157494
765	3.5846972035157494
766	3.5846972035157494
767	3.5846972035157494
768	3.5846972035157494
769	3.6510969015300954
770	3.6510969015300954
771	3.6510969015300954
772	3.6510969015300954
773	3.6510969015300954
774	3.6510969015300954
775	3.6510969015300954
776	3.120563535016782
777	3.120563535016782
778	3.120563535016782
779	3.120563535016782
780	3.120563535016782
781	3.120563535016782
782	3.120563535016782
783	3.8
784	3.8
785	3.8
786	3.8
787	3.8
788	3.8
789	3.8
790	3.8
791	3.8
792	3.8
793	3.8
794	3.8
795	3.8
796	3.8
797	3.8
798	3.8
799	3.8
800	3.8
801	3.8
802	3.8
803	3.8
804	3.44180993997026
805	3.44180993997026
806	3.44180993997026
807	3.44180993997026
808	3.44180993997026
809	3.44180993997026
810	3.44180993997026
811	3.8
812	3.8
813	3.8
814	3.8
815	3.8
816	3.8
817	3.8
818	3.8
819	3.8
820	3.8
821	3.8
822	3.8
823	3.8
824	3.8
825	3.41507493782032
826	3.41507493782032
827	3.41507493782032
828	3.41507493782032
829	3.41507493782032
830	3.41507493782032
831	3.41507493782032
832	3.8
833	3.8
834	3.8
835	3.8
836	3.8
837	3.8
838	3.8
839	3.5456871587269814
840	3.5456871587269814
841	3.5456871587269814
842	3.5456871587269814
843	3.5456871587269814
844	3.5456871587269814
845	3.5456871587269814
846	2.978635905152693
847	2.978635905152693
848	2.978635905152693
849	2.978635905152693
850	2.978635905152693
851	2.978635905152693
852	2.978635905152693
853	2.4532429550929473
854	2.4532429550929473
855	2.4532429550929473
856	2.4532429550929473
857	2.4532429550929473
858	2.4532429550929473
859	2.4532429550929473
860	3.0068968038524795
861	3.0068968038524795
862	3.0068968038524795
863	3.0068968038524795
864	3.0068968038524795
865	3.0068968038524795
866	3.0068968038524795
867	3.4943655922360555
868	3.4943655922360555
869	3.4943655922360555
870	3.4943655922360555
871	3.4943655922360555
872	3.4943655922360555
873	3.4943655922360555
874	3.8
875	3.8
876	3.8
877	3.8
878	3.8
879	3.8
880	3.8
881	3.8
882	3.8
883	3.8
884	3.8
885	3.8
886	3.8
887	3.8
888	3.8
889	3.8
890	3.8
891	3.8
892	3.5232858417665667
893	3.5232858417665667
894	3.5232858417665667
895	3.5232858417665667
896	3.5232858417665667
897	3.5232858417665667
898	3.5232858417665667
899	3.8
900	3.8
901	3.8
902	3.8
903	3.8
904	3.8
905	3.8
906	2.8767450759909017
907	2.8767450759909017
908	2.8767450759909017
909	2.8767450759909017
910	2.8767450759909017
911	2.8767450759909017
912	2.8767450759909017
913	2.390442245416054
914	2.390442245416054
915	2.390442245416054
916	2.390442245416054
917	2.390442245416054
918	2.390442245416054
919	2.390442245416054
920	3.7304654058993183
921	3.7304654058993183
922	3.7304654058993183
923	3.7304654058993183
924	3.7304654058993183
925	3.7304654058993183
926	3.7304654058993183
927	3.428315305185402
928	3.428315305185402
929	3.428315305185402
930	3.428315305185402
931	3.428315305185402
932	3.428315305185402
933	3.428315305185402
934	3.8
935	3.8
936	3.8
937	3.8
938	3.8
939	3.8
940	3.8
941	3.3945020162443553
942	3.3945020162443553
943	3.3945020162443553
944	3.3945020162443553
945	3.3945020162443553
946	3.3945020162443553
947	3.3945020162443553
948	2.8747498272532717
949	2.8747498272532717
950	2.8747498272532717
951	2.8747498272532717
952	2.8747498272532717
953	2.8747498272532717
954	2.8747498272532717
955	3.8
956	3.8
957	3.8
958	3.8
959	3.8
960	3.8
961	3.8
962	2.9533321644291406
963	2.9533321644291406
964	2.9533321644291406
965	2.9533321644291406
966	2.9533321644291406
967	2.9533321644291406
968	2.9533321644291406
969	3.8
970	3.8
971	3.8
972	3.8
973	3.8
974	3.8
975	3.8
976	3.260563258651896
977	3.260563258651896
978	3.260563258651896
979	3.260563258651896
980	3.260563258651896
981	3.260563258651896
982	3.260563258651896
983	3.8
984	3.8
985	3.8
986	3.8
987	3.8
988	3.8
989	3.8
990	3.8
991	3.8
992	3.8
993	3.8
994	3.8
995	3.8
996	3.8
997	3.8
998	3.8
999	3.8
1000	3.8
1001	3.8
1002	3.8
1003	3.8
1004	2.8532776376780458
1005	2.8532776376780458
1006	2.8532776376780458
1007	2.8532776376780458
1008	2.8532776376780458
1009	2.8532776376780458
1010	2.8532776376780458
1011	3.8
1012	3.8
1013	3.8
1014	3.8
1015	3.8
1016	3.8
1017	3.8
1018	3.8
1019	3.8
1020	3.8
1021	3.8
1022	3.8
1023	3.8
1024	3.8
1025	3.1370542419327343
1026	3.1370542419327343
1027	3.1370542419327343
1028	3.1370542419327343
1029	3.1370542419327343
1030	3.1370542419327343
1031	3.1370542419327343
1032	3.8
1033	3.8
1034	3.8
1035	3.8
1036	3.8
1037	3.8
1038	3.8
1039	3.063293158041463
1040	3.063293158041463
1041	3.063293158041463
1042	3.063293158041463
1043	3.063293158041463
1044	3.063293158041463
1045	3.063293158041463
1046	3.4983118552181307
1047	3.4983118552181307
1048	3.4983118552181307
1049	3.4983118552181307
1050	3.4983118552181307
1051	3.4983118552181307
1052	3.4983118552181307
1053	3.8
1054	3.8
1055	3.8
1056	3.8
1057	3.8
1058	3.8
1059	3.8
1060	3.2440307867021954
1061	3.2440307867021954
1062	3.2440307867021954
1063	3.2440307867021954
1064	3.2440307867021954
1065	3.2440307867021954
1066	3.2440307867021954
1067	2.510772428399945
1068	2.510772428399945
1069	2.510772428399945
1070	2.510772428399945
1071	2.510772428399945
1072	2.510772428399945
1073	2.510772428399945
1074	3.8
1075	3.8
1076	3.8
1077	3.8
1078	3.8
1079	3.8
1080	3.8
1081	2.557529137000862
1082	2.557529137000862
1083	2.557529137000862
1084	2.557529137000862
1085	2.557529137000862
1086	2.557529137000862
1087	2.557529137000862
1088	3.8
1089	3.8
1090	3.8
1091	3.8
1092	3.8
1093	3.8
1094	3.8
1095	3.0077677534364105
1096	3.0077677534364105
1097	3.0077677534364105
1098	3.0077677534364105
1099	3.0077677534364105
1100	3.0077677534364105
1101	3.0077677534364105
1102	2.605983650248235
1103	2.605983650248235
1104	2.605983650248235
1105	2.605983650248235
1106	2.605983650248235
1107	2.605983650248235
1108	2.605983650248235
1109	3.8
1110	3.8
1111	3.8
1112	3.8
1113	3.8
1114	3.8
1115	3.8
1116	3.8
1117	3.8
1118	3.8
1119	3.8
1120	3.8
1121	3.8
1122	3.8
1123	3.4511086713348953
1124	3.4511086713348953
1125	3.4511086713348953
1126	3.4511086713348953
1127	3.4511086713348953
1128	3.4511086713348953
1129	3.4511086713348953
1130	3.7608564550139554
1131	3.7608564550139554
1132	3.7608564550139554
1133	3.7608564550139554
1134	3.7608564550139554
1135	3.7608564550139554
1136	3.7608564550139554
1137	3.8
1138	3.8
1139	3.8
1140	3.8
1141	3.8
1142	3.8
1143	3.8
1144	2.269035497510765
1145	2.269035497510765
1146	2.269035497510765
1147	2.269035497510765
1148	2.269035497510765
1149	2.269035497510765
1150	2.269035497510765
1151	3.8
1152	3.8
1153	3.8
1154	3.8
1155	3.8
1156	3.8
1157	3.8
1158	3.3562438753029378
1159	3.3562438753029378
1160	3.3562438753029378
1161	3.3562438753029378
1162	3.3562438753029378
1163	3.3562438753029378
1164	3.3562438753029378
1165	3.1890393532147328
1166	3.1890393532147328
1167	3.1890393532147328
1168	3.1890393532147328
1169	3.1890393532147328
1170	3.1890393532147328
1171	3.1890393532147328
1172	3.8
1173	3.8
1174	3.8
1175	3.8
1176	3.8
1177	3.8
1178	3.8
1179	2.7710437835687083
1180	2.7710437835687083
1181	2.7710437835687083
1182	2.7710437835687083
1183	2.7710437835687083
1184	2.7710437835687083
1185	2.7710437835687083
1186	3.708510508959661
1187	3.708510508959661
1188	3.708510508959661
1189	3.708510508959661
1190	3.708510508959661
1191	3.708510508959661
1192	3.708510508959661
1193	3.4123785088272474
1194	3.4123785088272474
1195	3.4123785088272474
1196	3.4123785088272474
1197	3.4123785088272474
1198	3.4123785088272474
1199	3.4123785088272474
1200	3.8
1201	3.8
1202	3.8
1203	3.8
1204	3.8
1205	3.8
1206	3.8
1207	3.8
1208	3.8
1209	3.8
1210	3.8
1211	3.8
1212	3.8
1213	3.8
1214	3.2714758942799915
1215	3.2714758942799915
1216	3.2714758942799915
1217	3.2714758942799915
1218	3.2714758942799915
1219	3.2714758942799915
1220	3.2714758942799915
1221	3.486388360949635
1222	3.486388360949635
1223	3.486388360949635
1224	3.486388360949635
1225	3.486388360949635
1226	3.486388360949635
1227	3.486388360949635
1228	2.974120069591311
1229	2.974120069591311
1230	2.974120069591311
1231	2.974120069591311
1232	2.974120069591311
1233	2.974120069591311
1234	2.974120069591311
1235	3.4604013353724206
1236	3.4604013353724206
1237	3.4604013353724206
1238	3.4604013353724206
1239	3.4604013353724206
1240	3.4604013353724206
1241	3.4604013353724206
1242	3.8
1243	3.8
1244	3.8
1245	3.8
1246	3.8
1247	3.8
1248	3.8
1249	3.2815018611217255
1250	3.2815018611217255
1251	3.2815018611217255
1252	3.2815018611217255
1253	3.2815018611217255
1254	3.2815018611217255
1255	3.2815018611217255
1256	3.8
1257	3.8
1258	3.8
1259	3.8
1260	3.8
1261	3.8
1262	3.8
1263	3.7878805540493943
1264	3.7878805540493943
1265	3.7878805540493943
1266	3.7878805540493943
1267	3.7878805540493943
1268	3.7878805540493943
1269	3.7878805540493943
1270	3.32295161130177
1271	3.32295161130177
1272	3.32295161130177
1273	3.32295161130177
1274	3.32295161130177
1275	3.32295161130177
1276	3.32295161130177
1277	3.260153357108327
1278	3.260153357108327
1279	3.260153357108327
1280	3.260153357108327
1281	3.260153357108327
1282	3.260153357108327
1283	3.260153357108327
1284	2.9153432459060724
1285	2.9153432459060724
1286	2.9153432459060724
1287	2.9153432459060724
1288	2.9153432459060724
1289	2.9153432459060724
1290	2.9153432459060724
1291	3.4835136452789937
1292	3.4835136452789937
1293	3.4835136452789937
1294	3.4835136452789937
1295	3.4835136452789937
1296	3.4835136452789937
1297	3.4835136452789937
1298	3.7786707152367747
1299	3.7786707152367747
1300	3.7786707152367747
1301	3.7786707152367747
1302	3.7786707152367747
1303	3.7786707152367747
1304	3.7786707152367747
1305	2.729778265738028
1306	2.729778265738028
1307	2.729778265738028
1308	2.729778265738028
1309	2.729778265738028
1310	2.729778265738028
1311	2.729778265738028
1312	2.9921793402158032
1313	2.9921793402158032
1314	2.9921793402158032
1315	2.9921793402158032
1316	2.9921793402158032
1317	2.9921793402158032
1318	2.9921793402158032
1319	2.0057186470651733
1320	2.0057186470651733
1321	2.0057186470651733
1322	2.0057186470651733
1323	2.0057186470651733
1324	2.0057186470651733
1325	2.0057186470651733
1326	2.308950573553099
1327	2.308950573553099
1328	2.308950573553099
1329	2.308950573553099
1330	2.308950573553099
1331	2.308950573553099
1332	2.308950573553099
1333	3.142487876768448
1334	3.142487876768448
1335	3.142487876768448
1336	3.142487876768448
1337	3.142487876768448
1338	3.142487876768448
1339	3.142487876768448
1340	3.3473588415276643
1341	3.3473588415276643
1342	3.3473588415276643
1343	3.3473588415276643
1344	3.3473588415276643
1345	3.3473588415276643
1346	3.3473588415276643
1347	3.1709658703816475
1348	3.1709658703816475
1349	3.1709658703816475
1350	3.1709658703816475
1351	3.1709658703816475
1352	3.1709658703816475
1353	3.1709658703816475
1354	3.8
1355	3.8
1356	3.8
1357	3.8
1358	3.8
1359	3.8
1360	3.8
1361	3.8
1362	3.8
1363	3.8
1364	3.8
1365	3.8
1366	3.8
1367	3.8
1368	3.436511389994441
1369	3.436511389994441
1370	3.436511389994441
1371	3.436511389994441
1372	3.436511389994441
1373	3.436511389994441
1374	3.436511389994441
1375	3.0310941751515337
1376	3.0310941751515337
1377	3.0310941751515337
1378	3.0310941751515337
1379	3.0310941751515337
1380	3.0310941751515337
1381	3.0310941751515337
1382	3.8
1383	3.8
1384	3.8
1385	3.8
1386	3.8
1387	3.8
1388	3.8
1389	3.3595095669614734
1390	3.3595095669614734
1391	3.3595095669614734
1392	3.3595095669614734
1393	3.3595095669614734
1394	3.3595095669614734
1395	3.3595095669614734
1396	3.8
1397	3.8
1398	3.8
1399	3.8
1400	3.8
1401	3.8
1402	3.8
1403	3.8
1404	3.8
1405	3.8
1406	3.8
1407	3.8
1408	3.8
1409	3.8
1410	3.693941761530863
1411	3.693941761530863
1412	3.693941761530863
1413	3.693941761530863
1414	3.693941761530863
1415	3.693941761530863
1416	3.693941761530863
1417	3.5004727732056184
1418	3.5004727732056184
1419	3.5004727732056184
1420	3.5004727732056184
1421	3.5004727732056184
1422	3.5004727732056184
1423	3.5004727732056184
1424	3.083317975458642
1425	3.083317975458642
1426	3.083317975458642
1427	3.083317975458642
1428	3.083317975458642
1429	3.083317975458642
1430	3.083317975458642
1431	3.8
1432	3.8
1433	3.8
1434	3.8
1435	3.8
1436	3.8
1437	3.8
1438	2.250026534326116
1439	2.250026534326116
1440	2.250026534326116
1441	2.250026534326116
1442	2.250026534326116
1443	2.250026534326116
1444	2.250026534326116
1445	3.8
1446	3.8
1447	3.8
1448	3.8
1449	3.8
1450	3.8
1451	3.8
1452	3.8
1453	3.8
1454	3.8
1455	3.8
1456	3.8
1457	1.7543351542826875
1458	1.7543351542826875
1459	1.7543351542826875
1460	1.7543351542826875
1461	1.7543351542826875
1462	1.7543351542826875
1463	1.7543351542826875
1464	2.9848406688879052
1465	2.9848406688879052
1466	2.9848406688879052
1467	2.9848406688879052
1468	2.9848406688879052
1469	2.9848406688879052
1470	2.9848406688879052
1471	2.5777131539130256
1472	2.5777131539130256
1473	2.5777131539130256
1474	2.5777131539130256
1475	2.5777131539130256
1476	2.5777131539130256
1477	2.5777131539130256
1478	3.8
1479	3.8
1480	3.8
1481	3.8
1482	3.8
1483	3.8
1484	3.8
1485	2.995575491563456
1486	2.995575491563456
1487	2.995575491563456
1488	2.995575491563456
1489	2.995575491563456
1490	2.995575491563456
1491	2.995575491563456
1492	3.417333304691764
1493	3.417333304691764
1494	3.417333304691764
1495	3.417333304691764
1496	3.417333304691764
1497	3.417333304691764
1498	3.417333304691764
1499	3.116896314307693
1500	3.116896314307693
1501	3.116896314307693
1502	3.116896314307693
1503	3.116896314307693
1504	3.116896314307693
1505	3.116896314307693
1506	3.1417403574233154
1507	3.1417403574233154
1508	3.1417403574233154
1509	3.1417403574233154
1510	3.1417403574233154
1511	3.1417403574233154
1512	3.1417403574233154
1513	2.884100570561329
1514	2.884100570561329
1515	2.884100570561329
1516	2.884100570561329
1517	2.884100570561329
1518	2.884100570561329
1519	2.884100570561329
1520	3.8
1521	3.8
1522	3.8
1523	3.8
1524	3.8
1525	3.8
1526	3.8
1527	2.892958148982068
1528	2.892958148982068
1529	2.892958148982068
1530	2.892958148982068
1531	2.892958148982068
1532	2.892958148982068
1533	2.892958148982068
1534	2.673153760107401
1535	2.673153760107401
1536	2.673153760107401
1537	2.673153760107401
1538	2.673153760107401
1539	2.673153760107401
1540	2.673153760107401
1541	2.123309044685336
1542	2.123309044685336
1543	2.123309044685336
1544	2.123309044685336
1545	2.123309044685336
1546	2.123309044685336
1547	2.123309044685336
1548	3.437295518705711
1549	3.437295518705711
1550	3.437295518705711
1551	3.437295518705711
1552	3.437295518705711
1553	3.437295518705711
1554	3.437295518705711
1555	3.3412054737537518
1556	3.3412054737537518
1557	3.3412054737537518
1558	3.3412054737537518
1559	3.3412054737537518
1560	3.3412054737537518
1561	3.3412054737537518
1562	2.8404287959763965
1563	2.8404287959763965
1564	2.8404287959763965
1565	2.8404287959763965
1566	2.8404287959763965
1567	2.8404287959763965
1568	2.8404287959763965
1569	2.7564803050123956
1570	2.7564803050123956
1571	2.7564803050123956
1572	2.7564803050123956
1573	2.7564803050123956
1574	2.7564803050123956
1575	2.7564803050123956
1576	2.443864507243566
1577	2.443864507243566
1578	2.443864507243566
1579	2.443864507243566
1580	2.443864507243566
1581	2.443864507243566
1582	2.443864507243566
1583	2.136135128528063
1584	2.136135128528063
1585	2.136135128528063
1586	2.136135128528063
1587	2.136135128528063
1588	2.136135128528063
1589	2.136135128528063
1590	3.043463999534138
1591	3.043463999534138
1592	3.043463999534138
1593	3.043463999534138
1594	3.043463999534138
1595	3.043463999534138
1596	3.043463999534138
1597	2.7556517187958742
1598	2.7556517187958742
1599	2.7556517187958742
1600	2.7556517187958742
1601	2.7556517187958742
1602	2.7556517187958742
1603	2.7556517187958742
1604	3.0395620312659672
1605	3.0395620312659672
1606	3.0395620312659672
1607	3.0395620312659672
1608	3.0395620312659672
1609	3.0395620312659672
1610	3.0395620312659672
1611	3.8
1612	3.8
1613	3.8
1614	3.8
1615	3.8
1616	3.8
1617	3.8
1618	2.7213900943331057
1619	2.7213900943331057
1620	2.7213900943331057
1621	2.7213900943331057
1622	2.7213900943331057
1623	2.7213900943331057
1624	2.7213900943331057
1625	3.7470313121263708
1626	3.7470313121263708
1627	3.7470313121263708
1628	3.7470313121263708
1629	3.7470313121263708
1630	3.7470313121263708
1631	3.7470313121263708
1632	3.7528424512914476
1633	3.7528424512914476
1634	3.7528424512914476
1635	3.7528424512914476
1636	3.7528424512914476
1637	3.7528424512914476
1638	3.7528424512914476
1639	3.8
1640	3.8
1641	3.8
1642	3.8
1643	3.8
1644	3.8
1645	3.8
1646	2.953879604214023
1647	2.953879604214023
1648	2.953879604214023
1649	2.953879604214023
1650	2.953879604214023
1651	2.953879604214023
1652	2.953879604214023
1653	3.0744648860036317
1654	3.0744648860036317
1655	3.0744648860036317
1656	3.0744648860036317
1657	3.0744648860036317
1658	3.0744648860036317
1659	3.0744648860036317
1660	3.199169724810598
1661	3.199169724810598
1662	3.199169724810598
1663	3.199169724810598
1664	3.199169724810598
1665	3.199169724810598
1666	3.199169724810598
1667	3.8
1668	3.8
1669	3.8
1670	3.8
1671	3.8
1672	3.8
1673	3.8
1674	2.7420804518135586
1675	2.7420804518135586
1676	2.7420804518135586
1677	2.7420804518135586
1678	2.7420804518135586
1679	2.7420804518135586
1680	2.7420804518135586
1681	2.5963732340054753
1682	2.5963732340054753
1683	2.5963732340054753
1684	2.5963732340054753
1685	2.5963732340054753
1686	2.5963732340054753
1687	2.5963732340054753
1688	3.8
1689	3.8
1690	3.8
1691	3.8
1692	3.8
1693	3.8
1694	3.8
1695	3.225141393198409
1696	3.225141393198409
1697	3.225141393198409
1698	3.225141393198409
1699	3.225141393198409
1700	3.225141393198409
1701	3.225141393198409
1702	3.316368942688645
1703	3.316368942688645
1704	3.316368942688645
1705	3.316368942688645
1706	3.316368942688645
1707	3.316368942688645
1708	3.316368942688645
1709	2.8304081885010075
1710	2.8304081885010075
1711	2.8304081885010075
1712	2.8304081885010075
1713	2.8304081885010075
1714	2.8304081885010075
1715	2.8304081885010075
1716	3.1392884107681023
1717	3.1392884107681023
1718	3.1392884107681023
1719	3.1392884107681023
1720	3.1392884107681023
1721	3.1392884107681023
1722	3.1392884107681023
1723	3.106706148060615
1724	3.106706148060615
1725	3.106706148060615
1726	3.106706148060615
1727	3.106706148060615
1728	3.106706148060615
1729	3.106706148060615
1730	2.450298375195215
1731	2.450298375195215
1732	2.450298375195215
1733	2.450298375195215
1734	2.450298375195215
1735	2.450298375195215
1736	2.450298375195215
1737	1.8650254799533716
1738	1.8650254799533716
1739	1.8650254799533716
1740	1.8650254799533716
1741	1.8650254799533716
1742	1.8650254799533716
1743	1.8650254799533716
1744	2.8424661926600816
1745	2.8424661926600816
1746	2.8424661926600816
1747	2.8424661926600816
1748	2.8424661926600816
1749	2.8424661926600816
1750	2.8424661926600816
1751	3.7221330661856857
1752	3.7221330661856857
1753	3.7221330661856857
1754	3.7221330661856857
1755	3.7221330661856857
1756	3.7221330661856857
1757	3.7221330661856857
1758	3.3663407976242623
1759	3.3663407976242623
1760	3.3663407976242623
1761	3.3663407976242623
1762	3.3663407976242623
1763	3.3663407976242623
1764	3.3663407976242623
1765	1.9677503677493604
1766	1.9677503677493604
1767	1.9677503677493604
1768	1.9677503677493604
1769	1.9677503677493604
1770	1.9677503677493604
1771	1.9677503677493604
1772	2.2251381208061662
1773	2.2251381208061662
1774	2.2251381208061662
1775	2.2251381208061662
1776	2.2251381208061662
1777	2.2251381208061662
1778	2.2251381208061662
1779	3.5236445866170447
1780	3.5236445866170447
1781	3.5236445866170447
1782	3.5236445866170447
1783	3.5236445866170447
1784	3.5236445866170447
1785	3.5236445866170447
1786	3.7669803011125578
1787	3.7669803011125578
1788	3.7669803011125578
1789	3.7669803011125578
1790	3.7669803011125578
1791	3.7669803011125578
1792	3.7669803011125578
1793	2.4114778732805675
1794	2.4114778732805675
1795	2.4114778732805675
1796	2.4114778732805675
1797	2.4114778732805675
1798	2.4114778732805675
1799	2.4114778732805675
1800	2.4013892632917653
1801	2.4013892632917653
1802	2.4013892632917653
1803	2.4013892632917653
1804	2.4013892632917653
1805	2.4013892632917653
1806	2.4013892632917653
1807	2.491397571089943
1808	2.491397571089943
1809	2.491397571089943
1810	2.491397571089943
1811	2.491397571089943
1812	2.491397571089943
1813	2.491397571089943
1814	2.9392245918414477
1815	3.0404111217659655
1816	3.0404111217659655
1817	3.0404111217659655
1818	3.0404111217659655
1819	3.0404111217659655
1820	3.0404111217659655
1821	3.0404111217659655
1822	2.564335222859881
1823	2.564335222859881
1824	2.564335222859881
1825	2.564335222859881
1826	2.564335222859881
1827	2.564335222859881
1828	2.564335222859881
1829	3.8
1830	3.8
1831	3.8
1832	3.8
1833	3.8
1834	3.8
1835	3.8
1836	3.6066149012103903
1837	3.6066149012103903
1838	3.6066149012103903
1839	3.6066149012103903
1840	3.6066149012103903
1841	3.6066149012103903
1842	3.6066149012103903
1843	2.904173039499191
1844	2.904173039499191
1845	2.904173039499191
1846	2.904173039499191
1847	2.904173039499191
1848	2.904173039499191
1849	2.904173039499191
1850	3.378816191129852
1851	3.378816191129852
1852	3.378816191129852
1853	3.378816191129852
1854	3.378816191129852
1855	3.378816191129852
1856	3.378816191129852
1857	3.260839067343587
1858	3.260839067343587
1859	3.260839067343587
1860	3.260839067343587
1861	3.260839067343587
1862	3.260839067343587
1863	3.260839067343587
1864	3.055749087162316
1865	3.055749087162316
1866	3.055749087162316
1867	3.055749087162316
1868	3.055749087162316
1869	3.055749087162316
1870	3.055749087162316
1871	2.733688592416486
1872	2.733688592416486
1873	2.733688592416486
1874	2.733688592416486
1875	2.733688592416486
1876	2.733688592416486
1877	2.733688592416486
1878	0.9542112840824213
1879	0.9542112840824213
1880	0.9542112840824213
1881	0.9542112840824213
1882	0.9542112840824213
1883	0.9542112840824213
1884	0.9542112840824213
1885	2.3453049697860697
1886	2.3453049697860697
1887	2.3453049697860697
1888	2.3453049697860697
1889	2.3453049697860697
1890	2.3453049697860697
1891	2.3453049697860697
1892	2.2256780800034695
1893	2.2256780800034695
1894	2.2256780800034695
1895	2.2256780800034695
1896	2.2256780800034695
1897	2.2256780800034695
1898	2.2256780800034695
1899	2.5198163717092523
1900	2.5198163717092523
1901	2.5198163717092523
1902	2.5198163717092523
1903	2.5198163717092523
1904	2.5198163717092523
1905	2.5198163717092523
1906	3.278386222126529
1907	3.278386222126529
1908	3.278386222126529
1909	3.278386222126529
1910	3.278386222126529
1911	3.278386222126529
1912	3.278386222126529
1913	1.9324437596737933
1914	1.9324437596737933
1915	1.9324437596737933
1916	1.9324437596737933
1917	1.9324437596737933
1918	1.9324437596737933
1919	1.9324437596737933
1920	2.831284426611896
1921	2.831284426611896
1922	2.831284426611896
1923	2.831284426611896
1924	2.831284426611896
1925	2.831284426611896
1926	2.831284426611896
1927	2.566283219093848
1928	2.566283219093848
1929	2.566283219093848
1930	2.566283219093848
1931	2.566283219093848
1932	2.566283219093848
1933	2.566283219093848
1934	3.0019008111806316
1935	3.0019008111806316
1936	3.0019008111806316
1937	3.0019008111806316
1938	3.0019008111806316
1939	3.0019008111806316
1940	3.0019008111806316
1941	2.993421210641931
1942	2.993421210641931
1943	2.993421210641931
1944	2.993421210641931
1945	2.993421210641931
1946	2.993421210641931
1947	2.993421210641931
1948	3.1720369994131623
1949	3.1720369994131623
1950	3.1720369994131623
1951	3.1720369994131623
1952	3.1720369994131623
1953	3.1720369994131623
1954	3.1720369994131623
1955	2.875184507279805
1956	2.875184507279805
1957	2.875184507279805
1958	2.875184507279805
1959	2.875184507279805
1960	2.875184507279805
1961	2.875184507279805
1962	2.2964038252122227
1963	2.2964038252122227
1964	2.2964038252122227
1965	2.2964038252122227
1966	2.2964038252122227
1967	2.2964038252122227
1968	2.2964038252122227
1969	3.2161415403271136
1970	3.2161415403271136
1971	3.2161415403271136
1972	3.2161415403271136
1973	3.2161415403271136
1974	3.2161415403271136
1975	3.2161415403271136
1976	3.524650633168132
1977	3.524650633168132
1978	3.524650633168132
1979	3.524650633168132
1980	3.524650633168132
1981	3.524650633168132
1982	3.524650633168132
1983	3.6574319896336878
1984	3.6574319896336878
1985	3.6574319896336878
1986	3.6574319896336878
1987	3.6574319896336878
1988	3.6574319896336878
1989	3.6574319896336878
1990	2.7537932699768346
1991	2.7537932699768346
1992	2.7537932699768346
1993	2.7537932699768346
1994	2.7537932699768346
1995	2.7537932699768346
1996	2.7537932699768346
1997	3.7117815612675797
1998	3.7117815612675797
1999	3.7117815612675797
2000	3.7117815612675797
2001	3.7117815612675797
2002	3.7117815612675797
2003	3.7117815612675797
2004	3.8
2005	3.8
2006	3.8
2007	3.8
2008	3.8
2009	3.8
2010	3.8
2011	2.739685598106908
2012	2.739685598106908
2013	2.739685598106908
2014	2.739685598106908
2015	2.739685598106908
2016	2.739685598106908
2017	2.739685598106908
2018	2.035332464507726
2019	2.035332464507726
2020	2.035332464507726
2021	2.035332464507726
2022	2.035332464507726
2023	2.035332464507726
2024	2.035332464507726
2025	3.2403370785325007
2026	3.2403370785325007
2027	3.2403370785325007
2028	3.2403370785325007
2029	3.2403370785325007
2030	3.2403370785325007
2031	3.2403370785325007
2032	2.5530469936394247
2033	2.5530469936394247
2034	2.5530469936394247
2035	2.5530469936394247
2036	2.5530469936394247
2037	2.5530469936394247
2038	2.5530469936394247
2039	1.8034974185618942
2040	1.8034974185618942
2041	1.8034974185618942
2042	1.8034974185618942
2043	1.8034974185618942
2044	1.8034974185618942
2045	1.8034974185618942
2046	2.729892207160929
2047	2.729892207160929
2048	2.729892207160929
2049	2.729892207160929
2050	2.729892207160929
2051	2.729892207160929
2052	2.729892207160929
2053	3.438448213700153
2054	3.438448213700153
2055	3.438448213700153
2056	3.438448213700153
2057	3.438448213700153
2058	3.438448213700153
2059	3.438448213700153
2060	1.7054305449983695
2061	1.7054305449983695
2062	1.7054305449983695
2063	1.7054305449983695
2064	1.7054305449983695
2065	1.7054305449983695
2066	1.7054305449983695
2067	2.53819451121737
2068	2.53819451121737
2069	2.53819451121737
2070	2.53819451121737
2071	2.53819451121737
2072	2.53819451121737
2073	2.53819451121737
2074	2.7188869584707342
2075	2.7188869584707342
2076	2.7188869584707342
2077	2.7188869584707342
2078	2.7188869584707342
2079	2.7188869584707342
2080	2.7188869584707342
2081	2.544013253052207
2082	2.544013253052207
2083	2.544013253052207
2084	2.544013253052207
2085	2.544013253052207
2086	2.544013253052207
2087	2.544013253052207
2088	3.0188319934870367
2089	3.0188319934870367
2090	3.0188319934870367
2091	3.0188319934870367
2092	3.0188319934870367
2093	3.0188319934870367
2094	3.0188319934870367
2095	1.8736735709436292
2096	1.8736735709436292
2097	1.8736735709436292
2098	1.8736735709436292
2099	1.8736735709436292
2100	1.8736735709436292
2101	1.8736735709436292
2102	3.615773301724029
2103	3.615773301724029
2104	3.615773301724029
2105	3.615773301724029
2106	3.615773301724029
2107	3.615773301724029
2108	3.615773301724029
2109	2.880969088042792
2110	2.880969088042792
2111	2.880969088042792
2112	2.880969088042792
2113	2.880969088042792
2114	2.880969088042792
2115	2.880969088042792
2116	2.9769256175432854
2117	2.9769256175432854
2118	2.9769256175432854
2119	2.9769256175432854
2120	2.9769256175432854
2121	2.9769256175432854
2122	2.9769256175432854
2123	3.5062353596049327
2124	3.5062353596049327
2125	3.5062353596049327
2126	3.5062353596049327
2127	3.5062353596049327
2128	3.5062353596049327
2129	3.5062353596049327
2130	2.096642261649663
2131	2.096642261649663
2132	2.096642261649663
2133	2.096642261649663
2134	2.096642261649663
2135	2.096642261649663
2136	2.096642261649663
2137	2.6298456730668716
2138	2.6298456730668716
2139	2.6298456730668716
2140	2.6298456730668716
2141	2.6298456730668716
2142	2.6298456730668716
2143	2.6298456730668716
2144	3.310046715950584
2145	3.310046715950584
2146	3.310046715950584
2147	3.310046715950584
2148	3.310046715950584
2149	3.310046715950584
2150	3.310046715950584
2151	1.6635075330798705
2152	1.6635075330798705
2153	1.6635075330798705
2154	1.6635075330798705
2155	1.6635075330798705
2156	1.6635075330798705
2157	1.6635075330798705
2158	2.81062204348661
2159	2.81062204348661
2160	2.81062204348661
2161	2.81062204348661
2162	2.81062204348661
2163	2.81062204348661
2164	2.81062204348661
2165	2.8884754726060815
2166	2.8884754726060815
2167	2.8884754726060815
2168	2.8884754726060815
2169	2.8884754726060815
2170	2.8884754726060815
2171	2.8884754726060815
2172	2.4314675452923664
2173	2.4314675452923664
2174	2.4314675452923664
2175	2.4314675452923664
2176	2.4314675452923664
2177	2.4314675452923664
2178	2.4314675452923664
2179	2.5075816173630128
2180	2.5075816173630128
2181	2.5075816173630128
2182	2.5075816173630128
2183	2.5075816173630128
2184	2.5075816173630128
2185	2.5075816173630128
2186	2.512011470693494
2187	2.512011470693494
2188	2.512011470693494
2189	2.512011470693494
2190	2.512011470693494
2191	2.512011470693494
2192	2.512011470693494
2193	1.694730549164461
2194	1.694730549164461
2195	1.694730549164461
2196	1.694730549164461
2197	1.694730549164461
2198	1.694730549164461
2199	1.694730549164461
2200	3.3071794420647387
2201	3.3071794420647387
2202	3.3071794420647387
2203	3.3071794420647387
2204	3.3071794420647387
2205	3.3071794420647387
2206	3.3071794420647387
2207	2.0115847012985286
2208	2.0115847012985286
2209	2.0115847012985286
2210	2.0115847012985286
2211	2.0115847012985286
2212	2.0115847012985286
2213	2.0115847012985286
2214	2.777968536966108
2215	2.777968536966108
2216	2.777968536966108
2217	2.777968536966108
2218	2.777968536966108
2219	2.777968536966108
2220	2.777968536966108
2221	2.310354497366019
2222	2.310354497366019
2223	2.310354497366019
2224	2.310354497366019
2225	2.310354497366019
2226	2.310354497366019
2227	2.310354497366019
2228	2.924703716399452
2229	2.924703716399452
2230	2.924703716399452
2231	2.924703716399452
2232	2.924703716399452
2233	2.924703716399452
2234	2.924703716399452
2235	2.5194724003605606
2236	2.5194724003605606
2237	2.5194724003605606
2238	2.5194724003605606
2239	2.5194724003605606
2240	2.5194724003605606
2241	2.5194724003605606
2242	1.9578182068524996
2243	1.9578182068524996
2244	1.9578182068524996
2245	1.9578182068524996
2246	1.9578182068524996
2247	1.9578182068524996
2248	1.9578182068524996
2249	2.5998763525403694
2250	2.5998763525403694
2251	2.5998763525403694
2252	2.5998763525403694
2253	2.5998763525403694
2254	2.5998763525403694
2255	2.5998763525403694
2256	3.599677221389248
2257	3.599677221389248
2258	3.599677221389248
2259	3.599677221389248
2260	3.599677221389248
2261	3.599677221389248
2262	3.599677221389248
2263	3.134990701405911
2264	3.134990701405911
2265	3.134990701405911
2266	3.134990701405911
2267	3.134990701405911
2268	3.134990701405911
2269	3.134990701405911
2270	1.7929333724985166
2271	1.7929333724985166
2272	1.7929333724985166
2273	1.7929333724985166
2274	1.7929333724985166
2275	1.7929333724985166
2276	1.7929333724985166
2277	3.143108573737498
2278	3.143108573737498
2279	3.143108573737498
2280	3.143108573737498
2281	3.143108573737498
2282	3.143108573737498
2283	3.143108573737498
2284	3.459896108999514
2285	3.459896108999514
2286	3.459896108999514
2287	3.459896108999514
2288	2.690179830615639
2289	2.690179830615639
2290	2.690179830615639
2291	2.690179830615639
2292	2.690179830615639
2293	2.690179830615639
2294	2.690179830615639
2295	1.7942185415523932
2296	1.7942185415523932
2297	1.7942185415523932
2298	1.7942185415523932
2299	1.7942185415523932
2300	1.7942185415523932
2301	1.7942185415523932
2302	2.7782985466662167
2303	2.7782985466662167
2304	2.7782985466662167
2305	2.7782985466662167
2306	2.7782985466662167
2307	2.7782985466662167
2308	2.7782985466662167
2309	3.311910941455434
2310	3.311910941455434
2311	3.311910941455434
2312	3.311910941455434
2313	3.311910941455434
2314	3.311910941455434
2315	3.311910941455434
2316	2.087739704831222
2317	2.087739704831222
2318	2.087739704831222
2319	2.087739704831222
2320	2.087739704831222
2321	2.087739704831222
2322	2.087739704831222
2323	2.224455057340802
2324	2.224455057340802
2325	2.224455057340802
2326	2.224455057340802
2327	2.224455057340802
2328	2.224455057340802
2329	2.224455057340802
2330	3.5825447955240843
2331	3.5825447955240843
2332	3.5825447955240843
2333	3.5825447955240843
2334	3.5825447955240843
2335	3.5825447955240843
2336	3.5825447955240843
2337	3.165581194009219
2338	3.165581194009219
2339	3.165581194009219
2340	3.165581194009219
2341	3.165581194009219
2342	3.165581194009219
2343	3.165581194009219
2344	3.188968060087882
2345	3.188968060087882
2346	3.188968060087882
2347	3.188968060087882
2348	3.188968060087882
2349	3.188968060087882
2350	3.188968060087882
2351	3.287194212290686
2352	3.287194212290686
2353	3.287194212290686
2354	3.287194212290686
2355	3.287194212290686
2356	3.287194212290686
2357	3.287194212290686
2358	3.8
2359	3.8
2360	3.8
2361	3.8
2362	3.8
2363	3.8
2364	3.8
2365	2.0032629843853087
2366	2.0032629843853087
2367	2.0032629843853087
2368	2.0032629843853087
2369	2.0032629843853087
2370	2.0032629843853087
2371	2.0032629843853087
2372	2.90869267388554
2373	2.90869267388554
2374	2.90869267388554
2375	2.90869267388554
2376	2.90869267388554
2377	2.90869267388554
2378	2.90869267388554
2379	2.9434801447435044
2380	2.9434801447435044
2381	2.9434801447435044
2382	2.9434801447435044
2383	2.9434801447435044
2384	2.9434801447435044
2385	2.9434801447435044
2386	2.1610989672639986
2387	2.1610989672639986
2388	2.1610989672639986
2389	2.1610989672639986
2390	2.1610989672639986
2391	2.1610989672639986
2392	2.1610989672639986
2393	2.6966052687388538
2394	2.6966052687388538
2395	2.6966052687388538
2396	2.6966052687388538
2397	2.6966052687388538
2398	2.6966052687388538
2399	2.6966052687388538
2400	2.854441762538628
2401	2.854441762538628
2402	2.854441762538628
2403	2.854441762538628
2404	2.854441762538628
2405	2.854441762538628
2406	2.854441762538628
2407	3.8
2408	3.8
2409	3.8
2410	3.8
2411	3.8
2412	3.8
2413	3.8
2414	3.035491932160565
2415	3.035491932160565
2416	3.035491932160565
2417	3.035491932160565
2418	3.035491932160565
2419	3.035491932160565
2420	3.035491932160565
2421	3.322227378040784
2422	3.322227378040784
2423	3.322227378040784
2424	3.322227378040784
2425	3.322227378040784
2426	3.322227378040784
2427	3.322227378040784
2428	2.141545800409455
2429	2.141545800409455
2430	2.141545800409455
2431	2.141545800409455
2432	2.141545800409455
2433	2.141545800409455
2434	2.141545800409455
2435	3.8
2436	3.8
2437	3.8
2438	3.8
2439	3.8
2440	3.8
2441	3.8
2442	2.1470035829521428
2443	2.1470035829521428
2444	2.1470035829521428
2445	2.1470035829521428
2446	2.1470035829521428
2447	2.1470035829521428
2448	2.1470035829521428
2449	2.7640414443166077
2450	2.7640414443166077
2451	2.7640414443166077
2452	2.7640414443166077
2453	2.7640414443166077
2454	2.7640414443166077
2455	2.7640414443166077
2456	3.8
2457	3.8
2458	3.8
2459	3.8
2460	3.8
2461	3.8
2462	3.8
2463	3.0393223312542905
2464	3.0393223312542905
2465	3.0393223312542905
2466	3.0393223312542905
2467	3.0393223312542905
2468	3.0393223312542905
2469	3.0393223312542905
2470	3.2336320005452786
2471	3.2336320005452786
2472	3.2336320005452786
2473	3.2336320005452786
2474	3.2336320005452786
2475	3.2336320005452786
2476	3.2336320005452786
2477	3.3929705353790593
2478	3.3929705353790593
2479	3.3929705353790593
2480	3.3929705353790593
2481	3.3929705353790593
2482	3.3929705353790593
2483	3.3929705353790593
2484	2.3823304575053994
2485	2.3823304575053994
2486	2.3823304575053994
2487	2.3823304575053994
2488	2.3823304575053994
2489	2.3823304575053994
2490	2.3823304575053994
2491	2.584253550978242
2492	2.584253550978242
2493	2.584253550978242
2494	2.584253550978242
2495	2.584253550978242
2496	2.584253550978242
2497	2.584253550978242
2498	3.6957689503239917
2499	3.6957689503239917
2500	3.6957689503239917
2501	3.6957689503239917
2502	3.6957689503239917
2503	3.6957689503239917
2504	3.6957689503239917
2505	3.8
2506	3.8
2507	3.8
2508	3.8
2509	3.8
2510	3.8
2511	3.8
2512	3.3607459960006056
2513	3.3607459960006056
2514	3.3607459960006056
2515	3.3607459960006056
2516	3.3607459960006056
2517	3.3607459960006056
2518	3.3607459960006056
2519	3.2768814555249284
2520	3.2768814555249284
2521	3.2768814555249284
2522	3.2768814555249284
2523	3.2768814555249284
2524	3.2768814555249284
2525	3.2768814555249284
2526	3.0540881655141345
2527	3.0540881655141345
2528	3.0540881655141345
2529	3.0540881655141345
2530	3.0540881655141345
2531	3.0540881655141345
2532	3.0540881655141345
2533	3.3469275994611363
2534	3.3469275994611363
2535	3.3469275994611363
2536	3.3469275994611363
2537	3.3469275994611363
2538	3.3469275994611363
2539	3.3469275994611363
2540	3.8
2541	3.8
2542	3.8
2543	3.8
2544	3.8
2545	3.8
2546	3.8
2547	2.915400083064463
2548	2.915400083064463
2549	2.915400083064463
2550	2.915400083064463
2551	2.915400083064463
2552	2.915400083064463
2553	2.915400083064463
2554	3.8
2555	3.8
2556	3.8
2557	3.8
2558	3.8
2559	3.8
2560	3.8
2561	2.131377461563578
2562	2.131377461563578
2563	2.131377461563578
2564	2.131377461563578
2565	2.131377461563578
2566	2.131377461563578
2567	2.131377461563578
2568	2.544964677835699
2569	2.544964677835699
2570	2.544964677835699
2571	2.544964677835699
2572	2.544964677835699
2573	2.544964677835699
2574	2.544964677835699
2575	2.957743318713943
2576	2.957743318713943
2577	2.957743318713943
2578	2.957743318713943
2579	2.957743318713943
2580	2.957743318713943
2581	2.957743318713943
2582	2.4473260936459083
2583	2.4473260936459083
2584	2.4473260936459083
2585	2.4473260936459083
2586	2.4473260936459083
2587	2.4473260936459083
2588	2.4473260936459083
2589	2.6001156097966707
2590	2.6001156097966707
2591	2.6001156097966707
2592	2.6001156097966707
2593	2.6001156097966707
2594	2.6001156097966707
2595	2.6001156097966707
2596	2.8119233768725946
2597	2.8119233768725946
2598	2.8119233768725946
2599	2.8119233768725946
2600	2.8119233768725946
2601	2.8119233768725946
2602	2.8119233768725946
2603	3.7287636349464104
2604	3.7287636349464104
2605	3.7287636349464104
2606	3.7287636349464104
2607	3.7287636349464104
2608	3.7287636349464104
2609	3.7287636349464104
2610	2.883036109150941
2611	2.883036109150941
2612	2.883036109150941
2613	2.883036109150941
2614	2.883036109150941
2615	2.883036109150941
2616	2.883036109150941
2617	3.1817269925251703
2618	3.1817269925251703
2619	3.1817269925251703
2620	3.1817269925251703
2621	3.1817269925251703
2622	3.1817269925251703
2623	3.1817269925251703
2624	3.7848581867091258
2625	3.7848581867091258
2626	3.7848581867091258
2627	3.7848581867091258
2628	3.7848581867091258
2629	3.7848581867091258
2630	3.7848581867091258
2631	3.8
2632	3.8
2633	3.8
2634	3.8
2635	3.8
2636	3.8
2637	3.8
2638	2.966276865215358
2639	2.966276865215358
2640	2.966276865215358
2641	2.966276865215358
2642	2.966276865215358
2643	2.966276865215358
2644	2.966276865215358
2645	1.4199831080069403
2646	1.4199831080069403
2647	1.4199831080069403
2648	1.4199831080069403
2649	1.4199831080069403
2650	1.4199831080069403
2651	1.4199831080069403
2652	3.8
2653	3.8
2654	3.8
2655	3.8
2656	3.8
2657	3.8
2658	3.8
2659	3.0339380351343506
2660	3.0339380351343506
2661	3.0339380351343506
2662	3.0339380351343506
2663	3.0339380351343506
2664	3.0339380351343506
2665	3.0339380351343506
2666	3.8
2667	3.8
2668	3.8
2669	3.8
2670	3.8
2671	3.8
2672	3.8
2673	3.8
2674	3.8
2675	3.8
2676	3.8
2677	3.8
2678	3.8
2679	3.8
2680	3.186090681182736
2681	3.186090681182736
2682	3.186090681182736
2683	3.186090681182736
2684	3.186090681182736
2685	3.186090681182736
2686	3.186090681182736
2687	3.8
2688	3.8
2689	3.8
2690	3.8
2691	3.8
2692	3.8
2693	3.8
2694	3.324023846476551
2695	3.324023846476551
2696	3.324023846476551
2697	3.324023846476551
2698	3.324023846476551
2699	3.324023846476551
2700	3.324023846476551
2701	3.5789388338001333
2702	3.5789388338001333
2703	3.5789388338001333
2704	3.5789388338001333
2705	3.5789388338001333
2706	3.5789388338001333
2707	3.5789388338001333
2708	3.367184182038429
2709	3.367184182038429
2710	3.367184182038429
2711	3.367184182038429
2712	3.367184182038429
2713	3.367184182038429
2714	3.367184182038429
2715	2.983111952400171
2716	2.983111952400171
2717	2.983111952400171
2718	2.983111952400171
2719	2.983111952400171
2720	2.983111952400171
2721	2.983111952400171
2722	3.307364766990338
2723	3.307364766990338
2724	3.307364766990338
2725	3.307364766990338
2726	3.307364766990338
2727	3.307364766990338
2728	3.307364766990338
2729	3.8
2730	3.8
2731	3.8
2732	3.8
2733	3.8
2734	3.8
2735	3.8
2736	2.634145329383477
2737	2.634145329383477
2738	2.634145329383477
2739	2.634145329383477
2740	2.634145329383477
2741	2.634145329383477
2742	2.634145329383477
2743	2.0856096932308152
2744	2.0856096932308152
2745	2.0856096932308152
2746	2.0856096932308152
2747	2.0856096932308152
2748	2.0856096932308152
2749	2.0856096932308152
2750	3.2670992006326203
2751	3.2670992006326203
2752	3.2670992006326203
2753	3.2670992006326203
2754	3.2670992006326203
2755	3.2670992006326203
2756	3.2670992006326203
2757	3.2759013887783093
2758	3.2759013887783093
2759	3.2759013887783093
2760	3.2759013887783093
2761	3.2759013887783093
2762	3.2759013887783093
2763	3.2759013887783093
2764	3.033560617893557
2765	3.033560617893557
2766	3.033560617893557
2767	3.033560617893557
2768	3.033560617893557
2769	3.033560617893557
2770	3.033560617893557
2771	2.2669555911907198
2772	2.2669555911907198
2773	2.2669555911907198
2774	2.2669555911907198
2775	2.2669555911907198
2776	2.2669555911907198
2777	2.2669555911907198
2778	3.5069952840016114
2779	3.5069952840016114
2780	3.5069952840016114
2781	3.5069952840016114
2782	3.5069952840016114
2783	3.5069952840016114
2784	3.5069952840016114
2785	3.3553125277811002
2786	3.3553125277811002
2787	3.3553125277811002
2788	3.3553125277811002
2789	3.3553125277811002
2790	3.3553125277811002
2791	3.3553125277811002
2792	3.087599622942036
2793	3.087599622942036
2794	3.087599622942036
2795	3.087599622942036
2796	3.087599622942036
2797	3.087599622942036
2798	3.087599622942036
2799	2.9633846393978587
2800	2.9633846393978587
2801	2.9633846393978587
2802	2.9633846393978587
2803	2.9633846393978587
2804	2.9633846393978587
2805	2.9633846393978587
2806	3.8
2807	3.8
2808	3.8
2809	3.8
2810	3.8
2811	3.8
2812	3.8
2813	2.937413748743673
2814	2.937413748743673
2815	2.937413748743673
2816	2.937413748743673
