0	3.858119012277836
1	3.858119012277836
2	3.858119012277836
3	3.858119012277836
4	3.858119012277836
5	3.858119012277836
6	3.858119012277836
7	3.858119012277836
8	3.858119012277836
9	6.599142693012494
10	6.599142693012494
11	2.743929350006078
12	6.505473290587897
13	6.505473290587897
14	6.505473290587897
15	6.505473290587897
16	6.505473290587897
17	6.505473290587897
18	6.505473290587897
19	6.505473290587897
20	6.505473290587897
21	6.505473290587897
22	6.505473290587897
23	6.505473290587897
24	6.505473290587897
25	6.505473290587897
26	6.505473290587897
27	9.151553959032647
28	9.151553959032647
29	9.151553959032647
30	9.151553959032647
31	9.151553959032647
32	9.151553959032647
33	9.151553959032647
34	9.151553959032647
35	7.954810792585347
36	7.954810792585347
37	7.954810792585347
38	7.954810792585347
39	7.954810792585347
40	7.954810792585347
41	7.954810792585347
42	7.954810792585347
43	7.954810792585347
44	7.954810792585347
45	7.954810792585347
46	8.10417083207064
47	8.10417083207064
48	8.10417083207064
49	8.10417083207064
50	8.10417083207064
51	8.10417083207064
52	8.10417083207064
53	8.10417083207064
54	8.10417083207064
55	8.10417083207064
56	8.10417083207064
57	8.10417083207064
58	8.10417083207064
59	10.0
60	10.0
61	10.0
62	10.0
63	10.0
64	10.0
65	10.0
66	10.0
67	10.0
68	10.0
69	4.8268775988083235
70	4.8268775988083235
71	4.8268775988083235
72	4.8268775988083235
73	4.8268775988083235
74	7.43401478462057
75	7.43401478462057
76	7.43401478462057
77	7.43401478462057
78	7.43401478462057
79	7.43401478462057
80	7.43401478462057
81	7.43401478462057
82	7.43401478462057
83	7.43401478462057
84	7.43401478462057
85	7.43401478462057
86	7.43401478462057
87	7.43401478462057
88	7.43401478462057
89	7.43401478462057
90	10.0
91	10.0
92	10.0
93	10.0
94	10.0
95	10.0
96	10.0
97	10.0
98	10.0
99	10.0
100	7.968032739046782
101	7.864375603033921
102	7.864375603033921
103	7.864375603033921
104	7.864375603033921
105	7.864375603033921
106	7.864375603033921
107	8.215179965810066
108	8.215179965810066
109	8.215179965810066
110	8.215179965810066
111	8.215179965810066
112	8.215179965810066
113	8.215179965810066
114	8.215179965810066
115	10.0
116	8.126928845763864
117	8.604835256316996
118	8.604835256316996
119	7.601997413869999
120	7.601997413869999
121	7.455350715289857
122	7.455350715289857
123	7.455350715289857
124	7.455350715289857
125	7.0871095984208115
126	7.0871095984208115
127	7.0871095984208115
128	7.0871095984208115
129	7.0871095984208115
130	7.0871095984208115
131	7.0871095984208115
132	7.0871095984208115
133	7.0871095984208115
134	7.0871095984208115
135	7.0871095984208115
136	7.0871095984208115
137	7.0871095984208115
138	7.0871095984208115
139	7.0871095984208115
140	7.0871095984208115
141	7.0871095984208115
142	7.0871095984208115
143	10.0
144	10.0
145	10.0
146	10.0
147	6.240442262676476
148	6.240442262676476
149	6.240442262676476
150	6.240442262676476
151	6.240442262676476
152	6.240442262676476
153	9.002649271478473
154	9.002649271478473
155	9.002649271478473
156	9.002649271478473
157	9.002649271478473
158	9.002649271478473
159	9.002649271478473
160	9.002649271478473
161	9.002649271478473
162	9.002649271478473
163	9.002649271478473
164	9.002649271478473
165	9.002649271478473
166	9.002649271478473
167	9.002649271478473
168	4.743750881527113
169	4.743750881527113
170	4.743750881527113
171	4.743750881527113
172	5.206125870312588
173	5.206125870312588
174	5.206125870312588
175	5.206125870312588
176	5.206125870312588
177	5.206125870312588
178	5.206125870312588
179	5.206125870312588
180	5.206125870312588
181	5.206125870312588
182	5.206125870312588
183	5.206125870312588
184	4.169294044036928
185	4.169294044036928
186	4.169294044036928
187	4.999447536061043
188	5.252224883800445
189	5.252224883800445
190	5.252224883800445
191	5.252224883800445
192	5.252224883800445
193	5.252224883800445
194	5.252224883800445
195	5.252224883800445
196	5.252224883800445
197	5.252224883800445
198	5.252224883800445
199	8.351552723983637
200	8.351552723983637
201	8.351552723983637
202	8.351552723983637
203	4.309451434448585
204	4.309451434448585
205	4.309451434448585
206	4.309451434448585
207	4.309451434448585
208	4.309451434448585
209	4.309451434448585
210	4.309451434448585
211	4.309451434448585
212	4.309451434448585
213	4.309451434448585
214	4.309451434448585
215	4.309451434448585
216	4.309451434448585
217	4.309451434448585
218	4.309451434448585
219	4.309451434448585
220	4.309451434448585
221	4.309451434448585
222	4.309451434448585
223	4.309451434448585
224	4.309451434448585
225	3.82594293087039
226	3.82594293087039
227	7.703471826280422
228	7.703471826280422
229	1.6420017400848135
230	4.704591463901179
231	4.704591463901179
232	4.704591463901179
233	4.704591463901179
234	4.704591463901179
235	4.425424270845969
236	4.425424270845969
237	5.990181251148684
238	5.990181251148684
239	5.990181251148684
240	5.990181251148684
241	5.990181251148684
242	5.990181251148684
243	5.990181251148684
244	5.990181251148684
245	5.990181251148684
246	5.990181251148684
247	5.990181251148684
248	5.990181251148684
249	5.990181251148684
250	5.990181251148684
251	5.990181251148684
252	5.990181251148684
253	5.990181251148684
254	5.990181251148684
255	5.990181251148684
256	5.990181251148684
257	5.990181251148684
258	5.990181251148684
259	5.719439309878047
260	5.719439309878047
261	5.719439309878047
262	5.719439309878047
263	5.719439309878047
264	5.719439309878047
265	5.719439309878047
266	5.719439309878047
267	5.719439309878047
268	5.719439309878047
269	5.719439309878047
270	5.719439309878047
271	5.719439309878047
272	5.719439309878047
273	5.719439309878047
274	5.719439309878047
275	5.719439309878047
276	5.426913706527842
277	5.426913706527842
278	5.426913706527842
279	5.426913706527842
280	5.426913706527842
281	5.426913706527842
282	5.426913706527842
283	5.426913706527842
284	5.426913706527842
285	5.426913706527842
286	5.426913706527842
287	5.426913706527842
288	5.426913706527842
289	5.426913706527842
290	5.426913706527842
291	5.426913706527842
292	5.426913706527842
293	5.426913706527842
294	5.426913706527842
295	5.426913706527842
296	5.426913706527842
297	5.426913706527842
298	5.550381182359137
299	5.550381182359137
300	4.3618965127587455
301	4.3618965127587455
302	4.3618965127587455
303	4.3618965127587455
304	4.3618965127587455
305	2.771140203297376
306	2.771140203297376
307	1.8354424636554405
308	2.9853938192712146
309	2.5948726692504644
310	2.5948726692504644
311	2.6167300782867753
312	2.6167300782867753
313	2.6167300782867753
314	2.6167300782867753
315	2.6167300782867753
316	4.3663020349788955
317	4.3663020349788955
318	6.352082502067749
319	6.352082502067749
320	6.352082502067749
321	6.352082502067749
322	6.352082502067749
323	6.352082502067749
324	6.352082502067749
325	4.646712655712238
326	4.646712655712238
327	4.646712655712238
328	4.646712655712238
329	4.646712655712238
330	4.646712655712238
331	4.646712655712238
332	4.646712655712238
333	4.646712655712238
334	4.646712655712238
335	4.646712655712238
336	4.646712655712238
337	4.646712655712238
338	4.646712655712238
339	4.646712655712238
340	4.646712655712238
341	4.646712655712238
342	4.646712655712238
343	4.646712655712238
344	4.646712655712238
345	4.646712655712238
346	4.646712655712238
347	8.66573371197817
348	8.66573371197817
349	8.66573371197817
350	9.029089017139784
351	9.029089017139784
352	9.029089017139784
353	9.029089017139784
354	9.029089017139784
355	9.029089017139784
356	9.029089017139784
357	9.029089017139784
358	9.029089017139784
359	9.029089017139784
360	9.029089017139784
361	9.029089017139784
362	9.029089017139784
363	9.029089017139784
364	9.029089017139784
365	9.029089017139784
366	9.029089017139784
367	9.029089017139784
368	9.029089017139784
369	9.029089017139784
370	9.029089017139784
371	9.029089017139784
372	6.9278014552311475
373	6.9278014552311475
374	6.9278014552311475
375	6.9278014552311475
376	6.9278014552311475
377	6.9278014552311475
378	6.9278014552311475
379	6.9278014552311475
380	6.9278014552311475
381	6.9278014552311475
382	6.9278014552311475
383	6.9278014552311475
384	5.817935429773306
385	5.817935429773306
386	5.817935429773306
387	5.817935429773306
388	4.789779482804702
389	4.789779482804702
390	4.789779482804702
391	4.789779482804702
392	4.789779482804702
393	4.789779482804702
394	4.789779482804702
395	4.789779482804702
396	4.789779482804702
397	4.789779482804702
398	4.789779482804702
399	4.789779482804702
400	4.738148341857514
401	4.738148341857514
402	4.738148341857514
403	4.738148341857514
404	4.738148341857514
405	4.738148341857514
406	4.738148341857514
407	4.738148341857514
408	4.738148341857514
409	4.738148341857514
410	4.738148341857514
411	4.738148341857514
412	4.738148341857514
413	4.738148341857514
414	4.738148341857514
415	4.738148341857514
416	5.746733532641253
417	5.746733532641253
418	6.703443297114793
419	6.703443297114793
420	6.703443297114793
421	6.703443297114793
422	6.703443297114793
423	6.703443297114793
424	6.703443297114793
425	6.703443297114793
426	6.703443297114793
427	6.703443297114793
428	6.703443297114793
429	6.703443297114793
430	6.703443297114793
431	6.703443297114793
432	6.703443297114793
433	6.703443297114793
434	6.703443297114793
435	6.703443297114793
436	6.703443297114793
437	6.703443297114793
438	6.703443297114793
439	6.703443297114793
440	6.837190356233937
441	6.837190356233937
442	6.837190356233937
443	6.837190356233937
444	7.329411448734116
445	7.329411448734116
446	7.329411448734116
447	7.329411448734116
448	7.329411448734116
449	7.329411448734116
450	7.329411448734116
451	7.329411448734116
452	7.329411448734116
453	7.329411448734116
454	7.329411448734116
455	4.274947811603107
456	4.274947811603107
457	4.274947811603107
458	4.274947811603107
459	4.274947811603107
460	4.274947811603107
461	4.274947811603107
462	3.641529671760334
463	3.641529671760334
464	4.586896823428611
465	7.117639473190448
466	7.117639473190448
467	7.117639473190448
468	7.117639473190448
469	7.117639473190448
470	6.6666370126546255
471	6.6666370126546255
472	8.292743052233945
473	8.292743052233945
474	8.292743052233945
475	8.292743052233945
476	8.292743052233945
477	8.292743052233945
478	8.292743052233945
479	8.292743052233945
480	8.292743052233945
481	8.292743052233945
482	8.292743052233945
483	8.292743052233945
484	8.292743052233945
485	8.292743052233945
486	8.292743052233945
487	8.292743052233945
488	8.292743052233945
489	8.292743052233945
490	8.292743052233945
491	8.292743052233945
492	8.292743052233945
493	8.292743052233945
494	8.93418860960979
495	8.93418860960979
496	8.93418860960979
497	8.93418860960979
498	8.93418860960979
499	8.93418860960979
500	8.93418860960979
501	8.93418860960979
502	8.93418860960979
503	8.93418860960979
504	8.93418860960979
505	8.93418860960979
506	8.93418860960979
507	8.93418860960979
508	8.93418860960979
509	8.93418860960979
510	9.577811426022418
511	9.577811426022418
512	9.577811426022418
513	9.577811426022418
514	8.863393612103186
515	8.863393612103186
516	8.863393612103186
517	8.863393612103186
518	8.863393612103186
519	8.863393612103186
520	8.863393612103186
521	8.863393612103186
522	5.089083987723033
523	5.089083987723033
524	5.089083987723033
525	5.089083987723033
526	5.089083987723033
527	6.590123254861916
528	6.590123254861916
529	6.590123254861916
530	6.590123254861916
531	6.590123254861916
532	6.590123254861916
533	6.590123254861916
534	6.590123254861916
535	6.590123254861916
536	6.590123254861916
537	6.590123254861916
538	6.590123254861916
539	6.590123254861916
540	6.590123254861916
541	6.590123254861916
542	4.8500682242840885
543	4.8500682242840885
544	6.067280046710669
545	6.067280046710669
546	6.067280046710669
547	6.067280046710669
548	6.067280046710669
549	6.067280046710669
550	6.067280046710669
551	6.067280046710669
552	6.067280046710669
553	6.067280046710669
554	6.067280046710669
555	6.067280046710669
556	6.067280046710669
557	6.067280046710669
558	6.067280046710669
559	6.56219396641963
560	6.56219396641963
561	6.56219396641963
562	4.171722160537239
563	4.171722160537239
564	4.171722160537239
565	4.171722160537239
566	4.171722160537239
567	4.171722160537239
568	4.171722160537239
569	7.104359437179625
570	7.104359437179625
571	5.7297127098893945
572	5.7297127098893945
573	5.7297127098893945
574	5.7297127098893945
575	5.7297127098893945
576	5.7297127098893945
577	5.7297127098893945
578	5.7297127098893945
579	6.317600941645487
580	6.317600941645487
581	6.317600941645487
582	6.317600941645487
583	6.317600941645487
584	6.317600941645487
585	6.317600941645487
586	5.575830108965541
587	5.575830108965541
588	5.575830108965541
589	5.575830108965541
590	5.575830108965541
591	5.575830108965541
592	6.300838574814971
593	6.300838574814971
594	6.300838574814971
595	6.300838574814971
596	6.300838574814971
597	6.300838574814971
598	6.300838574814971
599	6.0057356998853155
600	6.0057356998853155
601	6.0057356998853155
602	6.0057356998853155
603	6.0057356998853155
604	6.0057356998853155
605	6.0057356998853155
606	6.0057356998853155
607	6.0057356998853155
608	6.0057356998853155
609	6.0057356998853155
610	6.0057356998853155
611	8.893603673032294
612	6.242411677705687
613	6.242411677705687
614	6.242411677705687
615	6.242411677705687
616	6.242411677705687
617	6.242411677705687
618	6.242411677705687
619	6.242411677705687
620	6.242411677705687
621	6.8298061293738375
622	6.8298061293738375
623	6.8298061293738375
624	6.8298061293738375
625	6.8298061293738375
626	6.8298061293738375
627	6.8298061293738375
628	6.8298061293738375
629	6.8298061293738375
630	6.8298061293738375
631	6.8298061293738375
632	6.8298061293738375
633	6.8298061293738375
634	8.099524176620756
635	8.099524176620756
636	8.099524176620756
637	6.8660663222780505
638	6.8660663222780505
639	6.8660663222780505
640	6.8660663222780505
641	6.8660663222780505
642	6.8660663222780505
643	6.8660663222780505
644	10.0
645	10.0
646	10.0
647	10.0
648	10.0
649	10.0
650	10.0
651	10.0
652	10.0
653	10.0
654	10.0
655	10.0
656	10.0
657	10.0
658	10.0
659	10.0
660	10.0
661	10.0
662	8.528870985997798
663	8.528870985997798
664	8.528870985997798
665	8.528870985997798
666	8.528870985997798
667	8.528870985997798
668	8.528870985997798
669	8.528870985997798
670	8.528870985997798
671	8.528870985997798
672	8.528870985997798
673	5.192755740196453
674	5.192755740196453
675	5.192755740196453
676	5.192755740196453
677	5.192755740196453
678	5.192755740196453
679	5.192755740196453
680	5.192755740196453
681	5.192755740196453
682	5.192755740196453
683	8.877301404581482
684	8.877301404581482
685	8.877301404581482
686	8.877301404581482
687	8.877301404581482
688	8.877301404581482
689	8.877301404581482
690	8.877301404581482
691	8.877301404581482
692	8.877301404581482
693	8.877301404581482
694	8.877301404581482
695	8.877301404581482
696	8.877301404581482
697	8.877301404581482
698	8.877301404581482
699	8.877301404581482
700	8.877301404581482
701	8.877301404581482
702	8.877301404581482
703	8.877301404581482
704	8.877301404581482
705	8.541166525688991
706	8.541166525688991
707	8.541166525688991
708	8.541166525688991
709	8.541166525688991
710	8.541166525688991
711	8.541166525688991
712	8.541166525688991
713	8.541166525688991
714	8.541166525688991
715	8.541166525688991
716	8.541166525688991
717	8.541166525688991
718	8.541166525688991
719	8.541166525688991
720	8.541166525688991
721	8.541166525688991
722	8.541166525688991
723	8.541166525688991
724	8.541166525688991
725	8.541166525688991
726	8.541166525688991
727	8.964380172122258
728	8.964380172122258
729	8.964380172122258
730	8.964380172122258
731	8.964380172122258
732	8.964380172122258
733	8.964380172122258
734	8.964380172122258
735	7.434997494088416
736	7.434997494088416
737	7.434997494088416
738	7.434997494088416
739	7.434997494088416
740	7.434997494088416
741	7.434997494088416
742	7.434997494088416
743	7.434997494088416
744	7.434997494088416
745	7.434997494088416
746	7.434997494088416
747	7.434997494088416
748	7.434997494088416
749	10.0
750	10.0
751	10.0
752	10.0
753	10.0
754	10.0
755	10.0
756	10.0
757	10.0
758	10.0
759	6.537602349894038
760	6.537602349894038
761	10.0
762	10.0
763	10.0
764	10.0
765	10.0
766	10.0
767	10.0
768	10.0
769	10.0
770	10.0
771	10.0
772	10.0
773	10.0
774	10.0
775	10.0
776	10.0
777	10.0
778	10.0
779	10.0
780	10.0
781	10.0
782	10.0
783	10.0
784	10.0
785	10.0
786	10.0
787	10.0
788	10.0
789	10.0
790	10.0
791	10.0
792	10.0
793	10.0
794	10.0
795	10.0
796	10.0
797	10.0
798	10.0
799	10.0
800	10.0
801	10.0
802	7.145309378942577
803	7.145309378942577
804	7.145309378942577
805	7.145309378942577
806	7.145309378942577
807	7.145309378942577
808	7.145309378942577
809	7.145309378942577
810	7.145309378942577
811	7.145309378942577
812	7.145309378942577
813	7.145309378942577
814	7.145309378942577
815	7.145309378942577
816	7.145309378942577
817	7.145309378942577
818	8.270076245388253
819	8.270076245388253
820	8.270076245388253
821	8.270076245388253
822	8.270076245388253
823	8.270076245388253
824	8.270076245388253
825	8.270076245388253
826	8.270076245388253
827	8.270076245388253
828	8.270076245388253
829	8.270076245388253
830	8.270076245388253
831	8.270076245388253
832	8.270076245388253
833	8.270076245388253
834	8.270076245388253
835	8.270076245388253
836	8.270076245388253
837	8.270076245388253
838	8.270076245388253
839	8.270076245388253
840	5.662567541555196
841	5.662567541555196
842	5.662567541555196
843	5.662567541555196
844	5.662567541555196
845	5.662567541555196
846	5.662567541555196
847	5.662567541555196
848	5.662567541555196
849	5.662567541555196
850	5.662567541555196
851	5.662567541555196
852	5.662567541555196
853	5.662567541555196
854	5.662567541555196
855	5.662567541555196
856	10.0
857	10.0
858	10.0
859	10.0
860	10.0
861	10.0
862	10.0
863	10.0
864	10.0
865	10.0
866	10.0
867	10.0
868	10.0
869	10.0
870	10.0
871	10.0
872	10.0
873	10.0
874	10.0
875	10.0
876	8.340515134463033
877	8.340515134463033
878	8.340515134463033
879	8.340515134463033
880	8.340515134463033
881	8.340515134463033
882	8.340515134463033
883	3.261288740267826
884	3.261288740267826
885	3.261288740267826
886	3.261288740267826
887	3.261288740267826
888	3.261288740267826
889	3.261288740267826
890	3.261288740267826
891	3.261288740267826
892	3.261288740267826
893	3.261288740267826
894	3.261288740267826
895	3.261288740267826
896	3.261288740267826
897	3.261288740267826
898	3.261288740267826
899	3.261288740267826
900	3.261288740267826
901	7.398563448746016
902	7.398563448746016
903	7.398563448746016
904	7.398563448746016
905	7.398563448746016
906	7.398563448746016
907	7.398563448746016
908	3.7325782914996646
909	3.7325782914996646
910	3.7325782914996646
911	3.7325782914996646
912	3.7325782914996646
913	4.809294763967862
914	8.981308560150001
915	8.981308560150001
916	8.981308560150001
917	8.981308560150001
918	8.981308560150001
919	8.981308560150001
920	8.981308560150001
921	8.981308560150001
922	8.981308560150001
923	8.981308560150001
924	8.981308560150001
925	8.981308560150001
926	8.981308560150001
927	8.981308560150001
928	8.981308560150001
929	8.981308560150001
930	8.981308560150001
931	8.981308560150001
932	8.981308560150001
933	8.981308560150001
934	8.981308560150001
935	8.981308560150001
936	9.907602640197874
937	9.907602640197874
938	9.001146282284862
939	9.001146282284862
940	9.001146282284862
941	9.001146282284862
942	9.001146282284862
943	9.001146282284862
944	9.001146282284862
945	9.001146282284862
946	9.001146282284862
947	9.001146282284862
948	9.001146282284862
949	8.224509742093634
950	8.224509742093634
951	8.224509742093634
952	8.224509742093634
953	8.224509742093634
954	8.224509742093634
955	8.224509742093634
956	8.224509742093634
957	8.224509742093634
958	8.224509742093634
959	8.224509742093634
960	4.399355237868885
961	4.399355237868885
962	4.399355237868885
963	9.862458582209632
964	9.862458582209632
965	9.862458582209632
966	9.862458582209632
967	9.862458582209632
968	9.862458582209632
969	9.862458582209632
970	9.862458582209632
971	9.862458582209632
972	9.862458582209632
973	9.862458582209632
974	9.862458582209632
975	9.862458582209632
976	9.862458582209632
977	9.862458582209632
978	9.862458582209632
979	9.862458582209632
980	9.862458582209632
981	9.862458582209632
982	9.862458582209632
983	10.0
984	8.897691601556204
985	7.317155944482869
986	7.317155944482869
987	7.317155944482869
988	7.317155944482869
989	7.317155944482869
990	7.317155944482869
991	7.317155944482869
992	7.317155944482869
993	6.985150933688894
994	6.985150933688894
995	6.985150933688894
996	6.985150933688894
997	6.985150933688894
998	6.985150933688894
999	6.985150933688894
1000	6.985150933688894
1001	6.985150933688894
1002	10.0
1003	10.0
1004	10.0
1005	10.0
1006	10.0
1007	7.509036956693017
1008	7.509036956693017
1009	7.509036956693017
1010	7.509036956693017
1011	7.509036956693017
1012	7.509036956693017
1013	7.509036956693017
1014	7.509036956693017
1015	7.509036956693017
1016	7.509036956693017
1017	7.509036956693017
1018	7.509036956693017
1019	7.509036956693017
1020	7.509036956693017
1021	7.509036956693017
1022	7.509036956693017
1023	7.509036956693017
1024	7.509036956693017
1025	7.509036956693017
1026	7.509036956693017
1027	7.509036956693017
1028	7.509036956693017
1029	6.390874435212671
1030	6.390874435212671
1031	3.4021780554541428
1032	3.4021780554541428
1033	3.4021780554541428
1034	3.4021780554541428
1035	3.6772801065755
1036	3.6772801065755
1037	3.6772801065755
1038	3.6772801065755
1039	3.6772801065755
1040	3.6772801065755
1041	3.6772801065755
1042	3.6772801065755
1043	3.6772801065755
1044	3.6772801065755
1045	3.6772801065755
1046	3.6772801065755
1047	3.6772801065755
1048	3.6772801065755
1049	3.6772801065755
1050	3.6772801065755
1051	1.5913390209135216
1052	1.5913390209135216
1053	1.5913390209135216
1054	1.5913390209135216
1055	1.1240478677843475
1056	1.1240478677843475
1057	1.1240478677843475
1058	1.1240478677843475
1059	1.1240478677843475
1060	1.1240478677843475
1061	3.2878864322137957
1062	3.2878864322137957
1063	3.2878864322137957
1064	3.2878864322137957
1065	1.136642982075782
1066	1.136642982075782
1067	1.136642982075782
1068	1.136642982075782
1069	1.136642982075782
1070	1.136642982075782
1071	1.136642982075782
1072	1.136642982075782
1073	1.136642982075782
