0	5.881682809637742
1	5.881682809637742
2	5.881682809637742
3	5.881682809637742
4	5.881682809637742
5	5.881682809637742
6	5.881682809637742
7	5.881682809637742
8	5.881682809637742
9	5.881682809637742
10	5.881682809637742
11	5.881682809637742
12	5.881682809637742
13	5.881682809637742
14	5.881682809637742
15	5.881682809637742
16	5.881682809637742
17	5.881682809637742
18	5.881682809637742
19	5.881682809637742
20	5.881682809637742
21	5.881682809637742
22	5.881682809637742
23	5.855433219611989
24	5.855433219611989
25	5.855433219611989
26	5.855433219611989
27	5.855433219611989
28	5.855433219611989
29	5.855433219611989
30	5.855433219611989
31	5.855433219611989
32	5.855433219611989
33	5.855433219611989
34	5.855433219611989
35	5.855433219611989
36	4.853171542742523
37	4.853171542742523
38	4.853171542742523
39	4.853171542742523
40	4.853171542742523
41	4.853171542742523
42	4.853171542742523
43	4.853171542742523
44	4.853171542742523
45	4.853171542742523
46	4.853171542742523
47	4.853171542742523
48	4.853171542742523
49	4.853171542742523
50	4.853171542742523
51	4.853171542742523
52	4.853171542742523
53	4.853171542742523
54	4.053173196095288
55	4.053173196095288
56	4.053173196095288
57	4.053173196095288
58	4.053173196095288
59	4.053173196095288
60	4.053173196095288
61	4.053173196095288
62	4.053173196095288
63	4.053173196095288
64	4.053173196095288
65	4.053173196095288
66	4.717632496947231
67	4.717632496947231
68	3.4755463433828226
69	3.4755463433828226
70	3.4755463433828226
71	3.4755463433828226
72	3.470335108755309
73	3.470335108755309
74	3.470335108755309
75	3.470335108755309
76	3.470335108755309
77	3.470335108755309
78	3.470335108755309
79	3.470335108755309
80	3.470335108755309
81	3.470335108755309
82	3.470335108755309
83	3.470335108755309
84	3.470335108755309
85	3.470335108755309
86	3.470335108755309
87	3.470335108755309
88	3.470335108755309
89	3.470335108755309
90	3.470335108755309
91	3.470335108755309
92	3.470335108755309
93	3.470335108755309
94	3.470335108755309
95	3.470335108755309
96	2.5228996250695905
97	2.5228996250695905
98	2.5228996250695905
99	2.5228996250695905
100	2.5228996250695905
101	2.5228996250695905
102	2.5228996250695905
103	2.5228996250695905
104	5.06249785057121
105	5.06249785057121
106	5.06249785057121
107	5.06249785057121
108	5.06249785057121
109	5.06249785057121
110	5.06249785057121
111	5.06249785057121
112	5.06249785057121
113	5.06249785057121
114	5.06249785057121
115	5.06249785057121
116	5.06249785057121
117	4.918903265186594
118	4.918903265186594
119	4.918903265186594
120	4.918903265186594
121	4.918903265186594
122	4.918903265186594
123	4.918903265186594
124	4.918903265186594
125	4.918903265186594
126	4.918903265186594
127	4.918903265186594
128	4.918903265186594
129	4.918903265186594
130	4.918903265186594
131	4.918903265186594
132	4.918903265186594
133	4.918903265186594
134	4.918903265186594
135	4.918903265186594
136	4.918903265186594
137	4.918903265186594
138	4.918903265186594
139	4.918903265186594
140	4.918903265186594
141	4.918903265186594
142	4.918903265186594
143	4.918903265186594
144	4.918903265186594
145	4.918903265186594
146	4.918903265186594
147	7.332295828687944
148	7.332295828687944
149	6.672183745247431
150	6.672183745247431
151	6.672183745247431
152	6.672183745247431
153	7.317499674408724
154	7.317499674408724
155	7.317499674408724
156	7.317499674408724
157	7.317499674408724
158	7.317499674408724
159	7.317499674408724
160	7.317499674408724
161	7.317499674408724
162	7.317499674408724
163	7.317499674408724
164	7.317499674408724
165	7.317499674408724
166	6.7210263896928994
167	6.7210263896928994
168	6.7210263896928994
169	6.7210263896928994
170	6.7210263896928994
171	6.7210263896928994
172	6.7210263896928994
173	6.85123069026387
174	6.85123069026387
175	6.85123069026387
176	6.85123069026387
177	6.85123069026387
178	6.85123069026387
179	6.85123069026387
180	6.85123069026387
181	5.7324039650207395
182	5.7324039650207395
183	5.7324039650207395
184	5.7324039650207395
185	5.7324039650207395
186	5.7324039650207395
187	5.7324039650207395
188	5.7324039650207395
189	5.7324039650207395
190	5.7324039650207395
191	5.7324039650207395
192	5.7324039650207395
193	5.7324039650207395
194	5.7324039650207395
195	5.7324039650207395
196	5.7324039650207395
197	5.7324039650207395
198	5.7324039650207395
199	5.7324039650207395
200	5.7324039650207395
201	5.7324039650207395
202	5.7324039650207395
203	5.7324039650207395
204	5.7324039650207395
205	5.7324039650207395
206	5.7324039650207395
207	5.7324039650207395
208	5.7324039650207395
209	5.7324039650207395
210	5.7324039650207395
211	5.7324039650207395
212	5.7324039650207395
213	5.7324039650207395
214	5.7324039650207395
215	6.641956535792983
216	6.641956535792983
217	6.641956535792983
218	6.641956535792983
219	6.641956535792983
220	6.641956535792983
221	6.641956535792983
222	6.641956535792983
223	6.641956535792983
224	6.641956535792983
225	6.641956535792983
226	6.641956535792983
227	6.641956535792983
228	6.641956535792983
229	6.641956535792983
230	6.641956535792983
231	6.641956535792983
232	6.641956535792983
233	6.641956535792983
234	6.641956535792983
235	6.641956535792983
236	6.641956535792983
237	6.641956535792983
238	6.641956535792983
239	6.641956535792983
240	6.641956535792983
241	6.641956535792983
242	6.641956535792983
243	6.641956535792983
244	6.641956535792983
245	6.641956535792983
246	6.5763617559396685
247	6.5763617559396685
248	6.5763617559396685
249	6.5763617559396685
250	6.5763617559396685
251	6.5763617559396685
252	6.5763617559396685
253	6.5763617559396685
254	6.5763617559396685
255	6.5763617559396685
256	6.5763617559396685
257	4.48793770764401
258	4.48793770764401
259	4.48793770764401
260	4.48793770764401
261	4.082077022223597
262	4.082077022223597
263	4.082077022223597
264	4.082077022223597
265	4.082077022223597
266	4.082077022223597
267	5.060301841257937
268	5.060301841257937
269	6.012783591530377
270	6.012783591530377
271	6.012783591530377
272	6.012783591530377
273	6.012783591530377
274	6.012783591530377
275	6.012783591530377
276	6.012783591530377
277	6.012783591530377
278	6.012783591530377
279	6.012783591530377
280	6.2026940418007745
281	6.2026940418007745
282	6.2026940418007745
283	6.2026940418007745
284	6.2026940418007745
285	6.2026940418007745
286	6.2026940418007745
287	6.317896930424497
288	6.317896930424497
289	8.251849376221042
290	8.251849376221042
291	8.251849376221042
292	8.251849376221042
293	8.251849376221042
294	8.251849376221042
295	8.251849376221042
296	8.251849376221042
297	8.251849376221042
298	8.251849376221042
299	8.251849376221042
300	8.251849376221042
301	8.251849376221042
302	8.251849376221042
303	8.251849376221042
304	8.251849376221042
305	8.251849376221042
306	8.251849376221042
307	8.251849376221042
308	8.251849376221042
309	8.251849376221042
310	8.251849376221042
311	8.251849376221042
312	8.251849376221042
313	8.251849376221042
314	8.251849376221042
315	8.251849376221042
316	8.251849376221042
317	8.251849376221042
318	8.251849376221042
319	8.251849376221042
320	8.251849376221042
321	6.979116882646411
322	6.979116882646411
323	6.979116882646411
324	6.979116882646411
325	6.979116882646411
326	8.229520340692023
327	8.229520340692023
328	8.229520340692023
329	8.229520340692023
330	8.229520340692023
331	8.229520340692023
332	7.37869523779863
333	7.073905984463474
334	7.073905984463474
335	7.073905984463474
336	7.073905984463474
337	7.073905984463474
338	7.073905984463474
339	7.073905984463474
340	7.073905984463474
341	7.073905984463474
342	7.073905984463474
343	7.073905984463474
344	7.073905984463474
345	7.073905984463474
346	7.073905984463474
347	7.073905984463474
348	7.073905984463474
349	7.073905984463474
350	7.073905984463474
351	7.073905984463474
352	7.073905984463474
353	7.073905984463474
354	7.073905984463474
355	7.84356321441003
356	7.84356321441003
357	7.84356321441003
358	7.84356321441003
359	7.84356321441003
360	7.84356321441003
361	7.84356321441003
362	7.84356321441003
363	7.84356321441003
364	7.84356321441003
365	7.84356321441003
366	7.84356321441003
367	7.84356321441003
368	7.84356321441003
369	7.84356321441003
370	7.84356321441003
371	7.84356321441003
372	7.84356321441003
373	7.84356321441003
374	7.84356321441003
375	7.84356321441003
376	7.84356321441003
377	7.84356321441003
378	7.84356321441003
379	7.84356321441003
380	7.84356321441003
381	7.84356321441003
382	7.84356321441003
383	7.84356321441003
384	7.84356321441003
385	7.84356321441003
386	7.84356321441003
387	7.84356321441003
388	7.84356321441003
389	7.84356321441003
390	7.84356321441003
391	7.84356321441003
392	7.84356321441003
393	7.84356321441003
394	7.84356321441003
395	7.84356321441003
396	7.84356321441003
397	7.84356321441003
398	7.84356321441003
399	7.84356321441003
400	7.84356321441003
401	7.84356321441003
402	7.84356321441003
403	7.84356321441003
404	7.84356321441003
405	7.84356321441003
406	7.84356321441003
407	7.84356321441003
408	6.694345141804769
409	6.694345141804769
410	6.694345141804769
411	6.694345141804769
412	6.694345141804769
413	6.694345141804769
414	6.694345141804769
415	6.694345141804769
416	6.694345141804769
417	6.694345141804769
418	6.694345141804769
419	6.694345141804769
420	6.694345141804769
421	6.694345141804769
422	6.694345141804769
423	6.694345141804769
424	6.694345141804769
425	6.694345141804769
426	6.694345141804769
427	6.533003063175764
428	5.248307749776941
429	5.248307749776941
430	5.248307749776941
431	5.248307749776941
432	5.248307749776941
433	5.248307749776941
434	5.248307749776941
435	5.248307749776941
436	5.248307749776941
437	5.248307749776941
438	5.248307749776941
439	5.248307749776941
440	5.248307749776941
441	5.248307749776941
442	5.248307749776941
443	5.248307749776941
444	5.248307749776941
445	5.248307749776941
446	5.248307749776941
447	5.248307749776941
448	5.248307749776941
449	5.248307749776941
450	5.248307749776941
451	5.248307749776941
452	5.248307749776941
453	5.248307749776941
454	5.248307749776941
455	5.248307749776941
456	5.248307749776941
457	5.248307749776941
458	5.248307749776941
459	5.248307749776941
460	5.248307749776941
461	5.248307749776941
462	5.248307749776941
463	5.248307749776941
464	5.248307749776941
465	5.417406572122176
466	5.417406572122176
467	5.417406572122176
468	5.417406572122176
469	5.417406572122176
470	5.417406572122176
471	5.417406572122176
472	5.417406572122176
473	5.417406572122176
474	4.831590876004877
475	4.831590876004877
476	4.831590876004877
477	4.831590876004877
478	4.831590876004877
479	4.831590876004877
480	4.831590876004877
481	4.831590876004877
482	4.831590876004877
483	4.831590876004877
484	4.831590876004877
485	4.831590876004877
486	4.831590876004877
487	4.831590876004877
488	4.831590876004877
489	4.831590876004877
490	4.831590876004877
491	4.831590876004877
492	4.831590876004877
493	4.142234414653191
494	4.142234414653191
495	4.142234414653191
496	4.142234414653191
497	4.518596800760065
498	4.518596800760065
499	4.518596800760065
500	4.518596800760065
501	4.518596800760065
502	4.518596800760065
503	4.518596800760065
504	4.518596800760065
505	4.4662498542071525
506	4.4662498542071525
507	4.4662498542071525
508	4.4662498542071525
509	4.4662498542071525
510	4.4662498542071525
511	4.4662498542071525
512	4.4662498542071525
513	4.4662498542071525
514	4.4662498542071525
515	4.4662498542071525
516	4.4662498542071525
517	4.4662498542071525
518	4.4662498542071525
519	4.4662498542071525
520	4.4662498542071525
521	4.4662498542071525
522	4.4662498542071525
523	5.015578999596968
524	5.015578999596968
525	5.015578999596968
526	5.015578999596968
527	5.015578999596968
528	5.015578999596968
529	5.015578999596968
530	5.015578999596968
531	5.015578999596968
532	5.015578999596968
533	5.015578999596968
534	5.015578999596968
535	5.015578999596968
536	5.015578999596968
537	5.015578999596968
538	5.015578999596968
539	5.015578999596968
540	5.015578999596968
541	5.015578999596968
542	5.015578999596968
543	5.015578999596968
544	5.015578999596968
545	5.015578999596968
546	5.015578999596968
547	5.19402308815131
548	5.19402308815131
549	5.19402308815131
550	5.19402308815131
551	5.19402308815131
552	5.19402308815131
553	5.19402308815131
554	5.19402308815131
555	5.19402308815131
556	5.19402308815131
557	5.19402308815131
558	5.19402308815131
559	5.19402308815131
560	5.19402308815131
561	5.19402308815131
562	4.824219602545632
563	4.824219602545632
564	4.824219602545632
565	4.824219602545632
566	4.824219602545632
567	4.824219602545632
568	4.824219602545632
569	4.824219602545632
570	4.824219602545632
571	4.824219602545632
572	4.824219602545632
573	4.824219602545632
574	4.824219602545632
575	4.824219602545632
576	4.824219602545632
577	4.824219602545632
578	4.824219602545632
579	4.487726298776035
580	4.487726298776035
581	4.487726298776035
582	5.749066927038691
583	5.749066927038691
584	5.749066927038691
585	5.749066927038691
586	5.749066927038691
587	5.749066927038691
588	5.749066927038691
589	5.749066927038691
590	5.749066927038691
591	5.749066927038691
592	5.749066927038691
593	5.749066927038691
594	5.749066927038691
595	5.749066927038691
596	5.749066927038691
597	5.749066927038691
598	5.749066927038691
599	6.414153091004108
600	6.414153091004108
601	4.558998029360672
602	4.558998029360672
603	4.558998029360672
604	4.558998029360672
605	4.558998029360672
606	4.558998029360672
607	4.558998029360672
608	4.558998029360672
609	4.558998029360672
610	4.558998029360672
611	5.634737372536296
612	5.634737372536296
613	5.634737372536296
614	5.634737372536296
615	5.634737372536296
616	5.634737372536296
617	5.634737372536296
618	5.634737372536296
619	5.634737372536296
620	6.645247993419769
621	6.645247993419769
622	6.645247993419769
623	6.645247993419769
624	6.645247993419769
625	6.645247993419769
626	6.645247993419769
627	6.645247993419769
628	5.552351477265657
629	4.794256126181436
630	4.794256126181436
631	4.794256126181436
632	4.794256126181436
633	4.794256126181436
634	4.794256126181436
635	4.794256126181436
636	4.794256126181436
637	4.794256126181436
638	4.794256126181436
639	4.794256126181436
640	4.794256126181436
641	4.794256126181436
642	4.794256126181436
643	4.794256126181436
644	4.794256126181436
645	4.794256126181436
646	4.794256126181436
647	4.794256126181436
648	4.794256126181436
649	4.794256126181436
650	4.794256126181436
651	3.1001103614305263
652	3.1001103614305263
653	3.1001103614305263
654	3.1001103614305263
655	3.2318905146807415
656	3.2318905146807415
657	3.2318905146807415
658	3.2318905146807415
659	3.2318905146807415
660	3.2318905146807415
661	3.2318905146807415
662	3.2318905146807415
663	3.2318905146807415
664	3.2318905146807415
665	3.2318905146807415
666	3.2318905146807415
667	3.2318905146807415
668	3.2318905146807415
669	3.2318905146807415
670	3.2318905146807415
671	3.2318905146807415
672	3.2318905146807415
673	2.228809066312621
674	2.228809066312621
675	2.228809066312621
676	2.228809066312621
677	2.228809066312621
678	2.228809066312621
679	2.228809066312621
680	2.228809066312621
681	2.228809066312621
682	2.228809066312621
683	2.228809066312621
684	2.228809066312621
685	2.228809066312621
686	2.228809066312621
687	2.228809066312621
688	2.228809066312621
689	2.228809066312621
690	2.627760336207632
691	2.627760336207632
692	2.627760336207632
693	2.627760336207632
694	2.627760336207632
695	2.627760336207632
696	2.627760336207632
697	2.627760336207632
698	2.627760336207632
699	2.627760336207632
700	2.627760336207632
701	2.627760336207632
702	4.166427494662381
703	4.166427494662381
704	4.166427494662381
705	4.166427494662381
706	4.166427494662381
707	4.166427494662381
708	4.166427494662381
709	4.166427494662381
710	4.3678433532370065
711	4.3678433532370065
712	4.3678433532370065
713	4.3678433532370065
714	4.3678433532370065
715	4.3678433532370065
716	4.3678433532370065
717	4.3678433532370065
718	4.3678433532370065
719	4.3678433532370065
720	4.3678433532370065
721	4.3678433532370065
722	4.3678433532370065
723	3.2938630090338763
724	3.2938630090338763
725	3.2938630090338763
726	3.2938630090338763
727	3.2938630090338763
728	3.2938630090338763
729	3.2938630090338763
730	3.2938630090338763
731	3.2938630090338763
732	3.2938630090338763
733	3.2938630090338763
734	3.2938630090338763
735	3.2938630090338763
736	3.2938630090338763
737	3.2938630090338763
738	3.2938630090338763
739	3.2938630090338763
740	4.908424117882731
741	4.908424117882731
742	4.908424117882731
743	4.908424117882731
744	4.908424117882731
745	4.908424117882731
746	4.908424117882731
747	4.908424117882731
748	6.213065965228866
749	6.213065965228866
750	6.213065965228866
751	5.233274423072013
752	5.233274423072013
753	5.233274423072013
754	5.233274423072013
755	5.233274423072013
756	6.229916134645649
757	6.229916134645649
758	6.229916134645649
759	6.229916134645649
760	6.229916134645649
761	6.229916134645649
762	6.229916134645649
763	6.229916134645649
764	6.229916134645649
765	6.229916134645649
766	6.229916134645649
767	6.229916134645649
768	6.229916134645649
769	6.229916134645649
770	6.229916134645649
771	6.229916134645649
772	6.229916134645649
773	6.229916134645649
774	6.229916134645649
775	6.076458840315799
776	6.076458840315799
777	6.076458840315799
778	6.076458840315799
779	6.076458840315799
780	6.076458840315799
781	7.0619758585971235
782	7.0619758585971235
783	6.209248396665322
784	6.209248396665322
785	6.209248396665322
786	6.209248396665322
787	6.209248396665322
788	6.209248396665322
789	6.209248396665322
790	6.209248396665322
791	7.02040332146629
792	7.02040332146629
793	7.02040332146629
794	7.238325112344168
795	7.238325112344168
796	7.238325112344168
797	7.238325112344168
798	7.238325112344168
799	7.238325112344168
800	7.238325112344168
801	7.238325112344168
802	7.238325112344168
803	7.238325112344168
804	7.238325112344168
805	7.238325112344168
806	7.238325112344168
807	7.238325112344168
808	7.806918856570487
809	7.806918856570487
810	7.806918856570487
811	7.806918856570487
812	7.806918856570487
813	7.806918856570487
814	7.806918856570487
815	7.806918856570487
816	7.806918856570487
817	7.806918856570487
818	7.806918856570487
819	7.806918856570487
820	7.806918856570487
821	7.806918856570487
822	7.806918856570487
823	7.806918856570487
824	7.806918856570487
825	7.806918856570487
826	7.806918856570487
827	7.806918856570487
828	7.806918856570487
829	7.806918856570487
830	7.806918856570487
831	7.806918856570487
832	7.806918856570487
833	7.806918856570487
834	7.806918856570487
835	7.806918856570487
836	7.806918856570487
837	7.806918856570487
838	7.806918856570487
839	7.806918856570487
840	8.040469041380142
841	8.040469041380142
842	8.040469041380142
843	8.040469041380142
844	8.040469041380142
845	8.040469041380142
846	8.040469041380142
847	8.040469041380142
848	8.040469041380142
849	8.040469041380142
850	8.040469041380142
851	8.040469041380142
852	8.040469041380142
853	7.436711603107844
854	7.436711603107844
855	7.436711603107844
856	7.436711603107844
857	7.436711603107844
858	5.714095824153084
859	5.714095824153084
860	5.714095824153084
861	4.636271920273097
862	4.636271920273097
863	4.636271920273097
864	4.636271920273097
865	4.636271920273097
866	5.795462302043864
867	5.795462302043864
868	5.795462302043864
869	5.795462302043864
870	5.795462302043864
871	5.795462302043864
872	5.795462302043864
873	5.795462302043864
874	5.795462302043864
875	5.795462302043864
876	6.078279443482476
877	6.078279443482476
878	6.078279443482476
879	6.078279443482476
880	6.078279443482476
881	6.078279443482476
882	6.078279443482476
883	6.078279443482476
884	6.078279443482476
885	6.078279443482476
886	6.078279443482476
887	6.078279443482476
888	6.078279443482476
889	6.078279443482476
890	6.078279443482476
891	6.078279443482476
892	6.078279443482476
893	6.078279443482476
894	6.078279443482476
895	6.078279443482476
896	6.078279443482476
897	6.078279443482476
898	6.078279443482476
899	6.078279443482476
900	6.078279443482476
901	6.078279443482476
902	6.078279443482476
903	6.078279443482476
904	6.078279443482476
905	6.078279443482476
906	6.078279443482476
907	6.078279443482476
908	5.012038028535244
909	5.012038028535244
910	5.5229138829760505
911	5.5229138829760505
912	5.5229138829760505
913	5.5229138829760505
914	5.5229138829760505
915	5.5229138829760505
916	5.5229138829760505
917	5.5229138829760505
918	5.5229138829760505
919	5.5229138829760505
920	5.5229138829760505
921	5.5229138829760505
922	5.5229138829760505
923	5.5229138829760505
924	5.5229138829760505
925	5.5229138829760505
926	5.5229138829760505
927	5.5229138829760505
928	5.5229138829760505
929	5.5229138829760505
930	5.5229138829760505
931	5.5229138829760505
932	5.5229138829760505
933	5.5229138829760505
934	5.223249234448548
935	5.223249234448548
936	5.223249234448548
937	5.223249234448548
938	5.223249234448548
939	5.223249234448548
940	5.223249234448548
941	5.223249234448548
942	5.223249234448548
943	5.223249234448548
944	5.880463258760502
945	5.880463258760502
946	5.880463258760502
947	5.880463258760502
948	5.880463258760502
949	5.880463258760502
950	5.880463258760502
951	5.880463258760502
952	5.880463258760502
953	5.880463258760502
954	5.880463258760502
955	5.880463258760502
956	5.880463258760502
957	5.880463258760502
958	5.880463258760502
959	5.880463258760502
960	5.880463258760502
961	7.636831868162805
962	7.636831868162805
963	7.636831868162805
964	7.636831868162805
965	7.636831868162805
966	7.636831868162805
967	7.636831868162805
968	7.636831868162805
969	7.636831868162805
970	7.636831868162805
971	7.636831868162805
972	7.636831868162805
973	7.636831868162805
974	7.636831868162805
975	7.636831868162805
976	7.636831868162805
977	7.636831868162805
978	7.636831868162805
979	7.636831868162805
980	7.636831868162805
981	7.636831868162805
982	7.636831868162805
983	7.636831868162805
984	7.636831868162805
985	7.636831868162805
986	7.636831868162805
987	7.636831868162805
988	7.636831868162805
989	7.636831868162805
990	7.636831868162805
991	7.636831868162805
992	7.636831868162805
993	7.636831868162805
994	7.636831868162805
995	7.636831868162805
996	7.636831868162805
997	7.636831868162805
998	7.636831868162805
999	7.636831868162805
1000	7.636831868162805
1001	7.636831868162805
1002	7.636831868162805
1003	7.636831868162805
1004	7.636831868162805
1005	7.636831868162805
1006	7.636831868162805
1007	7.636831868162805
1008	7.636831868162805
1009	7.636831868162805
1010	7.636831868162805
1011	7.636831868162805
1012	7.636831868162805
1013	7.636831868162805
1014	7.636831868162805
1015	7.636831868162805
1016	7.636831868162805
1017	7.636831868162805
1018	7.636831868162805
1019	7.636831868162805
1020	7.636831868162805
1021	7.636831868162805
1022	7.636831868162805
1023	7.636831868162805
1024	7.636831868162805
1025	7.636831868162805
1026	7.376250353003456
1027	7.376250353003456
1028	7.376250353003456
1029	7.376250353003456
1030	7.376250353003456
1031	7.376250353003456
1032	7.376250353003456
1033	7.376250353003456
1034	7.376250353003456
1035	7.376250353003456
1036	7.376250353003456
1037	7.376250353003456
1038	7.376250353003456
1039	7.376250353003456
1040	7.376250353003456
1041	7.376250353003456
1042	7.376250353003456
1043	7.376250353003456
1044	7.376250353003456
1045	7.376250353003456
1046	7.376250353003456
1047	7.376250353003456
1048	7.376250353003456
1049	7.376250353003456
1050	7.376250353003456
1051	7.376250353003456
1052	7.376250353003456
1053	7.376250353003456
1054	7.376250353003456
1055	7.376250353003456
1056	7.376250353003456
1057	7.376250353003456
1058	7.376250353003456
1059	7.252192939987032
1060	7.263551369268288
1061	7.263551369268288
1062	7.263551369268288
1063	7.263551369268288
1064	7.263551369268288
1065	7.263551369268288
1066	7.263551369268288
1067	7.263551369268288
1068	7.263551369268288
1069	7.263551369268288
1070	7.263551369268288
1071	7.263551369268288
1072	7.263551369268288
1073	6.72984138949878
1074	6.72984138949878
1075	6.72984138949878
1076	6.72984138949878
1077	6.72984138949878
1078	6.72984138949878
1079	6.72984138949878
1080	6.72984138949878
1081	6.72984138949878
1082	6.72984138949878
1083	6.72984138949878
1084	5.692227864976871
1085	5.692227864976871
1086	5.692227864976871
1087	5.692227864976871
1088	3.9220696300468147
1089	3.9220696300468147
1090	3.9220696300468147
1091	3.9220696300468147
1092	3.9220696300468147
1093	3.9220696300468147
1094	3.9220696300468147
1095	3.9220696300468147
1096	3.9220696300468147
1097	2.9659283880493947
1098	2.9659283880493947
1099	2.9659283880493947
1100	2.9659283880493947
1101	2.9659283880493947
1102	2.9659283880493947
1103	2.9659283880493947
1104	2.9659283880493947
1105	2.9659283880493947
1106	2.9659283880493947
1107	3.3623204116191463
1108	3.3623204116191463
1109	3.8228542597546844
1110	3.8228542597546844
1111	3.8228542597546844
1112	3.8228542597546844
1113	3.8228542597546844
1114	3.8228542597546844
1115	3.8228542597546844
1116	3.8228542597546844
1117	3.8228542597546844
1118	3.8228542597546844
1119	3.8228542597546844
1120	3.8228542597546844
1121	4.140540764043474
1122	4.140540764043474
1123	4.140540764043474
1124	4.140540764043474
1125	4.140540764043474
1126	4.140540764043474
1127	4.140540764043474
1128	4.140540764043474
1129	4.140540764043474
1130	4.140540764043474
1131	4.140540764043474
1132	4.140540764043474
1133	4.140540764043474
1134	4.140540764043474
1135	4.140540764043474
1136	4.140540764043474
1137	4.140540764043474
1138	3.535609578727348
1139	3.535609578727348
1140	3.2079860461707024
1141	3.2079860461707024
1142	3.2079860461707024
1143	3.2079860461707024
1144	3.2079860461707024
1145	3.2079860461707024
1146	3.2079860461707024
1147	3.2079860461707024
1148	3.2079860461707024
1149	3.2079860461707024
1150	3.2079860461707024
1151	3.2079860461707024
1152	3.2079860461707024
1153	3.2079860461707024
1154	3.2079860461707024
1155	3.2079860461707024
1156	3.2079860461707024
1157	3.2079860461707024
1158	3.2079860461707024
1159	3.2079860461707024
1160	3.2079860461707024
1161	3.2079860461707024
1162	3.2079860461707024
1163	3.2079860461707024
1164	3.2079860461707024
1165	3.2079860461707024
1166	3.2079860461707024
1167	3.2079860461707024
1168	3.2079860461707024
1169	3.2079860461707024
1170	3.2079860461707024
1171	3.550043188793058
1172	3.550043188793058
1173	3.550043188793058
1174	3.550043188793058
1175	3.550043188793058
1176	3.550043188793058
1177	3.550043188793058
1178	2.5620225158082905
1179	2.5620225158082905
1180	2.5620225158082905
1181	2.5620225158082905
1182	2.5620225158082905
1183	2.5620225158082905
1184	2.5620225158082905
1185	2.5620225158082905
1186	2.5620225158082905
1187	2.5620225158082905
1188	2.5620225158082905
1189	2.5620225158082905
1190	2.754191376483584
1191	2.754191376483584
1192	2.754191376483584
1193	2.754191376483584
1194	2.754191376483584
1195	2.754191376483584
1196	2.754191376483584
1197	3.2925135426043455
1198	3.2925135426043455
1199	3.2925135426043455
1200	3.2925135426043455
1201	3.2925135426043455
1202	3.2925135426043455
1203	3.2925135426043455
1204	3.2925135426043455
1205	2.9372230551240324
1206	2.9372230551240324
1207	2.9372230551240324
1208	2.9372230551240324
1209	3.6627828912714793
1210	3.6627828912714793
1211	3.6627828912714793
1212	3.6627828912714793
1213	3.6627828912714793
1214	3.6627828912714793
1215	3.6627828912714793
1216	3.4472402744027675
1217	3.4472402744027675
1218	3.4472402744027675
1219	3.4472402744027675
1220	3.4472402744027675
1221	3.4472402744027675
1222	3.4472402744027675
1223	3.4472402744027675
1224	3.4472402744027675
1225	3.4472402744027675
1226	3.4472402744027675
1227	3.4472402744027675
1228	3.4472402744027675
1229	3.4472402744027675
1230	3.4472402744027675
1231	3.4472402744027675
1232	3.4472402744027675
1233	3.4472402744027675
1234	3.4472402744027675
1235	3.4472402744027675
1236	3.4472402744027675
1237	3.4472402744027675
1238	3.4472402744027675
1239	3.4472402744027675
1240	3.4472402744027675
1241	3.4472402744027675
1242	3.4472402744027675
1243	3.4472402744027675
1244	3.4472402744027675
1245	3.4472402744027675
1246	3.4472402744027675
1247	3.4472402744027675
1248	3.4472402744027675
1249	2.4793121836320586
1250	2.4793121836320586
1251	2.4793121836320586
1252	2.4793121836320586
1253	2.4793121836320586
1254	2.4793121836320586
1255	2.4793121836320586
1256	2.4793121836320586
1257	2.4793121836320586
1258	2.4793121836320586
1259	2.4793121836320586
1260	2.4793121836320586
1261	2.4793121836320586
1262	2.4793121836320586
1263	2.4793121836320586
1264	2.4793121836320586
1265	2.4793121836320586
1266	2.4793121836320586
1267	2.4793121836320586
1268	2.4793121836320586
1269	2.4793121836320586
1270	2.9775285556888638
1271	2.9775285556888638
1272	2.9775285556888638
1273	2.9775285556888638
1274	2.9775285556888638
1275	2.6519966881520975
1276	2.6519966881520975
1277	2.6519966881520975
1278	2.6519966881520975
1279	2.6519966881520975
1280	2.6519966881520975
1281	2.6519966881520975
1282	2.6519966881520975
1283	2.6519966881520975
1284	2.6519966881520975
1285	2.6519966881520975
1286	2.6519966881520975
1287	2.6519966881520975
1288	2.6519966881520975
1289	2.6519966881520975
1290	2.6519966881520975
1291	2.6519966881520975
1292	2.6519966881520975
1293	2.6519966881520975
1294	2.6519966881520975
1295	2.6519966881520975
1296	3.012802001892486
1297	3.012802001892486
1298	3.012802001892486
1299	3.012802001892486
1300	3.012802001892486
1301	3.012802001892486
1302	3.012802001892486
1303	3.012802001892486
1304	3.012802001892486
1305	3.012802001892486
1306	3.012802001892486
1307	3.435265997587178
1308	3.435265997587178
1309	3.435265997587178
1310	3.435265997587178
1311	3.435265997587178
1312	3.435265997587178
1313	3.706637535857667
1314	3.706637535857667
1315	3.706637535857667
1316	3.706637535857667
1317	3.706637535857667
1318	3.706637535857667
1319	3.706637535857667
1320	3.706637535857667
1321	3.706637535857667
1322	3.706637535857667
1323	3.706637535857667
1324	3.706637535857667
1325	3.706637535857667
1326	3.706637535857667
1327	3.706637535857667
1328	3.706637535857667
1329	3.706637535857667
1330	3.706637535857667
1331	3.706637535857667
1332	3.706637535857667
1333	3.706637535857667
1334	3.706637535857667
1335	3.706637535857667
1336	3.706637535857667
1337	3.706637535857667
1338	4.452457861877717
1339	4.452457861877717
1340	4.452457861877717
1341	4.452457861877717
1342	4.452457861877717
1343	4.452457861877717
1344	4.452457861877717
1345	4.452457861877717
1346	4.452457861877717
1347	4.452457861877717
1348	4.452457861877717
1349	4.452457861877717
1350	4.776685423375448
1351	4.776685423375448
1352	4.776685423375448
1353	4.776685423375448
1354	4.776685423375448
1355	4.776685423375448
1356	4.776685423375448
1357	4.776685423375448
1358	4.776685423375448
1359	4.776685423375448
1360	3.8260878004417154
1361	3.8260878004417154
1362	3.8260878004417154
1363	3.8260878004417154
1364	3.8260878004417154
1365	4.389422020774419
1366	4.389422020774419
1367	4.389422020774419
1368	4.389422020774419
1369	4.389422020774419
1370	4.389422020774419
1371	4.389422020774419
1372	4.389422020774419
1373	4.389422020774419
1374	4.389422020774419
1375	4.389422020774419
1376	4.389422020774419
1377	4.389422020774419
1378	4.389422020774419
1379	4.389422020774419
1380	4.389422020774419
1381	4.389422020774419
1382	4.389422020774419
1383	4.389422020774419
1384	4.389422020774419
1385	3.6192562983872385
1386	3.6192562983872385
1387	3.6192562983872385
1388	3.6192562983872385
1389	3.6192562983872385
1390	3.6192562983872385
1391	3.6192562983872385
1392	3.6192562983872385
1393	3.4699896315004746
1394	3.4699896315004746
1395	3.4699896315004746
1396	3.4699896315004746
1397	3.4699896315004746
1398	3.4699896315004746
1399	3.4699896315004746
1400	3.4699896315004746
1401	3.4699896315004746
1402	3.4699896315004746
1403	3.4699896315004746
1404	3.4699896315004746
1405	3.4699896315004746
1406	3.4699896315004746
1407	3.4699896315004746
1408	3.4699896315004746
1409	3.4699896315004746
1410	3.4699896315004746
1411	3.4699896315004746
1412	3.4699896315004746
1413	3.4699896315004746
1414	3.4699896315004746
1415	3.4699896315004746
1416	3.4699896315004746
1417	3.4699896315004746
1418	3.4699896315004746
1419	3.4699896315004746
1420	3.4699896315004746
1421	3.4699896315004746
1422	3.4699896315004746
1423	3.4699896315004746
1424	3.4699896315004746
1425	3.4699896315004746
1426	3.4699896315004746
1427	2.9733489364878265
1428	2.9733489364878265
1429	2.9733489364878265
1430	2.9733489364878265
1431	2.9733489364878265
1432	2.9733489364878265
1433	2.9733489364878265
1434	2.9733489364878265
1435	3.7525440707916906
1436	3.7525440707916906
1437	3.7525440707916906
1438	3.7525440707916906
1439	3.7525440707916906
1440	3.7525440707916906
1441	3.7525440707916906
1442	4.599898390986464
1443	4.599898390986464
1444	4.599898390986464
1445	4.599898390986464
1446	4.599898390986464
1447	4.599898390986464
1448	4.599898390986464
1449	4.599898390986464
1450	4.599898390986464
1451	4.599898390986464
1452	4.599898390986464
1453	4.599898390986464
1454	4.599898390986464
1455	4.599898390986464
1456	4.599898390986464
1457	4.599898390986464
1458	4.599898390986464
1459	4.599898390986464
1460	4.599898390986464
1461	4.599898390986464
1462	4.599898390986464
1463	4.599898390986464
1464	4.599898390986464
1465	4.599898390986464
1466	3.703939416871711
1467	3.703939416871711
1468	5.579682136782842
1469	5.579682136782842
1470	5.579682136782842
1471	5.579682136782842
1472	5.579682136782842
1473	5.579682136782842
1474	5.579682136782842
1475	5.579682136782842
1476	5.579682136782842
1477	5.579682136782842
1478	5.579682136782842
1479	4.204321062273569
1480	4.204321062273569
1481	4.204321062273569
1482	4.204321062273569
1483	4.204321062273569
1484	4.204321062273569
1485	3.9864089457565552
1486	3.9864089457565552
1487	3.9864089457565552
1488	3.9864089457565552
1489	3.9864089457565552
1490	3.9864089457565552
1491	3.9864089457565552
1492	3.9864089457565552
1493	3.9864089457565552
1494	3.9864089457565552
1495	3.9864089457565552
1496	3.9864089457565552
1497	3.9864089457565552
1498	3.9864089457565552
1499	3.9864089457565552
1500	3.9864089457565552
1501	3.9864089457565552
1502	3.9864089457565552
1503	3.3603756002889487
1504	3.3603756002889487
1505	3.3603756002889487
1506	3.3603756002889487
1507	3.3603756002889487
1508	3.3603756002889487
1509	3.3603756002889487
1510	3.3603756002889487
1511	3.3603756002889487
1512	3.3603756002889487
1513	3.3603756002889487
1514	3.3603756002889487
1515	3.3603756002889487
1516	3.3603756002889487
1517	3.3603756002889487
1518	3.3603756002889487
1519	3.3603756002889487
1520	3.3603756002889487
1521	3.3603756002889487
1522	3.3603756002889487
1523	3.3603756002889487
1524	3.3603756002889487
1525	3.3603756002889487
1526	3.3603756002889487
1527	3.3603756002889487
1528	3.3603756002889487
1529	3.3603756002889487
1530	3.3603756002889487
1531	3.3603756002889487
1532	3.3603756002889487
1533	3.3603756002889487
1534	3.3603756002889487
1535	3.3603756002889487
1536	3.3603756002889487
1537	3.3603756002889487
1538	3.3603756002889487
1539	3.3603756002889487
1540	3.3603756002889487
1541	3.3603756002889487
1542	3.3603756002889487
1543	3.3603756002889487
1544	3.3603756002889487
1545	3.3603756002889487
1546	3.3603756002889487
1547	3.3603756002889487
1548	3.3603756002889487
1549	3.3603756002889487
1550	3.3603756002889487
1551	3.3603756002889487
1552	3.3603756002889487
1553	3.3603756002889487
1554	3.3603756002889487
1555	3.3603756002889487
1556	3.3603756002889487
1557	3.7267959177323466
1558	3.7267959177323466
1559	4.292530931741924
1560	4.292530931741924
1561	4.292530931741924
1562	4.292530931741924
1563	4.292530931741924
1564	4.292530931741924
1565	3.3804464082559837
1566	3.3804464082559837
1567	3.3804464082559837
1568	3.3804464082559837
1569	3.226956179423466
1570	3.226956179423466
1571	3.226956179423466
1572	3.226956179423466
1573	3.226956179423466
1574	3.226956179423466
1575	3.226956179423466
1576	3.226956179423466
1577	3.226956179423466
1578	3.226956179423466
1579	3.226956179423466
1580	3.226956179423466
1581	3.226956179423466
1582	3.226956179423466
1583	3.226956179423466
1584	3.226956179423466
1585	3.226956179423466
1586	3.226956179423466
1587	3.226956179423466
1588	3.226956179423466
1589	3.226956179423466
1590	3.226956179423466
1591	3.226956179423466
1592	3.226956179423466
1593	3.226956179423466
1594	3.226956179423466
1595	3.226956179423466
1596	3.226956179423466
1597	3.226956179423466
1598	3.226956179423466
1599	3.226956179423466
1600	3.226956179423466
1601	3.226956179423466
1602	3.226956179423466
1603	3.226956179423466
1604	3.226956179423466
1605	3.226956179423466
1606	3.226956179423466
1607	3.226956179423466
1608	3.226956179423466
1609	3.226956179423466
1610	3.226956179423466
1611	3.226956179423466
1612	3.226956179423466
1613	3.226956179423466
1614	3.226956179423466
1615	3.226956179423466
1616	3.226956179423466
1617	3.226956179423466
1618	3.226956179423466
1619	3.226956179423466
1620	3.226956179423466
1621	3.226956179423466
1622	3.226956179423466
1623	3.226956179423466
1624	3.226956179423466
1625	3.226956179423466
1626	3.226956179423466
1627	3.226956179423466
1628	3.226956179423466
1629	3.226956179423466
1630	3.226956179423466
1631	3.226956179423466
1632	3.226956179423466
1633	3.226956179423466
1634	3.226956179423466
1635	3.226956179423466
1636	3.226956179423466
1637	3.226956179423466
1638	3.226956179423466
1639	3.226956179423466
1640	3.226956179423466
1641	3.226956179423466
1642	3.226956179423466
1643	3.226956179423466
1644	3.226956179423466
1645	3.226956179423466
1646	3.226956179423466
1647	3.226956179423466
1648	3.226956179423466
1649	3.226956179423466
1650	3.226956179423466
1651	3.226956179423466
1652	3.226956179423466
1653	3.226956179423466
1654	3.226956179423466
1655	3.226956179423466
1656	3.226956179423466
1657	3.226956179423466
1658	3.226956179423466
1659	3.226956179423466
1660	3.226956179423466
1661	3.226956179423466
1662	3.226956179423466
1663	3.226956179423466
1664	3.226956179423466
1665	3.226956179423466
1666	3.226956179423466
1667	3.3899795027762183
1668	3.3899795027762183
1669	3.3899795027762183
1670	3.3899795027762183
1671	3.3899795027762183
1672	3.3899795027762183
1673	3.3899795027762183
1674	4.802031539293212
1675	4.802031539293212
1676	4.802031539293212
1677	4.802031539293212
1678	3.12210447305086
1679	3.12210447305086
1680	3.12210447305086
1681	3.12210447305086
1682	4.6517090375483985
1683	4.6517090375483985
1684	4.6517090375483985
1685	4.6517090375483985
1686	4.6517090375483985
1687	4.6517090375483985
1688	4.6517090375483985
1689	4.6517090375483985
1690	4.6517090375483985
1691	4.6517090375483985
1692	4.6517090375483985
1693	4.6517090375483985
1694	4.6517090375483985
1695	4.6517090375483985
1696	4.6517090375483985
1697	4.6517090375483985
1698	4.6517090375483985
1699	4.6517090375483985
1700	4.6517090375483985
1701	4.6517090375483985
1702	3.430875071437711
1703	3.430875071437711
1704	3.430875071437711
1705	3.430875071437711
1706	3.430875071437711
1707	3.430875071437711
1708	3.430875071437711
1709	3.430875071437711
1710	3.721688283039321
1711	3.721688283039321
1712	3.721688283039321
1713	3.721688283039321
1714	3.721688283039321
1715	3.8965701360174734
1716	3.8965701360174734
1717	3.8965701360174734
1718	3.8965701360174734
1719	3.8965701360174734
1720	3.8965701360174734
1721	3.8965701360174734
1722	3.8965701360174734
1723	3.8965701360174734
1724	3.8965701360174734
1725	3.8965701360174734
1726	3.8965701360174734
1727	3.8965701360174734
1728	3.8965701360174734
1729	3.8965701360174734
1730	3.8965701360174734
1731	3.8965701360174734
1732	3.8965701360174734
1733	3.8965701360174734
1734	3.8965701360174734
1735	3.8965701360174734
1736	3.8965701360174734
1737	3.8965701360174734
1738	3.8965701360174734
1739	3.8965701360174734
1740	3.920326148043056
1741	3.920326148043056
1742	3.920326148043056
1743	3.920326148043056
1744	3.920326148043056
1745	3.920326148043056
1746	3.920326148043056
1747	3.920326148043056
1748	3.920326148043056
1749	3.920326148043056
1750	3.920326148043056
1751	3.920326148043056
1752	3.920326148043056
1753	3.920326148043056
1754	3.920326148043056
1755	3.920326148043056
1756	3.920326148043056
1757	3.920326148043056
1758	3.920326148043056
1759	3.920326148043056
1760	3.920326148043056
1761	3.920326148043056
1762	3.920326148043056
1763	3.920326148043056
1764	3.920326148043056
1765	3.920326148043056
1766	3.920326148043056
1767	3.920326148043056
1768	4.6334846128074485
1769	4.6334846128074485
1770	4.6334846128074485
1771	4.6334846128074485
1772	4.6334846128074485
1773	4.6334846128074485
1774	4.6334846128074485
1775	4.6334846128074485
1776	4.6334846128074485
1777	4.6334846128074485
1778	4.6334846128074485
1779	4.6334846128074485
1780	4.6334846128074485
1781	4.6334846128074485
1782	4.6334846128074485
1783	4.6334846128074485
1784	4.6334846128074485
1785	4.562666806394563
1786	4.562666806394563
1787	4.562666806394563
1788	5.182299283639102
1789	5.182299283639102
1790	5.182299283639102
1791	5.182299283639102
1792	5.182299283639102
1793	5.182299283639102
1794	5.182299283639102
1795	5.182299283639102
1796	5.182299283639102
1797	5.182299283639102
1798	5.182299283639102
1799	5.182299283639102
1800	5.182299283639102
1801	5.182299283639102
1802	5.182299283639102
1803	5.182299283639102
1804	5.621164605990565
1805	5.621164605990565
1806	5.621164605990565
1807	5.621164605990565
1808	5.621164605990565
1809	5.621164605990565
1810	4.67103284389737
1811	4.67103284389737
1812	4.67103284389737
1813	4.67103284389737
1814	4.67103284389737
1815	4.67103284389737
1816	4.67103284389737
1817	4.67103284389737
1818	4.67103284389737
1819	4.67103284389737
1820	4.67103284389737
1821	4.607141606399415
1822	4.607141606399415
1823	4.607141606399415
1824	4.607141606399415
1825	4.607141606399415
1826	4.607141606399415
1827	3.936408544117227
1828	3.936408544117227
1829	3.936408544117227
1830	3.936408544117227
1831	3.936408544117227
1832	3.936408544117227
1833	3.936408544117227
1834	3.936408544117227
1835	3.936408544117227
1836	3.936408544117227
1837	3.936408544117227
1838	3.936408544117227
1839	3.936408544117227
1840	3.936408544117227
1841	3.936408544117227
1842	3.936408544117227
1843	3.936408544117227
1844	3.936408544117227
1845	3.936408544117227
1846	4.707945150452205
1847	4.707945150452205
1848	4.707945150452205
1849	4.707945150452205
1850	4.707945150452205
1851	4.707945150452205
1852	4.707945150452205
1853	4.707945150452205
1854	4.707945150452205
1855	4.707945150452205
1856	3.886704422915301
1857	4.30933326948753
1858	4.30933326948753
1859	4.30933326948753
1860	4.30933326948753
1861	4.30933326948753
1862	4.30933326948753
1863	4.30933326948753
1864	4.30933326948753
1865	3.933812450628185
1866	3.933812450628185
1867	3.933812450628185
1868	3.933812450628185
1869	3.9529877885537914
1870	3.9529877885537914
1871	3.9529877885537914
1872	5.629199122196487
1873	5.629199122196487
1874	5.629199122196487
1875	5.629199122196487
1876	5.629199122196487
1877	5.629199122196487
1878	5.629199122196487
1879	5.629199122196487
1880	5.629199122196487
1881	5.629199122196487
1882	5.629199122196487
1883	5.629199122196487
1884	5.629199122196487
1885	5.629199122196487
1886	5.629199122196487
1887	5.629199122196487
1888	5.629199122196487
1889	5.629199122196487
1890	5.629199122196487
1891	5.629199122196487
1892	5.629199122196487
1893	5.629199122196487
1894	5.629199122196487
1895	4.234013842523034
1896	4.234013842523034
1897	4.234013842523034
1898	4.234013842523034
1899	4.234013842523034
1900	4.234013842523034
1901	4.234013842523034
1902	4.234013842523034
1903	4.234013842523034
1904	4.234013842523034
1905	4.234013842523034
1906	4.234013842523034
1907	4.234013842523034
1908	4.234013842523034
1909	5.264250583941665
1910	5.8859145563138116
1911	5.8859145563138116
1912	5.8859145563138116
1913	5.8859145563138116
1914	5.8859145563138116
1915	5.8859145563138116
1916	5.8859145563138116
1917	5.8859145563138116
1918	5.8859145563138116
1919	5.8859145563138116
1920	5.8859145563138116
1921	5.8859145563138116
1922	5.8859145563138116
1923	5.8859145563138116
1924	5.8859145563138116
