0	2.3
1	2.3
2	2.3
3	2.3
4	2.3
5	0.7642694688844489
6	0.7642694688844489
7	0.7642694688844489
8	0.7642694688844489
9	0.7642694688844489
10	0.7642694688844489
11	0.7642694688844489
12	0.7642694688844489
13	0.7642694688844489
14	0.7642694688844489
15	2.3
16	2.3
17	2.3
18	2.3
19	0.1
20	0.1
21	0.1
22	0.1
23	0.1
24	0.1
25	0.1
26	0.1
27	0.1
28	0.1
29	0.6855681891259693
30	0.6855681891259693
31	0.6855681891259693
32	0.6855681891259693
33	0.6855681891259693
34	0.6855681891259693
35	2.3
36	2.3
37	2.3
38	2.3
39	2.3
40	1.8063353364520953
41	1.8063353364520953
42	1.8063353364520953
43	1.8063353364520953
44	1.8063353364520953
45	1.8063353364520953
46	1.8063353364520953
47	1.8063353364520953
48	1.8063353364520953
49	1.1927310915380587
50	1.1927310915380587
51	1.1927310915380587
52	1.1927310915380587
53	1.1927310915380587
54	1.1927310915380587
55	1.1927310915380587
56	2.3
57	2.3
58	2.3
59	2.3
60	2.3
61	2.3
62	2.3
63	2.3
64	2.3
65	2.3
66	2.3
67	2.3
68	2.3
69	2.3
70	2.3
71	2.3
72	2.3
73	2.3
74	2.3
75	1.15332860037098
76	1.15332860037098
77	1.15332860037098
78	1.15332860037098
79	1.15332860037098
80	1.15332860037098
81	1.15332860037098
82	1.15332860037098
83	1.15332860037098
84	1.15332860037098
85	2.3
86	2.3
87	2.3
88	2.3
89	2.3
90	2.3
91	2.3
92	0.4281876100463413
93	0.4281876100463413
94	2.3
95	2.3
96	1.8588909538129024
97	1.8588909538129024
98	1.8588909538129024
99	1.8588909538129024
100	1.8588909538129024
101	1.8588909538129024
102	1.8588909538129024
103	1.8588909538129024
104	1.8588909538129024
105	1.8588909538129024
106	1.3202734584459865
107	1.3202734584459865
108	1.3202734584459865
109	1.3202734584459865
110	1.3202734584459865
111	1.3202734584459865
112	1.3202734584459865
113	1.3202734584459865
114	1.3202734584459865
115	1.3202734584459865
116	2.3
117	2.3
118	2.3
119	2.3
120	2.3
121	2.3
122	2.3
123	2.3
124	2.3
125	2.3
126	2.3
127	1.018923908027916
128	1.018923908027916
129	1.018923908027916
130	1.018923908027916
131	1.018923908027916
132	1.018923908027916
133	0.1
134	0.1
135	0.1
136	0.1
137	0.1
138	0.1
139	0.1
140	0.1
141	0.1
142	0.1
143	2.3
144	2.3
145	2.3
146	2.3
147	2.3
148	1.26086573608237
149	2.3
150	2.3
151	2.3
152	2.3
153	2.3
154	2.3
155	2.3
156	2.3
157	2.3
158	2.3
159	0.20181443119179354
160	0.20181443119179354
161	0.20181443119179354
162	0.20181443119179354
163	0.20181443119179354
164	0.20181443119179354
165	0.20181443119179354
166	0.20181443119179354
167	0.20181443119179354
168	0.20181443119179354
169	2.3
170	2.3
171	2.3
172	2.3
173	2.3
174	2.3
175	2.3
176	2.3
177	2.3
178	2.3
179	1.7798811685001397
180	1.7798811685001397
181	1.7798811685001397
182	1.7798811685001397
183	1.7798811685001397
184	1.7798811685001397
185	2.3
186	2.3
187	2.3
188	2.3
189	2.3
190	2.3
191	2.3
192	2.3
193	2.3
194	2.3
195	2.3
196	0.9601980457891016
197	1.2198044221596107
198	1.2198044221596107
199	1.2198044221596107
200	1.2198044221596107
201	1.2198044221596107
202	1.2198044221596107
203	1.2198044221596107
204	1.2198044221596107
205	1.2198044221596107
206	1.2198044221596107
207	2.3
208	2.3
209	0.6816565022915702
210	0.6816565022915702
211	0.6816565022915702
212	0.6816565022915702
213	2.3
214	2.3
215	2.3
216	2.3
217	2.3
218	2.3
219	1.6562483232931924
220	1.6562483232931924
221	1.6562483232931924
222	1.6562483232931924
223	1.6562483232931924
224	1.6562483232931924
225	1.6562483232931924
226	1.6562483232931924
227	1.6562483232931924
228	1.6562483232931924
229	2.24241775020384
230	2.24241775020384
231	2.24241775020384
232	2.24241775020384
233	2.24241775020384
234	2.24241775020384
235	2.24241775020384
236	2.24241775020384
237	2.24241775020384
238	2.24241775020384
239	2.3
240	2.3
241	2.3
242	2.3
243	2.3
244	2.3
245	2.3
246	2.3
247	2.3
248	2.3
249	2.3
250	2.3
251	2.3
252	2.3
253	2.3
254	2.3
255	2.3
256	2.3
257	2.3
258	2.3
259	0.1
260	0.1
261	0.1
262	0.1
263	1.69287882662256
264	1.69287882662256
265	2.3
266	2.1160264893891956
267	2.1160264893891956
268	2.1160264893891956
269	2.1160264893891956
270	2.1160264893891956
271	2.1160264893891956
272	2.1160264893891956
273	2.1160264893891956
274	2.1160264893891956
275	2.1160264893891956
276	2.3
277	2.3
278	2.3
279	2.3
280	2.3
281	2.3
282	2.3
283	2.3
284	2.3
285	2.3
286	2.3
287	2.3
288	2.3
289	2.3
290	2.3
291	2.3
292	2.3
293	2.3
294	2.1210411193851892
295	2.1210411193851892
296	2.1210411193851892
297	2.1210411193851892
298	2.1210411193851892
299	2.1210411193851892
300	2.0180737879376798
301	2.0180737879376798
302	2.0180737879376798
303	2.0180737879376798
304	2.0180737879376798
305	2.0180737879376798
306	2.0180737879376798
307	2.0180737879376798
308	2.0180737879376798
309	2.0180737879376798
310	1.5239312225136836
311	1.5239312225136836
312	1.5239312225136836
313	1.5239312225136836
314	1.5239312225136836
315	1.5239312225136836
316	1.5239312225136836
317	1.5239312225136836
318	1.5239312225136836
319	1.5239312225136836
320	2.3
321	2.3
322	2.3
323	2.3
324	2.3
325	2.3
326	2.3
327	2.3
328	2.3
329	2.3
330	1.875819675633227
331	1.875819675633227
332	1.8833448683041096
333	1.8833448683041096
334	1.8833448683041096
335	1.8833448683041096
336	0.1
337	0.1
338	0.1
339	0.1
340	0.1
341	0.1
342	0.1
343	0.1
344	0.1
345	0.1
346	2.3
347	2.3
348	2.3
349	2.3
350	2.3
351	2.3
352	0.9020589905237684
353	0.9020589905237684
354	0.9020589905237684
355	0.9020589905237684
356	1.2960752698700475
357	1.2960752698700475
358	1.5212455466046704
359	1.5212455466046704
360	1.5212455466046704
361	0.6512780631428416
362	0.6512780631428416
363	0.6512780631428416
364	0.6512780631428416
365	0.6512780631428416
366	0.6512780631428416
367	2.3
368	2.3
369	2.3
370	2.3
371	2.3
372	2.3
373	2.3
374	2.3
375	2.3
376	2.3
377	2.3
378	2.3
379	2.3
380	2.3
381	2.3
382	2.3
383	2.3
384	2.3
385	2.3
386	2.3
387	2.3
388	2.3
389	2.3
390	2.3
391	2.3
392	2.3
393	2.3
394	2.3
395	2.3
396	0.7858104541789104
397	0.7858104541789104
398	0.7858104541789104
399	0.7858104541789104
400	0.7858104541789104
401	0.7858104541789104
402	0.7858104541789104
403	0.7858104541789104
404	0.7858104541789104
405	0.7858104541789104
406	1.6761211909662355
407	1.6761211909662355
408	1.6761211909662355
409	1.6761211909662355
410	1.6761211909662355
411	1.6761211909662355
412	1.6761211909662355
413	1.6761211909662355
414	1.6761211909662355
415	1.6761211909662355
416	1.1685364474821127
417	1.1685364474821127
418	1.1685364474821127
419	1.1685364474821127
420	1.1685364474821127
421	1.1685364474821127
422	1.1685364474821127
423	1.1685364474821127
424	1.1685364474821127
425	1.1685364474821127
426	0.7024555240650181
427	0.7024555240650181
428	0.7024555240650181
429	1.5064509699714053
430	1.5064509699714053
431	1.5064509699714053
432	1.5064509699714053
433	1.5064509699714053
434	1.5064509699714053
435	1.5064509699714053
436	1.5064509699714053
437	0.745546783898335
438	0.745546783898335
439	0.745546783898335
440	0.745546783898335
441	0.745546783898335
442	0.745546783898335
443	2.3
444	2.3
445	2.3
446	2.3
447	2.3
448	2.3
449	2.3
450	2.3
451	2.3
452	2.3
453	1.5118996203084087
454	1.5118996203084087
455	1.5118996203084087
456	1.5118996203084087
457	1.5118996203084087
458	1.5118996203084087
459	1.5118996203084087
460	1.5118996203084087
461	1.5118996203084087
462	1.5118996203084087
463	2.3
464	2.3
465	2.3
466	2.3
467	2.3
468	2.3
469	2.3
470	2.3
471	2.3
472	2.3
473	2.3
474	2.3
475	2.3
476	2.3
477	0.3727182397106912
478	2.0720444774280597
479	2.0720444774280597
480	0.79126217494322
481	0.79126217494322
482	2.3
483	2.3
484	0.47058425295397166
485	0.47058425295397166
486	0.47058425295397166
487	0.47058425295397166
488	0.47058425295397166
489	0.47058425295397166
490	0.47058425295397166
491	0.47058425295397166
492	0.47058425295397166
493	0.47058425295397166
494	0.21623641274820815
495	0.21623641274820815
496	0.21623641274820815
497	0.21623641274820815
498	0.21623641274820815
499	0.21623641274820815
500	0.21623641274820815
501	0.21623641274820815
502	0.21623641274820815
503	0.21623641274820815
504	2.3
505	2.3
506	2.3
507	2.3
508	2.3
509	2.3
510	1.553283365230417
511	1.553283365230417
512	2.0655236654987283
513	2.0655236654987283
514	2.0655236654987283
515	2.0655236654987283
516	0.4760279851280511
517	0.4760279851280511
518	0.4760279851280511
519	0.4760279851280511
520	0.4760279851280511
521	0.4760279851280511
522	0.4760279851280511
523	0.4760279851280511
524	0.4760279851280511
525	0.4760279851280511
526	1.041487196345746
527	1.041487196345746
528	1.041487196345746
529	1.041487196345746
530	1.041487196345746
531	1.041487196345746
532	2.3
533	2.3
534	1.218470856102656
535	1.218470856102656
536	1.218470856102656
537	1.218470856102656
538	1.218470856102656
539	1.218470856102656
540	1.218470856102656
541	1.218470856102656
542	1.218470856102656
543	1.1696889584095507
544	1.7751217569756041
545	1.7751217569756041
546	1.7751217569756041
547	1.7751217569756041
548	1.7751217569756041
549	1.7751217569756041
550	1.7751217569756041
551	1.7751217569756041
552	1.7751217569756041
553	1.7751217569756041
554	2.1583733969535417
555	2.1583733969535417
556	2.3
557	2.3
558	2.3
559	2.3
560	2.3
561	2.3
562	2.3
563	2.3
564	2.3
565	2.3
566	2.3
567	2.3
568	2.3
569	2.3
570	2.3
571	2.3
572	2.3
573	2.3
574	2.3
575	2.3
576	2.3
577	2.3
578	2.3
579	2.3
580	2.3
581	0.1
582	1.5045798122014231
583	2.3
584	2.3
585	2.3
586	2.3
587	2.3
588	2.3
589	2.3
590	2.3
591	1.7484716212461087
592	1.7484716212461087
593	1.7484716212461087
594	1.7484716212461087
595	1.7484716212461087
596	1.7484716212461087
597	1.7484716212461087
598	1.7484716212461087
599	1.7484716212461087
600	1.7484716212461087
601	1.731985922027242
602	1.731985922027242
603	1.731985922027242
604	1.731985922027242
605	1.862724776337074
606	1.862724776337074
607	1.862724776337074
608	1.862724776337074
609	1.862724776337074
610	1.862724776337074
611	1.862724776337074
612	1.862724776337074
613	1.862724776337074
614	1.862724776337074
615	2.3
616	2.3
617	2.3
618	2.3
619	2.3
620	2.3
621	2.3
622	2.3
623	2.3
624	2.2624346511850812
625	2.2624346511850812
626	0.1
627	0.1
628	0.1
629	1.9412436470058803
630	1.9412436470058803
631	1.9412436470058803
632	1.9412436470058803
633	1.9412436470058803
634	1.9412436470058803
635	1.9412436470058803
636	1.9412436470058803
637	1.9412436470058803
638	1.9412436470058803
639	2.3
640	2.3
641	2.3
642	2.3
643	2.3
644	1.3737549734868575
645	1.3737549734868575
646	1.3737549734868575
647	1.3737549734868575
648	1.3737549734868575
649	1.3737549734868575
650	1.3737549734868575
651	0.1
652	0.1
653	0.1
654	0.1
655	1.3224974390474764
656	1.3224974390474764
657	1.3224974390474764
658	1.3224974390474764
659	1.3224974390474764
660	1.3224974390474764
661	1.3224974390474764
662	1.3224974390474764
663	1.3224974390474764
664	1.3224974390474764
665	1.9174477203367353
666	1.9174477203367353
667	1.9174477203367353
668	1.9174477203367353
669	1.5544872227465767
670	1.5544872227465767
671	1.5544872227465767
672	1.5544872227465767
673	1.5544872227465767
674	1.5544872227465767
675	1.5544872227465767
676	1.5544872227465767
677	0.6749667517442206
678	0.6749667517442206
679	0.6749667517442206
680	0.6749667517442206
681	0.6749667517442206
682	0.6749667517442206
683	0.6749667517442206
684	0.6749667517442206
685	0.6749667517442206
686	2.3
687	2.3
688	2.3
689	2.3
690	2.3
691	2.3
692	2.3
693	2.3
694	2.3
695	2.3
696	2.3
697	2.3
698	0.1
699	0.1
700	0.1
701	0.1
702	0.9598064395491931
703	0.9598064395491931
704	0.9598064395491931
705	0.9598064395491931
706	0.9598064395491931
707	0.9598064395491931
708	0.9598064395491931
709	0.9598064395491931
710	0.9598064395491931
711	0.9598064395491931
712	0.8700625308757348
713	0.8700625308757348
714	0.8700625308757348
715	0.8700625308757348
716	0.8700625308757348
717	0.8700625308757348
718	1.5927603640259904
719	1.5927603640259904
720	1.5927603640259904
721	1.5927603640259904
722	1.5927603640259904
723	1.5927603640259904
724	1.5927603640259904
725	1.5927603640259904
726	1.5927603640259904
727	1.5927603640259904
728	2.3
729	2.3
730	2.3
731	2.3
732	2.3
733	2.3
734	2.3
735	2.3
736	2.3
737	2.3
738	0.7442459497980238
739	0.7442459497980238
740	0.7442459497980238
741	0.7442459497980238
742	0.7442459497980238
743	0.7442459497980238
744	0.7442459497980238
745	0.7442459497980238
746	0.7442459497980238
747	0.7442459497980238
748	1.5664022749658768
749	1.5664022749658768
750	1.5664022749658768
751	1.5664022749658768
752	1.5664022749658768
753	1.5664022749658768
754	1.5664022749658768
755	1.5664022749658768
756	2.3
757	2.3
758	2.3
759	2.3
760	2.3
761	1.354827927854494
762	1.354827927854494
763	1.354827927854494
764	1.354827927854494
765	1.354827927854494
766	1.354827927854494
767	2.3
768	2.3
769	0.9763197386571011
770	0.1
771	0.1
772	0.1
773	0.1
774	0.1
775	1.6422524022976381
776	1.6422524022976381
777	1.6422524022976381
778	1.6422524022976381
779	1.6422524022976381
780	1.6422524022976381
781	1.6422524022976381
782	1.6422524022976381
783	1.6422524022976381
784	1.6422524022976381
785	1.1587697694647479
786	1.1587697694647479
787	1.1587697694647479
788	1.1587697694647479
789	1.1587697694647479
790	1.6591037735580652
791	1.6591037735580652
792	1.6591037735580652
793	1.6591037735580652
794	0.4625792235918669
795	0.4625792235918669
796	0.4625792235918669
797	0.4625792235918669
798	0.4625792235918669
799	2.3
800	0.5165690666080425
801	0.5165690666080425
802	0.5165690666080425
803	0.5165690666080425
804	1.5448130042443524
805	1.5448130042443524
806	1.5448130042443524
807	1.5448130042443524
808	2.3
809	2.3
810	2.3
811	0.6704800535447764
812	0.6704800535447764
813	0.6704800535447764
814	0.6704800535447764
815	0.6704800535447764
816	0.6704800535447764
817	0.6704800535447764
818	0.6704800535447764
819	0.6704800535447764
820	0.6704800535447764
821	2.3
822	2.3
823	2.3
824	2.3
825	2.3
826	2.3
827	2.3
828	2.051144881628263
829	2.051144881628263
830	2.051144881628263
831	2.051144881628263
832	2.051144881628263
833	2.051144881628263
834	2.051144881628263
835	2.051144881628263
836	2.051144881628263
837	2.051144881628263
838	1.8748318082636994
839	2.3
840	2.3
841	2.3
842	2.3
843	2.3
844	2.3
845	2.3
846	2.3
847	2.3
848	2.3
849	1.0150473828463973
850	1.0150473828463973
851	1.0150473828463973
852	1.0150473828463973
853	1.0150473828463973
854	1.0150473828463973
855	1.0150473828463973
856	1.0150473828463973
857	2.3
858	2.3
859	2.3
860	2.3
861	2.3
862	2.3
863	2.3
864	2.3
865	2.3
866	2.3
867	1.8855418450501948
868	1.8855418450501948
869	1.8855418450501948
870	1.8855418450501948
871	1.8855418450501948
872	1.8855418450501948
873	2.3
874	2.3
875	2.3
876	1.272461489454189
877	1.272461489454189
878	1.272461489454189
879	1.272461489454189
880	1.272461489454189
881	1.5913348716036047
882	1.5913348716036047
883	1.5913348716036047
884	1.5913348716036047
885	1.5913348716036047
886	1.5913348716036047
887	1.5913348716036047
888	1.5913348716036047
889	1.5913348716036047
890	1.5913348716036047
891	0.5465513472306387
892	0.5465513472306387
893	0.5465513472306387
894	0.5465513472306387
895	0.5465513472306387
896	0.5465513472306387
897	0.5465513472306387
898	0.5465513472306387
899	0.5465513472306387
900	1.1678776020896617
901	1.1678776020896617
902	1.1678776020896617
903	1.1678776020896617
904	1.1678776020896617
905	1.806029888865664
906	1.806029888865664
907	1.806029888865664
908	1.806029888865664
909	1.806029888865664
910	2.3
911	2.3
912	2.3
913	2.3
914	2.3
915	2.3
916	2.3
917	2.3
918	1.0372553780606
919	1.0372553780606
920	1.0372553780606
921	1.0372553780606
922	1.0372553780606
923	1.0372553780606
924	1.0372553780606
925	1.0372553780606
926	1.0372553780606
927	1.0372553780606
928	2.1163243286049847
929	1.8495631028940918
930	1.8495631028940918
931	2.3
932	2.3
933	2.3
934	2.3
935	2.3
936	2.3
937	2.3
938	2.3
939	2.3
940	2.2651637488553398
941	2.2651637488553398
942	2.2651637488553398
943	0.8635413939276229
944	0.8635413939276229
945	0.8635413939276229
946	0.8635413939276229
947	0.8635413939276229
948	0.8635413939276229
949	1.3861683088459216
950	1.3861683088459216
951	1.773523409467513
952	1.773523409467513
953	1.773523409467513
954	1.2219202486539524
955	1.2219202486539524
956	1.2219202486539524
957	1.2219202486539524
958	1.2219202486539524
959	1.2219202486539524
960	1.2219202486539524
961	2.3
962	2.3
963	2.3
964	2.3
965	2.3
966	2.3
967	0.8025242857389905
968	0.8025242857389905
969	0.8025242857389905
970	0.8025242857389905
971	0.8025242857389905
972	0.8025242857389905
973	1.1601090945531414
974	1.1601090945531414
975	1.1601090945531414
976	1.1601090945531414
977	1.1601090945531414
978	1.1601090945531414
979	1.1601090945531414
980	1.1601090945531414
981	1.6262865994731266
982	1.6262865994731266
983	1.6262865994731266
984	1.6262865994731266
985	1.6262865994731266
986	1.6262865994731266
987	1.6262865994731266
988	0.8166213886329352
989	0.8166213886329352
990	0.8166213886329352
991	0.8166213886329352
992	0.8166213886329352
993	0.8166213886329352
994	0.8166213886329352
995	0.8166213886329352
996	0.8166213886329352
997	0.8166213886329352
998	2.054846467497157
999	2.054846467497157
1000	2.054846467497157
1001	2.054846467497157
1002	2.054846467497157
1003	2.054846467497157
1004	2.054846467497157
1005	2.054846467497157
1006	2.054846467497157
1007	2.054846467497157
1008	2.3
1009	2.3
1010	2.3
1011	2.3
1012	1.7902484616516132
1013	1.7902484616516132
1014	1.7902484616516132
1015	1.7902484616516132
1016	1.7902484616516132
1017	1.7902484616516132
1018	1.7902484616516132
1019	1.7902484616516132
1020	1.7902484616516132
1021	1.7902484616516132
1022	2.3
1023	2.3
1024	2.3
1025	2.3
1026	2.3
1027	2.3
1028	2.3
1029	1.0747171803948627
1030	2.3
1031	2.104522684373628
1032	0.1458572794189934
1033	0.1458572794189934
1034	0.1458572794189934
1035	0.1
1036	0.1
1037	0.1
1038	0.1
1039	0.1
1040	0.1
1041	0.1
1042	0.1
1043	0.1
1044	1.4675570473364197
1045	1.4675570473364197
1046	1.4675570473364197
1047	1.4675570473364197
1048	1.4675570473364197
1049	1.4675570473364197
1050	1.4675570473364197
1051	1.4675570473364197
1052	1.4675570473364197
1053	1.4675570473364197
1054	2.3
1055	2.3
1056	2.3
1057	1.4730197301438148
1058	1.4730197301438148
1059	1.4730197301438148
1060	1.4730197301438148
1061	1.4730197301438148
1062	1.4730197301438148
1063	2.3
1064	2.3
1065	2.3
1066	2.3
1067	2.3
1068	2.3
1069	2.3
1070	2.3
1071	2.3
1072	2.3
1073	0.2518675588294996
1074	0.2518675588294996
1075	0.2518675588294996
1076	0.8408179564210002
1077	0.8408179564210002
1078	0.8408179564210002
1079	0.8408179564210002
1080	0.8408179564210002
1081	0.1
1082	2.3
1083	2.3
1084	2.3
1085	2.3
1086	2.3
1087	2.3
1088	2.3
1089	2.3
1090	2.3
1091	2.200259077773421
1092	2.200259077773421
1093	2.200259077773421
1094	2.200259077773421
1095	2.200259077773421
1096	2.200259077773421
1097	2.2237066843724094
1098	2.2237066843724094
1099	2.2237066843724094
1100	2.2237066843724094
1101	2.2237066843724094
1102	2.2237066843724094
1103	2.2237066843724094
1104	1.7802895895418962
1105	1.7802895895418962
1106	1.7802895895418962
1107	1.7802895895418962
1108	1.7802895895418962
1109	2.3
1110	2.3
1111	2.3
1112	2.3
1113	2.3
1114	2.3
1115	2.3
1116	2.3
1117	2.3
1118	2.3
1119	1.8227625357528685
1120	2.3
1121	2.3
1122	2.3
1123	2.3
1124	2.3
1125	2.3
1126	2.3
1127	2.3
1128	2.3
1129	2.3
1130	0.1
1131	0.1
1132	2.3
1133	2.3
1134	0.8635958289879837
1135	0.8635958289879837
1136	0.8635958289879837
1137	0.8635958289879837
1138	0.8635958289879837
1139	0.8635958289879837
1140	2.3
1141	2.3
1142	2.3
1143	2.3
1144	2.3
1145	2.3
1146	2.3
1147	2.3
1148	2.3
1149	2.3
1150	1.1233693712140442
1151	2.3
1152	2.3
1153	2.3
1154	2.3
1155	2.3
1156	2.3
1157	2.3
1158	2.3
1159	2.3
1160	2.3
1161	2.115701688149621
1162	2.115701688149621
1163	2.115701688149621
1164	2.115701688149621
1165	2.115701688149621
1166	2.115701688149621
1167	2.115701688149621
1168	2.115701688149621
1169	2.115701688149621
1170	2.115701688149621
1171	2.3
1172	2.3
1173	2.3
1174	0.7949318969542918
1175	0.7949318969542918
1176	0.7949318969542918
1177	1.4711176353974795
1178	1.4711176353974795
1179	1.4711176353974795
1180	0.1385107752310717
1181	0.1385107752310717
1182	0.1385107752310717
1183	0.1385107752310717
1184	0.1
1185	0.1
1186	0.1
1187	0.1
1188	0.20521251080245784
1189	0.20521251080245784
1190	0.20521251080245784
1191	0.20521251080245784
1192	0.20521251080245784
1193	0.20521251080245784
1194	0.20521251080245784
1195	0.20521251080245784
1196	0.20521251080245784
1197	1.7394081812017337
1198	1.7394081812017337
1199	1.7394081812017337
1200	1.7394081812017337
1201	1.7394081812017337
1202	1.7394081812017337
1203	1.7394081812017337
1204	1.7394081812017337
1205	1.7394081812017337
1206	1.7394081812017337
1207	2.3
1208	2.3
1209	2.3
1210	2.3
1211	2.3
1212	2.3
1213	2.3
1214	2.3
1215	2.3
1216	1.9424552730265936
1217	1.9424552730265936
1218	1.9424552730265936
1219	1.9424552730265936
1220	1.9424552730265936
1221	1.9424552730265936
1222	1.9424552730265936
1223	1.8924549945991014
1224	1.8924549945991014
1225	2.3
1226	2.3
1227	2.3
1228	2.3
1229	0.1399019881153487
1230	0.1399019881153487
1231	0.1399019881153487
1232	0.1399019881153487
1233	0.1399019881153487
1234	0.1399019881153487
1235	0.1399019881153487
1236	0.1399019881153487
1237	0.1
1238	0.1
1239	2.3
1240	2.3
1241	2.3
1242	2.3
1243	0.3756525559409867
1244	0.3756525559409867
1245	2.3
1246	2.3
1247	2.3
1248	2.3
1249	2.3
1250	2.3
1251	2.3
1252	2.3
1253	0.9161365832586401
1254	0.9161365832586401
1255	0.9161365832586401
1256	0.9161365832586401
1257	0.9161365832586401
1258	0.9161365832586401
1259	0.9161365832586401
1260	0.9161365832586401
1261	0.9161365832586401
1262	0.9161365832586401
1263	2.3
1264	2.3
1265	2.3
1266	2.3
1267	2.3
1268	2.3
1269	2.3
1270	2.3
1271	2.3
1272	2.3
1273	1.584270681605533
1274	1.584270681605533
1275	1.584270681605533
1276	1.584270681605533
1277	1.584270681605533
1278	1.584270681605533
1279	1.584270681605533
1280	1.584270681605533
1281	1.584270681605533
1282	1.584270681605533
1283	1.8395898449142327
1284	1.8395898449142327
1285	1.8395898449142327
1286	1.8395898449142327
1287	1.8395898449142327
1288	0.1
1289	0.1
1290	0.1
1291	0.1
1292	0.1
1293	0.1
1294	0.1
1295	0.1
1296	0.1
1297	0.1
1298	0.9160420677412549
1299	0.9160420677412549
1300	0.1
1301	0.1
1302	0.1
1303	0.1
1304	0.1
1305	0.1
1306	0.1
1307	1.6190328095954531
1308	0.1
1309	0.1
1310	0.1
1311	0.1
1312	0.1
1313	0.1
1314	0.1
1315	1.1106719516894064
1316	1.1106719516894064
1317	1.1106719516894064
1318	1.1106719516894064
1319	1.1106719516894064
1320	1.1106719516894064
1321	1.1106719516894064
1322	1.1106719516894064
1323	1.1106719516894064
1324	1.1106719516894064
1325	2.0145193939250516
1326	2.0145193939250516
1327	2.0145193939250516
1328	2.0145193939250516
1329	2.0145193939250516
1330	2.0145193939250516
1331	2.3
1332	2.3
1333	2.3
1334	2.3
1335	2.3
1336	2.3
1337	2.3
1338	2.3
1339	2.3
1340	2.3
1341	0.1
1342	0.1
1343	0.1
1344	0.1
1345	0.1
1346	2.0189620743198184
1347	2.0189620743198184
1348	2.0189620743198184
1349	2.0189620743198184
1350	2.0189620743198184
1351	2.0189620743198184
1352	2.0189620743198184
1353	2.0189620743198184
1354	2.0189620743198184
1355	2.0189620743198184
1356	1.8455202192831721
1357	1.8455202192831721
1358	1.8455202192831721
1359	1.8455202192831721
1360	1.8455202192831721
1361	2.2234816383551754
1362	2.2234816383551754
1363	2.2234816383551754
1364	2.2234816383551754
1365	2.2234816383551754
1366	2.2234816383551754
1367	2.2234816383551754
1368	2.2234816383551754
1369	2.2234816383551754
1370	2.2234816383551754
1371	1.6607104459506457
1372	1.6607104459506457
1373	1.6607104459506457
1374	1.6607104459506457
1375	1.6607104459506457
1376	1.6607104459506457
1377	1.6607104459506457
1378	1.6607104459506457
1379	2.3
1380	0.1
1381	0.1
1382	0.1
1383	1.1475576222849329
1384	1.1475576222849329
1385	1.1475576222849329
1386	1.1475576222849329
1387	1.1475576222849329
1388	1.1475576222849329
1389	1.1475576222849329
1390	1.1475576222849329
1391	1.1475576222849329
1392	1.1475576222849329
1393	2.2181411433857043
1394	2.2181411433857043
1395	2.2181411433857043
1396	2.2181411433857043
1397	2.2181411433857043
1398	2.2181411433857043
1399	2.2181411433857043
1400	2.2181411433857043
1401	1.3829623185213937
1402	1.3829623185213937
1403	1.3829623185213937
1404	1.3829623185213937
1405	1.6585489025062266
1406	1.6585489025062266
1407	1.6585489025062266
1408	1.6585489025062266
1409	1.6585489025062266
1410	1.6585489025062266
1411	1.6585489025062266
1412	1.6585489025062266
1413	1.6585489025062266
1414	1.6585489025062266
1415	1.6324050395345804
1416	1.6324050395345804
1417	2.3
1418	2.3
1419	2.3
1420	2.3
1421	2.3
1422	2.3
1423	2.3
1424	2.3
1425	1.5299114895368504
1426	1.5299114895368504
1427	1.5299114895368504
1428	1.5299114895368504
1429	1.5299114895368504
1430	1.144446470853963
1431	1.144446470853963
1432	1.144446470853963
1433	1.144446470853963
1434	1.144446470853963
1435	1.144446470853963
1436	0.3149789891352268
1437	0.3149789891352268
1438	0.3149789891352268
1439	1.8454127697255331
1440	1.8454127697255331
1441	1.8454127697255331
1442	1.8454127697255331
1443	1.8454127697255331
1444	1.8454127697255331
1445	2.213475997358173
1446	2.213475997358173
1447	2.213475997358173
1448	2.213475997358173
1449	2.3
1450	1.8095086226415524
1451	1.8095086226415524
1452	1.8095086226415524
1453	1.8095086226415524
1454	1.8095086226415524
1455	0.6547174483516417
1456	0.6547174483516417
1457	2.3
1458	2.3
1459	2.3
1460	2.3
1461	2.3
1462	2.3
1463	2.3
1464	2.3
1465	2.3
1466	2.3
1467	0.7332698045799901
1468	0.7332698045799901
1469	0.7332698045799901
1470	1.604636495847972
1471	1.604636495847972
1472	1.604636495847972
1473	1.604636495847972
1474	1.604636495847972
1475	1.604636495847972
1476	1.604636495847972
1477	2.3
1478	2.3
1479	0.7709070390877146
1480	2.3
1481	2.3
1482	2.3
1483	0.24446697311403032
1484	0.24446697311403032
1485	0.24446697311403032
1486	0.24446697311403032
1487	0.24446697311403032
1488	0.24446697311403032
1489	0.24446697311403032
1490	0.24446697311403032
1491	0.24446697311403032
1492	0.24446697311403032
1493	2.3
1494	2.3
1495	2.3
1496	2.3
1497	2.3
1498	2.3
1499	2.3
1500	2.3
1501	2.3
1502	2.3
1503	2.3
1504	2.3
1505	2.3
1506	2.3
1507	2.3
1508	2.3
1509	0.6449947679398216
1510	0.6449947679398216
1511	0.6449947679398216
1512	0.6449947679398216
1513	0.6449947679398216
1514	0.6449947679398216
1515	0.6449947679398216
1516	0.6449947679398216
1517	0.6449947679398216
1518	0.6449947679398216
1519	2.3
1520	2.3
1521	2.3
1522	2.3
1523	1.986517401579063
1524	1.986517401579063
1525	1.986517401579063
1526	1.986517401579063
1527	1.986517401579063
1528	1.986517401579063
1529	1.986517401579063
1530	1.986517401579063
1531	1.986517401579063
1532	1.986517401579063
1533	2.3
1534	2.3
1535	2.3
1536	2.3
1537	2.3
1538	2.3
1539	2.3
1540	2.3
1541	2.3
1542	2.3
1543	1.850353514807037
1544	1.850353514807037
1545	1.850353514807037
1546	1.850353514807037
1547	1.850353514807037
1548	1.850353514807037
1549	1.850353514807037
1550	1.850353514807037
1551	1.850353514807037
1552	1.850353514807037
1553	2.3
1554	2.3
1555	2.3
1556	2.3
1557	2.3
1558	2.3
1559	2.3
1560	2.3
1561	2.3
1562	2.3
1563	2.252431647825151
1564	2.252431647825151
1565	2.252431647825151
1566	2.252431647825151
1567	2.252431647825151
1568	2.252431647825151
1569	1.9156395324306321
1570	1.9156395324306321
1571	1.9156395324306321
1572	2.3
1573	2.3
1574	2.3
1575	2.3
1576	2.3
1577	2.3
1578	2.3
1579	2.3
1580	2.3
1581	2.3
1582	2.3
1583	2.3
1584	2.3
1585	1.917906519543156
1586	1.917906519543156
1587	1.2213456776626321
1588	1.2213456776626321
1589	1.2213456776626321
1590	1.3963772443172349
1591	1.3963772443172349
1592	2.3
1593	2.3
1594	2.3
1595	2.3
1596	2.3
1597	2.3
1598	2.3
1599	2.3
1600	1.923073384056742
1601	1.923073384056742
1602	1.923073384056742
1603	1.923073384056742
1604	1.923073384056742
1605	1.923073384056742
1606	1.7005394990434737
1607	1.7005394990434737
1608	1.7005394990434737
1609	2.3
1610	2.3
1611	2.3
1612	2.3
1613	2.3
1614	0.1
1615	0.1
1616	0.1
1617	0.1
1618	0.1
1619	0.1
1620	0.1
1621	0.1
1622	1.8217869817461538
1623	1.8217869817461538
1624	1.8217869817461538
1625	1.8217869817461538
1626	1.8217869817461538
1627	1.8217869817461538
1628	1.8217869817461538
1629	1.8217869817461538
1630	1.8217869817461538
1631	1.8217869817461538
1632	1.5073626259683834
1633	1.5073626259683834
1634	1.3221906443441203
1635	1.3221906443441203
1636	1.3221906443441203
1637	1.3221906443441203
1638	1.3221906443441203
1639	1.3221906443441203
1640	1.3221906443441203
1641	1.3221906443441203
1642	0.1
1643	0.1
1644	0.1
1645	0.1
1646	0.6668418825175983
1647	2.3
1648	2.3
1649	2.3
1650	2.3
1651	2.3
1652	2.3
1653	1.275819931494614
1654	1.275819931494614
1655	1.275819931494614
1656	1.275819931494614
1657	1.275819931494614
1658	1.275819931494614
1659	1.275819931494614
1660	1.275819931494614
1661	1.275819931494614
1662	1.275819931494614
1663	0.7884744392531406
1664	0.7884744392531406
1665	0.7884744392531406
1666	0.7884744392531406
1667	0.7884744392531406
1668	0.1
1669	0.1
1670	0.1
1671	0.1
1672	0.1
1673	0.1
1674	2.0348856861459472
1675	2.0348856861459472
1676	2.0348856861459472
1677	2.0348856861459472
1678	2.3
1679	2.3
1680	2.3
1681	2.3
1682	1.5208415522172762
1683	1.5208415522172762
1684	1.5208415522172762
1685	2.3
1686	2.3
1687	1.1714417280663136
1688	1.1714417280663136
1689	1.1714417280663136
1690	1.1714417280663136
1691	1.1714417280663136
1692	1.1714417280663136
1693	1.1714417280663136
1694	1.1714417280663136
1695	1.1714417280663136
1696	1.1714417280663136
1697	1.983249491231991
1698	1.983249491231991
1699	1.983249491231991
1700	1.983249491231991
1701	1.983249491231991
1702	0.9860136948224617
1703	0.9860136948224617
1704	0.9860136948224617
1705	0.9860136948224617
1706	0.9860136948224617
1707	0.9860136948224617
1708	0.9860136948224617
1709	0.9860136948224617
1710	0.9860136948224617
1711	0.9860136948224617
1712	2.048934477228717
1713	2.048934477228717
1714	2.048934477228717
1715	2.048934477228717
1716	2.048934477228717
1717	0.4586427966266837
1718	0.4586427966266837
1719	0.4586427966266837
1720	0.4586427966266837
1721	0.4586427966266837
1722	0.4586427966266837
1723	0.4586427966266837
1724	0.4586427966266837
1725	0.4586427966266837
1726	1.7454793468527139
1727	1.7454793468527139
1728	1.7454793468527139
1729	1.7454793468527139
1730	1.7454793468527139
1731	1.7454793468527139
1732	1.7454793468527139
1733	1.7454793468527139
1734	1.7454793468527139
1735	1.7454793468527139
1736	2.3
1737	2.3
1738	1.6183353716548745
1739	1.6183353716548745
1740	1.6183353716548745
1741	0.6831961094007877
1742	0.6831961094007877
1743	0.6831961094007877
1744	0.6831961094007877
1745	0.6831961094007877
1746	0.1
1747	0.1
1748	0.1
1749	0.1
1750	1.1043181491264504
1751	1.1043181491264504
1752	1.1043181491264504
1753	1.1043181491264504
1754	1.1043181491264504
1755	1.1043181491264504
1756	1.1043181491264504
1757	1.1043181491264504
1758	1.1043181491264504
1759	1.1043181491264504
1760	1.3554237917472323
1761	1.3554237917472323
1762	1.3554237917472323
1763	1.3554237917472323
1764	1.7648038770671264
1765	1.7648038770671264
1766	1.7648038770671264
1767	1.7648038770671264
1768	1.7648038770671264
1769	1.7648038770671264
1770	1.7648038770671264
1771	1.7648038770671264
1772	1.778405792786688
1773	1.778405792786688
1774	1.778405792786688
1775	1.778405792786688
1776	1.778405792786688
1777	1.778405792786688
1778	1.778405792786688
1779	1.778405792786688
1780	1.778405792786688
1781	1.778405792786688
1782	0.1
1783	0.1
1784	0.1
1785	0.1
1786	0.1
1787	0.1
1788	0.1
1789	0.1
1790	0.1
1791	0.1
1792	1.5293608311567013
1793	2.175754076532149
1794	2.175754076532149
1795	2.175754076532149
1796	2.175754076532149
1797	2.175754076532149
1798	2.175754076532149
1799	2.175754076532149
1800	2.175754076532149
1801	2.175754076532149
1802	2.175754076532149
1803	0.7193034718855484
1804	0.7193034718855484
1805	0.7193034718855484
1806	0.7193034718855484
1807	0.7193034718855484
1808	0.7193034718855484
1809	0.7193034718855484
1810	2.065301655557922
1811	2.065301655557922
1812	2.065301655557922
1813	2.065301655557922
1814	1.2766784229721693
1815	1.2766784229721693
1816	1.2766784229721693
1817	1.2766784229721693
1818	1.941474434463226
1819	1.941474434463226
1820	1.941474434463226
1821	1.941474434463226
1822	1.941474434463226
1823	1.5655693636075507
1824	1.5655693636075507
1825	1.5655693636075507
1826	1.5655693636075507
1827	1.5655693636075507
1828	1.5655693636075507
1829	1.5655693636075507
1830	1.5655693636075507
1831	0.1
1832	0.1
1833	0.1
1834	0.1
1835	0.1
1836	0.1
1837	0.1
1838	0.1
1839	0.1
1840	0.1
1841	2.3
1842	0.5456358598026501
1843	0.5456358598026501
1844	0.5456358598026501
1845	0.5456358598026501
1846	1.195946663328438
1847	1.195946663328438
1848	1.195946663328438
1849	1.195946663328438
1850	1.7661175018810529
1851	1.7661175018810529
1852	1.99885244403778
1853	1.99885244403778
1854	1.99885244403778
1855	1.806669409282458
1856	1.906814443002881
1857	1.906814443002881
1858	1.906814443002881
1859	1.906814443002881
1860	1.906814443002881
1861	1.906814443002881
1862	1.906814443002881
1863	1.9788062709342205
1864	1.9788062709342205
1865	2.0279012446334415
1866	2.0279012446334415
1867	2.0279012446334415
1868	2.0279012446334415
1869	2.0279012446334415
1870	2.0279012446334415
1871	2.0279012446334415
1872	2.0279012446334415
1873	2.0279012446334415
1874	2.0279012446334415
1875	2.3
1876	2.3
1877	2.3
1878	0.7239102477462922
1879	0.7239102477462922
1880	0.7239102477462922
1881	0.7239102477462922
1882	0.7239102477462922
1883	1.7500313463786275
1884	1.7500313463786275
1885	1.650396854620676
1886	1.650396854620676
1887	1.650396854620676
1888	1.650396854620676
1889	1.650396854620676
1890	1.650396854620676
1891	1.650396854620676
1892	1.650396854620676
1893	1.650396854620676
1894	1.650396854620676
1895	2.3
1896	2.3
1897	2.3
1898	2.3
1899	2.3
1900	2.3
1901	2.3
1902	2.3
1903	2.3
1904	2.3
1905	2.3
1906	2.3
1907	2.3
1908	2.3
1909	2.3
1910	2.3
1911	0.4867604265126997
1912	0.4867604265126997
1913	0.4867604265126997
1914	1.4062177891804533
1915	2.3
1916	2.3
1917	2.023451470812248
1918	2.023451470812248
1919	2.023451470812248
1920	2.023451470812248
1921	2.023451470812248
1922	2.023451470812248
1923	2.023451470812248
1924	2.023451470812248
1925	2.023451470812248
1926	2.023451470812248
1927	1.488806167551512
1928	1.287772918525425
1929	1.287772918525425
1930	1.287772918525425
1931	1.287772918525425
1932	1.287772918525425
1933	1.287772918525425
1934	1.287772918525425
1935	1.287772918525425
1936	1.287772918525425
1937	1.287772918525425
1938	2.3
1939	2.3
1940	2.3
1941	2.3
1942	2.3
1943	2.3
1944	2.3
1945	2.3
1946	2.3
1947	2.3
1948	0.1
1949	0.5948620905843669
1950	2.3
1951	2.3
1952	2.3
1953	2.3
1954	2.3
1955	2.3
1956	1.1530567689475808
1957	1.1530567689475808
1958	1.1530567689475808
1959	2.0776513711308744
1960	2.0776513711308744
1961	2.0776513711308744
1962	2.0776513711308744
1963	2.0776513711308744
1964	2.0776513711308744
1965	2.0776513711308744
1966	2.0776513711308744
1967	2.0776513711308744
1968	2.0776513711308744
1969	2.3
1970	2.3
1971	2.3
1972	2.3
1973	2.3
1974	2.3
1975	2.3
1976	2.3
1977	2.3
1978	2.3
1979	2.3
1980	1.3313613963147048
1981	1.3313613963147048
1982	1.3313613963147048
1983	1.5784844086753669
1984	1.5784844086753669
1985	1.5784844086753669
1986	1.5784844086753669
1987	1.5784844086753669
1988	1.5784844086753669
1989	1.5784844086753669
1990	1.5784844086753669
1991	1.5784844086753669
1992	1.5784844086753669
1993	1.553834927165689
1994	1.553834927165689
1995	1.8440445189277623
1996	1.8440445189277623
1997	1.8440445189277623
1998	2.213354433875302
1999	2.2803946518404863
2000	2.2803946518404863
2001	2.2803946518404863
2002	2.2803946518404863
2003	2.2803946518404863
2004	2.2803946518404863
2005	1.649767127748183
2006	2.3
2007	2.3
2008	2.3
2009	2.3
2010	2.3
2011	2.3
2012	1.9491293644055663
2013	1.9491293644055663
2014	1.9491293644055663
2015	1.9491293644055663
2016	1.9491293644055663
2017	1.736504048452012
2018	1.736504048452012
2019	1.736504048452012
2020	1.736504048452012
2021	1.736504048452012
2022	1.736504048452012
2023	1.736504048452012
2024	1.736504048452012
2025	1.736504048452012
2026	1.736504048452012
2027	2.3
2028	2.3
2029	2.3
2030	2.3
2031	2.3
2032	2.3
2033	2.3
2034	2.3
2035	2.3
2036	2.3
2037	2.2979537199814004
2038	2.2979537199814004
2039	2.2979537199814004
2040	2.2979537199814004
2041	2.2979537199814004
2042	1.2742314601129245
2043	1.2742314601129245
2044	1.2597239792969033
2045	1.2597239792969033
2046	1.2597239792969033
2047	1.2597239792969033
2048	1.2597239792969033
2049	1.2597239792969033
2050	1.9460537359523964
2051	1.9460537359523964
2052	1.9460537359523964
2053	2.299287727833144
2054	2.299287727833144
2055	1.6598189384303885
2056	1.6598189384303885
2057	2.3
2058	2.3
2059	2.3
2060	2.3
2061	2.3
2062	2.3
2063	2.3
2064	2.3
2065	2.3
2066	2.3
2067	0.1
2068	1.4460174611205563
2069	2.3
2070	2.3
2071	2.3
2072	2.3
2073	2.3
2074	2.3
2075	2.3
2076	2.3
2077	2.3
2078	2.3
2079	2.3
2080	2.3
2081	2.3
2082	2.03973628472905
2083	2.03973628472905
2084	2.03973628472905
2085	0.554627727732329
2086	0.554627727732329
2087	0.554627727732329
2088	0.554627727732329
2089	2.3
2090	2.3
2091	2.3
2092	2.3
2093	2.3
2094	0.642061928642455
2095	0.642061928642455
2096	0.642061928642455
2097	0.642061928642455
2098	0.642061928642455
2099	0.642061928642455
2100	1.8939435963497089
2101	1.8939435963497089
2102	1.8939435963497089
2103	1.8939435963497089
2104	2.3
2105	2.3
2106	2.3
2107	2.3
2108	2.3
2109	2.3
2110	1.1165756672205913
2111	1.1165756672205913
2112	1.1165756672205913
2113	1.1165756672205913
2114	1.1165756672205913
2115	1.1165756672205913
2116	1.1165756672205913
2117	1.1165756672205913
2118	1.1165756672205913
2119	1.1165756672205913
2120	2.3
2121	2.3
2122	2.3
2123	2.3
2124	2.3
2125	2.3
2126	2.3
2127	2.3
2128	2.3
2129	2.3
2130	0.726073061222354
2131	0.726073061222354
2132	0.726073061222354
2133	0.726073061222354
2134	0.726073061222354
2135	0.726073061222354
2136	0.726073061222354
2137	0.726073061222354
2138	0.726073061222354
2139	0.726073061222354
2140	2.3
2141	2.3
2142	2.3
2143	2.3
2144	2.3
2145	2.3
2146	2.3
2147	2.3
2148	2.3
2149	1.7082863427724866
2150	1.7082863427724866
2151	1.7082863427724866
2152	1.7082863427724866
2153	1.7082863427724866
2154	1.7082863427724866
2155	1.7082863427724866
2156	1.7082863427724866
2157	1.7082863427724866
2158	1.7082863427724866
2159	2.3
2160	2.3
2161	2.3
2162	1.2543541879760776
2163	1.2543541879760776
2164	2.3
2165	2.3
2166	2.3
2167	2.3
2168	2.3
2169	2.3
2170	2.1628633556059538
2171	2.1628633556059538
2172	2.1628633556059538
2173	2.1628633556059538
2174	2.1628633556059538
2175	2.3
2176	2.3
2177	2.3
2178	2.3
2179	2.3
2180	2.3
2181	2.3
2182	2.3
2183	2.2934847028143115
2184	2.2934847028143115
2185	2.2934847028143115
2186	2.3
2187	2.3
2188	2.3
2189	2.3
2190	2.3
2191	2.3
2192	2.3
2193	2.3
2194	2.3
2195	2.3
2196	2.3
2197	2.3
2198	2.3
2199	2.3
2200	2.3
2201	2.3
2202	2.3
2203	2.3
2204	2.3
2205	0.5049397242911242
2206	0.5049397242911242
2207	0.5049397242911242
2208	0.5049397242911242
2209	0.5049397242911242
2210	0.5049397242911242
2211	0.5049397242911242
2212	2.3
2213	2.3
2214	2.3
2215	2.3
2216	2.3
2217	2.3
2218	2.3
2219	2.3
2220	2.3
2221	2.3
2222	2.3
2223	2.3
2224	2.3
2225	2.3
2226	2.3
2227	2.3
2228	2.3
2229	2.3
2230	2.3
2231	2.3
2232	1.5472716220244165
2233	1.5472716220244165
2234	1.5472716220244165
2235	1.5472716220244165
2236	0.1
2237	0.1
2238	0.1
2239	0.1
2240	0.1
2241	0.1
2242	0.1
2243	0.1
2244	0.1
2245	0.1
2246	0.1
2247	2.3
2248	2.3
2249	2.3
2250	2.3
2251	2.131527137914313
2252	2.131527137914313
2253	2.131527137914313
2254	2.131527137914313
2255	2.131527137914313
2256	2.131527137914313
2257	2.131527137914313
2258	2.131527137914313
2259	2.131527137914313
2260	2.131527137914313
2261	2.3
2262	2.3
2263	2.3
2264	2.3
2265	2.3
2266	2.3
2267	2.3
2268	2.3
2269	2.3
2270	2.3
2271	2.18990230848951
2272	2.18990230848951
2273	1.0819166577046213
2274	1.0819166577046213
2275	1.0819166577046213
2276	1.0819166577046213
2277	1.1982510102338417
2278	1.1982510102338417
2279	1.1982510102338417
2280	1.1982510102338417
2281	1.1982510102338417
2282	1.1982510102338417
2283	1.4546242000359717
2284	1.4546242000359717
2285	1.4546242000359717
2286	1.4546242000359717
2287	1.4546242000359717
2288	1.4546242000359717
2289	1.4546242000359717
2290	1.4546242000359717
2291	1.4546242000359717
2292	1.4546242000359717
2293	1.2109522975721236
2294	1.2109522975721236
2295	1.2109522975721236
2296	1.2109522975721236
2297	1.2109522975721236
2298	1.2109522975721236
2299	1.2109522975721236
2300	1.2109522975721236
2301	1.2109522975721236
2302	1.2109522975721236
2303	0.1
2304	0.1
2305	0.1
2306	2.3
2307	2.3
2308	1.0461691862887288
2309	1.0461691862887288
2310	1.0461691862887288
2311	1.0461691862887288
2312	1.305536955954582
2313	1.305536955954582
2314	1.305536955954582
2315	1.305536955954582
2316	1.305536955954582
2317	2.288731875772256
2318	2.288731875772256
2319	2.288731875772256
2320	2.288731875772256
2321	1.941966116505995
2322	1.941966116505995
2323	2.3
2324	1.4110832394285984
2325	1.4110832394285984
2326	1.4110832394285984
2327	1.4110832394285984
2328	1.4110832394285984
2329	1.4110832394285984
2330	1.4110832394285984
2331	1.4110832394285984
2332	1.4110832394285984
2333	2.3
2334	2.3
2335	2.3
2336	2.3
2337	2.3
2338	1.7384510105658313
2339	1.7384510105658313
2340	1.7384510105658313
2341	1.7384510105658313
2342	1.7384510105658313
2343	1.7384510105658313
2344	1.7384510105658313
2345	1.7384510105658313
2346	1.7384510105658313
2347	1.7384510105658313
2348	2.3
2349	2.3
2350	2.3
2351	2.3
2352	2.3
2353	2.3
2354	0.7629680320039423
2355	0.7629680320039423
2356	0.7629680320039423
2357	0.7629680320039423
2358	0.7629680320039423
2359	0.7629680320039423
2360	0.7629680320039423
2361	0.7629680320039423
2362	0.7629680320039423
2363	0.7629680320039423
2364	0.1
2365	0.1
2366	0.1
2367	0.1
2368	2.3
2369	2.3
2370	2.3
2371	2.3
2372	2.3
2373	2.3
2374	1.363271992012758
2375	2.3
2376	2.3
2377	2.3
2378	2.3
2379	1.695760417863078
2380	1.695760417863078
2381	1.695760417863078
2382	1.695760417863078
2383	1.695760417863078
2384	0.1
2385	0.9768549437508008
2386	0.9768549437508008
2387	0.9768549437508008
2388	0.9768549437508008
2389	1.8865095751764946
2390	1.8865095751764946
2391	1.8865095751764946
2392	1.8865095751764946
2393	1.8865095751764946
2394	1.8865095751764946
2395	2.3
2396	2.3
2397	2.3
2398	2.3
2399	2.3
2400	2.3
2401	2.3
2402	2.3
2403	2.3
2404	2.3
2405	2.3
2406	2.3
2407	2.3
2408	2.3
2409	2.3
2410	2.3
2411	2.3
2412	2.3
2413	2.3
2414	2.3
2415	2.3
2416	2.3
2417	2.3
2418	2.3
2419	2.3
2420	2.3
2421	1.790590059519684
2422	1.790590059519684
2423	1.790590059519684
2424	1.790590059519684
2425	1.790590059519684
2426	1.790590059519684
2427	1.790590059519684
2428	1.790590059519684
2429	1.790590059519684
2430	1.790590059519684
2431	1.2185942798198242
2432	1.2185942798198242
2433	1.2185942798198242
2434	1.2185942798198242
2435	1.2185942798198242
2436	1.2185942798198242
2437	1.2185942798198242
2438	1.2185942798198242
2439	1.2185942798198242
2440	1.2185942798198242
2441	2.3
2442	2.3
2443	2.3
2444	2.3
2445	1.8316614463245964
2446	1.8316614463245964
2447	1.8316614463245964
2448	1.8316614463245964
2449	1.8316614463245964
2450	1.8316614463245964
2451	1.8316614463245964
2452	1.8316614463245964
2453	0.9799006822068888
2454	0.9799006822068888
2455	0.9799006822068888
2456	0.9799006822068888
2457	2.3
2458	2.3
2459	2.3
2460	2.3
2461	2.3
2462	2.3
2463	2.3
2464	2.3
2465	2.3
2466	2.3
2467	2.3
2468	2.3
2469	2.3
2470	2.3
2471	2.3
2472	2.3
2473	2.3
2474	2.3
2475	2.3
2476	2.3
2477	2.3
2478	2.3
2479	2.3
2480	2.3
2481	2.3
2482	1.7011588291633983
2483	1.7011588291633983
2484	0.525097471152451
2485	0.525097471152451
2486	2.3
2487	2.3
2488	2.3
2489	2.3
2490	2.3
2491	2.3
2492	2.3
2493	2.3
2494	1.4572045441154042
2495	1.4572045441154042
2496	1.4572045441154042
2497	2.3
2498	2.3
2499	2.3
2500	2.3
2501	2.3
2502	2.3
2503	1.5057079698125932
2504	1.5057079698125932
2505	1.5057079698125932
2506	1.9727114253641018
2507	1.7243412029651077
2508	1.7243412029651077
2509	1.7243412029651077
2510	1.7243412029651077
2511	1.7243412029651077
2512	1.7243412029651077
2513	1.7243412029651077
2514	1.7243412029651077
2515	1.7243412029651077
2516	0.1
2517	2.3
2518	2.3
2519	2.3
2520	0.1
2521	0.1
2522	0.1
2523	0.1
2524	0.1
2525	0.1
2526	0.1
2527	0.1
2528	0.1
2529	0.1
2530	2.3
2531	2.3
2532	2.3
2533	2.3
2534	2.3
2535	1.7035356137847748
2536	1.7035356137847748
2537	1.7035356137847748
2538	1.7035356137847748
2539	1.7035356137847748
2540	1.7035356137847748
2541	1.7035356137847748
2542	1.7035356137847748
2543	1.7035356137847748
2544	1.7035356137847748
2545	2.2506562087854034
2546	2.2506562087854034
2547	2.2506562087854034
2548	2.2506562087854034
2549	2.2506562087854034
2550	2.2506562087854034
2551	2.2506562087854034
2552	0.974833039928741
2553	0.974833039928741
2554	0.974833039928741
2555	0.974833039928741
2556	0.974833039928741
2557	0.974833039928741
2558	0.974833039928741
2559	1.4061924609769365
2560	1.4061924609769365
2561	1.4061924609769365
2562	1.4061924609769365
2563	1.4061924609769365
2564	1.4061924609769365
2565	1.4061924609769365
2566	1.4061924609769365
2567	1.4061924609769365
2568	1.4149181407022944
2569	1.4149181407022944
2570	1.4149181407022944
2571	1.4149181407022944
2572	1.4149181407022944
2573	1.4149181407022944
2574	1.4149181407022944
2575	1.4149181407022944
2576	1.4149181407022944
2577	1.4149181407022944
2578	2.3
2579	2.3
2580	2.3
2581	2.3
2582	2.3
2583	2.3
2584	2.3
2585	2.3
2586	2.3
2587	2.3
2588	2.3
2589	2.3
2590	2.3
2591	2.3
2592	2.3
2593	2.3
2594	2.3
2595	0.6755916309644995
2596	0.6755916309644995
2597	1.0805512135035462
2598	1.0805512135035462
2599	1.0805512135035462
2600	1.0805512135035462
2601	1.0805512135035462
2602	1.0805512135035462
2603	1.0805512135035462
2604	1.0805512135035462
2605	1.0805512135035462
2606	1.0805512135035462
2607	2.3
2608	2.3
2609	2.3
2610	2.3
2611	2.3
2612	2.3
2613	2.3
2614	2.3
2615	2.3
2616	2.3
2617	2.3
2618	2.3
2619	2.3
2620	2.3
2621	2.3
2622	1.835135036600875
2623	2.3
2624	2.3
2625	2.3
2626	2.3
2627	2.3
2628	2.3
2629	2.3
2630	2.3
2631	2.3
2632	2.3
2633	2.3
2634	1.8888394002933873
2635	1.8888394002933873
2636	2.3
2637	0.1
2638	0.1
2639	0.1
2640	0.1
2641	0.1
2642	0.1
2643	0.1
2644	0.1
2645	0.1
2646	0.1
2647	0.7530476807165856
2648	0.7530476807165856
2649	0.7530476807165856
2650	0.7530476807165856
2651	0.7530476807165856
2652	0.7530476807165856
2653	0.7530476807165856
2654	0.7530476807165856
2655	0.7530476807165856
2656	0.7530476807165856
2657	2.3
2658	2.3
2659	2.3
2660	1.420471021094331
2661	1.420471021094331
2662	1.420471021094331
2663	2.3
2664	2.3
2665	2.3
2666	2.3
2667	2.3
2668	2.3
2669	2.3
2670	2.3
2671	2.3
2672	0.2400783092498311
2673	2.3
2674	2.3
2675	2.3
2676	2.3
2677	2.3
2678	2.3
2679	2.3
2680	2.3
2681	2.3
2682	1.7901962374438836
2683	1.7901962374438836
2684	1.7901962374438836
2685	1.7901962374438836
2686	1.7901962374438836
2687	0.1
2688	0.1
2689	0.28171954717363157
2690	0.28171954717363157
2691	0.28171954717363157
2692	0.28171954717363157
2693	0.28171954717363157
2694	0.28171954717363157
2695	0.28171954717363157
2696	0.28171954717363157
2697	0.28171954717363157
2698	0.28171954717363157
2699	2.3
2700	2.3
2701	2.3
2702	2.3
2703	2.3
2704	2.3
2705	2.3
2706	2.3
2707	2.3
2708	2.3
2709	2.3
2710	2.3
2711	2.3
2712	2.3
2713	1.5363315147556456
2714	1.5363315147556456
2715	1.5363315147556456
2716	1.5363315147556456
2717	1.5363315147556456
2718	1.5363315147556456
2719	1.5363315147556456
2720	1.5363315147556456
2721	1.5363315147556456
2722	1.5363315147556456
2723	2.3
2724	2.3
2725	2.3
2726	1.5874319184306933
2727	1.5874319184306933
2728	1.5874319184306933
2729	1.5874319184306933
2730	1.5874319184306933
2731	2.021009446660364
2732	2.021009446660364
2733	2.021009446660364
2734	2.021009446660364
2735	2.021009446660364
2736	2.021009446660364
2737	2.3
2738	2.3
2739	2.3
2740	2.3
2741	2.3
2742	2.3
2743	2.3
2744	2.3
2745	2.3
2746	2.3
2747	2.3
2748	2.3
2749	2.3
2750	2.3
2751	2.3
2752	2.3
2753	2.3
2754	2.3
2755	2.3
2756	2.3
2757	2.3
2758	2.3
2759	2.3
2760	2.3
2761	2.3
2762	2.3
2763	1.5429709892503767
2764	1.5429709892503767
2765	2.3
2766	2.3
2767	2.3
2768	2.3
2769	2.3
2770	2.3
2771	2.3
2772	2.3
2773	1.5960694245172458
2774	1.5960694245172458
2775	1.5960694245172458
2776	1.642878113627846
2777	1.642878113627846
2778	1.642878113627846
2779	1.642878113627846
2780	1.642878113627846
2781	1.642878113627846
2782	1.642878113627846
2783	1.642878113627846
2784	1.642878113627846
2785	1.642878113627846
2786	1.6882064037164461
2787	1.6882064037164461
2788	1.6882064037164461
2789	2.3
