0	41.4
1	41.4
2	41.4
3	41.4
4	41.4
5	41.4
6	41.4
7	41.4
8	41.4
9	41.19599369528793
10	41.19599369528793
11	41.19599369528793
12	41.19599369528793
13	41.19599369528793
14	41.19599369528793
15	41.19599369528793
16	41.19599369528793
17	41.19599369528793
18	41.4
19	41.4
20	41.4
21	41.4
22	41.4
23	41.4
24	41.4
25	41.4
26	41.4
27	41.4
28	41.4
29	41.4
30	41.4
31	41.4
32	41.4
33	41.4
34	41.4
35	41.4
36	41.4
37	41.4
38	41.4
39	41.4
40	41.4
41	41.4
42	41.4
43	41.4
44	41.4
45	41.4
46	41.4
47	41.4
48	41.4
49	41.4
50	41.4
51	41.4
52	41.4
53	41.4
54	41.4
55	41.4
56	41.4
57	41.4
58	41.4
59	41.4
60	41.4
61	41.4
62	41.4
63	17.91687213757737
64	17.91687213757737
65	17.91687213757737
66	17.91687213757737
67	17.91687213757737
68	17.91687213757737
69	17.91687213757737
70	17.91687213757737
71	17.91687213757737
72	41.4
73	41.4
74	41.4
75	41.4
76	41.4
77	41.4
78	41.4
79	41.4
80	41.4
81	3.847511963500274
82	3.847511963500274
83	3.847511963500274
84	3.847511963500274
85	3.847511963500274
86	3.847511963500274
87	3.847511963500274
88	3.847511963500274
89	3.847511963500274
90	41.4
91	41.4
92	41.4
93	41.4
94	41.4
95	41.4
96	41.4
97	41.4
98	41.4
99	25.68265163180765
100	25.68265163180765
101	25.68265163180765
102	25.68265163180765
103	25.68265163180765
104	25.68265163180765
105	25.68265163180765
106	25.68265163180765
107	25.68265163180765
108	34.48194728934824
109	34.48194728934824
110	34.48194728934824
111	34.48194728934824
112	34.48194728934824
113	34.48194728934824
114	34.48194728934824
115	34.48194728934824
116	34.48194728934824
117	41.4
118	41.4
119	41.4
120	41.4
121	41.4
122	41.4
123	41.4
124	41.4
125	41.4
126	41.4
127	41.4
128	41.4
129	41.4
130	41.4
131	41.4
132	41.4
133	41.4
134	41.4
135	8.64633213366599
136	8.64633213366599
137	8.64633213366599
138	8.64633213366599
139	8.64633213366599
140	8.64633213366599
141	8.64633213366599
142	8.64633213366599
143	8.64633213366599
144	41.4
145	41.4
146	41.4
147	41.4
148	41.4
149	41.4
150	41.4
151	41.4
152	41.4
153	0.1
154	0.1
155	0.1
156	0.1
157	0.1
158	0.1
159	0.1
160	0.1
161	0.1
162	41.4
163	41.4
164	41.4
165	41.4
166	41.4
167	41.4
168	41.4
169	41.4
170	41.4
171	25.14842224939968
172	25.14842224939968
173	25.14842224939968
174	25.14842224939968
175	25.14842224939968
176	25.14842224939968
177	25.14842224939968
178	25.14842224939968
179	25.14842224939968
180	20.970711015321328
181	20.970711015321328
182	20.970711015321328
183	20.970711015321328
184	20.970711015321328
185	20.970711015321328
186	20.970711015321328
187	20.970711015321328
188	20.970711015321328
189	41.4
190	41.4
191	41.4
192	41.4
193	41.4
194	41.4
195	41.4
196	41.4
197	41.4
198	33.16601278874791
199	0.5175380986778819
200	0.5175380986778819
201	0.5175380986778819
202	0.5175380986778819
203	0.5175380986778819
204	0.5175380986778819
205	0.5175380986778819
206	0.5175380986778819
207	0.5175380986778819
208	41.4
209	41.4
210	41.4
211	41.4
212	41.4
213	41.4
214	41.4
215	41.4
216	41.4
217	30.50286713637149
218	30.50286713637149
219	30.50286713637149
220	30.50286713637149
221	30.50286713637149
222	30.50286713637149
223	30.50286713637149
224	30.50286713637149
225	30.50286713637149
226	41.4
227	41.4
228	41.4
229	41.4
230	41.4
231	41.4
232	41.4
233	41.4
234	41.4
235	16.002709884289565
236	16.002709884289565
237	16.002709884289565
238	16.002709884289565
239	16.002709884289565
240	16.002709884289565
241	16.002709884289565
242	16.002709884289565
243	16.002709884289565
244	41.4
245	41.4
246	41.4
247	41.4
248	41.4
249	41.4
250	41.4
251	41.4
252	41.4
253	41.4
254	41.4
255	41.4
256	41.4
257	41.4
258	41.4
259	41.4
260	41.4
261	41.4
262	40.22408771192334
263	40.22408771192334
264	40.22408771192334
265	40.22408771192334
266	40.22408771192334
267	40.22408771192334
268	40.22408771192334
269	40.22408771192334
270	40.22408771192334
271	41.4
272	41.4
273	41.4
274	41.4
275	41.4
276	41.4
277	41.4
278	41.4
279	41.4
280	22.55455277853319
281	22.55455277853319
282	22.55455277853319
283	22.55455277853319
284	22.55455277853319
285	22.55455277853319
286	22.55455277853319
287	22.55455277853319
288	22.55455277853319
289	28.933282788192642
290	28.933282788192642
291	28.933282788192642
292	28.933282788192642
293	28.933282788192642
294	28.933282788192642
295	28.933282788192642
296	28.933282788192642
297	28.933282788192642
298	41.4
299	41.4
300	41.4
301	41.4
302	41.4
303	41.4
304	41.4
305	41.4
306	41.4
307	41.4
308	41.4
309	41.4
310	41.4
311	41.4
312	41.4
313	41.4
314	41.4
315	41.4
316	38.531307685631724
317	38.531307685631724
318	38.531307685631724
319	38.531307685631724
320	38.531307685631724
321	38.531307685631724
322	38.531307685631724
323	38.531307685631724
324	38.531307685631724
325	41.4
326	41.4
327	41.4
328	41.4
329	41.4
330	41.4
331	41.4
332	41.4
333	41.4
334	34.1306546296229
335	34.1306546296229
336	34.1306546296229
337	34.1306546296229
338	34.1306546296229
339	34.1306546296229
340	34.1306546296229
341	34.1306546296229
342	34.1306546296229
343	0.1
344	0.1
345	0.1
346	0.1
347	0.1
348	0.1
349	0.1
350	0.1
351	0.1
352	41.4
353	41.4
354	41.4
355	41.4
356	41.4
357	41.4
358	41.4
359	41.4
360	41.4
361	41.4
362	41.4
363	41.4
364	41.4
365	41.4
366	41.4
367	41.4
368	41.4
369	41.4
370	41.4
371	41.4
372	41.4
373	41.4
374	41.4
375	41.4
376	41.4
377	41.4
378	41.4
379	41.4
380	41.4
381	41.4
382	41.4
383	41.4
384	41.4
385	41.4
386	41.4
387	41.4
388	41.4
389	41.4
390	41.4
391	41.4
392	41.4
393	41.4
394	41.4
395	41.4
396	41.4
397	41.4
398	41.4
399	41.4
400	41.4
401	41.4
402	41.4
403	41.4
404	41.4
405	41.4
406	29.972543973310167
407	29.972543973310167
408	29.972543973310167
409	29.972543973310167
410	29.972543973310167
411	29.972543973310167
412	29.972543973310167
413	29.972543973310167
414	29.972543973310167
415	0.1
416	0.1
417	0.1
418	0.1
419	0.1
420	0.1
421	0.1
422	0.1
423	0.1
424	31.912964883918413
425	31.912964883918413
426	31.912964883918413
427	31.912964883918413
428	31.912964883918413
429	31.912964883918413
430	31.912964883918413
431	31.912964883918413
432	31.912964883918413
433	41.4
434	41.4
435	41.4
436	41.4
437	41.4
438	41.4
439	41.4
440	41.4
441	41.4
442	4.799095016133386
443	4.799095016133386
444	4.799095016133386
445	4.799095016133386
446	4.799095016133386
447	4.799095016133386
448	4.799095016133386
449	4.799095016133386
450	4.799095016133386
451	29.828475406538132
452	29.828475406538132
453	29.828475406538132
454	29.828475406538132
455	29.828475406538132
456	29.828475406538132
457	29.828475406538132
458	29.828475406538132
459	29.828475406538132
460	19.7029227532705
461	19.7029227532705
462	19.7029227532705
463	19.7029227532705
464	19.7029227532705
465	19.7029227532705
466	19.7029227532705
467	19.7029227532705
468	19.7029227532705
469	41.4
470	41.4
471	41.4
472	41.4
473	41.4
474	41.4
475	41.4
476	41.4
477	41.4
478	24.39969061652023
479	24.39969061652023
480	24.39969061652023
481	24.39969061652023
482	24.39969061652023
483	24.39969061652023
484	24.39969061652023
485	24.39969061652023
486	24.39969061652023
487	22.699755562694612
488	22.699755562694612
489	22.699755562694612
490	22.699755562694612
491	22.699755562694612
492	22.699755562694612
493	22.699755562694612
494	22.699755562694612
495	22.699755562694612
496	41.4
497	41.4
498	41.4
499	41.4
500	41.4
501	41.4
502	41.4
503	41.4
504	41.4
505	41.4
506	41.4
507	41.4
508	41.4
509	41.4
510	41.4
511	41.4
512	41.4
513	41.4
514	41.4
515	41.4
516	41.4
517	41.4
518	41.4
519	41.4
520	41.4
521	41.4
522	41.4
523	41.4
524	41.4
525	41.4
526	41.4
527	41.4
528	41.4
529	41.4
530	41.4
531	41.4
532	41.4
533	41.4
534	41.4
535	41.4
536	41.4
537	41.4
538	41.4
539	41.4
540	41.4
541	41.4
542	37.49764838959449
543	37.49764838959449
544	37.49764838959449
545	37.49764838959449
546	37.49764838959449
547	37.49764838959449
548	37.49764838959449
549	37.49764838959449
550	37.49764838959449
551	19.267057457831932
552	19.267057457831932
553	19.267057457831932
554	19.267057457831932
555	19.267057457831932
556	19.267057457831932
557	19.267057457831932
558	19.267057457831932
559	19.267057457831932
560	41.4
561	41.4
562	41.4
563	41.4
564	41.4
565	41.4
566	41.4
567	41.4
568	41.4
569	10.724383058468852
570	10.724383058468852
571	10.724383058468852
572	10.724383058468852
573	10.724383058468852
574	10.724383058468852
575	10.724383058468852
576	10.724383058468852
577	10.724383058468852
578	23.358125176013402
579	23.358125176013402
580	23.358125176013402
581	23.358125176013402
582	23.358125176013402
583	23.358125176013402
584	23.358125176013402
585	23.358125176013402
586	23.358125176013402
587	41.4
588	41.4
589	41.4
590	41.4
591	41.4
592	41.4
593	41.4
594	41.4
595	41.4
596	6.527545428572537
597	6.527545428572537
598	6.527545428572537
599	6.527545428572537
600	6.527545428572537
601	6.527545428572537
602	6.527545428572537
603	6.527545428572537
604	6.527545428572537
605	29.318695695489446
606	29.318695695489446
607	29.318695695489446
608	29.318695695489446
609	29.318695695489446
610	29.318695695489446
611	29.318695695489446
612	29.318695695489446
613	29.318695695489446
614	41.4
615	41.4
616	41.4
617	41.4
618	41.4
619	41.4
620	41.4
621	41.4
622	41.4
623	0.1
624	0.1
625	0.1
626	0.1
627	0.1
628	0.1
629	0.1
630	0.1
631	0.1
632	41.4
633	41.4
634	41.4
635	41.4
636	41.4
637	41.4
638	41.4
639	41.4
640	41.4
641	41.4
642	41.4
643	41.4
644	41.4
645	41.4
646	41.4
647	41.4
648	41.4
649	41.4
650	41.4
651	41.4
652	41.4
653	41.4
654	41.4
655	41.4
656	41.4
657	41.4
658	41.4
659	41.4
660	41.4
661	41.4
662	41.4
663	41.4
664	41.4
665	41.4
666	41.4
667	41.4
668	41.4
669	41.4
670	41.4
671	41.4
672	41.4
673	41.4
674	41.4
675	41.4
676	41.4
677	41.4
678	41.4
679	41.4
680	41.4
681	41.4
682	41.4
683	41.4
684	41.4
685	41.4
686	41.4
687	41.4
688	41.4
689	41.4
690	41.4
691	41.4
692	41.4
693	41.4
694	41.4
695	36.12031327320869
696	36.12031327320869
697	36.12031327320869
698	36.12031327320869
699	36.12031327320869
700	36.12031327320869
701	36.12031327320869
702	36.12031327320869
703	36.12031327320869
704	9.343856526944808
705	9.343856526944808
706	9.343856526944808
707	9.343856526944808
708	9.343856526944808
709	9.343856526944808
710	9.343856526944808
711	9.343856526944808
712	9.343856526944808
713	0.1
714	0.1
715	0.1
716	0.1
717	0.1
718	0.1
719	0.1
720	0.1
721	0.1
722	25.96914221963832
723	25.96914221963832
724	25.96914221963832
725	25.96914221963832
726	25.96914221963832
727	25.96914221963832
728	25.96914221963832
729	25.96914221963832
730	25.96914221963832
731	41.4
732	41.4
733	41.4
734	41.4
735	41.4
736	41.4
737	41.4
738	41.4
739	41.4
740	41.4
741	41.4
742	41.4
743	41.4
744	41.4
745	41.4
746	41.4
747	41.4
748	41.4
749	5.642535212813591
750	5.642535212813591
751	5.642535212813591
752	5.642535212813591
753	5.642535212813591
754	5.642535212813591
755	5.642535212813591
756	5.642535212813591
757	5.642535212813591
758	28.146777330114666
759	28.146777330114666
760	28.146777330114666
761	28.146777330114666
762	28.146777330114666
763	28.146777330114666
764	28.146777330114666
765	28.146777330114666
766	28.146777330114666
767	41.4
768	41.4
769	41.4
770	41.4
771	41.4
772	41.4
773	41.4
774	41.4
775	41.4
776	41.4
777	41.4
778	41.4
779	41.4
780	41.4
781	41.4
782	41.4
783	41.4
784	41.4
785	41.4
786	41.4
787	41.4
788	41.4
789	41.4
790	41.4
791	41.4
792	41.4
793	41.4
794	32.504954256134106
795	32.504954256134106
796	32.504954256134106
797	32.504954256134106
798	32.504954256134106
799	32.504954256134106
800	32.504954256134106
801	32.504954256134106
802	32.504954256134106
803	41.4
804	41.4
805	41.4
806	41.4
807	41.4
808	41.4
809	41.4
810	41.4
811	41.4
812	31.842692065654266
813	31.842692065654266
814	31.842692065654266
815	31.842692065654266
816	31.842692065654266
817	31.842692065654266
818	31.842692065654266
819	31.842692065654266
820	31.842692065654266
821	41.4
822	41.4
823	41.4
824	41.4
825	41.4
826	41.4
827	41.4
828	41.4
829	41.4
830	41.4
831	41.4
832	41.4
833	41.4
834	41.4
835	41.4
836	41.4
837	41.4
838	41.4
839	40.75368957326151
840	40.75368957326151
841	40.75368957326151
842	40.75368957326151
843	40.75368957326151
844	40.75368957326151
845	40.75368957326151
846	40.75368957326151
847	40.75368957326151
848	41.4
849	41.4
850	41.4
851	41.4
852	41.4
853	41.4
854	41.4
855	41.4
856	41.4
857	27.915484587363828
858	27.915484587363828
859	27.915484587363828
860	27.915484587363828
861	27.915484587363828
862	27.915484587363828
863	27.915484587363828
864	27.915484587363828
865	27.915484587363828
866	35.22394175806642
867	35.22394175806642
868	35.22394175806642
869	35.22394175806642
870	35.22394175806642
871	35.22394175806642
872	35.22394175806642
873	35.22394175806642
874	35.22394175806642
875	41.4
876	41.4
877	41.4
878	41.4
879	41.4
880	41.4
881	41.4
882	41.4
883	41.4
884	41.4
885	41.4
886	41.4
887	41.4
888	41.4
889	41.4
890	41.4
891	41.4
892	41.4
893	31.544339288018616
894	31.544339288018616
895	31.544339288018616
896	31.544339288018616
897	31.544339288018616
898	31.544339288018616
899	31.544339288018616
900	31.544339288018616
901	31.544339288018616
902	41.4
903	41.4
904	41.4
905	41.4
906	41.4
907	41.4
908	41.4
909	41.4
910	41.4
911	39.638584706016395
912	39.638584706016395
913	39.638584706016395
914	39.638584706016395
915	39.638584706016395
916	39.638584706016395
917	39.638584706016395
918	39.638584706016395
919	39.638584706016395
920	41.4
921	41.4
922	41.4
923	41.4
924	41.4
925	41.4
926	41.4
927	41.4
928	41.4
929	41.4
930	41.4
931	41.4
932	41.4
933	41.4
934	41.4
935	41.4
936	41.4
937	41.4
938	30.78520182351101
939	30.78520182351101
940	30.78520182351101
941	30.78520182351101
942	30.78520182351101
943	30.78520182351101
944	30.78520182351101
945	30.78520182351101
946	30.78520182351101
947	38.34819341212238
948	38.34819341212238
949	38.34819341212238
950	38.34819341212238
951	38.34819341212238
952	38.34819341212238
953	38.34819341212238
954	38.34819341212238
955	38.34819341212238
956	34.53983990362962
957	34.53983990362962
958	34.53983990362962
959	34.53983990362962
960	34.53983990362962
961	34.53983990362962
962	34.53983990362962
963	34.53983990362962
964	34.53983990362962
965	18.324274259138505
966	18.324274259138505
967	18.324274259138505
968	18.324274259138505
969	18.324274259138505
970	18.324274259138505
971	18.324274259138505
972	18.324274259138505
973	18.324274259138505
974	7.935121786750074
975	7.935121786750074
976	7.935121786750074
977	7.935121786750074
978	7.935121786750074
979	7.935121786750074
980	7.935121786750074
981	7.935121786750074
982	7.935121786750074
983	24.930941502290587
984	24.930941502290587
985	24.930941502290587
986	24.930941502290587
987	24.930941502290587
988	24.930941502290587
989	24.930941502290587
990	24.930941502290587
991	24.930941502290587
992	41.4
993	41.4
994	41.4
995	41.4
996	41.4
997	41.4
998	41.4
999	41.4
1000	41.4
1001	36.416080290990145
1002	36.416080290990145
1003	36.416080290990145
1004	36.416080290990145
1005	36.416080290990145
1006	36.416080290990145
1007	36.416080290990145
1008	36.416080290990145
1009	36.416080290990145
1010	0.1
1011	0.1
1012	0.1
1013	0.1
1014	0.1
1015	0.1
1016	0.1
1017	0.1
1018	0.1
1019	41.4
1020	41.4
1021	41.4
1022	41.4
1023	41.4
1024	41.4
1025	41.4
1026	41.4
1027	41.4
1028	41.4
1029	41.4
1030	41.4
1031	41.4
1032	41.4
1033	41.4
1034	41.4
1035	41.4
1036	41.4
1037	41.4
1038	41.4
1039	41.4
1040	41.4
1041	41.4
1042	41.4
1043	41.4
1044	41.4
1045	41.4
1046	24.95518500329175
1047	24.95518500329175
1048	24.95518500329175
1049	24.95518500329175
1050	24.95518500329175
1051	24.95518500329175
1052	24.95518500329175
1053	24.95518500329175
1054	24.95518500329175
1055	30.751017995200822
1056	30.751017995200822
1057	30.751017995200822
1058	30.751017995200822
1059	30.751017995200822
1060	30.751017995200822
1061	30.751017995200822
1062	30.751017995200822
1063	30.751017995200822
1064	41.4
1065	41.4
1066	41.4
1067	41.4
1068	41.4
1069	41.4
1070	41.4
1071	41.4
1072	41.4
1073	41.4
1074	41.4
1075	41.4
1076	41.4
1077	41.4
1078	41.4
1079	41.4
1080	41.4
1081	41.4
1082	41.4
1083	41.4
1084	41.4
1085	41.4
1086	41.4
1087	41.4
1088	41.4
1089	41.4
1090	41.4
1091	41.4
1092	41.4
1093	41.4
1094	41.4
1095	41.4
1096	41.4
1097	41.4
1098	41.4
1099	41.4
1100	41.4
1101	41.4
1102	41.4
1103	41.4
1104	41.4
1105	41.4
1106	41.4
1107	41.4
1108	41.4
1109	41.4
1110	41.4
1111	41.4
1112	41.4
1113	41.4
1114	41.4
1115	41.4
1116	41.4
1117	41.4
1118	16.601511243681983
1119	16.601511243681983
1120	16.601511243681983
1121	16.601511243681983
1122	16.601511243681983
1123	16.601511243681983
1124	16.601511243681983
1125	16.601511243681983
1126	16.601511243681983
1127	41.4
1128	41.4
1129	41.4
1130	41.4
1131	41.4
1132	41.4
1133	41.4
1134	41.4
1135	41.4
1136	41.4
1137	41.4
1138	41.4
1139	41.4
1140	41.4
1141	41.4
1142	41.4
1143	41.4
1144	41.4
1145	41.4
1146	41.4
1147	41.4
1148	41.4
1149	41.4
1150	41.4
1151	41.4
1152	41.4
1153	41.4
1154	27.57699121974898
1155	27.57699121974898
1156	27.57699121974898
1157	27.57699121974898
1158	27.57699121974898
1159	27.57699121974898
1160	27.57699121974898
1161	27.57699121974898
1162	27.57699121974898
1163	35.70952520881303
1164	35.70952520881303
1165	35.70952520881303
1166	35.70952520881303
1167	35.70952520881303
1168	35.70952520881303
1169	35.70952520881303
1170	35.70952520881303
1171	35.70952520881303
1172	41.4
1173	41.4
1174	41.4
1175	41.4
1176	30.041121838790104
1177	30.041121838790104
1178	30.041121838790104
1179	30.041121838790104
1180	30.041121838790104
1181	30.041121838790104
1182	30.041121838790104
1183	30.041121838790104
1184	30.041121838790104
1185	41.4
1186	41.4
1187	41.4
1188	41.4
1189	41.4
1190	41.4
1191	41.4
1192	41.4
1193	41.4
1194	3.9361180127315194
1195	3.9361180127315194
1196	3.9361180127315194
1197	3.9361180127315194
1198	3.9361180127315194
1199	3.9361180127315194
1200	3.9361180127315194
1201	3.9361180127315194
1202	3.9361180127315194
1203	32.12311971718614
1204	32.12311971718614
1205	32.12311971718614
1206	32.12311971718614
1207	32.12311971718614
1208	32.12311971718614
1209	32.12311971718614
1210	32.12311971718614
1211	32.12311971718614
1212	41.4
1213	41.4
1214	41.4
1215	41.4
1216	41.4
1217	41.4
1218	41.4
1219	41.4
1220	41.4
1221	41.4
1222	41.4
1223	41.4
1224	41.4
1225	41.4
1226	41.4
1227	41.4
1228	41.4
1229	41.4
1230	22.30958448131645
1231	22.30958448131645
1232	22.30958448131645
1233	22.30958448131645
1234	22.30958448131645
1235	22.30958448131645
1236	22.30958448131645
1237	22.30958448131645
1238	22.30958448131645
1239	20.12687459822622
1240	20.12687459822622
1241	20.12687459822622
1242	20.12687459822622
1243	20.12687459822622
1244	20.12687459822622
1245	20.12687459822622
1246	20.12687459822622
1247	20.12687459822622
1248	31.329118030645883
1249	31.329118030645883
1250	31.329118030645883
1251	31.329118030645883
1252	31.329118030645883
1253	31.329118030645883
1254	31.329118030645883
1255	31.329118030645883
1256	31.329118030645883
1257	41.4
1258	41.4
1259	41.4
1260	41.4
1261	41.4
1262	41.4
1263	41.4
1264	41.4
1265	41.4
1266	41.4
1267	41.4
1268	41.4
1269	41.4
1270	41.4
1271	41.4
1272	41.4
1273	41.4
1274	41.4
1275	41.4
1276	41.4
1277	41.4
1278	41.4
1279	41.4
1280	41.4
1281	41.4
1282	41.4
1283	41.4
1284	33.79935383889703
1285	33.79935383889703
1286	33.79935383889703
1287	33.79935383889703
1288	33.79935383889703
1289	33.79935383889703
1290	33.79935383889703
1291	33.79935383889703
1292	33.79935383889703
1293	19.822004775370566
1294	19.822004775370566
1295	19.822004775370566
1296	19.822004775370566
1297	19.822004775370566
1298	19.822004775370566
1299	19.822004775370566
1300	19.822004775370566
1301	19.822004775370566
1302	41.4
1303	41.4
1304	41.4
1305	41.4
1306	41.4
1307	41.4
1308	41.4
1309	41.4
1310	41.4
1311	41.4
1312	41.4
1313	41.4
1314	41.4
1315	41.4
1316	41.4
1317	41.4
1318	41.4
1319	41.4
1320	41.4
1321	41.4
1322	41.4
1323	41.4
1324	41.4
1325	41.4
1326	41.4
1327	41.4
1328	41.4
1329	8.131915851513035
1330	8.131915851513035
1331	8.131915851513035
1332	8.131915851513035
1333	8.131915851513035
1334	8.131915851513035
1335	8.131915851513035
1336	8.131915851513035
1337	8.131915851513035
1338	22.735818221906225
1339	22.735818221906225
1340	22.735818221906225
1341	22.735818221906225
1342	22.735818221906225
1343	22.735818221906225
1344	41.4
1345	41.4
1346	41.4
1347	41.4
1348	41.4
1349	41.4
1350	41.4
1351	41.4
1352	41.4
1353	41.4
1354	41.4
1355	41.4
1356	41.4
1357	41.4
1358	41.4
1359	41.4
1360	41.4
1361	41.4
1362	13.560022615477113
1363	13.560022615477113
1364	13.560022615477113
1365	13.560022615477113
1366	13.560022615477113
1367	13.560022615477113
1368	13.560022615477113
1369	13.560022615477113
1370	13.560022615477113
1371	41.4
1372	41.4
1373	41.4
1374	41.4
1375	41.4
1376	41.4
1377	41.4
1378	41.4
1379	41.4
1380	8.243049589267489
1381	8.243049589267489
1382	8.243049589267489
1383	8.243049589267489
1384	8.243049589267489
1385	8.243049589267489
1386	8.243049589267489
1387	8.243049589267489
1388	8.243049589267489
1389	23.074259095964177
1390	23.074259095964177
1391	23.074259095964177
1392	23.074259095964177
1393	23.074259095964177
1394	23.074259095964177
1395	23.074259095964177
1396	23.074259095964177
1397	23.074259095964177
1398	41.4
1399	41.4
1400	41.4
1401	41.4
1402	41.4
1403	41.4
1404	41.4
1405	41.4
1406	41.4
1407	34.90027325044578
1408	34.90027325044578
1409	34.90027325044578
1410	34.90027325044578
1411	34.90027325044578
1412	34.90027325044578
1413	34.90027325044578
1414	34.90027325044578
1415	34.90027325044578
1416	31.970216112289396
1417	31.970216112289396
1418	31.970216112289396
1419	31.970216112289396
1420	31.970216112289396
1421	31.970216112289396
1422	31.970216112289396
1423	31.970216112289396
1424	31.970216112289396
1425	41.083388133680174
1426	41.083388133680174
1427	41.083388133680174
1428	41.083388133680174
1429	41.083388133680174
1430	41.083388133680174
1431	41.083388133680174
1432	41.083388133680174
1433	41.083388133680174
1434	41.4
1435	41.4
1436	41.4
1437	41.4
1438	41.4
1439	41.4
1440	41.4
1441	41.4
1442	41.4
1443	8.02615436782548
1444	8.02615436782548
1445	8.02615436782548
1446	21.186258038675717
1447	21.186258038675717
1448	21.186258038675717
1449	21.186258038675717
1450	21.186258038675717
1451	21.186258038675717
1452	21.186258038675717
1453	21.186258038675717
1454	21.186258038675717
1455	4.3683106005191945
1456	4.3683106005191945
1457	4.3683106005191945
1458	4.3683106005191945
1459	4.3683106005191945
1460	4.3683106005191945
1461	4.3683106005191945
1462	4.3683106005191945
1463	4.3683106005191945
1464	0.1
1465	0.1
1466	0.1
1467	0.1
1468	0.1
1469	0.1
1470	0.1
1471	0.1
1472	0.1
1473	41.4
1474	41.4
1475	41.4
1476	41.4
1477	41.4
1478	41.4
1479	41.4
1480	41.4
1481	41.4
1482	41.4
1483	41.4
1484	41.4
1485	41.4
1486	41.4
1487	41.4
1488	41.4
1489	41.4
1490	41.4
1491	41.4
1492	41.4
1493	41.4
1494	41.4
1495	41.4
1496	41.4
1497	41.4
1498	41.4
1499	41.4
1500	41.4
1501	41.4
1502	41.4
1503	41.4
1504	41.4
1505	41.4
1506	41.4
1507	41.4
1508	41.4
1509	26.76505563650945
1510	26.76505563650945
1511	26.76505563650945
1512	26.76505563650945
1513	26.76505563650945
1514	26.76505563650945
1515	26.76505563650945
1516	26.76505563650945
1517	26.76505563650945
1518	33.630063576222554
1519	33.630063576222554
1520	33.630063576222554
1521	33.630063576222554
1522	33.630063576222554
1523	33.630063576222554
1524	33.630063576222554
1525	33.630063576222554
1526	33.630063576222554
1527	28.32135366584027
1528	28.32135366584027
1529	28.32135366584027
1530	28.32135366584027
1531	28.32135366584027
1532	28.32135366584027
1533	28.32135366584027
1534	28.32135366584027
1535	28.32135366584027
1536	41.4
1537	41.4
1538	41.4
1539	41.4
1540	41.4
1541	41.4
1542	41.4
1543	41.4
1544	41.4
1545	41.4
1546	41.4
1547	41.4
1548	41.4
1549	41.4
1550	41.4
1551	33.771953361742774
1552	33.771953361742774
1553	33.771953361742774
1554	33.771953361742774
1555	33.771953361742774
1556	33.771953361742774
1557	33.771953361742774
1558	33.771953361742774
1559	33.771953361742774
1560	41.4
1561	41.4
1562	41.4
1563	41.4
1564	41.4
1565	41.4
1566	41.4
1567	41.4
1568	41.4
1569	41.4
1570	41.4
1571	41.4
1572	41.4
1573	41.4
1574	41.4
1575	41.4
1576	41.4
1577	41.4
1578	31.067255027196012
1579	31.067255027196012
1580	31.067255027196012
1581	31.067255027196012
1582	31.067255027196012
1583	31.067255027196012
1584	31.067255027196012
1585	31.067255027196012
1586	31.067255027196012
1587	41.4
1588	41.4
1589	41.4
1590	41.4
1591	41.4
1592	41.4
1593	41.4
1594	41.4
1595	41.4
1596	41.4
1597	41.4
1598	41.4
1599	41.4
1600	41.4
1601	41.4
1602	41.4
1603	41.4
1604	41.4
1605	23.595393525440173
1606	23.595393525440173
1607	23.595393525440173
1608	23.595393525440173
1609	23.595393525440173
1610	23.595393525440173
1611	23.595393525440173
1612	23.595393525440173
1613	23.595393525440173
1614	41.4
1615	41.4
1616	41.4
1617	41.4
1618	41.4
1619	41.4
1620	41.4
1621	41.4
1622	41.4
1623	0.1
1624	0.1
1625	0.1
1626	0.1
1627	0.1
1628	0.1
1629	0.1
1630	0.1
1631	0.1
1632	41.4
1633	41.4
1634	41.4
1635	41.4
1636	41.4
1637	41.4
1638	41.4
1639	41.4
1640	41.4
1641	23.909026920854544
1642	23.909026920854544
1643	23.909026920854544
1644	23.909026920854544
1645	23.909026920854544
1646	23.909026920854544
1647	23.909026920854544
1648	23.909026920854544
1649	23.909026920854544
1650	33.12570983755121
1651	33.12570983755121
1652	33.12570983755121
1653	33.12570983755121
1654	33.12570983755121
1655	33.12570983755121
1656	33.12570983755121
1657	33.12570983755121
1658	33.12570983755121
1659	23.84662562892686
1660	23.84662562892686
1661	23.84662562892686
1662	23.84662562892686
1663	23.84662562892686
1664	23.84662562892686
1665	23.84662562892686
1666	23.84662562892686
1667	23.84662562892686
1668	41.4
1669	41.4
1670	41.4
1671	41.4
1672	41.4
1673	41.4
1674	41.4
1675	41.4
1676	41.4
1677	41.4
1678	41.4
1679	41.4
1680	41.4
1681	41.4
1682	41.4
1683	41.4
1684	41.4
1685	41.4
1686	41.4
1687	41.4
1688	41.4
1689	41.4
1690	41.4
1691	41.4
1692	41.4
1693	41.4
1694	41.4
1695	28.069022347607472
1696	28.069022347607472
1697	28.069022347607472
1698	28.069022347607472
1699	28.069022347607472
1700	28.069022347607472
1701	28.069022347607472
1702	28.069022347607472
1703	28.069022347607472
1704	41.4
1705	41.4
1706	41.4
1707	41.4
1708	41.4
1709	41.4
1710	41.4
1711	41.4
1712	41.4
1713	16.960447879141828
1714	16.960447879141828
1715	16.960447879141828
1716	16.960447879141828
1717	16.960447879141828
1718	16.960447879141828
1719	16.960447879141828
1720	16.960447879141828
1721	16.960447879141828
1722	0.598683233517697
1723	0.598683233517697
1724	0.598683233517697
1725	0.598683233517697
1726	0.598683233517697
1727	0.598683233517697
1728	0.598683233517697
1729	0.598683233517697
1730	0.598683233517697
1731	30.24854620377093
1732	30.24854620377093
1733	30.24854620377093
1734	30.24854620377093
1735	30.24854620377093
1736	30.24854620377093
1737	30.24854620377093
1738	30.24854620377093
1739	30.24854620377093
1740	31.62219120577516
1741	31.62219120577516
1742	31.62219120577516
1743	31.62219120577516
1744	31.62219120577516
1745	31.62219120577516
1746	31.62219120577516
1747	31.62219120577516
1748	31.62219120577516
1749	28.631990139921232
1750	28.631990139921232
1751	28.631990139921232
1752	28.631990139921232
1753	28.631990139921232
1754	28.631990139921232
1755	28.631990139921232
1756	28.631990139921232
1757	28.631990139921232
1758	41.4
1759	41.4
1760	41.4
1761	41.4
1762	41.4
1763	41.4
1764	41.4
1765	41.4
1766	41.4
1767	23.729755850812026
1768	23.729755850812026
1769	23.729755850812026
1770	23.729755850812026
1771	23.729755850812026
1772	23.729755850812026
1773	23.729755850812026
1774	23.729755850812026
1775	23.729755850812026
1776	23.735456307687848
1777	23.735456307687848
1778	23.735456307687848
1779	23.735456307687848
1780	23.735456307687848
1781	23.735456307687848
1782	23.735456307687848
1783	23.735456307687848
1784	23.735456307687848
1785	18.32337197302534
1786	18.32337197302534
1787	18.32337197302534
1788	18.32337197302534
1789	18.32337197302534
1790	18.32337197302534
1791	18.32337197302534
1792	18.32337197302534
1793	18.32337197302534
1794	39.11808370344353
1795	39.11808370344353
1796	39.11808370344353
1797	39.11808370344353
1798	39.11808370344353
1799	39.11808370344353
1800	39.11808370344353
1801	39.11808370344353
1802	39.11808370344353
1803	40.16585729829907
1804	40.16585729829907
1805	40.16585729829907
1806	40.16585729829907
1807	40.16585729829907
1808	40.16585729829907
1809	40.16585729829907
1810	40.16585729829907
1811	40.16585729829907
1812	41.4
1813	41.4
1814	41.4
1815	41.4
1816	41.4
1817	41.4
1818	41.4
1819	41.4
1820	41.4
1821	23.082275229275997
1822	23.082275229275997
1823	23.082275229275997
1824	23.082275229275997
1825	23.082275229275997
1826	23.082275229275997
1827	23.082275229275997
1828	23.082275229275997
1829	23.082275229275997
1830	1.5790860415133565
1831	1.5790860415133565
1832	1.5790860415133565
1833	1.5790860415133565
1834	1.5790860415133565
1835	1.5790860415133565
1836	1.5790860415133565
1837	1.5790860415133565
1838	1.5790860415133565
1839	26.628940171888573
1840	26.628940171888573
1841	26.628940171888573
1842	26.628940171888573
1843	26.628940171888573
1844	26.628940171888573
1845	26.628940171888573
1846	26.628940171888573
1847	26.628940171888573
1848	17.518427731585234
1849	17.518427731585234
1850	17.518427731585234
1851	17.518427731585234
1852	17.518427731585234
1853	17.518427731585234
1854	17.518427731585234
1855	17.518427731585234
1856	17.518427731585234
1857	20.007075661302707
1858	20.007075661302707
1859	20.007075661302707
1860	20.007075661302707
1861	20.007075661302707
1862	20.007075661302707
1863	20.007075661302707
1864	20.007075661302707
1865	20.007075661302707
1866	41.4
1867	41.4
1868	41.4
1869	41.4
1870	41.4
1871	41.4
1872	41.4
1873	41.4
1874	41.4
1875	10.668112702358243
1876	10.668112702358243
1877	10.668112702358243
1878	10.668112702358243
1879	10.668112702358243
1880	10.668112702358243
1881	10.668112702358243
1882	10.668112702358243
1883	10.668112702358243
1884	31.913091293689867
1885	31.913091293689867
1886	31.913091293689867
1887	31.913091293689867
1888	31.913091293689867
1889	31.913091293689867
1890	31.913091293689867
1891	31.913091293689867
1892	31.913091293689867
1893	41.4
1894	41.4
1895	41.4
1896	41.4
1897	41.4
1898	41.4
1899	41.4
1900	41.4
1901	41.4
1902	37.27022671317277
1903	37.27022671317277
1904	37.27022671317277
1905	37.27022671317277
1906	37.27022671317277
1907	37.27022671317277
1908	37.27022671317277
1909	37.27022671317277
1910	37.27022671317277
1911	41.4
1912	41.4
1913	41.4
1914	41.4
1915	41.4
1916	41.4
1917	41.4
1918	41.4
1919	41.4
1920	0.7331700530611656
1921	0.7331700530611656
1922	0.7331700530611656
1923	0.7331700530611656
1924	0.7331700530611656
1925	0.7331700530611656
1926	0.7331700530611656
1927	0.7331700530611656
1928	0.7331700530611656
1929	41.4
1930	41.4
1931	41.4
1932	41.4
1933	41.4
1934	41.4
1935	41.4
1936	41.4
1937	41.4
1938	25.76353560007218
1939	25.76353560007218
1940	25.76353560007218
1941	25.76353560007218
1942	25.76353560007218
1943	25.76353560007218
1944	25.76353560007218
1945	25.76353560007218
1946	25.76353560007218
1947	41.4
1948	41.4
1949	41.4
1950	41.4
1951	41.4
1952	41.4
1953	41.4
1954	41.4
1955	41.4
1956	14.793861139876626
1957	14.793861139876626
1958	14.793861139876626
1959	14.793861139876626
1960	14.793861139876626
1961	14.793861139876626
1962	14.793861139876626
1963	14.793861139876626
1964	14.793861139876626
1965	31.98886960064661
1966	31.98886960064661
1967	31.98886960064661
1968	31.98886960064661
1969	31.98886960064661
1970	31.98886960064661
1971	31.98886960064661
1972	31.98886960064661
1973	31.98886960064661
1974	22.228531142656394
1975	22.228531142656394
1976	22.228531142656394
1977	22.228531142656394
1978	22.228531142656394
1979	22.228531142656394
1980	22.228531142656394
1981	22.228531142656394
1982	22.228531142656394
1983	41.4
1984	41.4
1985	41.4
1986	41.4
1987	41.4
1988	41.4
1989	41.4
1990	41.4
1991	41.4
1992	41.4
1993	41.4
1994	41.4
1995	41.4
1996	41.4
1997	41.4
1998	41.4
1999	41.4
2000	41.4
2001	41.4
2002	41.4
2003	41.4
2004	41.4
2005	41.4
2006	41.4
2007	41.4
2008	41.4
2009	41.4
2010	30.013098673699172
2011	30.013098673699172
2012	30.013098673699172
2013	30.013098673699172
2014	30.013098673699172
2015	30.013098673699172
2016	30.013098673699172
2017	30.013098673699172
2018	30.013098673699172
2019	0.1
2020	0.1
2021	0.1
2022	0.1
2023	0.1
2024	0.1
2025	0.1
2026	0.1
2027	0.1
2028	41.4
2029	41.4
2030	41.4
2031	41.4
2032	41.4
2033	41.4
2034	41.4
2035	41.4
2036	41.4
2037	41.4
2038	41.4
2039	41.4
2040	41.4
2041	41.4
2042	41.4
2043	41.4
2044	41.4
2045	41.4
2046	16.62875842654298
2047	16.62875842654298
2048	16.62875842654298
2049	16.62875842654298
2050	16.62875842654298
2051	16.62875842654298
2052	16.62875842654298
2053	16.62875842654298
2054	16.62875842654298
2055	12.474721555743848
2056	12.474721555743848
2057	12.474721555743848
2058	12.474721555743848
2059	12.474721555743848
2060	12.474721555743848
2061	12.474721555743848
2062	12.474721555743848
2063	12.474721555743848
2064	41.4
2065	41.4
2066	41.4
2067	41.4
2068	41.4
2069	41.4
2070	41.4
2071	41.4
2072	41.4
2073	41.4
2074	41.4
2075	41.4
2076	41.4
2077	41.4
2078	41.4
2079	41.4
2080	41.4
2081	41.4
2082	28.435841676811464
2083	28.435841676811464
2084	28.435841676811464
2085	28.435841676811464
2086	28.435841676811464
2087	28.435841676811464
2088	28.435841676811464
2089	28.435841676811464
2090	28.435841676811464
2091	31.687240864780208
2092	31.687240864780208
2093	31.687240864780208
2094	31.687240864780208
2095	31.687240864780208
2096	31.687240864780208
2097	31.687240864780208
2098	31.687240864780208
2099	31.687240864780208
2100	4.940317974669437
2101	4.940317974669437
2102	4.940317974669437
2103	4.940317974669437
2104	4.940317974669437
2105	4.940317974669437
2106	4.940317974669437
2107	4.940317974669437
2108	4.940317974669437
2109	41.4
2110	41.4
2111	41.4
2112	41.4
2113	41.4
2114	41.4
2115	41.4
2116	23.896131489491523
2117	23.896131489491523
2118	23.896131489491523
2119	23.896131489491523
2120	23.896131489491523
2121	23.896131489491523
2122	23.896131489491523
2123	23.896131489491523
2124	23.896131489491523
2125	14.930408830603813
2126	14.930408830603813
2127	14.930408830603813
2128	14.930408830603813
2129	14.930408830603813
2130	14.930408830603813
2131	14.930408830603813
2132	14.930408830603813
2133	14.930408830603813
2134	17.968650601447646
2135	17.968650601447646
2136	17.968650601447646
2137	17.968650601447646
2138	17.968650601447646
2139	17.968650601447646
2140	17.968650601447646
2141	17.968650601447646
2142	17.968650601447646
2143	37.47862373860874
2144	37.47862373860874
2145	37.47862373860874
2146	37.47862373860874
2147	37.47862373860874
2148	37.47862373860874
2149	37.47862373860874
2150	37.47862373860874
2151	37.47862373860874
2152	41.4
2153	41.4
2154	41.4
2155	41.4
2156	41.4
2157	41.4
2158	41.4
2159	41.4
2160	41.4
2161	2.340856663972467
2162	2.340856663972467
2163	2.340856663972467
2164	2.340856663972467
2165	2.340856663972467
2166	2.340856663972467
2167	2.340856663972467
2168	2.340856663972467
2169	2.340856663972467
2170	15.702524294814452
2171	15.702524294814452
2172	15.702524294814452
2173	15.702524294814452
2174	15.702524294814452
2175	15.702524294814452
2176	15.702524294814452
2177	15.702524294814452
2178	15.702524294814452
2179	8.820302959115203
2180	8.820302959115203
2181	8.820302959115203
2182	8.820302959115203
2183	8.820302959115203
2184	8.820302959115203
2185	8.820302959115203
2186	8.820302959115203
2187	8.820302959115203
2188	5.1883542383345045
2189	5.1883542383345045
2190	5.1883542383345045
2191	5.1883542383345045
2192	5.1883542383345045
2193	5.1883542383345045
2194	5.1883542383345045
2195	5.1883542383345045
2196	5.1883542383345045
2197	21.055618432843236
2198	21.055618432843236
2199	21.055618432843236
2200	21.055618432843236
2201	21.055618432843236
2202	21.055618432843236
2203	21.055618432843236
2204	21.055618432843236
2205	21.055618432843236
2206	4.059911909826134
2207	4.059911909826134
2208	4.059911909826134
2209	4.059911909826134
2210	4.059911909826134
2211	4.059911909826134
2212	4.059911909826134
2213	4.059911909826134
2214	4.059911909826134
2215	31.28519443447127
2216	31.28519443447127
2217	31.28519443447127
2218	31.28519443447127
2219	31.28519443447127
2220	31.28519443447127
2221	31.28519443447127
2222	31.28519443447127
2223	31.28519443447127
2224	41.4
2225	41.4
2226	41.4
2227	41.4
2228	41.4
2229	41.4
2230	41.4
2231	41.4
2232	41.4
2233	28.06977595844062
2234	28.06977595844062
2235	28.06977595844062
2236	28.06977595844062
2237	28.06977595844062
2238	28.06977595844062
2239	28.06977595844062
2240	28.06977595844062
2241	28.06977595844062
2242	41.4
2243	41.4
2244	41.4
2245	41.4
2246	41.4
2247	41.4
2248	41.4
2249	41.4
2250	41.4
2251	18.734367061532314
2252	18.734367061532314
2253	18.734367061532314
2254	18.734367061532314
2255	18.734367061532314
2256	18.734367061532314
2257	18.734367061532314
2258	18.734367061532314
2259	18.734367061532314
2260	16.59486329082501
2261	16.59486329082501
2262	16.59486329082501
2263	16.59486329082501
2264	16.59486329082501
2265	16.59486329082501
2266	16.59486329082501
2267	16.59486329082501
2268	16.59486329082501
2269	41.4
2270	41.4
2271	41.4
2272	41.4
2273	41.4
2274	41.4
2275	41.4
2276	41.4
2277	41.4
2278	41.4
2279	41.4
2280	41.4
2281	41.4
2282	41.4
2283	41.4
2284	41.4
2285	41.4
2286	41.4
2287	12.389010188696638
2288	12.389010188696638
2289	12.389010188696638
2290	12.389010188696638
2291	12.389010188696638
2292	12.389010188696638
2293	12.389010188696638
2294	12.389010188696638
2295	12.389010188696638
2296	31.904288266177243
2297	31.904288266177243
2298	31.904288266177243
2299	31.904288266177243
2300	31.904288266177243
2301	31.904288266177243
2302	31.904288266177243
2303	31.904288266177243
2304	31.904288266177243
2305	19.737586224057434
2306	19.737586224057434
2307	19.737586224057434
2308	19.737586224057434
2309	19.737586224057434
2310	19.737586224057434
2311	19.737586224057434
2312	19.737586224057434
2313	19.737586224057434
2314	0.1
2315	0.1
2316	0.1
2317	0.1
2318	0.1
2319	0.1
2320	0.1
2321	0.1
2322	0.1
2323	38.908092225810535
2324	38.908092225810535
2325	38.908092225810535
2326	38.908092225810535
2327	38.908092225810535
2328	38.908092225810535
2329	38.908092225810535
2330	38.908092225810535
2331	38.908092225810535
2332	6.116369158437518
2333	6.116369158437518
2334	6.116369158437518
2335	6.116369158437518
2336	6.116369158437518
2337	6.116369158437518
2338	6.116369158437518
2339	6.116369158437518
2340	6.116369158437518
2341	22.134997307180278
2342	22.134997307180278
2343	22.134997307180278
2344	22.134997307180278
2345	22.134997307180278
2346	22.134997307180278
2347	22.134997307180278
2348	22.134997307180278
2349	22.134997307180278
2350	41.4
2351	41.4
2352	41.4
2353	41.4
2354	41.4
2355	41.4
2356	41.4
2357	41.4
2358	41.4
2359	3.3497915860792915
2360	3.3497915860792915
2361	3.3497915860792915
2362	3.3497915860792915
2363	3.3497915860792915
2364	3.3497915860792915
2365	3.3497915860792915
2366	3.3497915860792915
2367	3.3497915860792915
2368	28.433389985485235
2369	28.433389985485235
2370	28.433389985485235
2371	28.433389985485235
2372	28.433389985485235
2373	28.433389985485235
2374	28.433389985485235
2375	28.433389985485235
2376	28.433389985485235
2377	41.4
2378	41.4
2379	41.4
2380	41.4
2381	41.4
2382	41.4
2383	41.4
2384	41.4
2385	41.4
2386	41.4
2387	41.4
2388	41.4
2389	41.4
2390	41.4
2391	41.4
2392	41.4
2393	41.4
2394	41.4
2395	31.628284118951086
2396	31.628284118951086
2397	31.628284118951086
2398	31.628284118951086
2399	31.628284118951086
2400	31.628284118951086
2401	31.628284118951086
2402	31.628284118951086
2403	31.628284118951086
2404	41.4
2405	41.4
2406	41.4
2407	41.4
2408	41.4
2409	41.4
2410	41.4
2411	41.4
2412	41.4
2413	4.512514052722352
2414	4.512514052722352
2415	4.512514052722352
2416	4.512514052722352
2417	4.512514052722352
2418	4.512514052722352
2419	4.512514052722352
2420	4.512514052722352
2421	4.512514052722352
2422	0.1
2423	0.1
2424	0.1
2425	0.1
2426	0.1
2427	0.1
2428	0.1
2429	0.1
2430	0.1
2431	2.0831555684354015
2432	2.0831555684354015
2433	2.0831555684354015
2434	2.0831555684354015
2435	2.0831555684354015
2436	2.0831555684354015
2437	2.0831555684354015
2438	2.0831555684354015
2439	2.0831555684354015
2440	15.539572896934281
2441	15.539572896934281
2442	15.539572896934281
2443	15.539572896934281
2444	15.539572896934281
2445	15.539572896934281
2446	15.539572896934281
2447	15.539572896934281
2448	15.539572896934281
2449	1.4071710142464013
2450	1.4071710142464013
2451	1.4071710142464013
2452	1.4071710142464013
2453	1.4071710142464013
2454	1.4071710142464013
2455	1.4071710142464013
2456	1.4071710142464013
2457	1.4071710142464013
2458	41.4
2459	41.4
2460	41.4
2461	41.4
2462	41.4
2463	41.4
2464	41.4
2465	41.4
2466	41.4
2467	41.4
2468	41.4
2469	41.4
2470	41.4
2471	41.4
2472	41.4
2473	41.4
2474	41.4
2475	41.4
2476	38.2597592470282
2477	38.2597592470282
2478	38.2597592470282
2479	38.2597592470282
2480	38.2597592470282
2481	38.2597592470282
2482	38.2597592470282
2483	38.2597592470282
2484	38.2597592470282
2485	29.684068119704516
2486	29.684068119704516
2487	29.684068119704516
2488	29.684068119704516
2489	29.684068119704516
2490	29.684068119704516
2491	29.684068119704516
2492	29.684068119704516
2493	29.684068119704516
2494	41.4
2495	41.4
2496	41.4
2497	41.4
2498	41.4
2499	41.4
2500	41.4
2501	41.4
2502	41.4
2503	23.084590603599555
2504	23.084590603599555
2505	23.084590603599555
2506	23.084590603599555
2507	23.084590603599555
2508	23.084590603599555
2509	23.084590603599555
2510	23.084590603599555
2511	23.084590603599555
2512	34.17206638426524
2513	34.17206638426524
2514	34.17206638426524
2515	34.17206638426524
2516	34.17206638426524
2517	34.17206638426524
2518	34.17206638426524
2519	34.17206638426524
2520	34.17206638426524
2521	41.4
2522	41.4
2523	41.4
2524	41.4
2525	41.4
2526	41.4
2527	41.4
2528	41.4
2529	41.4
2530	10.346919189467002
2531	10.346919189467002
2532	10.346919189467002
2533	10.346919189467002
2534	12.449448591713757
2535	12.449448591713757
2536	12.449448591713757
2537	12.449448591713757
2538	12.449448591713757
2539	12.449448591713757
2540	12.449448591713757
2541	12.449448591713757
2542	12.449448591713757
2543	13.238641728012688
2544	13.238641728012688
2545	13.238641728012688
2546	13.238641728012688
2547	13.238641728012688
2548	13.238641728012688
2549	13.238641728012688
2550	13.238641728012688
2551	13.238641728012688
2552	41.4
2553	41.4
2554	41.4
2555	41.4
2556	41.4
2557	41.4
2558	41.4
2559	41.4
2560	41.4
2561	30.209018990690428
2562	30.209018990690428
2563	30.209018990690428
2564	30.209018990690428
2565	30.209018990690428
2566	30.209018990690428
2567	30.209018990690428
2568	30.209018990690428
2569	30.209018990690428
2570	37.27890047296452
2571	37.27890047296452
2572	37.27890047296452
2573	37.27890047296452
2574	37.27890047296452
2575	37.27890047296452
2576	37.27890047296452
2577	37.27890047296452
2578	37.27890047296452
2579	33.31966281411525
2580	33.31966281411525
2581	33.31966281411525
2582	33.31966281411525
2583	33.31966281411525
2584	33.31966281411525
2585	33.31966281411525
2586	33.31966281411525
2587	33.31966281411525
2588	32.837472572225934
2589	32.837472572225934
2590	32.837472572225934
2591	32.837472572225934
2592	32.837472572225934
2593	32.837472572225934
2594	32.837472572225934
2595	32.837472572225934
2596	32.837472572225934
2597	39.01632297406051
2598	39.01632297406051
2599	39.01632297406051
2600	39.01632297406051
2601	39.01632297406051
2602	39.01632297406051
2603	39.01632297406051
2604	39.01632297406051
2605	39.01632297406051
2606	14.288129647826874
2607	14.288129647826874
2608	14.288129647826874
2609	14.288129647826874
2610	14.288129647826874
2611	14.288129647826874
2612	14.288129647826874
2613	14.288129647826874
2614	14.288129647826874
2615	0.1
2616	0.1
2617	0.1
2618	0.1
2619	0.1
2620	0.1
2621	0.1
2622	0.1
2623	0.1
2624	11.304285916867663
2625	11.304285916867663
2626	11.304285916867663
2627	11.304285916867663
2628	11.304285916867663
2629	11.304285916867663
2630	11.304285916867663
2631	11.304285916867663
2632	11.304285916867663
2633	41.4
2634	41.4
2635	41.4
2636	41.4
2637	41.4
2638	41.4
2639	41.4
2640	41.4
2641	41.4
2642	41.4
2643	41.4
2644	41.4
2645	41.4
2646	41.4
2647	41.4
2648	41.4
2649	41.4
2650	41.4
2651	0.1
2652	0.1
2653	0.1
2654	0.1
2655	0.1
2656	0.1
2657	0.1
2658	0.1
2659	0.1
2660	40.33394981126088
2661	40.33394981126088
2662	40.33394981126088
2663	40.33394981126088
2664	40.33394981126088
2665	40.33394981126088
2666	40.33394981126088
2667	40.33394981126088
2668	40.33394981126088
2669	18.730344037835597
2670	18.730344037835597
2671	18.730344037835597
2672	18.730344037835597
2673	18.730344037835597
2674	18.730344037835597
2675	18.730344037835597
2676	18.730344037835597
2677	18.730344037835597
2678	41.4
2679	41.4
2680	41.4
2681	41.4
2682	41.4
2683	41.4
2684	41.4
2685	41.4
2686	41.4
