0	4.54621632927108
1	4.54621632927108
2	4.54621632927108
3	5.2
4	5.2
5	5.2
6	5.067809562774847
7	5.067809562774847
8	5.067809562774847
9	4.677627378570073
10	4.677627378570073
11	4.677627378570073
12	4.078866432634802
13	4.078866432634802
14	4.078866432634802
15	5.2
16	5.2
17	5.2
18	4.8626210546597415
19	4.8626210546597415
20	4.8626210546597415
21	4.321992997864704
22	4.321992997864704
23	4.321992997864704
24	5.2
25	5.2
26	5.2
27	3.5862810873626856
28	3.5862810873626856
29	3.5862810873626856
30	4.945223768633484
31	4.945223768633484
32	4.945223768633484
33	4.276636681516923
34	4.276636681516923
35	4.276636681516923
36	5.2
37	5.2
38	5.2
39	5.2
40	5.2
41	5.2
42	5.2
43	5.2
44	5.2
45	4.643308151769006
46	4.643308151769006
47	4.643308151769006
48	4.726907503792142
49	4.726907503792142
50	4.726907503792142
51	5.03047710980777
52	5.03047710980777
53	5.03047710980777
54	3.9716313370044913
55	3.9716313370044913
56	3.9716313370044913
57	5.100282064426988
58	5.100282064426988
59	5.100282064426988
60	4.613921520155631
61	4.613921520155631
62	4.613921520155631
63	2.930304673559364
64	2.930304673559364
65	2.930304673559364
66	4.527332227270176
67	4.527332227270176
68	4.527332227270176
69	4.5532632874116326
70	4.5532632874116326
71	4.5532632874116326
72	4.255943361746126
73	4.255943361746126
74	4.255943361746126
75	3.9916321361988163
76	3.9916321361988163
77	3.9916321361988163
78	5.2
79	5.2
80	5.2
81	5.159866333557031
82	5.159866333557031
83	5.159866333557031
84	3.6995082863408553
85	3.6995082863408553
86	3.6995082863408553
87	5.2
88	5.2
89	5.2
90	4.216307790743245
91	4.216307790743245
92	4.216307790743245
93	4.202688486676913
94	4.202688486676913
95	4.202688486676913
96	5.2
97	5.2
98	5.2
99	4.015805201501617
100	4.015805201501617
101	4.015805201501617
102	4.401219130391642
103	4.401219130391642
104	4.401219130391642
105	4.90387155108708
106	4.90387155108708
107	4.90387155108708
108	5.2
109	5.2
110	5.2
111	4.788126709951958
112	4.788126709951958
113	4.788126709951958
114	3.9647598882926283
115	3.9647598882926283
116	3.9647598882926283
117	4.896560822814294
118	4.896560822814294
119	4.896560822814294
120	5.2
121	5.2
122	5.2
123	3.7743561659730878
124	3.7743561659730878
125	3.7743561659730878
126	4.405025766515011
127	4.405025766515011
128	4.405025766515011
129	4.5777792512855005
130	4.5777792512855005
131	4.5777792512855005
132	4.582110403732272
133	4.582110403732272
134	4.582110403732272
135	4.533723275917332
136	4.533723275917332
137	4.533723275917332
138	5.137261472516496
139	5.137261472516496
140	5.137261472516496
141	5.2
142	5.2
143	5.2
144	4.031645434234117
145	4.031645434234117
146	4.031645434234117
147	4.492879793562184
148	4.492879793562184
149	4.492879793562184
150	5.2
151	5.2
152	5.2
153	5.2
154	5.2
155	5.2
156	4.708442214551432
157	4.708442214551432
158	4.708442214551432
159	5.2
160	5.2
161	5.2
162	4.149393175574047
163	4.149393175574047
164	4.149393175574047
165	5.075193403180471
166	5.075193403180471
167	5.075193403180471
168	3.7208492122073125
169	3.7208492122073125
170	3.7208492122073125
171	4.421139771564809
172	4.421139771564809
173	4.421139771564809
174	4.231785838579029
175	4.231785838579029
176	4.231785838579029
177	4.644381828496692
178	4.644381828496692
179	4.644381828496692
180	4.363315414245986
181	4.363315414245986
182	4.363315414245986
183	5.2
184	5.2
185	5.2
186	4.654386324725037
187	4.654386324725037
188	4.654386324725037
189	4.232844572042119
190	4.232844572042119
191	4.232844572042119
192	3.898871055315318
193	3.898871055315318
194	3.898871055315318
195	3.7700266918276313
196	3.7700266918276313
197	3.7700266918276313
198	3.4663651910068873
199	3.4663651910068873
200	3.4663651910068873
201	4.748805436457533
202	4.748805436457533
203	4.748805436457533
204	3.8872021115517823
205	3.8872021115517823
206	3.8872021115517823
207	5.0958118156300864
208	5.0958118156300864
209	5.0958118156300864
210	3.8735691934772705
211	3.8735691934772705
212	3.8735691934772705
213	4.308653620497192
214	4.308653620497192
215	4.308653620497192
216	4.0867128891727775
217	4.0867128891727775
218	4.0867128891727775
219	4.204424455682793
220	4.204424455682793
221	4.204424455682793
222	5.03894296494675
223	5.03894296494675
224	5.03894296494675
225	4.310990406339676
226	4.310990406339676
227	4.310990406339676
228	4.989090221092585
229	4.989090221092585
230	4.989090221092585
231	4.164590754791033
232	4.164590754791033
233	4.164590754791033
234	4.919319870615376
235	4.919319870615376
236	4.919319870615376
237	5.2
238	5.2
239	5.2
240	4.320761159297453
241	4.320761159297453
242	4.320761159297453
243	4.777772184755788
244	4.777772184755788
245	4.777772184755788
246	4.116504272255243
247	4.116504272255243
248	4.116504272255243
249	5.2
250	5.2
251	5.2
252	5.2
253	5.2
254	5.2
255	5.038946790672695
256	5.038946790672695
257	5.038946790672695
258	4.031832559442508
259	4.031832559442508
260	4.031832559442508
261	5.100348524628856
262	5.100348524628856
263	5.100348524628856
264	5.2
265	5.2
266	5.2
267	4.562121726469635
268	4.562121726469635
269	4.562121726469635
270	4.400661008660675
271	4.400661008660675
272	4.400661008660675
273	4.835752105183173
274	4.835752105183173
275	4.835752105183173
276	4.18774747466207
277	4.18774747466207
278	4.18774747466207
279	3.8921386466770382
280	3.8921386466770382
281	3.8921386466770382
282	5.2
283	5.2
284	5.2
285	4.6308066147349285
286	4.6308066147349285
287	4.6308066147349285
288	5.2
289	5.2
290	5.2
291	5.2
292	5.2
293	5.2
294	4.6589073081802
295	4.6589073081802
296	4.6589073081802
297	5.2
298	5.2
299	5.2
300	4.7485400740849535
301	4.7485400740849535
302	4.7485400740849535
303	5.2
304	5.2
305	5.2
306	3.9311527272652764
307	3.9311527272652764
308	3.9311527272652764
309	4.6836022371559665
310	4.6836022371559665
311	4.6836022371559665
312	3.8856861611226514
313	3.8856861611226514
314	3.8856861611226514
315	5.084435987269085
316	5.084435987269085
317	5.084435987269085
318	5.2
319	5.2
320	5.2
321	4.466180485159162
322	4.466180485159162
323	4.466180485159162
324	4.226981145714348
325	4.226981145714348
326	4.226981145714348
327	4.9247894209270635
328	4.9247894209270635
329	4.9247894209270635
330	3.9278943201058287
331	3.9278943201058287
332	3.9278943201058287
333	4.2700848447171325
334	4.2700848447171325
335	4.2700848447171325
336	4.382927587104973
337	4.382927587104973
338	4.382927587104973
339	4.645319724981788
340	4.645319724981788
341	4.645319724981788
342	5.2
343	5.2
344	5.2
345	5.2
346	5.2
347	5.2
348	5.2
349	5.2
350	5.2
351	4.714850994051811
352	4.714850994051811
353	4.714850994051811
354	5.000361863438997
355	5.000361863438997
356	5.000361863438997
357	3.9617989915188017
358	3.9617989915188017
359	3.9617989915188017
360	5.2
361	5.2
362	5.2
363	5.2
364	5.2
365	5.2
366	3.986906301432087
367	3.986906301432087
368	3.986906301432087
369	3.99430056110629
370	3.99430056110629
371	3.99430056110629
372	4.489697639277533
373	4.489697639277533
374	4.489697639277533
375	5.2
376	5.2
377	5.2
378	4.62255161734057
379	4.62255161734057
380	4.62255161734057
381	4.302318386432212
382	4.302318386432212
383	4.302318386432212
384	5.2
385	5.2
386	5.2
387	4.338080119105821
388	4.338080119105821
389	4.338080119105821
390	5.064256162820586
391	5.064256162820586
392	5.064256162820586
393	5.088416377445482
394	5.088416377445482
395	5.088416377445482
396	5.2
397	5.2
398	5.2
399	5.1657353578476926
400	5.1657353578476926
401	5.1657353578476926
402	4.6267508629897485
403	4.6267508629897485
404	4.6267508629897485
405	4.059170907158131
406	4.059170907158131
407	4.059170907158131
408	5.191381571506477
409	5.191381571506477
410	5.191381571506477
411	4.088880664062291
412	4.088880664062291
413	4.088880664062291
414	4.791475865737722
415	4.791475865737722
416	4.791475865737722
417	3.8889814558148386
418	3.8889814558148386
419	3.8889814558148386
420	4.51169853748268
421	4.51169853748268
422	4.51169853748268
423	4.611272671820111
424	4.611272671820111
425	4.611272671820111
426	4.274046012103553
427	4.274046012103553
428	4.274046012103553
429	4.425908691326249
430	4.425908691326249
431	4.425908691326249
432	5.2
433	5.2
434	5.2
435	5.2
436	5.2
437	5.2
438	5.2
439	5.2
440	5.2
441	5.2
442	5.2
443	5.2
444	4.943207924524423
445	4.943207924524423
446	4.943207924524423
447	4.479531654002858
448	4.479531654002858
449	4.479531654002858
450	5.2
451	5.2
452	5.2
453	5.2
454	5.2
455	5.2
456	5.2
457	5.2
458	5.2
459	4.67647724023532
460	4.67647724023532
461	4.67647724023532
462	4.704387216978433
463	4.704387216978433
464	4.704387216978433
465	3.9768834415803376
466	3.9768834415803376
467	3.9768834415803376
468	5.2
469	5.2
470	5.2
471	5.2
472	5.2
473	5.2
474	5.2
475	5.2
476	5.2
477	5.2
478	5.2
479	5.2
480	5.2
481	5.2
482	5.2
483	4.8303111263521945
484	4.8303111263521945
485	4.8303111263521945
486	5.0996506737075515
487	5.0996506737075515
488	5.0996506737075515
489	4.926194066923692
490	4.926194066923692
491	4.926194066923692
492	4.725690944780529
493	4.725690944780529
494	4.725690944780529
495	5.2
496	5.2
497	5.2
498	4.377384838880484
499	4.377384838880484
500	4.377384838880484
501	4.566302734257072
502	4.566302734257072
503	4.566302734257072
504	4.81305259874397
505	4.81305259874397
506	4.81305259874397
507	5.2
508	5.2
509	5.2
510	4.009684645297989
511	4.009684645297989
512	4.009684645297989
513	5.2
514	5.2
515	5.2
516	4.715705039940949
517	4.715705039940949
518	4.715705039940949
519	5.2
520	5.2
521	5.2
522	5.2
523	5.2
524	5.2
525	5.2
526	5.2
527	5.2
528	4.932245981336708
529	4.932245981336708
530	4.932245981336708
531	4.027502889586889
532	4.027502889586889
533	4.027502889586889
534	5.2
535	5.2
536	5.2
537	4.828688968803792
538	4.828688968803792
539	4.828688968803792
540	5.2
541	5.2
542	5.2
543	5.137000245094132
544	5.137000245094132
545	5.137000245094132
546	5.2
547	5.2
548	5.2
549	4.32005233147588
550	4.32005233147588
551	4.896297681606602
552	4.896297681606602
553	4.896297681606602
554	5.2
555	5.2
556	5.2
557	3.8451286474016753
558	3.8451286474016753
559	3.8451286474016753
560	4.009724997159786
561	4.009724997159786
562	4.009724997159786
563	5.131798103702861
564	5.131798103702861
565	5.131798103702861
566	5.2
567	5.2
568	5.2
569	4.602486869930278
570	4.602486869930278
571	4.602486869930278
572	4.71853641215724
573	4.71853641215724
574	4.71853641215724
575	5.2
576	5.2
577	5.2
578	4.8286005536237715
579	4.8286005536237715
580	4.8286005536237715
581	4.356261632465759
582	4.356261632465759
583	4.356261632465759
584	4.579961983864109
585	4.579961983864109
586	4.579961983864109
587	5.2
588	5.2
589	5.2
590	4.96674158945636
591	4.96674158945636
592	4.96674158945636
593	5.2
594	5.2
595	5.2
596	4.256702371882925
597	4.256702371882925
598	4.256702371882925
599	5.2
600	5.2
601	5.2
602	5.2
603	5.2
604	5.2
605	4.6694187818859
606	4.6694187818859
607	4.6694187818859
608	5.2
609	5.2
610	5.2
611	4.99642998416471
612	4.99642998416471
613	4.99642998416471
614	5.2
615	5.2
616	5.2
617	4.922884489933268
618	4.922884489933268
619	4.922884489933268
620	5.2
621	5.2
622	5.2
623	5.2
624	5.2
625	5.2
626	5.2
627	5.2
628	5.2
629	4.9889325289835
630	4.9889325289835
631	4.9889325289835
632	5.0532865127501045
633	5.0532865127501045
634	5.0532865127501045
635	4.863482748121988
636	4.863482748121988
637	4.863482748121988
638	5.0421808056885915
639	5.0421808056885915
640	5.0421808056885915
641	4.628853689687622
642	4.628853689687622
643	4.628853689687622
644	4.882950761141494
645	4.882950761141494
646	4.882950761141494
647	4.975375213108565
648	4.975375213108565
649	4.975375213108565
650	4.843169060139056
651	4.843169060139056
652	4.843169060139056
653	4.759740423625174
654	4.759740423625174
655	4.759740423625174
656	5.119792439314456
657	5.119792439314456
658	5.119792439314456
659	5.2
660	5.2
661	5.2
662	4.803541086678223
663	4.803541086678223
664	4.803541086678223
665	4.658934861721556
666	4.658934861721556
667	4.658934861721556
668	4.669303493099456
669	4.669303493099456
670	4.669303493099456
671	5.2
672	5.2
673	5.2
674	4.047433340299744
675	4.047433340299744
676	4.047433340299744
677	4.788431210263606
678	4.788431210263606
679	4.788431210263606
680	4.133197975637745
681	4.133197975637745
682	4.133197975637745
683	4.71154660699901
684	4.71154660699901
685	4.71154660699901
686	4.4621047349852425
687	4.4621047349852425
688	4.4621047349852425
689	4.812096553300928
690	4.812096553300928
691	4.812096553300928
692	4.183091092815603
693	4.183091092815603
694	4.183091092815603
695	5.2
696	5.2
697	5.2
698	5.2
699	5.2
700	5.2
701	5.2
702	5.2
703	5.2
704	5.2
705	5.2
706	5.2
707	5.2
708	5.2
709	5.2
710	5.0473898951923895
711	5.0473898951923895
712	5.0473898951923895
713	5.0821299316012265
714	5.0821299316012265
715	5.0821299316012265
716	4.2488217832564725
717	4.2488217832564725
718	4.2488217832564725
719	5.2
720	5.2
721	5.2
722	4.31360444633532
723	4.31360444633532
724	4.31360444633532
725	5.2
726	5.2
727	5.2
728	4.90328115281154
729	4.90328115281154
730	4.90328115281154
731	5.2
732	5.2
733	5.2
734	4.465040262682671
735	4.465040262682671
736	4.465040262682671
737	5.2
738	5.2
739	5.2
740	5.086401761543849
741	5.086401761543849
742	5.086401761543849
743	5.1041406186021865
744	5.1041406186021865
745	5.1041406186021865
746	5.088169753609016
747	5.088169753609016
748	5.088169753609016
749	4.868555467731389
750	4.868555467731389
751	4.868555467731389
752	4.760308964909377
753	4.760308964909377
754	4.760308964909377
755	5.2
756	5.2
757	5.2
758	4.201890757952983
759	4.201890757952983
760	4.201890757952983
761	4.699936028680167
762	4.699936028680167
763	4.699936028680167
764	5.127100867679405
765	5.127100867679405
766	5.127100867679405
767	5.1692184201913225
768	5.1692184201913225
769	5.1692184201913225
770	5.2
771	5.2
772	5.2
773	5.2
774	5.2
775	5.2
776	4.977899238041769
777	4.977899238041769
778	4.977899238041769
779	5.2
780	5.2
781	5.2
782	4.862615401641977
783	4.862615401641977
784	4.862615401641977
785	4.924799143116453
786	4.924799143116453
787	4.924799143116453
788	4.578246699119652
789	4.578246699119652
790	4.578246699119652
791	5.098114323851117
792	5.098114323851117
793	5.098114323851117
794	3.8131935047308807
795	3.8131935047308807
796	3.8131935047308807
797	5.2
798	5.2
799	5.2
800	4.703007758379705
801	4.703007758379705
802	4.703007758379705
803	4.520598162417666
804	4.520598162417666
805	4.520598162417666
806	4.86820738697282
807	4.86820738697282
808	4.86820738697282
809	5.2
810	5.2
811	5.2
812	5.2
813	5.2
814	5.2
815	5.139237991705422
816	5.139237991705422
817	5.139237991705422
818	4.367484845272486
819	4.367484845272486
820	4.367484845272486
821	3.980043728756875
822	3.980043728756875
823	3.980043728756875
824	4.918042695850969
825	4.918042695850969
826	4.918042695850969
827	4.890135030551471
828	4.890135030551471
829	4.890135030551471
830	4.895887010427869
831	4.895887010427869
832	4.895887010427869
833	4.9715049651716905
834	4.9715049651716905
835	4.9715049651716905
836	4.839176096949947
837	4.839176096949947
838	4.839176096949947
839	4.05454155770387
840	4.05454155770387
841	4.05454155770387
842	4.80102606895929
843	4.611036597947158
844	4.611036597947158
845	4.611036597947158
846	4.856618791229236
847	4.856618791229236
848	4.856618791229236
849	3.9929468586325267
850	3.9929468586325267
851	3.9929468586325267
852	4.224397983257328
853	4.224397983257328
854	4.224397983257328
855	4.945009983911422
856	4.945009983911422
857	4.945009983911422
858	4.7738211181209085
859	4.7738211181209085
860	4.7738211181209085
861	3.254390360591372
862	3.254390360591372
863	3.254390360591372
864	3.6220414191544785
865	3.6220414191544785
866	3.6220414191544785
867	4.257560713314793
868	4.257560713314793
869	4.257560713314793
870	3.900265684159867
871	3.900265684159867
872	3.900265684159867
873	4.230886853568858
874	4.230886853568858
875	4.230886853568858
876	5.071907101516346
877	5.071907101516346
878	5.071907101516346
879	4.734803283766456
880	4.734803283766456
881	4.734803283766456
882	4.270164877444543
883	4.270164877444543
884	4.270164877444543
885	3.793326418388632
886	3.793326418388632
887	3.793326418388632
888	4.307988192816317
889	4.307988192816317
890	4.307988192816317
891	4.666094672438002
892	4.666094672438002
893	4.666094672438002
894	4.577718865316334
895	4.577718865316334
896	4.577718865316334
897	4.0726201010540555
898	4.0726201010540555
899	4.0726201010540555
900	3.3120312495506186
901	3.3120312495506186
902	3.3120312495506186
903	3.8394908935481733
904	3.8394908935481733
905	3.8394908935481733
906	4.166788084667088
907	4.166788084667088
908	4.166788084667088
909	4.3571062726041605
910	4.3571062726041605
911	4.3571062726041605
912	4.702464517825747
913	4.702464517825747
914	4.702464517825747
915	4.259201211769279
916	4.259201211769279
917	4.259201211769279
918	4.028197733907634
919	4.028197733907634
920	4.028197733907634
921	3.8519766667646405
922	3.8519766667646405
923	3.8519766667646405
924	4.063648337446145
925	4.063648337446145
926	4.063648337446145
927	3.599514266983641
928	3.599514266983641
929	3.599514266983641
930	4.672733478883128
931	4.672733478883128
932	4.672733478883128
933	4.252884737481346
934	4.252884737481346
935	4.252884737481346
936	4.4559505121495
937	4.4559505121495
938	4.4559505121495
939	4.774746646071893
940	4.774746646071893
941	4.774746646071893
942	4.152591569986433
943	4.152591569986433
944	4.152591569986433
945	4.717048044180672
946	4.717048044180672
947	4.717048044180672
948	4.32231297394256
949	4.32231297394256
950	4.32231297394256
951	4.616293282041139
952	4.616293282041139
953	4.616293282041139
954	3.4431060860964204
955	3.4431060860964204
956	3.4431060860964204
957	5.06426541616296
958	5.06426541616296
959	5.06426541616296
960	3.906269363542537
961	3.906269363542537
962	3.906269363542537
963	4.7049159842377435
964	4.7049159842377435
965	4.7049159842377435
966	4.321956845344574
967	4.321956845344574
968	4.321956845344574
969	4.121733972833925
970	4.121733972833925
971	4.121733972833925
972	5.091428377548521
973	5.091428377548521
974	5.091428377548521
975	5.2
976	5.2
977	5.2
978	3.318750653271412
979	3.318750653271412
980	3.318750653271412
981	4.431008676884803
982	4.431008676884803
983	4.431008676884803
984	5.2
985	5.2
986	5.2
987	4.090488985299728
988	4.090488985299728
989	4.090488985299728
990	3.346715044014008
991	3.346715044014008
992	3.346715044014008
993	3.4889650047178944
994	3.4889650047178944
995	3.4889650047178944
996	4.211839373365838
997	4.211839373365838
998	4.211839373365838
999	4.675537378789841
1000	4.675537378789841
1001	4.675537378789841
1002	4.511290625722021
1003	4.511290625722021
1004	4.511290625722021
1005	3.655846057711298
1006	3.655846057711298
1007	3.655846057711298
1008	4.0169482143094175
1009	4.0169482143094175
1010	4.0169482143094175
1011	4.234291869561522
1012	4.234291869561522
1013	4.234291869561522
1014	5.2
1015	5.2
1016	5.2
1017	4.7450891892665155
1018	4.7450891892665155
1019	4.7450891892665155
1020	4.328422928298872
1021	4.328422928298872
1022	4.328422928298872
1023	4.000342611323094
1024	4.000342611323094
1025	4.000342611323094
1026	4.197486406156347
1027	4.197486406156347
1028	4.197486406156347
1029	4.424637680627621
1030	4.424637680627621
1031	4.424637680627621
1032	3.9054207671798054
1033	3.9054207671798054
1034	3.9054207671798054
1035	4.712861421251247
1036	4.712861421251247
1037	4.712861421251247
1038	4.08291068986517
1039	4.08291068986517
1040	4.08291068986517
1041	4.35711463132852
1042	4.35711463132852
1043	4.35711463132852
1044	4.180790843231139
1045	4.180790843231139
1046	4.180790843231139
1047	3.3549637973480166
1048	3.3549637973480166
1049	3.3549637973480166
1050	4.925878654165091
1051	4.925878654165091
1052	4.925878654165091
1053	3.6660552929842467
1054	3.6660552929842467
1055	3.6660552929842467
1056	4.225239208458957
1057	4.225239208458957
1058	4.225239208458957
1059	3.3334396313200347
1060	3.3334396313200347
1061	3.3334396313200347
1062	4.24869645932399
1063	4.24869645932399
1064	4.24869645932399
1065	3.9865113189625028
1066	3.9865113189625028
1067	3.9865113189625028
1068	4.433098080594766
1069	4.433098080594766
1070	4.433098080594766
1071	5.2
1072	5.2
1073	5.2
1074	3.3428708908114086
1075	3.3428708908114086
1076	3.3428708908114086
1077	4.597571995966655
1078	4.597571995966655
1079	4.597571995966655
1080	4.215209218777178
1081	4.215209218777178
1082	4.215209218777178
1083	3.1582986031379767
1084	3.1582986031379767
1085	3.1582986031379767
1086	3.6643097072153035
1087	3.6643097072153035
1088	3.6643097072153035
1089	3.9037726289848953
1090	3.9037726289848953
1091	3.9037726289848953
1092	3.560563523027448
1093	3.560563523027448
1094	3.560563523027448
1095	5.2
1096	5.2
1097	5.2
1098	4.070244393412816
1099	4.070244393412816
1100	4.070244393412816
1101	3.3981881181675897
1102	3.3981881181675897
1103	3.3981881181675897
1104	4.649988305576315
1105	4.649988305576315
1106	4.649988305576315
1107	4.4576471710533125
1108	4.4576471710533125
1109	4.4576471710533125
1110	4.87102236576355
1111	4.87102236576355
1112	4.87102236576355
1113	3.5078331848095106
1114	3.5078331848095106
1115	3.5078331848095106
1116	3.2968535222363022
1117	3.2968535222363022
1118	3.2968535222363022
1119	4.151590049690356
1120	4.151590049690356
1121	4.151590049690356
1122	4.038937363819166
1123	4.038937363819166
1124	4.038937363819166
1125	3.5857775798432683
1126	3.5857775798432683
1127	3.5857775798432683
1128	4.6222842041838
1129	4.6222842041838
1130	4.6222842041838
1131	4.366004276673219
1132	4.366004276673219
1133	4.366004276673219
1134	2.970679552957666
1135	2.970679552957666
1136	2.970679552957666
1137	3.213046673534296
1138	3.213046673534296
1139	3.213046673534296
1140	4.290647336700982
1141	4.290647336700982
1142	4.290647336700982
1143	3.988712544383952
1144	3.988712544383952
1145	3.988712544383952
1146	4.056175846497216
1147	4.056175846497216
1148	4.056175846497216
1149	3.7640396064919988
1150	3.7640396064919988
1151	3.7640396064919988
1152	4.442053302597689
1153	4.442053302597689
1154	4.442053302597689
1155	5.050513957304254
1156	5.050513957304254
1157	5.050513957304254
1158	3.8631365624736276
1159	3.8631365624736276
1160	3.8631365624736276
1161	3.9318890755202807
1162	3.9318890755202807
1163	3.9318890755202807
1164	3.717884151335676
1165	3.717884151335676
1166	3.717884151335676
1167	4.947103636248478
1168	4.947103636248478
1169	4.947103636248478
1170	3.428251425744163
1171	3.428251425744163
1172	3.428251425744163
1173	4.833812860463893
1174	4.833812860463893
1175	4.833812860463893
1176	2.986591239864171
1177	2.986591239864171
1178	2.986591239864171
1179	4.284143805729108
1180	4.284143805729108
1181	4.284143805729108
1182	4.457152236813446
1183	4.457152236813446
1184	4.457152236813446
1185	3.78649826763133
1186	3.78649826763133
1187	3.78649826763133
1188	4.270806285661732
1189	4.270806285661732
1190	4.270806285661732
1191	3.629470053519938
1192	3.629470053519938
1193	3.629470053519938
1194	4.073295942951305
1195	4.073295942951305
1196	4.073295942951305
1197	4.055446598256893
1198	4.055446598256893
1199	4.055446598256893
1200	3.8842811627381506
1201	3.8842811627381506
1202	3.8842811627381506
1203	3.357107151670402
1204	3.357107151670402
1205	3.357107151670402
1206	5.024277990625093
1207	5.024277990625093
1208	5.024277990625093
1209	3.7237911507405967
1210	3.7237911507405967
1211	3.7237911507405967
1212	4.070427439843682
1213	4.070427439843682
1214	4.070427439843682
1215	5.195110911559471
1216	5.195110911559471
1217	5.195110911559471
1218	3.5514588547602313
1219	3.5514588547602313
1220	3.5514588547602313
1221	4.084835752704498
1222	4.084835752704498
1223	4.084835752704498
1224	5.15490537955102
1225	5.15490537955102
1226	5.15490537955102
1227	3.271202387467225
1228	3.271202387467225
1229	3.271202387467225
1230	3.8276648972041394
1231	3.8276648972041394
1232	3.8276648972041394
1233	5.2
1234	5.2
1235	5.2
1236	4.459389644995051
1237	4.459389644995051
1238	4.459389644995051
1239	4.3295071516757995
1240	4.3295071516757995
1241	4.3295071516757995
1242	4.290109782495554
1243	4.290109782495554
1244	4.290109782495554
1245	5.2
1246	5.2
1247	5.2
1248	4.0468197975673394
1249	4.0468197975673394
1250	4.0468197975673394
1251	3.9465457769725942
1252	3.9465457769725942
1253	3.9465457769725942
1254	3.729110270325009
1255	3.729110270325009
1256	3.729110270325009
1257	4.364415864985494
1258	4.364415864985494
1259	4.364415864985494
1260	3.226715030136942
1261	3.226715030136942
1262	3.226715030136942
1263	3.556648242296717
1264	3.556648242296717
1265	3.556648242296717
1266	5.2
1267	5.2
1268	5.2
1269	3.333487689820601
1270	3.333487689820601
1271	3.333487689820601
1272	4.393894882308567
1273	4.393894882308567
1274	4.393894882308567
1275	3.3930319021718325
1276	3.3930319021718325
1277	3.3930319021718325
1278	5.185298391515241
1279	5.185298391515241
1280	5.185298391515241
1281	2.9933377953811666
1282	2.9933377953811666
1283	2.9933377953811666
1284	4.276600236326248
1285	4.276600236326248
1286	4.276600236326248
1287	4.839679789258483
1288	4.839679789258483
1289	4.839679789258483
1290	4.280130474089766
1291	4.280130474089766
1292	4.280130474089766
1293	3.9927421515996415
1294	3.9927421515996415
1295	3.9927421515996415
1296	4.716127837031391
1297	4.716127837031391
1298	4.716127837031391
1299	4.027339565154674
1300	4.027339565154674
1301	4.027339565154674
1302	3.9176096072889983
1303	3.9176096072889983
1304	3.9176096072889983
1305	4.032148261946912
1306	4.032148261946912
1307	4.032148261946912
1308	3.5408959572887495
1309	3.5408959572887495
1310	3.5408959572887495
1311	4.382192503428511
1312	4.382192503428511
1313	4.382192503428511
1314	3.6453447888351613
1315	3.6453447888351613
1316	3.6453447888351613
1317	4.48699122271701
1318	4.48699122271701
1319	4.48699122271701
1320	5.2
1321	5.2
1322	5.2
1323	4.378871256205392
1324	4.378871256205392
1325	4.378871256205392
1326	4.6605449922611975
1327	4.6605449922611975
1328	4.6605449922611975
1329	3.667212466550419
1330	3.667212466550419
1331	3.667212466550419
1332	2.928963645262838
1333	2.928963645262838
1334	2.928963645262838
1335	3.274364101033127
1336	3.274364101033127
1337	3.274364101033127
1338	4.3976599358548345
1339	4.3976599358548345
1340	4.3976599358548345
1341	3.737137293874987
1342	3.737137293874987
1343	3.737137293874987
1344	4.933796639130342
1345	4.933796639130342
1346	4.933796639130342
1347	4.36093160302148
1348	4.36093160302148
1349	4.36093160302148
1350	3.986874636349212
1351	3.986874636349212
1352	3.986874636349212
1353	4.203491287307661
1354	4.203491287307661
1355	4.203491287307661
1356	3.7455907357296434
1357	3.7455907357296434
1358	3.7455907357296434
1359	4.053357232524793
1360	4.053357232524793
1361	4.053357232524793
1362	4.302206190278499
1363	4.302206190278499
1364	4.302206190278499
1365	4.48111308634722
1366	4.48111308634722
1367	4.48111308634722
1368	4.7014799070077995
1369	4.7014799070077995
1370	4.7014799070077995
1371	3.878311355263305
1372	3.878311355263305
1373	3.878311355263305
1374	3.6415143067484443
1375	3.6415143067484443
1376	3.6415143067484443
1377	4.880620235425662
1378	4.880620235425662
1379	4.880620235425662
1380	4.3381947859122585
1381	4.3381947859122585
1382	4.3381947859122585
1383	4.047525121385222
1384	4.047525121385222
1385	4.047525121385222
1386	4.446745314644008
1387	4.446745314644008
1388	4.446745314644008
1389	4.244039025368091
1390	4.244039025368091
1391	4.244039025368091
1392	3.9861244263650244
1393	3.9861244263650244
1394	3.9861244263650244
1395	4.3819015659582865
1396	4.3819015659582865
1397	4.3819015659582865
1398	3.4506463126849747
1399	3.4506463126849747
1400	3.4506463126849747
1401	3.4729492377429523
1402	3.4729492377429523
1403	3.4729492377429523
1404	3.857070496800703
1405	3.857070496800703
1406	3.857070496800703
1407	3.670523701520318
1408	3.670523701520318
1409	3.670523701520318
1410	3.8406510545033465
1411	3.8406510545033465
1412	3.8406510545033465
1413	4.337856044597156
1414	4.337856044597156
1415	4.337856044597156
1416	4.324686063400901
1417	4.324686063400901
1418	4.324686063400901
1419	3.317003587001001
1420	3.317003587001001
1421	3.317003587001001
1422	4.6852826025104
1423	4.6852826025104
1424	4.6852826025104
1425	4.881103974727027
1426	4.881103974727027
1427	4.881103974727027
1428	3.3105352308217495
1429	3.3105352308217495
1430	3.3105352308217495
1431	3.66736758919306
1432	3.66736758919306
1433	3.66736758919306
1434	4.267630624490502
1435	4.267630624490502
1436	4.267630624490502
1437	4.38016204463209
1438	4.38016204463209
1439	4.38016204463209
1440	3.103648227838577
1441	3.103648227838577
1442	3.103648227838577
1443	4.1414180331173105
1444	4.1414180331173105
1445	4.1414180331173105
1446	3.6676438288595863
1447	3.6676438288595863
1448	3.6676438288595863
1449	3.591447962964136
1450	3.591447962964136
1451	3.591447962964136
1452	4.441789747761379
1453	4.441789747761379
1454	4.441789747761379
1455	4.550158331001527
1456	4.550158331001527
1457	4.550158331001527
1458	4.311068641463963
1459	4.311068641463963
1460	4.311068641463963
1461	3.7552093267307196
1462	3.7552093267307196
1463	3.7552093267307196
1464	4.302655709349365
1465	4.302655709349365
1466	4.302655709349365
1467	4.4655122148828195
1468	4.4655122148828195
1469	4.4655122148828195
1470	5.189815957609227
1471	5.189815957609227
1472	5.189815957609227
1473	4.723577914483485
1474	4.723577914483485
1475	4.723577914483485
1476	4.8779282554530745
1477	4.8779282554530745
1478	4.8779282554530745
1479	4.365100031379155
1480	4.365100031379155
1481	4.365100031379155
1482	4.467512284314167
1483	4.467512284314167
1484	4.467512284314167
1485	4.41232945155746
1486	4.41232945155746
1487	4.41232945155746
1488	5.0095057254703015
1489	5.0095057254703015
1490	5.0095057254703015
1491	3.3799151561566747
1492	3.3799151561566747
1493	3.3799151561566747
1494	3.529628306808384
1495	3.529628306808384
1496	3.529628306808384
1497	4.104429171406595
1498	4.104429171406595
1499	4.104429171406595
1500	5.096668333592133
1501	5.096668333592133
1502	5.096668333592133
1503	4.643408006041361
1504	4.643408006041361
1505	4.643408006041361
1506	4.2363966517896054
1507	4.2363966517896054
1508	4.2363966517896054
1509	4.288919490774798
1510	4.288919490774798
1511	4.288919490774798
1512	3.991454721997871
1513	3.991454721997871
1514	3.991454721997871
1515	4.958466807605415
1516	4.958466807605415
1517	4.958466807605415
1518	4.289799755065214
1519	4.289799755065214
1520	4.289799755065214
1521	3.8869353786225855
1522	3.8869353786225855
1523	3.8869353786225855
1524	4.225298566016866
1525	4.225298566016866
