0	6.855897393698582
1	6.855897393698582
2	6.855897393698582
3	6.855897393698582
4	6.855897393698582
5	6.855897393698582
6	6.855897393698582
7	8.520528522866194
8	8.520528522866194
9	8.520528522866194
10	8.520528522866194
11	8.520528522866194
12	8.520528522866194
13	8.520528522866194
14	15.588927940965938
15	15.588927940965938
16	15.588927940965938
17	15.588927940965938
18	15.588927940965938
19	15.588927940965938
20	15.588927940965938
21	4.987323148829505
22	4.987323148829505
23	4.987323148829505
24	4.987323148829505
25	4.987323148829505
26	4.987323148829505
27	4.987323148829505
28	6.9109807658345215
29	6.9109807658345215
30	6.9109807658345215
31	6.9109807658345215
32	6.9109807658345215
33	6.9109807658345215
34	6.9109807658345215
35	4.548624275902456
36	4.548624275902456
37	4.548624275902456
38	4.548624275902456
39	4.548624275902456
40	4.548624275902456
41	4.548624275902456
42	3.1106472138971037
43	3.1106472138971037
44	3.1106472138971037
45	3.1106472138971037
46	3.1106472138971037
47	3.1106472138971037
48	3.1106472138971037
49	5.41392515477048
50	5.41392515477048
51	5.41392515477048
52	5.41392515477048
53	5.41392515477048
54	5.41392515477048
55	5.41392515477048
56	6.337219733727072
57	6.337219733727072
58	6.337219733727072
59	6.337219733727072
60	6.337219733727072
61	6.337219733727072
62	6.337219733727072
63	6.254776144833876
64	6.254776144833876
65	6.254776144833876
66	6.254776144833876
67	6.254776144833876
68	6.254776144833876
69	6.254776144833876
70	1.7593028507205553
71	1.7593028507205553
72	1.7593028507205553
73	1.7593028507205553
74	1.7593028507205553
75	1.7593028507205553
76	1.7593028507205553
77	11.579720274913408
78	11.579720274913408
79	11.579720274913408
80	11.579720274913408
81	11.579720274913408
82	11.579720274913408
83	11.579720274913408
84	2.172577504340248
85	2.172577504340248
86	2.172577504340248
87	2.172577504340248
88	2.172577504340248
89	2.172577504340248
90	2.172577504340248
91	10.81718434261663
92	10.81718434261663
93	10.81718434261663
94	10.81718434261663
95	10.81718434261663
96	10.81718434261663
97	10.81718434261663
98	10.165304284847835
99	10.165304284847835
100	10.165304284847835
101	10.165304284847835
102	10.165304284847835
103	10.165304284847835
104	10.165304284847835
105	6.84413975544667
106	6.84413975544667
107	6.84413975544667
108	6.84413975544667
109	6.84413975544667
110	6.84413975544667
111	6.84413975544667
112	13.338571222324743
113	13.338571222324743
114	13.338571222324743
115	13.338571222324743
116	13.338571222324743
117	13.338571222324743
118	13.338571222324743
119	8.15414701310855
120	8.15414701310855
121	8.15414701310855
122	8.15414701310855
123	8.15414701310855
124	8.15414701310855
125	8.15414701310855
126	1.349518344727203
127	1.349518344727203
128	1.349518344727203
129	1.349518344727203
130	1.349518344727203
131	1.349518344727203
132	1.349518344727203
133	12.13803185386606
134	12.13803185386606
135	12.13803185386606
136	12.13803185386606
137	12.13803185386606
138	12.13803185386606
139	12.13803185386606
140	12.480665053687812
141	12.480665053687812
142	12.480665053687812
143	12.480665053687812
144	12.480665053687812
145	12.480665053687812
146	12.480665053687812
147	18.42695505598874
148	18.42695505598874
149	18.42695505598874
150	18.42695505598874
151	18.42695505598874
152	18.42695505598874
153	18.42695505598874
154	4.410204053130059
155	4.410204053130059
156	4.410204053130059
157	4.410204053130059
158	4.410204053130059
159	4.410204053130059
160	4.410204053130059
161	16.207727842040917
162	16.207727842040917
163	16.207727842040917
164	16.207727842040917
165	16.207727842040917
166	16.207727842040917
167	16.207727842040917
168	1.6340104798830373
169	1.6340104798830373
170	1.6340104798830373
171	1.6340104798830373
172	1.6340104798830373
173	1.6340104798830373
174	1.6340104798830373
175	6.8893385075841564
176	6.8893385075841564
177	6.8893385075841564
178	6.8893385075841564
179	6.8893385075841564
180	6.8893385075841564
181	6.8893385075841564
182	10.05325001172531
183	10.05325001172531
184	10.05325001172531
185	10.05325001172531
186	10.05325001172531
187	10.05325001172531
188	10.05325001172531
189	2.781502829269546
190	2.781502829269546
191	2.781502829269546
192	2.781502829269546
193	2.781502829269546
194	2.781502829269546
195	2.781502829269546
196	1.2955036875950707
197	1.2955036875950707
198	1.2955036875950707
199	1.2955036875950707
200	1.2955036875950707
201	1.2955036875950707
202	1.2955036875950707
203	0.6295569631454745
204	0.6295569631454745
205	0.6295569631454745
206	0.6295569631454745
207	0.6295569631454745
208	0.6295569631454745
209	5.273607654705028
210	5.273607654705028
211	5.273607654705028
212	5.273607654705028
213	5.273607654705028
214	5.273607654705028
215	5.273607654705028
216	4.505275806158002
217	4.505275806158002
218	4.505275806158002
219	4.505275806158002
220	4.505275806158002
221	4.505275806158002
222	28.29394331994814
223	28.29394331994814
224	28.29394331994814
225	28.29394331994814
226	28.29394331994814
227	8.320635885946988
228	8.320635885946988
229	8.320635885946988
230	8.320635885946988
231	8.320635885946988
232	8.320635885946988
233	8.320635885946988
234	21.385837265636734
235	21.385837265636734
236	21.385837265636734
237	21.385837265636734
238	21.385837265636734
239	21.385837265636734
240	21.385837265636734
241	12.779895826923411
242	12.779895826923411
243	12.779895826923411
244	12.779895826923411
245	12.779895826923411
246	12.779895826923411
247	12.779895826923411
248	20.121482660088404
249	20.121482660088404
250	20.121482660088404
251	20.121482660088404
252	20.121482660088404
253	20.121482660088404
254	20.121482660088404
255	13.382154051258407
256	13.382154051258407
257	13.382154051258407
258	13.382154051258407
259	13.382154051258407
260	13.382154051258407
261	13.382154051258407
262	1.313655983942633
263	1.313655983942633
264	1.313655983942633
265	1.313655983942633
266	1.313655983942633
267	1.313655983942633
268	1.313655983942633
269	11.625658228573029
270	11.625658228573029
271	11.625658228573029
272	11.625658228573029
273	11.625658228573029
274	11.625658228573029
275	11.625658228573029
276	16.142022483047583
277	16.142022483047583
278	16.142022483047583
279	16.142022483047583
280	16.142022483047583
281	16.142022483047583
282	16.142022483047583
283	20.005007618140386
284	20.005007618140386
285	20.005007618140386
286	20.005007618140386
287	20.005007618140386
288	20.005007618140386
289	20.005007618140386
290	22.989722051918733
291	22.989722051918733
292	22.989722051918733
293	22.989722051918733
294	22.989722051918733
295	22.989722051918733
296	22.989722051918733
297	14.570460565184733
298	14.570460565184733
299	14.570460565184733
300	14.570460565184733
301	14.570460565184733
302	14.570460565184733
303	14.570460565184733
304	10.675870675124834
305	10.675870675124834
306	10.675870675124834
307	10.675870675124834
308	10.675870675124834
309	10.675870675124834
310	10.675870675124834
311	9.954409156809142
312	9.954409156809142
313	9.954409156809142
314	9.954409156809142
315	9.954409156809142
316	9.954409156809142
317	9.954409156809142
318	12.715285121137505
319	12.715285121137505
320	12.715285121137505
321	12.715285121137505
322	12.715285121137505
323	12.715285121137505
324	12.715285121137505
325	5.582464701856959
326	5.582464701856959
327	5.582464701856959
328	5.582464701856959
329	5.582464701856959
330	5.582464701856959
331	5.582464701856959
332	2.952062141069124
333	2.952062141069124
334	2.952062141069124
335	2.952062141069124
336	2.952062141069124
337	2.952062141069124
338	2.952062141069124
339	2.734130110858988
340	2.734130110858988
341	2.734130110858988
342	2.734130110858988
343	2.734130110858988
344	2.734130110858988
345	2.734130110858988
346	9.26094163131763
347	9.26094163131763
348	9.26094163131763
349	9.26094163131763
350	9.26094163131763
351	9.26094163131763
352	9.26094163131763
353	10.884993247408964
354	10.884993247408964
355	10.884993247408964
356	10.884993247408964
357	10.884993247408964
358	10.884993247408964
359	10.884993247408964
360	3.541984295964685
361	3.541984295964685
362	3.541984295964685
363	3.541984295964685
364	3.541984295964685
365	3.541984295964685
366	3.541984295964685
367	10.165362176489339
368	10.165362176489339
369	10.165362176489339
370	10.165362176489339
371	10.165362176489339
372	10.165362176489339
373	10.165362176489339
374	0.1
375	0.1
376	0.1
377	0.1
378	0.1
379	0.1
380	0.1
381	6.897228426017952
382	6.897228426017952
383	6.897228426017952
384	6.897228426017952
385	6.897228426017952
386	6.897228426017952
387	6.897228426017952
388	15.789862110792154
389	15.789862110792154
390	15.789862110792154
391	15.789862110792154
392	15.789862110792154
393	15.789862110792154
394	15.789862110792154
395	11.26757497360709
396	11.26757497360709
397	11.26757497360709
398	11.26757497360709
399	11.26757497360709
400	11.26757497360709
401	11.26757497360709
402	15.706811759358061
403	15.706811759358061
404	15.706811759358061
405	15.706811759358061
406	15.706811759358061
407	15.706811759358061
408	15.706811759358061
409	0.1
410	0.1
411	0.1
412	0.1
413	0.1
414	0.1
415	0.1
416	13.931723585968147
417	13.931723585968147
418	13.931723585968147
419	13.931723585968147
420	13.931723585968147
421	13.931723585968147
422	13.931723585968147
423	4.486841808299169
424	4.486841808299169
425	4.486841808299169
426	4.486841808299169
427	4.486841808299169
428	4.486841808299169
429	4.486841808299169
430	13.34245717348881
431	13.34245717348881
432	13.34245717348881
433	13.34245717348881
434	13.34245717348881
435	13.34245717348881
436	13.34245717348881
437	16.371444943579053
438	16.371444943579053
439	16.371444943579053
440	16.371444943579053
441	16.371444943579053
442	37.0164662759297
443	37.0164662759297
444	37.0164662759297
445	37.0164662759297
446	37.0164662759297
447	37.0164662759297
448	37.0164662759297
449	18.416060937392132
450	18.416060937392132
451	18.416060937392132
452	18.416060937392132
453	18.416060937392132
454	18.416060937392132
455	18.416060937392132
456	17.479452741651052
457	17.479452741651052
458	17.479452741651052
459	17.479452741651052
460	17.479452741651052
461	17.479452741651052
462	17.479452741651052
463	13.309101516039643
464	13.309101516039643
465	13.309101516039643
466	13.309101516039643
467	13.309101516039643
468	13.309101516039643
469	13.309101516039643
470	8.960441210917285
471	8.960441210917285
472	8.960441210917285
473	8.960441210917285
474	8.960441210917285
475	8.960441210917285
476	8.960441210917285
477	6.841634272480906
478	6.841634272480906
479	6.841634272480906
480	6.841634272480906
481	6.841634272480906
482	6.841634272480906
483	6.841634272480906
484	0.1
485	0.1
486	0.1
487	0.1
488	0.1
489	0.1
490	0.1
491	7.900430253450304
492	7.900430253450304
493	7.900430253450304
494	7.900430253450304
495	7.900430253450304
496	7.900430253450304
497	7.900430253450304
498	17.233404073075377
499	17.233404073075377
500	17.233404073075377
501	17.233404073075377
502	17.233404073075377
503	17.233404073075377
504	17.233404073075377
505	13.426836004224931
506	13.426836004224931
507	13.426836004224931
508	13.426836004224931
509	13.426836004224931
510	13.426836004224931
511	13.426836004224931
512	16.51118954518651
513	16.51118954518651
514	16.51118954518651
515	16.51118954518651
516	16.51118954518651
517	16.51118954518651
518	16.51118954518651
519	19.594117515979562
520	19.594117515979562
521	19.594117515979562
522	19.594117515979562
523	19.594117515979562
524	19.594117515979562
525	19.594117515979562
526	23.422647178102274
527	23.422647178102274
528	23.422647178102274
529	23.422647178102274
530	23.422647178102274
531	23.422647178102274
532	23.422647178102274
533	7.749212104653052
534	7.749212104653052
535	7.749212104653052
536	7.749212104653052
537	7.749212104653052
538	7.749212104653052
539	7.749212104653052
540	13.998512037363792
541	13.998512037363792
542	13.998512037363792
543	13.998512037363792
544	13.998512037363792
545	13.998512037363792
546	13.998512037363792
547	6.777455706326316
548	6.777455706326316
549	6.777455706326316
550	6.777455706326316
551	6.777455706326316
552	6.777455706326316
553	6.777455706326316
554	4.81523495501893
555	4.81523495501893
556	4.81523495501893
557	4.81523495501893
558	4.81523495501893
559	4.81523495501893
560	4.81523495501893
561	6.357183214459725
562	6.357183214459725
563	6.357183214459725
564	6.357183214459725
565	6.357183214459725
566	6.357183214459725
567	6.357183214459725
568	22.09317960012904
569	22.09317960012904
570	22.09317960012904
571	22.09317960012904
572	22.09317960012904
573	22.09317960012904
574	22.09317960012904
575	12.054218094044902
576	12.054218094044902
577	12.054218094044902
578	12.054218094044902
579	34.08294547647689
580	34.08294547647689
581	34.08294547647689
582	34.08294547647689
583	34.08294547647689
584	34.08294547647689
585	34.08294547647689
586	41.5
587	41.5
588	41.5
589	41.5
590	41.5
591	41.5
592	41.5
593	31.886007665417807
594	31.886007665417807
595	31.886007665417807
596	31.886007665417807
597	31.886007665417807
598	31.886007665417807
599	31.886007665417807
600	0.1
601	0.1
602	0.1
603	0.1
604	0.1
605	0.1
606	0.1
607	22.959200154869347
608	22.959200154869347
609	22.959200154869347
610	22.959200154869347
611	22.959200154869347
612	22.959200154869347
613	22.959200154869347
614	41.5
615	41.5
616	41.5
617	41.5
618	41.5
619	41.5
620	41.5
621	13.307403502158113
622	13.307403502158113
623	13.307403502158113
624	13.307403502158113
625	13.307403502158113
626	13.307403502158113
627	13.307403502158113
628	41.5
629	41.5
630	41.5
631	41.5
632	41.5
633	41.5
634	41.5
635	41.5
636	41.5
637	41.5
638	41.5
639	41.5
640	41.5
641	41.5
642	41.5
643	41.5
644	41.5
645	41.5
646	41.5
647	41.5
648	41.5
649	41.5
650	41.5
651	41.5
652	41.5
653	41.5
654	41.5
655	41.5
656	4.934913777402151
657	4.934913777402151
658	4.934913777402151
659	4.934913777402151
660	4.934913777402151
661	4.934913777402151
662	4.934913777402151
663	41.5
664	41.5
665	41.5
666	41.5
667	41.5
668	41.5
669	41.5
670	41.5
671	41.5
672	41.5
673	41.5
674	41.5
675	41.5
676	41.5
677	41.5
678	41.5
679	41.5
680	41.5
681	41.5
682	41.5
683	41.5
684	41.5
685	41.5
686	41.5
687	41.5
688	41.5
689	41.5
690	41.5
691	21.527342912242847
692	21.527342912242847
693	21.527342912242847
694	21.527342912242847
695	21.527342912242847
696	21.527342912242847
697	21.527342912242847
698	41.5
699	41.5
700	41.5
701	41.5
702	41.5
703	41.5
704	41.5
705	41.5
706	41.5
707	41.5
708	41.5
709	41.5
710	41.5
711	21.24449502735791
712	21.24449502735791
713	21.24449502735791
714	21.24449502735791
715	21.24449502735791
716	21.24449502735791
717	21.24449502735791
718	28.786541808722358
719	28.786541808722358
720	28.786541808722358
721	28.786541808722358
722	28.786541808722358
723	28.786541808722358
724	28.786541808722358
725	0.1
726	0.1
727	0.1
728	0.1
729	0.1
730	0.1
731	0.1
732	41.24275880482821
733	41.24275880482821
734	41.24275880482821
735	41.24275880482821
736	41.24275880482821
737	41.24275880482821
738	41.24275880482821
739	5.445197223034867
740	5.445197223034867
741	5.445197223034867
742	5.445197223034867
743	5.445197223034867
744	5.445197223034867
745	5.445197223034867
746	41.5
747	41.5
748	41.5
749	41.5
750	41.5
751	41.5
752	41.5
753	33.36006383967603
754	33.36006383967603
755	33.36006383967603
756	33.36006383967603
757	33.36006383967603
758	33.36006383967603
759	33.36006383967603
760	37.68487398560077
761	37.68487398560077
762	37.68487398560077
763	37.68487398560077
764	37.68487398560077
765	37.68487398560077
766	37.68487398560077
767	11.625715847133208
768	11.625715847133208
769	11.625715847133208
770	11.625715847133208
771	11.625715847133208
772	11.625715847133208
773	11.625715847133208
774	31.575273860277967
775	31.575273860277967
776	31.575273860277967
777	31.575273860277967
778	31.575273860277967
779	31.575273860277967
780	31.575273860277967
781	29.58823951600324
782	29.58823951600324
783	29.58823951600324
784	29.58823951600324
785	29.58823951600324
786	29.58823951600324
787	29.58823951600324
788	41.5
789	41.5
790	41.5
791	41.5
792	41.5
793	41.5
794	41.5
795	41.5
796	41.5
797	41.5
798	41.5
799	41.5
800	41.5
801	41.5
802	27.661426157288687
803	27.661426157288687
804	27.661426157288687
805	27.661426157288687
806	27.661426157288687
807	27.661426157288687
808	27.661426157288687
809	23.01491011582601
810	23.01491011582601
811	23.01491011582601
812	23.01491011582601
813	23.01491011582601
814	23.01491011582601
815	23.01491011582601
816	32.844536180774654
817	32.844536180774654
818	32.844536180774654
819	32.844536180774654
820	32.844536180774654
821	32.844536180774654
822	32.844536180774654
823	41.5
824	41.5
825	41.5
826	41.5
827	41.5
828	41.5
829	41.5
830	41.5
831	41.5
832	41.5
833	41.5
834	41.5
835	41.5
836	41.5
837	25.64823886174875
838	25.64823886174875
839	25.64823886174875
840	25.64823886174875
841	25.64823886174875
842	25.64823886174875
843	25.64823886174875
844	9.965166652148095
845	9.965166652148095
846	9.965166652148095
847	9.965166652148095
848	9.965166652148095
849	9.965166652148095
850	9.965166652148095
851	41.5
852	41.5
853	41.5
854	41.5
855	41.5
856	41.5
857	41.5
858	28.687805164717254
859	28.687805164717254
860	28.687805164717254
861	28.687805164717254
862	28.687805164717254
863	28.687805164717254
864	28.687805164717254
865	31.694374640928523
866	31.694374640928523
867	31.694374640928523
868	31.694374640928523
869	31.694374640928523
870	31.694374640928523
871	31.694374640928523
872	41.5
873	41.5
874	41.5
875	41.5
876	41.5
877	41.5
878	41.5
879	34.53169725205579
880	34.53169725205579
881	34.53169725205579
882	34.53169725205579
883	34.53169725205579
884	34.53169725205579
885	34.53169725205579
886	40.71520643242968
887	40.71520643242968
888	40.71520643242968
889	40.71520643242968
890	40.71520643242968
891	40.71520643242968
892	40.71520643242968
893	41.5
894	41.5
895	41.5
896	41.5
897	41.5
898	41.5
899	41.5
900	15.965592703534927
901	15.965592703534927
902	15.965592703534927
903	15.965592703534927
904	15.965592703534927
905	15.965592703534927
906	15.965592703534927
907	0.1
908	0.1
909	0.1
910	0.1
911	0.1
912	0.1
913	0.1
914	19.376448803569286
915	19.376448803569286
916	19.376448803569286
917	19.376448803569286
918	19.376448803569286
919	19.376448803569286
920	19.376448803569286
921	41.5
922	41.5
923	41.5
924	41.5
925	41.5
926	41.5
927	41.5
928	41.5
929	41.5
930	41.5
931	41.5
932	41.5
933	41.5
934	41.5
935	11.350963133503608
936	11.350963133503608
937	11.350963133503608
938	11.350963133503608
939	11.350963133503608
940	11.350963133503608
941	11.350963133503608
942	41.5
943	41.5
944	41.5
945	41.5
946	41.5
947	41.5
948	41.5
949	4.6611151069782295
950	4.6611151069782295
951	4.6611151069782295
952	4.6611151069782295
953	4.6611151069782295
954	4.6611151069782295
955	4.6611151069782295
956	11.294060077336948
957	11.294060077336948
958	11.294060077336948
959	11.294060077336948
960	11.294060077336948
961	11.294060077336948
962	11.294060077336948
963	41.5
964	41.5
965	41.5
966	41.5
967	41.5
968	41.5
969	41.5
970	41.5
971	41.5
972	41.5
973	41.5
974	41.5
975	41.5
976	41.5
977	7.4971111593852555
978	7.4971111593852555
979	7.4971111593852555
980	7.4971111593852555
981	7.4971111593852555
982	7.4971111593852555
983	7.4971111593852555
984	39.31547776673814
985	39.31547776673814
986	39.31547776673814
987	39.31547776673814
988	39.31547776673814
989	39.31547776673814
990	39.31547776673814
991	9.507891095109589
992	9.507891095109589
993	9.507891095109589
994	9.507891095109589
995	9.507891095109589
996	9.507891095109589
997	9.507891095109589
998	0.1
999	0.1
1000	0.1
1001	0.1
1002	0.1
1003	0.1
1004	0.1
1005	41.5
1006	41.5
1007	41.5
1008	41.5
1009	41.5
1010	41.5
1011	41.5
1012	41.5
1013	41.5
1014	41.5
1015	41.5
1016	41.5
1017	41.5
1018	41.5
1019	31.814980147297177
1020	31.814980147297177
1021	31.814980147297177
1022	31.814980147297177
1023	31.814980147297177
1024	31.814980147297177
1025	31.814980147297177
1026	24.15952696693675
1027	24.15952696693675
1028	24.15952696693675
1029	24.15952696693675
1030	24.15952696693675
1031	24.15952696693675
1032	24.15952696693675
1033	41.5
1034	41.5
1035	41.5
1036	41.5
1037	41.5
1038	41.5
1039	41.5
1040	41.5
1041	41.5
1042	41.5
1043	41.5
1044	41.5
1045	41.5
1046	41.5
1047	41.5
1048	41.5
1049	41.5
1050	41.5
1051	41.5
1052	41.5
1053	41.5
1054	0.1
1055	0.1
1056	0.1
1057	0.1
1058	0.1
1059	0.1
1060	0.1
1061	41.5
1062	41.5
1063	41.5
1064	41.5
1065	41.5
1066	41.5
1067	41.5
1068	0.1
1069	0.1
1070	0.1
1071	0.1
1072	0.1
1073	0.1
1074	0.1
1075	35.19604361599811
1076	35.19604361599811
1077	35.19604361599811
1078	35.19604361599811
1079	35.19604361599811
1080	35.19604361599811
1081	35.19604361599811
1082	41.5
1083	41.5
1084	41.5
1085	41.5
1086	41.5
1087	41.5
1088	41.5
1089	41.5
1090	41.5
1091	41.5
1092	41.5
1093	41.5
1094	41.5
1095	41.5
1096	38.80921124766724
1097	38.80921124766724
1098	38.80921124766724
1099	38.80921124766724
1100	38.80921124766724
1101	38.80921124766724
1102	38.80921124766724
1103	26.10250102524803
1104	26.10250102524803
1105	26.10250102524803
1106	26.10250102524803
1107	26.10250102524803
1108	26.10250102524803
1109	26.10250102524803
1110	8.194048127405878
1111	8.194048127405878
1112	8.194048127405878
1113	8.194048127405878
1114	8.194048127405878
1115	8.194048127405878
1116	8.194048127405878
1117	41.5
1118	41.5
1119	41.5
1120	41.5
1121	41.5
1122	41.5
1123	41.5
1124	38.570164686138334
1125	38.570164686138334
1126	38.570164686138334
1127	38.570164686138334
1128	38.570164686138334
1129	38.570164686138334
1130	38.570164686138334
1131	41.5
1132	41.5
1133	41.5
1134	41.5
1135	41.5
1136	41.5
1137	41.5
1138	41.5
1139	41.5
1140	41.5
1141	41.5
1142	41.5
1143	41.5
1144	41.5
1145	41.5
1146	41.5
1147	41.5
1148	41.5
1149	41.5
1150	41.5
1151	41.5
1152	41.5
1153	41.5
1154	41.5
1155	41.5
1156	41.5
1157	41.5
1158	41.5
1159	36.998088067472395
1160	36.998088067472395
1161	36.998088067472395
1162	36.998088067472395
1163	36.998088067472395
1164	36.998088067472395
1165	36.998088067472395
1166	41.5
1167	41.5
1168	41.5
1169	41.5
1170	41.5
1171	41.5
1172	41.5
1173	40.20478039409951
1174	40.20478039409951
1175	40.20478039409951
1176	40.20478039409951
1177	40.20478039409951
1178	40.20478039409951
1179	40.20478039409951
1180	0.1
1181	0.1
1182	0.1
1183	0.1
1184	0.1
1185	0.1
1186	0.1
1187	41.5
1188	41.5
1189	41.5
1190	41.5
1191	41.5
1192	41.5
1193	41.5
1194	41.5
1195	41.5
1196	41.5
1197	41.5
1198	14.662468921783642
1199	14.662468921783642
1200	14.662468921783642
1201	14.662468921783642
1202	14.662468921783642
1203	14.662468921783642
1204	14.662468921783642
1205	0.1
1206	0.1
1207	0.1
1208	0.1
1209	0.1
1210	0.1
1211	0.1
1212	29.371766138192086
1213	29.371766138192086
1214	29.371766138192086
1215	29.371766138192086
1216	29.371766138192086
1217	29.371766138192086
1218	29.371766138192086
1219	41.5
1220	41.5
1221	41.5
1222	41.5
1223	41.5
1224	41.5
1225	41.5
1226	26.480347905616632
1227	26.480347905616632
1228	26.480347905616632
1229	26.480347905616632
1230	26.480347905616632
1231	26.480347905616632
1232	26.480347905616632
1233	41.5
1234	41.5
1235	41.5
1236	41.5
1237	41.5
1238	41.5
1239	41.5
1240	39.149288464001714
1241	39.149288464001714
1242	39.149288464001714
1243	39.149288464001714
1244	39.149288464001714
1245	39.149288464001714
1246	39.149288464001714
1247	33.79887177201381
1248	33.79887177201381
1249	33.79887177201381
1250	33.79887177201381
1251	33.79887177201381
1252	33.79887177201381
1253	33.79887177201381
1254	19.23486256259655
1255	19.23486256259655
1256	19.23486256259655
1257	19.23486256259655
1258	19.23486256259655
1259	19.23486256259655
1260	19.23486256259655
1261	36.605316063719926
1262	36.605316063719926
1263	36.605316063719926
1264	36.605316063719926
1265	36.605316063719926
1266	36.605316063719926
1267	36.605316063719926
1268	41.5
1269	41.5
1270	41.5
1271	41.5
1272	41.5
1273	41.5
1274	41.5
1275	23.709275485926668
1276	23.709275485926668
1277	23.709275485926668
1278	23.709275485926668
1279	23.709275485926668
1280	23.709275485926668
1281	23.709275485926668
1282	41.5
1283	41.5
1284	41.5
1285	41.5
1286	41.5
1287	41.5
1288	41.5
1289	20.20059371211053
1290	20.20059371211053
1291	20.20059371211053
1292	20.20059371211053
1293	20.20059371211053
1294	20.20059371211053
1295	20.20059371211053
1296	37.24031274315693
1297	37.24031274315693
1298	37.24031274315693
1299	37.24031274315693
1300	37.24031274315693
1301	37.24031274315693
1302	37.24031274315693
1303	41.5
1304	41.5
1305	41.5
1306	41.5
1307	41.5
1308	41.5
1309	41.5
1310	41.5
1311	41.5
1312	41.5
1313	41.5
1314	41.5
1315	41.5
1316	41.5
1317	32.07407606467533
1318	32.07407606467533
1319	32.07407606467533
1320	32.07407606467533
1321	32.07407606467533
1322	32.07407606467533
1323	32.07407606467533
1324	15.486338794488212
1325	15.486338794488212
1326	15.486338794488212
1327	15.486338794488212
1328	15.486338794488212
1329	15.486338794488212
1330	15.486338794488212
1331	41.5
1332	41.5
1333	41.5
1334	41.5
1335	41.5
1336	41.5
1337	41.5
1338	41.5
1339	41.5
1340	41.5
1341	0.1
1342	0.1
1343	0.1
1344	0.1
1345	0.1
1346	0.1
1347	0.1
1348	21.407296518721814
1349	21.407296518721814
1350	21.407296518721814
1351	21.407296518721814
1352	21.407296518721814
1353	21.407296518721814
1354	21.407296518721814
1355	37.40046556999321
1356	37.40046556999321
1357	37.40046556999321
1358	37.40046556999321
1359	37.40046556999321
1360	37.40046556999321
1361	37.40046556999321
1362	41.5
1363	41.5
1364	21.60048728816571
1365	21.60048728816571
1366	21.60048728816571
1367	21.60048728816571
1368	21.60048728816571
1369	26.895031299752144
1370	26.895031299752144
1371	26.895031299752144
1372	26.895031299752144
1373	26.895031299752144
1374	26.895031299752144
1375	26.895031299752144
1376	0.1
1377	0.1
1378	0.1
1379	0.1
1380	0.1
1381	0.1
1382	0.1
1383	41.5
1384	41.5
1385	41.5
1386	41.5
1387	41.5
1388	41.5
1389	41.5
1390	19.94765614672954
1391	19.94765614672954
1392	19.94765614672954
1393	19.94765614672954
1394	19.94765614672954
1395	19.94765614672954
1396	19.94765614672954
1397	14.060948129965347
1398	14.060948129965347
1399	14.060948129965347
1400	14.060948129965347
1401	14.060948129965347
1402	14.060948129965347
1403	14.060948129965347
1404	32.73323612663051
1405	32.73323612663051
1406	32.73323612663051
1407	32.73323612663051
1408	32.73323612663051
1409	32.73323612663051
1410	32.73323612663051
1411	32.88301055992322
1412	32.88301055992322
1413	32.88301055992322
1414	32.88301055992322
1415	32.88301055992322
1416	32.88301055992322
1417	32.88301055992322
1418	41.5
1419	41.5
1420	41.5
1421	41.5
1422	41.5
1423	41.5
1424	41.5
1425	41.37557290953846
1426	41.37557290953846
1427	41.37557290953846
1428	41.37557290953846
1429	41.37557290953846
1430	41.37557290953846
1431	41.37557290953846
1432	27.829448989158408
1433	27.829448989158408
1434	27.829448989158408
1435	27.829448989158408
1436	27.829448989158408
1437	27.829448989158408
1438	27.829448989158408
1439	41.5
1440	41.5
1441	41.5
1442	41.5
1443	35.914607308524985
1444	35.914607308524985
1445	35.914607308524985
1446	33.596569393565204
1447	33.596569393565204
1448	33.596569393565204
1449	33.596569393565204
1450	33.596569393565204
1451	33.596569393565204
1452	33.596569393565204
1453	19.817912371183766
1454	19.817912371183766
1455	19.817912371183766
1456	39.981770809735075
1457	39.981770809735075
1458	39.981770809735075
1459	39.981770809735075
1460	39.981770809735075
1461	39.981770809735075
1462	39.981770809735075
1463	33.46435061937424
1464	33.46435061937424
1465	33.46435061937424
1466	33.46435061937424
1467	33.46435061937424
1468	33.46435061937424
1469	33.46435061937424
1470	13.511607353935997
1471	13.511607353935997
1472	13.511607353935997
1473	13.511607353935997
1474	13.511607353935997
1475	13.511607353935997
1476	13.511607353935997
1477	23.654716042603173
1478	23.654716042603173
1479	23.654716042603173
1480	23.654716042603173
1481	23.654716042603173
1482	23.654716042603173
1483	23.654716042603173
1484	9.365915785518979
1485	9.365915785518979
1486	9.365915785518979
1487	9.365915785518979
1488	9.365915785518979
1489	9.365915785518979
1490	9.365915785518979
1491	0.1
1492	0.1
1493	0.1
1494	0.1
1495	0.1
1496	0.1
1497	0.1
1498	35.81961775952601
1499	35.81961775952601
1500	35.81961775952601
1501	35.81961775952601
1502	35.81961775952601
1503	35.81961775952601
1504	35.81961775952601
1505	35.564836873912775
1506	35.564836873912775
1507	35.564836873912775
1508	35.564836873912775
1509	35.564836873912775
1510	35.564836873912775
1511	35.564836873912775
1512	21.107468726899995
1513	21.107468726899995
1514	21.107468726899995
1515	21.107468726899995
1516	21.107468726899995
1517	21.107468726899995
1518	21.107468726899995
1519	41.5
1520	41.5
1521	41.5
1522	41.5
1523	41.5
1524	41.5
1525	41.5
1526	21.443871091168536
1527	21.443871091168536
1528	21.443871091168536
1529	21.443871091168536
1530	21.443871091168536
1531	21.443871091168536
1532	21.443871091168536
1533	41.5
1534	41.5
1535	41.5
1536	41.5
1537	41.5
1538	41.5
1539	41.5
1540	41.5
1541	41.5
1542	41.5
1543	41.5
1544	41.5
1545	41.5
1546	40.53487500606127
1547	40.53487500606127
1548	40.53487500606127
1549	40.53487500606127
1550	40.53487500606127
1551	40.53487500606127
1552	40.53487500606127
1553	29.169926381267068
1554	29.169926381267068
1555	29.169926381267068
1556	29.169926381267068
1557	29.169926381267068
1558	29.169926381267068
1559	29.169926381267068
1560	26.42760011280756
1561	26.42760011280756
1562	26.42760011280756
1563	26.42760011280756
1564	26.42760011280756
1565	26.42760011280756
1566	26.42760011280756
1567	40.49485390728114
1568	40.49485390728114
1569	40.49485390728114
1570	40.49485390728114
1571	40.49485390728114
1572	40.49485390728114
1573	40.49485390728114
1574	41.5
1575	41.5
1576	41.5
1577	41.5
1578	41.5
1579	41.5
1580	41.5
1581	36.573913494736566
1582	36.573913494736566
1583	36.573913494736566
1584	36.573913494736566
1585	36.573913494736566
1586	36.573913494736566
1587	36.573913494736566
1588	35.65532492600135
1589	35.65532492600135
1590	35.65532492600135
1591	35.65532492600135
1592	35.65532492600135
1593	35.65532492600135
1594	35.65532492600135
1595	41.5
1596	41.5
1597	41.5
1598	41.5
1599	41.5
1600	41.5
1601	41.5
1602	9.173741434548194
1603	9.173741434548194
1604	9.173741434548194
1605	9.173741434548194
1606	9.173741434548194
1607	9.173741434548194
1608	9.173741434548194
1609	25.500372559532074
1610	25.500372559532074
1611	25.500372559532074
1612	25.500372559532074
1613	25.500372559532074
1614	25.500372559532074
1615	25.500372559532074
1616	27.29039700720767
1617	27.29039700720767
1618	27.29039700720767
1619	27.29039700720767
1620	27.29039700720767
1621	27.29039700720767
1622	27.29039700720767
1623	41.5
1624	41.5
1625	41.5
1626	41.5
1627	41.5
1628	41.5
1629	41.5
1630	40.4429882359667
1631	40.4429882359667
1632	40.4429882359667
1633	40.4429882359667
1634	40.4429882359667
1635	40.4429882359667
1636	40.4429882359667
1637	11.235744003811757
1638	11.235744003811757
1639	11.235744003811757
1640	11.235744003811757
1641	11.235744003811757
1642	11.235744003811757
1643	11.235744003811757
1644	16.642754074820097
1645	16.642754074820097
1646	16.642754074820097
1647	16.642754074820097
1648	16.642754074820097
1649	16.642754074820097
1650	16.642754074820097
1651	19.026481236116865
1652	19.026481236116865
1653	19.026481236116865
1654	19.026481236116865
1655	19.026481236116865
1656	19.026481236116865
1657	19.026481236116865
1658	24.16754271662125
1659	24.16754271662125
1660	24.16754271662125
1661	24.16754271662125
1662	24.16754271662125
1663	24.16754271662125
1664	24.16754271662125
1665	41.5
1666	41.5
1667	41.5
1668	41.5
1669	41.5
1670	41.5
1671	41.5
1672	41.5
1673	41.5
1674	41.5
1675	41.5
1676	41.5
1677	41.5
1678	41.5
1679	41.5
1680	41.5
1681	41.5
1682	41.5
1683	41.5
1684	41.5
1685	41.5
1686	34.583880642633176
1687	34.583880642633176
1688	34.583880642633176
1689	34.583880642633176
1690	34.583880642633176
1691	34.583880642633176
1692	34.583880642633176
1693	41.5
1694	41.5
1695	41.5
1696	41.5
1697	41.5
1698	41.5
1699	41.5
1700	41.5
1701	41.5
1702	41.5
1703	41.5
1704	41.5
1705	41.5
1706	41.5
1707	35.29292850217553
1708	35.29292850217553
1709	35.29292850217553
1710	35.29292850217553
1711	35.29292850217553
1712	35.29292850217553
1713	35.29292850217553
1714	3.4733182211843534
1715	3.4733182211843534
1716	22.24392712716805
1717	22.24392712716805
1718	22.24392712716805
1719	22.24392712716805
1720	22.24392712716805
1721	22.24392712716805
1722	22.24392712716805
1723	41.5
1724	41.5
1725	41.5
1726	41.5
1727	41.5
1728	41.5
1729	41.5
1730	0.1
1731	0.1
1732	0.1
1733	0.1
1734	0.1
1735	0.1
1736	0.1
1737	41.5
1738	41.5
1739	41.5
1740	41.5
1741	41.5
1742	41.5
1743	41.5
1744	41.5
1745	41.5
1746	41.5
1747	41.5
1748	41.5
1749	41.5
1750	41.5
1751	32.59170117445262
1752	32.59170117445262
1753	32.59170117445262
1754	32.59170117445262
1755	32.59170117445262
1756	32.59170117445262
1757	32.59170117445262
1758	35.71707396181059
1759	35.71707396181059
1760	35.71707396181059
1761	35.71707396181059
1762	35.71707396181059
1763	35.71707396181059
1764	35.71707396181059
1765	36.97988384640023
1766	36.97988384640023
1767	36.97988384640023
1768	36.97988384640023
1769	36.97988384640023
1770	36.97988384640023
1771	36.97988384640023
1772	1.0329575872459174
1773	1.0329575872459174
1774	1.0329575872459174
1775	1.0329575872459174
1776	1.0329575872459174
1777	1.0329575872459174
1778	1.0329575872459174
1779	32.72947517233424
1780	32.72947517233424
1781	32.72947517233424
1782	32.72947517233424
1783	32.72947517233424
1784	32.72947517233424
1785	32.72947517233424
1786	19.522859109980132
1787	19.522859109980132
1788	19.522859109980132
1789	19.522859109980132
1790	19.522859109980132
1791	19.522859109980132
1792	19.522859109980132
1793	41.5
1794	41.5
1795	41.5
1796	41.5
1797	41.5
1798	41.5
1799	41.5
1800	24.39002217071144
1801	24.39002217071144
1802	24.39002217071144
1803	24.39002217071144
1804	24.39002217071144
1805	24.39002217071144
1806	24.39002217071144
1807	41.42298462310955
1808	41.42298462310955
1809	41.42298462310955
1810	41.42298462310955
1811	41.42298462310955
1812	41.42298462310955
1813	41.42298462310955
1814	41.5
1815	41.5
1816	41.5
1817	41.5
1818	41.5
1819	41.5
1820	41.5
1821	41.5
1822	41.5
1823	41.5
1824	41.5
1825	41.5
1826	41.5
1827	41.5
1828	41.5
1829	41.5
1830	41.5
1831	41.5
1832	41.5
1833	41.5
1834	41.5
1835	31.72197206310395
1836	31.72197206310395
1837	31.72197206310395
1838	31.72197206310395
1839	31.72197206310395
1840	31.72197206310395
1841	31.72197206310395
1842	41.5
1843	41.5
1844	41.5
1845	41.5
1846	41.5
1847	41.5
1848	41.5
1849	4.638212571796018
1850	4.638212571796018
1851	4.638212571796018
1852	4.638212571796018
1853	4.638212571796018
1854	4.638212571796018
1855	4.638212571796018
1856	40.28117083079354
1857	40.28117083079354
1858	40.28117083079354
1859	40.28117083079354
1860	40.28117083079354
1861	40.28117083079354
1862	40.28117083079354
1863	41.5
1864	41.5
1865	41.5
1866	41.5
1867	41.5
1868	41.5
1869	41.5
1870	19.05190545675362
1871	19.05190545675362
1872	19.05190545675362
1873	19.05190545675362
1874	19.05190545675362
1875	19.05190545675362
1876	19.05190545675362
1877	41.5
1878	41.5
1879	41.5
1880	41.5
1881	41.5
1882	41.5
1883	41.5
1884	41.5
1885	41.5
1886	41.5
1887	41.5
1888	41.5
1889	41.5
1890	41.5
1891	12.668044809238904
1892	12.668044809238904
1893	12.668044809238904
1894	12.668044809238904
1895	12.668044809238904
1896	12.668044809238904
1897	12.668044809238904
1898	41.5
1899	41.5
1900	41.5
1901	41.5
1902	41.5
1903	41.5
1904	41.5
1905	0.1
1906	0.1
1907	0.1
1908	0.1
1909	0.1
1910	0.1
1911	0.1
1912	28.789756961420835
1913	28.789756961420835
1914	28.789756961420835
1915	28.789756961420835
1916	28.789756961420835
1917	28.789756961420835
1918	28.789756961420835
1919	41.5
1920	41.5
1921	38.11400552256765
1922	38.11400552256765
1923	38.11400552256765
1924	38.11400552256765
1925	38.11400552256765
1926	38.11400552256765
1927	38.11400552256765
1928	41.5
1929	41.5
1930	41.5
1931	41.5
1932	41.5
1933	41.5
1934	41.5
1935	40.03538146314369
1936	40.03538146314369
1937	40.03538146314369
1938	40.03538146314369
1939	40.03538146314369
1940	40.03538146314369
1941	40.03538146314369
1942	21.97108011917683
1943	21.97108011917683
1944	21.97108011917683
1945	21.97108011917683
1946	21.97108011917683
1947	21.97108011917683
1948	21.97108011917683
1949	41.5
1950	41.5
1951	41.5
1952	41.5
1953	41.5
1954	41.5
1955	41.5
1956	41.5
1957	41.5
1958	41.5
1959	41.5
1960	41.5
1961	41.5
1962	41.5
1963	0.1
1964	0.1
1965	0.1
1966	0.1
1967	0.1
1968	0.1
1969	0.1
1970	25.142661215790802
1971	25.142661215790802
1972	25.142661215790802
1973	25.142661215790802
1974	25.142661215790802
1975	25.142661215790802
1976	25.142661215790802
1977	41.5
1978	41.5
1979	41.5
1980	41.5
1981	41.5
1982	41.5
1983	41.5
1984	41.5
1985	41.5
1986	41.5
1987	41.5
1988	41.5
1989	41.5
1990	41.5
1991	41.5
1992	41.5
1993	41.5
1994	41.5
1995	41.5
1996	41.5
1997	41.5
1998	41.5
1999	41.5
2000	41.5
2001	41.5
2002	41.5
2003	41.5
2004	41.5
2005	41.5
2006	41.5
2007	41.5
2008	41.5
2009	41.5
2010	41.5
2011	41.5
2012	41.5
2013	41.5
2014	41.5
2015	41.5
2016	41.5
2017	41.5
2018	41.5
2019	41.5
2020	41.5
2021	41.5
2022	41.5
2023	41.5
2024	41.5
2025	41.5
2026	41.5
2027	41.5
2028	41.5
