0	2.8173542582824407
1	2.8173542582824407
2	2.8173542582824407
3	2.8173542582824407
4	2.8173542582824407
5	2.8173542582824407
6	2.8173542582824407
7	2.8173542582824407
8	2.8173542582824407
9	2.098482176282818
10	2.098482176282818
11	2.098482176282818
12	2.098482176282818
13	2.098482176282818
14	2.098482176282818
15	2.098482176282818
16	2.098482176282818
17	2.098482176282818
18	4.841789906117622
19	4.841789906117622
20	4.841789906117622
21	4.841789906117622
22	4.841789906117622
23	4.841789906117622
24	4.841789906117622
25	4.841789906117622
26	4.841789906117622
27	5.1
28	5.1
29	5.1
30	5.1
31	5.1
32	5.1
33	5.1
34	5.1
35	5.1
36	5.1
37	5.1
38	5.1
39	5.1
40	5.1
41	5.1
42	5.1
43	5.1
44	5.1
45	3.225578270273454
46	3.225578270273454
47	3.225578270273454
48	3.225578270273454
49	3.225578270273454
50	3.225578270273454
51	3.225578270273454
52	3.225578270273454
53	3.225578270273454
54	4.3572319098246055
55	4.3572319098246055
56	4.3572319098246055
57	4.3572319098246055
58	4.3572319098246055
59	4.3572319098246055
60	4.3572319098246055
61	4.3572319098246055
62	4.3572319098246055
63	5.1
64	5.1
65	5.1
66	5.1
67	5.1
68	5.1
69	5.1
70	5.1
71	5.1
72	5.1
73	5.1
74	5.1
75	5.1
76	5.1
77	5.1
78	5.1
79	5.1
80	5.1
81	4.95120536204619
82	4.95120536204619
83	4.95120536204619
84	4.95120536204619
85	4.95120536204619
86	4.95120536204619
87	4.95120536204619
88	4.95120536204619
89	4.95120536204619
90	4.471209873050949
91	4.471209873050949
92	4.471209873050949
93	4.471209873050949
94	4.471209873050949
95	4.471209873050949
96	4.471209873050949
97	4.471209873050949
98	4.471209873050949
99	4.584891154130573
100	4.584891154130573
101	4.584891154130573
102	4.584891154130573
103	4.584891154130573
104	4.584891154130573
105	4.584891154130573
106	4.584891154130573
107	4.584891154130573
108	5.1
109	5.1
110	5.1
111	5.1
112	5.1
113	5.1
114	5.1
115	5.1
116	5.1
117	4.7550291222050305
118	4.7550291222050305
119	4.7550291222050305
120	4.7550291222050305
121	4.7550291222050305
122	4.7550291222050305
123	4.7550291222050305
124	4.7550291222050305
125	4.7550291222050305
126	4.44704097558539
127	4.44704097558539
128	4.44704097558539
129	4.44704097558539
130	4.44704097558539
131	4.44704097558539
132	4.44704097558539
133	4.44704097558539
134	4.44704097558539
135	3.1480634121667475
136	3.1480634121667475
137	3.1480634121667475
138	3.1480634121667475
139	3.1480634121667475
140	3.1480634121667475
141	3.1480634121667475
142	3.1480634121667475
143	3.1480634121667475
144	4.47123019987318
145	4.47123019987318
146	4.47123019987318
147	4.47123019987318
148	4.47123019987318
149	4.47123019987318
150	4.47123019987318
151	4.47123019987318
152	4.47123019987318
153	5.1
154	5.1
155	5.1
156	5.1
157	5.1
158	5.1
159	5.1
160	5.1
161	5.1
162	5.1
163	5.1
164	5.1
165	5.1
166	5.1
167	5.1
168	5.1
169	5.1
170	5.1
171	3.369982287030472
172	3.369982287030472
173	3.369982287030472
174	3.369982287030472
175	3.369982287030472
176	3.369982287030472
177	3.369982287030472
178	3.369982287030472
179	3.369982287030472
180	5.1
181	5.1
182	5.1
183	5.1
184	5.1
185	5.1
186	5.1
187	5.1
188	5.1
189	2.957321488890719
190	2.957321488890719
191	2.957321488890719
192	2.957321488890719
193	2.957321488890719
194	2.957321488890719
195	2.957321488890719
196	2.957321488890719
197	2.957321488890719
198	5.1
199	5.1
200	5.1
201	5.1
202	5.1
203	5.1
204	5.1
205	5.1
206	5.1
207	2.386075716001156
208	2.386075716001156
209	2.386075716001156
210	2.386075716001156
211	2.386075716001156
212	2.386075716001156
213	2.386075716001156
214	2.386075716001156
215	2.386075716001156
216	2.5770779106257704
217	2.5770779106257704
218	2.5770779106257704
219	2.5770779106257704
220	2.5770779106257704
221	2.5770779106257704
222	2.5770779106257704
223	2.5770779106257704
224	2.5770779106257704
225	4.52600254334783
226	4.52600254334783
227	4.52600254334783
228	4.52600254334783
229	4.52600254334783
230	4.52600254334783
231	4.52600254334783
232	4.52600254334783
233	4.52600254334783
234	5.089132179663158
235	5.089132179663158
236	5.089132179663158
237	5.089132179663158
238	5.089132179663158
239	5.089132179663158
240	5.089132179663158
241	5.089132179663158
242	5.089132179663158
243	3.5082923774416406
244	3.5082923774416406
245	3.5082923774416406
246	3.5082923774416406
247	3.5082923774416406
248	3.5082923774416406
249	3.5082923774416406
250	3.5082923774416406
251	3.5082923774416406
252	0.1
253	0.1
254	0.1
255	0.1
256	0.1
257	0.1
258	0.1
259	0.1
260	0.1
261	4.730652258013953
262	4.730652258013953
263	4.730652258013953
264	4.730652258013953
265	4.730652258013953
266	4.730652258013953
267	4.730652258013953
268	4.730652258013953
269	4.730652258013953
270	3.846960973066463
271	3.846960973066463
272	3.846960973066463
273	3.846960973066463
274	3.846960973066463
275	3.846960973066463
276	3.846960973066463
277	3.846960973066463
278	3.846960973066463
279	2.5287809720465395
280	2.5287809720465395
281	2.5287809720465395
282	2.5287809720465395
283	2.5287809720465395
284	2.5287809720465395
285	2.5287809720465395
286	2.5287809720465395
287	2.5287809720465395
288	4.055019344409544
289	4.055019344409544
290	4.055019344409544
291	4.055019344409544
292	4.055019344409544
293	4.055019344409544
294	4.055019344409544
295	4.055019344409544
296	4.055019344409544
297	5.1
298	5.1
299	5.1
300	5.1
301	5.1
302	5.1
303	5.1
304	5.1
305	5.1
306	5.1
307	5.1
308	5.1
309	5.1
310	5.1
311	5.1
312	5.1
313	5.1
314	5.1
315	4.903878375074912
316	4.903878375074912
317	4.903878375074912
318	4.903878375074912
319	4.903878375074912
320	4.903878375074912
321	4.903878375074912
322	4.903878375074912
323	4.903878375074912
324	5.1
325	5.1
326	5.1
327	5.1
328	5.1
329	5.1
330	5.1
331	5.1
332	5.1
333	3.901406949696228
334	3.901406949696228
335	3.901406949696228
336	3.901406949696228
337	3.901406949696228
338	3.901406949696228
339	3.901406949696228
340	3.901406949696228
341	3.901406949696228
342	4.037195691014248
343	4.037195691014248
344	4.037195691014248
345	4.037195691014248
346	4.037195691014248
347	4.037195691014248
348	4.037195691014248
349	4.037195691014248
350	4.037195691014248
351	2.948091652511086
352	2.948091652511086
353	2.948091652511086
354	2.948091652511086
355	2.948091652511086
356	2.948091652511086
357	2.948091652511086
358	2.948091652511086
359	2.948091652511086
360	3.616638754408495
361	3.616638754408495
362	3.616638754408495
363	3.616638754408495
364	3.616638754408495
365	3.616638754408495
366	3.616638754408495
367	3.616638754408495
368	3.616638754408495
369	3.9492530591763892
370	3.9492530591763892
371	3.9492530591763892
372	3.9492530591763892
373	3.9492530591763892
374	3.9492530591763892
375	3.9492530591763892
376	3.9492530591763892
377	3.9492530591763892
378	0.1
379	0.1
380	0.1
381	0.1
382	0.1
383	0.1
384	0.1
385	0.1
386	0.1
387	3.894022064044051
388	3.894022064044051
389	3.894022064044051
390	3.894022064044051
391	3.894022064044051
392	3.894022064044051
393	3.894022064044051
394	5.1
395	5.1
396	5.1
397	5.1
398	5.1
399	5.1
400	5.1
401	5.1
402	5.1
403	0.7312240106703003
404	0.7312240106703003
405	0.7312240106703003
406	0.7312240106703003
407	0.7312240106703003
408	0.7312240106703003
409	0.7312240106703003
410	0.7312240106703003
411	0.7312240106703003
412	3.0516563466199758
413	3.0516563466199758
414	3.0516563466199758
415	3.0516563466199758
416	3.0516563466199758
417	3.0516563466199758
418	3.0516563466199758
419	3.0516563466199758
420	3.0516563466199758
421	3.4380827523332655
422	3.4380827523332655
423	3.4380827523332655
424	3.4380827523332655
425	3.4380827523332655
426	3.4380827523332655
427	3.4380827523332655
428	3.4380827523332655
429	3.4380827523332655
430	5.1
431	5.1
432	5.1
433	5.1
434	5.1
435	5.1
436	5.1
437	5.1
438	5.1
439	2.7078913233961583
440	2.7078913233961583
441	2.7078913233961583
442	2.7078913233961583
443	2.7078913233961583
444	2.7078913233961583
445	2.7078913233961583
446	2.7078913233961583
447	2.7078913233961583
448	5.1
449	5.1
450	5.1
451	5.1
452	5.1
453	5.1
454	5.1
455	5.1
456	5.1
457	5.1
458	5.1
459	5.1
460	5.1
461	5.1
462	5.1
463	5.1
464	5.1
465	5.1
466	2.8672805707227695
467	2.8672805707227695
468	2.8672805707227695
469	2.8672805707227695
470	2.8672805707227695
471	2.8672805707227695
472	2.8672805707227695
473	2.8672805707227695
474	2.8672805707227695
475	2.00435298642352
476	2.00435298642352
477	2.00435298642352
478	2.00435298642352
479	2.00435298642352
480	2.00435298642352
481	2.00435298642352
482	2.00435298642352
483	2.00435298642352
484	5.1
485	5.1
486	5.1
487	5.1
488	5.1
489	5.1
490	5.1
491	5.1
492	5.1
493	5.1
494	5.1
495	5.1
496	5.1
497	5.1
498	5.1
499	5.1
500	5.1
501	5.1
502	3.412954154369659
503	3.412954154369659
504	3.412954154369659
505	3.412954154369659
506	3.412954154369659
507	3.412954154369659
508	3.412954154369659
509	3.412954154369659
510	3.412954154369659
511	5.1
512	5.1
513	5.1
514	5.1
515	5.1
516	5.1
517	5.1
518	5.1
519	5.1
520	5.1
521	5.1
522	5.1
523	5.1
524	5.1
525	5.1
526	5.1
527	5.1
528	5.1
529	5.1
530	5.1
531	5.1
532	5.1
533	5.1
534	5.1
535	5.1
536	5.1
537	5.1
538	5.1
539	5.1
540	5.1
541	5.1
542	5.1
543	5.1
544	5.1
545	5.1
546	5.1
547	2.2219269773520627
548	2.2219269773520627
549	2.2219269773520627
550	2.2219269773520627
551	2.2219269773520627
552	2.2219269773520627
553	2.2219269773520627
554	2.2219269773520627
555	2.2219269773520627
556	5.1
557	5.1
558	5.1
559	5.1
560	5.1
561	5.1
562	5.1
563	5.1
564	5.1
565	5.1
566	5.1
567	5.1
568	5.1
569	5.1
570	5.1
571	5.1
572	5.1
573	5.1
574	3.3827808741855345
575	3.3827808741855345
576	3.3827808741855345
577	3.3827808741855345
578	3.3827808741855345
579	3.3827808741855345
580	3.3827808741855345
581	3.3827808741855345
582	3.3827808741855345
583	5.1
584	5.1
585	5.1
586	5.1
587	5.1
588	5.1
589	5.1
590	5.1
591	5.1
592	5.1
593	5.1
594	5.1
595	5.1
596	5.1
597	5.1
598	5.1
599	5.1
600	5.1
601	4.482171777982066
602	4.482171777982066
603	4.482171777982066
604	4.482171777982066
605	4.482171777982066
606	4.482171777982066
607	4.482171777982066
608	4.482171777982066
609	4.482171777982066
610	5.1
611	5.1
612	5.1
613	5.1
614	5.1
615	5.1
616	5.1
617	5.1
618	5.1
619	1.009600138255415
620	1.009600138255415
621	1.009600138255415
622	1.009600138255415
623	1.009600138255415
624	1.009600138255415
625	1.009600138255415
626	1.009600138255415
627	1.009600138255415
628	3.356421985666499
629	3.356421985666499
630	3.356421985666499
631	3.356421985666499
632	3.356421985666499
633	3.356421985666499
634	3.356421985666499
635	3.356421985666499
636	3.356421985666499
637	4.067732762926851
638	4.067732762926851
639	4.067732762926851
640	4.067732762926851
641	4.067732762926851
642	4.067732762926851
643	4.067732762926851
644	4.067732762926851
645	4.067732762926851
646	5.1
647	5.1
648	5.1
649	5.1
650	5.1
651	5.1
652	5.1
653	5.1
654	5.1
655	0.3414007157923944
656	0.3414007157923944
657	0.3414007157923944
658	0.3414007157923944
659	0.3414007157923944
660	0.3414007157923944
661	0.3414007157923944
662	0.3414007157923944
663	0.3414007157923944
664	4.919151204329836
665	4.919151204329836
666	4.919151204329836
667	4.919151204329836
668	4.919151204329836
669	4.919151204329836
670	4.919151204329836
671	4.919151204329836
672	4.919151204329836
673	2.7800439948751836
674	2.7800439948751836
675	2.7800439948751836
676	2.7800439948751836
677	2.7800439948751836
678	2.7800439948751836
679	2.7800439948751836
680	2.7800439948751836
681	2.7800439948751836
682	5.1
683	5.1
684	5.1
685	5.1
686	5.1
687	5.1
688	5.1
689	5.1
690	5.1
691	3.341605842419642
692	3.341605842419642
693	3.341605842419642
694	3.341605842419642
695	3.341605842419642
696	3.341605842419642
697	3.341605842419642
698	3.341605842419642
699	3.341605842419642
700	4.166263881878021
701	4.166263881878021
702	4.166263881878021
703	4.166263881878021
704	4.166263881878021
705	4.166263881878021
706	4.166263881878021
707	4.166263881878021
708	4.166263881878021
709	5.1
710	5.1
711	5.1
712	5.1
713	5.1
714	5.1
715	5.1
716	5.1
717	5.1
718	1.101225955835397
719	1.101225955835397
720	1.101225955835397
721	1.101225955835397
722	1.101225955835397
723	1.101225955835397
724	1.101225955835397
725	1.101225955835397
726	1.101225955835397
727	3.305721345259519
728	3.305721345259519
729	3.305721345259519
730	3.305721345259519
731	3.305721345259519
732	3.305721345259519
733	3.305721345259519
734	3.305721345259519
735	3.305721345259519
736	1.855147092579362
737	1.855147092579362
738	1.855147092579362
739	1.855147092579362
740	1.855147092579362
741	1.855147092579362
742	1.855147092579362
743	1.855147092579362
744	1.855147092579362
745	5.1
746	5.1
747	5.1
748	5.1
749	5.1
750	5.1
751	5.1
752	5.1
753	5.1
754	4.612923245170486
755	4.612923245170486
756	4.612923245170486
757	4.612923245170486
758	4.612923245170486
759	4.612923245170486
760	4.612923245170486
761	4.612923245170486
762	4.612923245170486
763	3.901160477988828
764	3.901160477988828
765	3.901160477988828
766	3.901160477988828
767	3.901160477988828
768	3.901160477988828
769	3.901160477988828
770	3.901160477988828
771	3.901160477988828
772	5.1
773	5.1
774	5.1
775	5.1
776	5.1
777	5.1
778	5.1
779	5.1
780	5.1
781	5.1
782	5.1
783	5.1
784	5.1
785	5.1
786	5.1
787	5.1
788	5.1
789	5.1
790	4.883967975974348
791	4.883967975974348
792	4.883967975974348
793	4.883967975974348
794	4.883967975974348
795	4.883967975974348
796	4.883967975974348
797	4.883967975974348
798	4.883967975974348
799	4.921641947021607
800	4.921641947021607
801	4.921641947021607
802	4.921641947021607
803	4.921641947021607
804	4.921641947021607
805	4.921641947021607
806	4.921641947021607
807	4.921641947021607
808	5.1
809	5.1
810	5.1
811	5.1
812	5.1
813	5.1
814	5.1
815	5.1
816	5.1
817	5.1
818	5.1
819	5.1
820	5.1
821	5.1
822	5.1
823	5.1
824	5.1
825	5.1
826	3.897233559743981
827	3.897233559743981
828	3.897233559743981
829	3.897233559743981
830	3.897233559743981
831	3.897233559743981
832	3.897233559743981
833	3.897233559743981
834	3.897233559743981
835	5.1
836	5.1
837	5.1
838	5.1
839	5.1
840	5.1
841	5.1
842	5.1
843	5.1
844	3.254512246330444
845	3.254512246330444
846	3.254512246330444
847	3.254512246330444
848	3.254512246330444
849	3.254512246330444
850	3.254512246330444
851	3.254512246330444
852	3.254512246330444
853	5.1
854	5.1
855	5.1
856	5.1
857	5.1
858	5.1
859	5.1
860	5.1
861	5.1
862	5.1
863	5.1
864	5.1
865	5.1
866	5.1
867	5.1
868	5.1
869	5.1
870	5.1
871	4.8532091665578525
872	4.8532091665578525
873	4.8532091665578525
874	4.8532091665578525
875	4.8532091665578525
876	4.8532091665578525
877	4.8532091665578525
878	4.8532091665578525
879	4.8532091665578525
880	0.1
881	0.1
882	0.1
883	0.1
884	0.1
885	0.1
886	0.1
887	0.1
888	0.1
889	3.9488352346258897
890	3.9488352346258897
891	3.9488352346258897
892	3.9488352346258897
893	3.9488352346258897
894	3.9488352346258897
895	3.9488352346258897
896	3.9488352346258897
897	3.9488352346258897
898	2.8130227000361687
899	2.8130227000361687
900	2.8130227000361687
901	2.8130227000361687
902	2.8130227000361687
903	2.8130227000361687
904	2.8130227000361687
905	2.8130227000361687
906	2.8130227000361687
907	2.3743493877622828
908	2.3743493877622828
909	2.3743493877622828
910	2.3743493877622828
911	2.3743493877622828
912	2.3743493877622828
913	2.3743493877622828
914	2.3743493877622828
915	2.3743493877622828
916	3.65815374912499
917	3.65815374912499
918	3.65815374912499
919	3.65815374912499
920	3.65815374912499
921	3.65815374912499
922	3.65815374912499
923	3.65815374912499
924	3.65815374912499
925	2.346066902247801
926	2.346066902247801
927	2.346066902247801
928	2.346066902247801
929	2.346066902247801
930	2.346066902247801
931	2.346066902247801
932	2.346066902247801
933	2.346066902247801
934	4.199218940737648
935	4.199218940737648
936	4.199218940737648
937	4.199218940737648
938	4.199218940737648
939	4.199218940737648
940	4.199218940737648
941	4.199218940737648
942	4.199218940737648
943	4.5664983652461775
944	4.5664983652461775
945	4.5664983652461775
946	4.5664983652461775
947	4.5664983652461775
948	4.5664983652461775
949	4.5664983652461775
950	4.5664983652461775
951	4.5664983652461775
952	5.1
953	5.1
954	5.1
955	5.1
956	5.1
957	5.1
958	5.1
959	5.1
960	5.1
961	3.6473715936537907
962	3.6473715936537907
963	3.6473715936537907
964	3.6473715936537907
965	3.6473715936537907
966	3.6473715936537907
967	3.6473715936537907
968	3.6473715936537907
969	3.6473715936537907
970	5.1
971	5.1
972	5.1
973	5.1
974	5.1
975	5.1
976	5.1
977	5.1
978	5.1
979	2.915108756879703
980	2.915108756879703
981	2.915108756879703
982	2.915108756879703
983	2.915108756879703
984	2.915108756879703
985	2.915108756879703
986	2.915108756879703
987	2.915108756879703
988	5.1
989	5.1
990	5.1
991	5.1
992	5.1
993	5.1
994	5.1
995	5.1
996	5.1
997	0.1
998	0.1
999	0.1
1000	0.1
1001	0.1
1002	0.1
1003	0.1
1004	0.1
1005	0.1
1006	3.8164975726408006
1007	3.8164975726408006
1008	3.8164975726408006
1009	3.8164975726408006
1010	3.8164975726408006
1011	3.8164975726408006
1012	3.8164975726408006
1013	3.8164975726408006
1014	3.8164975726408006
1015	4.452583864515394
1016	4.452583864515394
1017	4.452583864515394
1018	4.452583864515394
1019	4.452583864515394
1020	4.452583864515394
1021	4.452583864515394
1022	4.452583864515394
1023	4.452583864515394
1024	1.3732847767012855
1025	1.3732847767012855
1026	1.3732847767012855
1027	1.3732847767012855
1028	1.3732847767012855
1029	1.3732847767012855
1030	1.3732847767012855
1031	1.3732847767012855
1032	1.3732847767012855
1033	4.1453153567314605
1034	4.1453153567314605
1035	4.1453153567314605
1036	4.1453153567314605
1037	4.1453153567314605
1038	4.1453153567314605
1039	4.1453153567314605
1040	4.1453153567314605
1041	4.1453153567314605
1042	5.1
1043	5.1
1044	5.1
1045	5.1
1046	5.1
1047	5.1
1048	5.1
1049	5.1
1050	5.1
1051	3.0919600722675282
1052	3.0919600722675282
1053	3.0919600722675282
1054	3.0919600722675282
1055	3.0919600722675282
1056	3.0919600722675282
1057	3.0919600722675282
1058	3.0919600722675282
1059	3.0919600722675282
1060	4.443751541216257
1061	4.443751541216257
1062	4.443751541216257
1063	4.443751541216257
1064	4.443751541216257
1065	4.443751541216257
1066	4.443751541216257
1067	4.443751541216257
1068	4.443751541216257
1069	5.1
1070	5.1
1071	5.1
1072	5.1
1073	5.1
1074	5.1
1075	5.1
1076	5.1
1077	5.1
1078	1.4545044821172382
1079	1.4545044821172382
1080	1.4545044821172382
1081	1.4545044821172382
1082	1.4545044821172382
1083	1.4545044821172382
1084	1.4545044821172382
1085	1.4545044821172382
1086	1.4545044821172382
1087	4.4419988394846515
1088	4.4419988394846515
1089	4.4419988394846515
1090	4.4419988394846515
1091	4.4419988394846515
1092	4.4419988394846515
1093	4.4419988394846515
1094	4.4419988394846515
1095	4.4419988394846515
1096	3.9529535553329507
1097	3.9529535553329507
1098	3.9529535553329507
1099	3.9529535553329507
1100	3.9529535553329507
1101	3.9529535553329507
1102	3.9529535553329507
1103	3.9529535553329507
1104	3.9529535553329507
1105	5.1
1106	5.1
1107	5.1
1108	5.1
1109	5.1
1110	5.1
1111	5.1
1112	5.1
1113	5.1
1114	3.544070660090141
1115	3.544070660090141
1116	3.544070660090141
1117	3.544070660090141
1118	3.544070660090141
1119	3.544070660090141
1120	3.544070660090141
1121	3.544070660090141
1122	3.544070660090141
1123	5.1
1124	5.1
1125	5.1
1126	5.1
1127	5.1
1128	5.1
1129	5.1
1130	5.1
1131	5.1
1132	5.1
1133	5.1
1134	5.1
1135	5.1
1136	5.1
1137	5.1
1138	5.1
1139	5.1
1140	5.1
1141	3.5346355721304867
1142	3.5346355721304867
1143	3.5346355721304867
1144	3.5346355721304867
1145	3.5346355721304867
1146	3.5346355721304867
1147	3.5346355721304867
1148	3.5346355721304867
1149	3.5346355721304867
1150	5.1
1151	5.1
1152	5.1
1153	5.1
1154	5.1
1155	5.1
1156	5.1
1157	5.1
1158	5.1
1159	5.1
1160	5.1
1161	5.1
1162	5.1
1163	5.1
1164	5.1
1165	5.1
1166	5.1
1167	5.1
1168	5.1
1169	5.1
1170	5.1
1171	5.1
1172	5.1
1173	5.1
1174	5.1
1175	5.1
1176	5.1
1177	2.745663336727134
1178	2.745663336727134
1179	2.745663336727134
1180	2.745663336727134
1181	2.745663336727134
1182	2.745663336727134
1183	2.745663336727134
1184	2.745663336727134
1185	2.745663336727134
1186	0.1
1187	0.1
1188	0.1
1189	0.1
1190	0.1
1191	0.1
1192	0.1
1193	0.1
1194	0.1
1195	2.1768347403498463
1196	2.1768347403498463
1197	2.1768347403498463
1198	2.1768347403498463
1199	2.1768347403498463
1200	2.1768347403498463
1201	2.1768347403498463
1202	2.1768347403498463
1203	2.1768347403498463
1204	2.757039933831296
1205	2.757039933831296
1206	2.757039933831296
1207	2.757039933831296
1208	2.757039933831296
1209	2.757039933831296
1210	2.757039933831296
1211	2.757039933831296
1212	2.757039933831296
1213	5.1
1214	5.1
1215	5.1
1216	5.1
1217	5.1
1218	5.1
1219	5.1
1220	5.1
1221	5.1
1222	5.1
1223	5.1
1224	5.1
1225	0.1
1226	0.1
1227	0.1
1228	0.1
1229	0.1
1230	0.1
1231	0.1
1232	0.1
1233	0.1
1234	5.1
1235	5.1
1236	5.1
1237	5.1
1238	5.1
1239	5.1
1240	5.1
1241	5.1
1242	5.1
1243	3.6646325243979785
1244	3.6646325243979785
1245	3.6646325243979785
1246	3.6646325243979785
1247	3.6646325243979785
1248	3.6646325243979785
1249	3.6646325243979785
1250	3.6646325243979785
1251	3.6646325243979785
1252	4.9208160816799955
1253	4.9208160816799955
1254	4.9208160816799955
1255	4.9208160816799955
1256	4.9208160816799955
1257	4.9208160816799955
1258	4.9208160816799955
1259	4.9208160816799955
1260	4.9208160816799955
1261	2.3076021874258714
1262	2.3076021874258714
1263	2.3076021874258714
1264	2.3076021874258714
1265	2.3076021874258714
1266	2.3076021874258714
1267	2.3076021874258714
1268	2.3076021874258714
1269	2.3076021874258714
1270	3.7429150567868676
1271	3.7429150567868676
1272	3.7429150567868676
1273	3.7429150567868676
1274	3.7429150567868676
1275	3.7429150567868676
1276	5.1
1277	5.1
1278	5.1
1279	5.1
1280	5.1
1281	5.1
1282	5.1
1283	5.1
1284	5.1
1285	5.1
1286	5.1
1287	5.1
1288	5.1
1289	5.1
1290	5.1
1291	5.1
1292	5.1
1293	5.1
1294	2.140700400565886
1295	2.140700400565886
1296	2.140700400565886
1297	2.140700400565886
1298	2.140700400565886
1299	2.140700400565886
1300	2.140700400565886
1301	2.140700400565886
1302	2.140700400565886
1303	5.1
1304	5.1
1305	5.1
1306	5.1
1307	5.1
1308	5.1
1309	5.1
1310	4.242150662708952
1311	4.242150662708952
1312	4.242150662708952
1313	4.242150662708952
1314	4.242150662708952
1315	4.242150662708952
1316	4.242150662708952
1317	4.242150662708952
1318	4.242150662708952
1319	5.0686047712909446
1320	5.0686047712909446
1321	5.0686047712909446
1322	5.0686047712909446
1323	5.0686047712909446
1324	5.0686047712909446
1325	5.0686047712909446
1326	5.0686047712909446
1327	5.0686047712909446
1328	0.1
1329	0.1
1330	0.1
1331	0.1
1332	0.1
1333	0.1
1334	0.1
1335	0.1
1336	0.1
1337	5.1
1338	5.1
1339	5.1
1340	5.1
1341	5.1
1342	5.1
1343	5.1
1344	5.1
1345	5.1
1346	3.4889639469767344
1347	3.4889639469767344
1348	3.4889639469767344
1349	3.4889639469767344
1350	3.4889639469767344
1351	3.4889639469767344
1352	3.4889639469767344
1353	3.4889639469767344
1354	3.4889639469767344
1355	2.8584839034195406
1356	2.8584839034195406
1357	2.8584839034195406
1358	2.8584839034195406
1359	2.8584839034195406
1360	2.8584839034195406
1361	2.8584839034195406
1362	2.8584839034195406
1363	2.8584839034195406
1364	2.2692887870087564
1365	2.2692887870087564
1366	2.2692887870087564
1367	2.2692887870087564
1368	2.2692887870087564
1369	2.2692887870087564
1370	2.2692887870087564
1371	2.2692887870087564
1372	2.2692887870087564
1373	5.072337605191569
1374	5.072337605191569
1375	5.072337605191569
1376	5.072337605191569
1377	5.072337605191569
1378	5.072337605191569
1379	5.072337605191569
1380	5.072337605191569
1381	5.072337605191569
1382	3.9160615647181922
1383	3.9160615647181922
1384	3.9160615647181922
1385	3.9160615647181922
1386	3.9160615647181922
1387	3.9160615647181922
1388	3.9160615647181922
1389	3.9160615647181922
1390	3.9160615647181922
1391	5.1
1392	5.1
1393	5.1
1394	5.1
1395	5.1
1396	5.1
1397	5.1
1398	5.1
1399	5.1
1400	5.1
1401	5.1
1402	5.1
1403	5.1
1404	5.1
1405	5.1
1406	5.1
1407	5.1
1408	5.1
1409	4.861750760000656
1410	4.861750760000656
1411	4.861750760000656
1412	4.861750760000656
1413	4.861750760000656
1414	4.861750760000656
1415	4.861750760000656
1416	4.861750760000656
1417	4.861750760000656
1418	3.4169582929843996
1419	3.4169582929843996
1420	3.4169582929843996
1421	3.4169582929843996
1422	3.4169582929843996
1423	3.4169582929843996
1424	3.4169582929843996
1425	3.4169582929843996
1426	3.4169582929843996
1427	5.1
1428	5.1
1429	5.1
1430	5.1
1431	5.1
1432	5.1
1433	5.1
1434	5.1
1435	5.1
1436	3.157487818147491
1437	3.157487818147491
1438	3.157487818147491
1439	3.157487818147491
1440	3.157487818147491
1441	3.157487818147491
1442	3.157487818147491
1443	3.157487818147491
1444	3.157487818147491
1445	3.7974688181371032
1446	3.7974688181371032
1447	3.7974688181371032
1448	3.7974688181371032
1449	3.7974688181371032
1450	3.7974688181371032
1451	3.7974688181371032
1452	3.7974688181371032
1453	3.7974688181371032
1454	4.402475641035161
1455	4.402475641035161
1456	4.402475641035161
1457	4.402475641035161
1458	4.402475641035161
1459	4.402475641035161
1460	4.402475641035161
1461	4.402475641035161
1462	4.402475641035161
1463	3.322459864941017
1464	3.322459864941017
1465	3.322459864941017
1466	3.322459864941017
1467	3.322459864941017
1468	3.322459864941017
1469	3.322459864941017
1470	3.322459864941017
1471	3.322459864941017
1472	3.960636487476444
1473	3.960636487476444
1474	3.960636487476444
1475	3.960636487476444
1476	3.960636487476444
1477	3.960636487476444
1478	3.960636487476444
1479	3.960636487476444
1480	3.960636487476444
1481	5.1
1482	5.1
1483	5.1
1484	5.1
1485	5.1
1486	5.1
1487	5.1
1488	5.1
1489	5.1
1490	4.342629666450136
1491	4.342629666450136
1492	4.342629666450136
1493	4.342629666450136
1494	4.342629666450136
1495	4.342629666450136
1496	4.342629666450136
1497	4.342629666450136
1498	4.342629666450136
1499	2.9366814081728094
1500	2.9366814081728094
1501	2.9366814081728094
1502	2.9366814081728094
1503	2.9366814081728094
1504	2.9366814081728094
1505	2.9366814081728094
1506	2.9366814081728094
1507	2.9366814081728094
1508	2.6942796027370806
1509	2.6942796027370806
1510	2.6942796027370806
1511	2.6942796027370806
1512	2.6942796027370806
1513	2.6942796027370806
1514	2.6942796027370806
1515	2.6942796027370806
1516	2.6942796027370806
1517	5.1
1518	5.1
1519	5.1
1520	5.1
1521	5.1
1522	5.1
1523	5.1
1524	5.1
1525	5.1
1526	1.782314114337304
1527	1.782314114337304
1528	1.782314114337304
1529	1.782314114337304
1530	1.782314114337304
1531	1.782314114337304
1532	1.782314114337304
1533	1.782314114337304
1534	1.782314114337304
1535	3.9495291257733336
1536	3.9495291257733336
1537	3.9495291257733336
1538	3.9495291257733336
1539	3.9495291257733336
1540	3.9495291257733336
1541	3.9495291257733336
1542	3.9495291257733336
1543	3.9495291257733336
1544	3.06315989402501
1545	3.06315989402501
1546	3.06315989402501
1547	3.06315989402501
1548	3.06315989402501
1549	3.06315989402501
1550	3.06315989402501
1551	3.06315989402501
1552	3.06315989402501
1553	1.943258965904315
1554	1.943258965904315
1555	1.943258965904315
1556	1.943258965904315
1557	1.943258965904315
1558	1.943258965904315
1559	1.943258965904315
1560	1.943258965904315
1561	1.943258965904315
1562	4.814216494440899
1563	4.814216494440899
1564	4.814216494440899
1565	4.814216494440899
1566	4.814216494440899
1567	4.814216494440899
1568	4.814216494440899
1569	4.814216494440899
1570	4.814216494440899
1571	3.8054808062621186
1572	3.8054808062621186
1573	3.8054808062621186
1574	3.8054808062621186
1575	3.8054808062621186
1576	3.8054808062621186
1577	3.8054808062621186
1578	3.8054808062621186
1579	3.8054808062621186
1580	5.076701430450358
1581	5.076701430450358
1582	5.076701430450358
1583	5.076701430450358
1584	5.076701430450358
1585	5.076701430450358
1586	5.076701430450358
1587	5.076701430450358
1588	5.076701430450358
1589	1.6247347407455144
1590	1.6247347407455144
1591	1.6247347407455144
1592	1.6247347407455144
1593	1.6247347407455144
1594	1.6247347407455144
1595	1.6247347407455144
1596	1.6247347407455144
1597	1.6247347407455144
1598	1.2254333097401098
1599	1.2254333097401098
1600	1.2254333097401098
1601	1.2254333097401098
1602	1.2254333097401098
1603	1.2254333097401098
1604	1.2254333097401098
1605	1.2254333097401098
1606	1.2254333097401098
1607	2.85283772167945
1608	2.85283772167945
1609	2.85283772167945
1610	2.85283772167945
1611	2.85283772167945
1612	2.85283772167945
1613	2.85283772167945
1614	2.85283772167945
1615	2.85283772167945
1616	0.8667524532009883
1617	0.8667524532009883
1618	0.8667524532009883
1619	0.8667524532009883
1620	0.8667524532009883
1621	0.8667524532009883
1622	0.8667524532009883
1623	0.8667524532009883
1624	0.8667524532009883
1625	0.27553614146666217
1626	0.27553614146666217
1627	0.27553614146666217
1628	0.27553614146666217
1629	0.27553614146666217
1630	0.27553614146666217
1631	0.27553614146666217
1632	0.27553614146666217
1633	0.27553614146666217
1634	3.7516118715437154
1635	3.7516118715437154
1636	3.7516118715437154
1637	3.7516118715437154
1638	3.7516118715437154
1639	3.7516118715437154
1640	3.7516118715437154
1641	3.7516118715437154
1642	3.7516118715437154
1643	3.5039401165022523
1644	3.5039401165022523
1645	3.5039401165022523
1646	3.5039401165022523
1647	3.5039401165022523
1648	3.5039401165022523
1649	3.5039401165022523
1650	3.5039401165022523
1651	3.5039401165022523
1652	3.518500743719403
1653	3.518500743719403
1654	3.518500743719403
1655	3.518500743719403
1656	3.518500743719403
1657	3.518500743719403
1658	3.518500743719403
1659	3.518500743719403
1660	3.518500743719403
1661	5.1
1662	5.1
1663	5.1
1664	5.1
1665	5.1
1666	5.1
1667	5.1
1668	5.1
1669	5.1
1670	5.094170552877431
1671	5.094170552877431
1672	5.094170552877431
1673	5.094170552877431
1674	5.094170552877431
1675	5.094170552877431
1676	5.094170552877431
1677	5.094170552877431
1678	5.094170552877431
1679	3.451566103123998
1680	3.451566103123998
1681	3.451566103123998
1682	3.451566103123998
1683	3.451566103123998
1684	3.451566103123998
1685	3.451566103123998
1686	3.451566103123998
1687	3.451566103123998
1688	5.1
1689	5.1
1690	5.1
1691	5.1
1692	5.1
1693	5.1
1694	5.1
1695	5.1
1696	5.1
1697	5.1
1698	5.1
1699	5.1
1700	5.1
1701	5.1
1702	5.1
1703	5.1
1704	5.1
1705	5.1
1706	4.7751844134039345
1707	4.7751844134039345
1708	4.7751844134039345
1709	4.7751844134039345
1710	4.7751844134039345
1711	4.7751844134039345
1712	4.7751844134039345
1713	4.7751844134039345
1714	4.7751844134039345
1715	5.1
1716	5.1
1717	5.1
1718	5.1
1719	5.1
1720	5.1
1721	5.1
1722	5.1
1723	5.1
1724	5.1
1725	5.1
1726	5.1
1727	5.1
1728	5.1
1729	5.1
1730	5.1
1731	5.1
1732	5.1
1733	3.373357019151391
1734	3.373357019151391
1735	3.373357019151391
1736	3.373357019151391
1737	3.373357019151391
1738	3.373357019151391
1739	3.373357019151391
1740	3.373357019151391
1741	3.373357019151391
1742	4.367163565670639
1743	4.367163565670639
1744	4.367163565670639
1745	4.367163565670639
1746	4.367163565670639
1747	4.367163565670639
1748	4.367163565670639
1749	4.367163565670639
1750	4.367163565670639
1751	5.1
1752	5.1
1753	5.1
1754	5.1
1755	5.1
1756	5.1
1757	5.1
1758	5.1
1759	5.1
1760	5.1
1761	5.1
1762	5.1
1763	5.1
1764	5.1
1765	5.1
1766	5.1
1767	5.1
1768	5.1
1769	5.1
1770	5.1
1771	5.1
1772	5.1
1773	5.1
1774	5.1
1775	5.1
1776	5.1
1777	2.026077274369014
1778	2.026077274369014
1779	2.026077274369014
1780	2.026077274369014
1781	2.026077274369014
1782	2.026077274369014
1783	2.026077274369014
1784	2.026077274369014
1785	2.026077274369014
1786	3.413280020673649
1787	3.413280020673649
1788	3.413280020673649
1789	3.413280020673649
1790	3.413280020673649
1791	3.413280020673649
1792	3.413280020673649
1793	3.413280020673649
1794	3.413280020673649
1795	5.1
1796	5.1
1797	5.1
1798	5.1
1799	5.1
1800	5.1
1801	5.1
1802	5.1
1803	5.1
1804	4.194567805176583
1805	4.194567805176583
1806	4.194567805176583
1807	4.194567805176583
1808	4.194567805176583
1809	4.194567805176583
1810	4.194567805176583
1811	4.194567805176583
1812	4.194567805176583
1813	4.356222174093038
1814	4.356222174093038
1815	4.356222174093038
1816	4.356222174093038
1817	4.356222174093038
1818	4.356222174093038
1819	4.356222174093038
1820	4.356222174093038
1821	4.356222174093038
1822	5.1
1823	5.1
