0	16.333010348298874
1	16.333010348298874
2	16.333010348298874
3	16.333010348298874
4	9.112138769083515
5	9.112138769083515
6	9.112138769083515
7	9.112138769083515
8	23.173169432135424
9	23.173169432135424
10	23.173169432135424
11	23.173169432135424
12	1.8845087924142874
13	1.8845087924142874
14	1.8845087924142874
15	1.8845087924142874
16	21.482925964584354
17	21.482925964584354
18	21.482925964584354
19	21.482925964584354
20	53.1
21	53.1
22	53.1
23	53.1
24	39.47762880300185
25	39.47762880300185
26	39.47762880300185
27	39.47762880300185
28	52.737925336946155
29	52.737925336946155
30	52.737925336946155
31	52.737925336946155
32	26.771534879448925
33	26.771534879448925
34	26.771534879448925
35	26.771534879448925
36	30.941053894846508
37	30.941053894846508
38	30.941053894846508
39	30.941053894846508
40	18.475343494069364
41	18.475343494069364
42	18.475343494069364
43	18.475343494069364
44	53.1
45	53.1
46	53.1
47	53.1
48	0.1
49	0.1
50	0.1
51	0.1
52	30.74078304012997
53	30.74078304012997
54	30.74078304012997
55	30.74078304012997
56	13.983061053925898
57	13.983061053925898
58	13.983061053925898
59	13.983061053925898
60	49.29544588996211
61	49.29544588996211
62	49.29544588996211
63	49.29544588996211
64	28.855379504148665
65	28.855379504148665
66	28.855379504148665
67	28.855379504148665
68	53.1
69	53.1
70	53.1
71	53.1
72	53.1
73	53.1
74	53.1
75	53.1
76	2.7263951130271167
77	2.7263951130271167
78	2.7263951130271167
79	2.7263951130271167
80	44.89022988033307
81	44.89022988033307
82	44.89022988033307
83	44.89022988033307
84	53.1
85	53.1
86	53.1
87	53.1
88	23.317282654040284
89	23.317282654040284
90	23.317282654040284
91	23.317282654040284
92	26.393461788411894
93	26.393461788411894
94	26.393461788411894
95	26.393461788411894
96	37.820926261933
97	37.820926261933
98	37.820926261933
99	37.820926261933
100	53.1
101	53.1
102	53.1
103	53.1
104	34.04415121365804
105	34.04415121365804
106	34.04415121365804
107	34.04415121365804
108	49.410062313720985
109	49.410062313720985
110	49.410062313720985
111	49.410062313720985
112	35.48258520807604
113	35.48258520807604
114	35.48258520807604
115	35.48258520807604
116	24.803937246180723
117	24.803937246180723
118	24.803937246180723
119	24.803937246180723
120	48.06593012868889
121	48.06593012868889
122	48.06593012868889
123	48.06593012868889
124	34.26466864197841
125	34.26466864197841
126	34.26466864197841
127	34.26466864197841
128	49.64940806588893
129	49.64940806588893
130	49.64940806588893
131	49.64940806588893
132	18.120397312139033
133	18.120397312139033
134	18.120397312139033
135	18.120397312139033
136	19.20557121894278
137	19.20557121894278
138	19.20557121894278
139	44.70565702750639
140	44.70565702750639
141	44.70565702750639
142	44.70565702750639
143	53.1
144	53.1
145	53.1
146	53.1
147	39.277786667005834
148	39.277786667005834
149	39.277786667005834
150	39.277786667005834
151	53.1
152	53.1
153	53.1
154	53.1
155	7.643174529022424
156	7.643174529022424
157	7.643174529022424
158	7.643174529022424
159	29.430682122078345
160	29.430682122078345
161	29.430682122078345
162	29.430682122078345
163	31.271470223204254
164	31.271470223204254
165	31.271470223204254
166	31.271470223204254
167	15.768675125138163
168	15.768675125138163
169	15.768675125138163
170	15.768675125138163
171	27.403541573417595
172	27.403541573417595
173	27.403541573417595
174	27.403541573417595
175	24.120727145075765
176	24.120727145075765
177	24.120727145075765
178	24.120727145075765
179	10.006905351831051
180	10.006905351831051
181	10.006905351831051
182	10.006905351831051
183	23.03505698778615
184	23.03505698778615
185	23.03505698778615
186	23.03505698778615
187	48.35188957247379
188	48.35188957247379
189	48.35188957247379
190	48.35188957247379
191	40.61530975140744
192	40.61530975140744
193	40.61530975140744
194	40.61530975140744
195	30.02135637997612
196	30.02135637997612
197	30.02135637997612
198	30.02135637997612
199	32.63075910093332
200	32.63075910093332
201	32.63075910093332
202	32.63075910093332
203	53.1
204	53.1
205	53.1
206	53.1
207	31.067162490079312
208	31.067162490079312
209	31.067162490079312
210	31.067162490079312
211	52.82815644054797
212	52.82815644054797
213	52.82815644054797
214	52.82815644054797
215	32.26652285419447
216	32.26652285419447
217	32.26652285419447
218	32.26652285419447
219	52.89562996365635
220	52.89562996365635
221	52.89562996365635
222	52.89562996365635
223	51.34701098897712
224	51.34701098897712
225	51.34701098897712
226	51.34701098897712
227	32.538639707545016
228	32.538639707545016
229	32.538639707545016
230	32.538639707545016
231	19.812436814810102
232	19.812436814810102
233	19.812436814810102
234	19.812436814810102
235	45.78092410897105
236	45.78092410897105
237	45.78092410897105
238	45.78092410897105
239	45.48290668236555
240	45.48290668236555
241	45.48290668236555
242	45.48290668236555
243	31.416195813082354
244	31.416195813082354
245	31.416195813082354
246	31.416195813082354
247	53.1
248	53.1
249	53.1
250	53.1
251	36.36485955208783
252	36.36485955208783
253	36.36485955208783
254	36.36485955208783
255	38.26782349417321
256	38.26782349417321
257	38.26782349417321
258	38.26782349417321
259	26.880931783320676
260	26.880931783320676
261	26.880931783320676
262	26.880931783320676
263	9.791186581616458
264	9.791186581616458
265	9.791186581616458
266	9.791186581616458
267	16.872103768212448
268	16.872103768212448
269	16.872103768212448
270	16.872103768212448
271	44.809457422428125
272	44.809457422428125
273	44.809457422428125
274	44.809457422428125
275	39.33540168784852
276	39.33540168784852
277	39.33540168784852
278	39.33540168784852
279	2.2015583635312623
280	2.2015583635312623
281	2.2015583635312623
282	2.2015583635312623
283	53.1
284	53.1
285	53.1
286	53.1
287	53.1
288	53.1
289	53.1
290	53.1
291	14.923820821253564
292	14.923820821253564
293	14.923820821253564
294	14.923820821253564
295	42.6105481596244
296	42.6105481596244
297	42.6105481596244
298	42.6105481596244
299	49.89121900684658
300	49.89121900684658
301	49.89121900684658
302	49.89121900684658
303	22.761431761066472
304	22.761431761066472
305	22.761431761066472
306	22.761431761066472
307	46.21085603096421
308	46.21085603096421
309	46.21085603096421
310	46.21085603096421
311	0.1
312	0.1
313	0.1
314	0.1
315	53.1
316	53.1
317	53.1
318	53.1
319	30.00260838405368
320	30.00260838405368
321	30.00260838405368
322	30.00260838405368
323	32.646740958850664
324	32.646740958850664
325	32.646740958850664
326	32.646740958850664
327	35.66778882755931
328	35.66778882755931
329	35.66778882755931
330	35.66778882755931
331	24.54666250992866
332	24.54666250992866
333	24.54666250992866
334	24.54666250992866
335	12.197898494375305
336	12.197898494375305
337	12.197898494375305
338	12.197898494375305
339	8.149238520611082
340	8.149238520611082
341	8.149238520611082
342	8.149238520611082
343	46.76668226586541
344	46.76668226586541
345	46.76668226586541
346	46.76668226586541
347	38.26209677840656
348	38.26209677840656
349	38.26209677840656
350	38.26209677840656
351	37.51988501061416
352	37.51988501061416
353	37.51988501061416
354	37.51988501061416
355	0.9412021778390383
356	0.9412021778390383
357	0.9412021778390383
358	22.449517625624196
359	22.449517625624196
360	22.449517625624196
361	22.449517625624196
362	31.30244935594492
363	31.30244935594492
364	31.30244935594492
365	31.30244935594492
366	33.548397234840955
367	33.548397234840955
368	33.548397234840955
369	33.548397234840955
370	47.95807185950861
371	47.95807185950861
372	47.95807185950861
373	47.95807185950861
374	51.71287700017997
375	51.71287700017997
376	51.71287700017997
377	51.71287700017997
378	35.72419860002019
379	35.72419860002019
380	35.72419860002019
381	35.72419860002019
382	53.1
383	53.1
384	53.1
385	53.1
386	22.25980089306386
387	22.25980089306386
388	22.25980089306386
389	22.25980089306386
390	30.28949102215085
391	30.28949102215085
392	30.28949102215085
393	30.28949102215085
394	50.740927743670326
395	50.740927743670326
396	50.740927743670326
397	50.740927743670326
398	29.921051679171082
399	29.921051679171082
400	29.921051679171082
401	29.921051679171082
402	31.047571728517482
403	31.047571728517482
404	31.047571728517482
405	31.047571728517482
406	23.167818476240832
407	23.167818476240832
408	23.167818476240832
409	23.167818476240832
410	49.07452104231393
411	49.07452104231393
412	49.07452104231393
413	49.07452104231393
414	50.13195942117653
415	50.13195942117653
416	50.13195942117653
417	50.13195942117653
418	28.02272689254111
419	28.02272689254111
420	28.02272689254111
421	28.02272689254111
422	13.596396626540326
423	13.596396626540326
424	13.596396626540326
425	13.596396626540326
426	48.53003687764538
427	48.53003687764538
428	48.53003687764538
429	48.53003687764538
430	8.512067192826482
431	8.512067192826482
432	8.512067192826482
433	8.512067192826482
434	48.829795605933576
435	48.829795605933576
436	48.829795605933576
437	48.829795605933576
438	5.606161816204441
439	5.606161816204441
440	5.606161816204441
441	5.606161816204441
442	48.22012586832579
443	48.22012586832579
444	48.22012586832579
445	48.22012586832579
446	51.39518874416561
447	51.39518874416561
448	51.39518874416561
449	51.39518874416561
450	30.588629057478663
451	30.588629057478663
452	30.588629057478663
453	30.588629057478663
454	28.16339012838373
455	28.16339012838373
456	28.16339012838373
457	28.16339012838373
458	53.1
459	53.1
460	53.1
461	53.1
462	23.952886331240236
463	23.952886331240236
464	23.952886331240236
465	23.952886331240236
466	35.35104898172177
467	35.35104898172177
468	35.35104898172177
469	35.35104898172177
470	53.1
471	53.1
472	53.1
473	53.1
474	50.39214325486355
475	50.39214325486355
476	50.39214325486355
477	50.39214325486355
478	49.36301258170981
479	49.36301258170981
480	49.36301258170981
481	49.36301258170981
482	50.25540332141184
483	53.1
484	53.1
485	53.1
486	53.1
487	53.1
488	53.1
489	53.1
490	53.1
491	53.1
492	53.1
493	53.1
494	53.1
495	26.81409374066874
496	26.81409374066874
497	26.81409374066874
498	26.81409374066874
499	53.1
500	53.1
501	53.1
502	52.33851735489292
503	52.33851735489292
504	52.33851735489292
505	52.33851735489292
506	51.80461510240623
507	51.80461510240623
508	51.80461510240623
509	51.80461510240623
510	53.1
511	53.1
512	53.1
513	53.1
514	53.1
515	53.1
516	53.1
517	53.1
518	3.6399038183507813
519	3.6399038183507813
520	3.6399038183507813
521	3.6399038183507813
522	46.348150938553744
523	46.348150938553744
524	46.348150938553744
525	46.348150938553744
526	51.253625560660254
527	51.253625560660254
528	51.253625560660254
529	51.253625560660254
530	53.1
531	53.1
532	53.1
533	53.1
534	45.724923233953724
535	45.724923233953724
536	45.724923233953724
537	45.724923233953724
538	38.247365050506474
539	38.247365050506474
540	38.247365050506474
541	38.247365050506474
542	39.23087989085176
543	29.101002358154137
544	29.101002358154137
545	29.101002358154137
546	29.101002358154137
547	37.99098381814852
548	37.99098381814852
549	37.99098381814852
550	37.99098381814852
551	34.77148470587455
552	34.77148470587455
553	34.77148470587455
554	34.77148470587455
555	47.681477138356875
556	47.681477138356875
557	47.681477138356875
558	47.681477138356875
559	26.820877301108048
560	26.820877301108048
561	26.820877301108048
562	26.820877301108048
563	53.1
564	53.1
565	53.1
566	53.1
567	53.1
568	53.1
569	53.1
570	53.1
571	38.95211955828441
572	38.95211955828441
573	38.95211955828441
574	38.95211955828441
575	42.15884591268017
576	42.15884591268017
577	42.15884591268017
578	42.15884591268017
579	23.443871724202108
580	23.443871724202108
581	23.443871724202108
582	23.443871724202108
583	41.664226074229624
584	41.664226074229624
585	41.664226074229624
586	41.664226074229624
587	53.1
588	53.1
589	53.1
590	53.1
591	0.1
592	0.1
593	0.1
594	0.1
595	53.1
596	53.1
597	53.1
598	53.1
599	51.00321418426196
600	51.00321418426196
601	51.00321418426196
602	51.00321418426196
603	45.37236466468427
604	45.37236466468427
605	45.37236466468427
606	45.37236466468427
607	49.54009707213522
608	49.54009707213522
609	49.54009707213522
610	49.54009707213522
611	53.1
612	53.1
613	53.1
614	53.1
615	53.1
616	53.1
617	53.1
618	53.1
619	16.433212817167757
620	16.433212817167757
621	16.433212817167757
622	16.433212817167757
623	53.1
624	53.1
625	53.1
626	53.1
627	46.993619389130345
628	46.993619389130345
629	46.993619389130345
630	46.993619389130345
631	53.1
632	53.1
633	53.1
634	53.1
635	53.1
636	53.1
637	53.1
638	53.1
639	53.1
640	53.1
641	53.1
642	53.1
643	44.79001930777584
644	44.79001930777584
645	44.79001930777584
646	44.79001930777584
647	53.1
648	53.1
649	53.1
650	53.1
651	53.1
652	53.1
653	53.1
654	53.1
655	53.1
656	53.1
657	53.1
658	53.1
659	39.84493421234285
660	39.84493421234285
661	53.1
662	53.1
663	53.1
664	53.1
665	50.02602092971654
666	50.02602092971654
667	50.02602092971654
668	50.02602092971654
669	53.1
670	53.1
671	53.1
672	53.1
673	53.1
674	53.1
675	53.1
676	53.1
677	53.1
678	53.1
679	53.1
680	53.1
681	51.85603797017038
682	51.85603797017038
683	51.85603797017038
684	51.85603797017038
685	13.475660145389654
686	13.475660145389654
687	13.475660145389654
688	13.475660145389654
689	35.68001288035354
690	35.68001288035354
691	35.68001288035354
692	35.68001288035354
693	42.30824866797427
694	42.30824866797427
695	42.30824866797427
696	42.30824866797427
697	37.33392418809375
698	37.33392418809375
699	37.33392418809375
700	37.33392418809375
701	38.475083111560735
702	38.475083111560735
703	38.475083111560735
704	38.475083111560735
705	34.33581480030695
706	34.33581480030695
707	34.33581480030695
708	41.03656737790478
709	41.03656737790478
710	41.03656737790478
711	41.03656737790478
712	46.82994135110051
713	46.82994135110051
714	46.82994135110051
715	46.82994135110051
716	43.08357383571448
717	43.08357383571448
718	43.08357383571448
719	43.08357383571448
720	53.1
721	53.1
722	53.1
723	53.1
724	8.037691520091762
725	8.037691520091762
726	8.037691520091762
727	8.037691520091762
728	24.80697247512313
729	24.80697247512313
730	24.80697247512313
731	24.80697247512313
732	53.1
733	53.1
734	53.1
735	53.1
736	38.75871892357822
737	38.75871892357822
738	38.75871892357822
739	38.75871892357822
740	53.1
741	53.1
742	53.1
743	53.1
744	27.9233672772638
745	27.9233672772638
746	27.9233672772638
747	27.9233672772638
748	53.1
749	53.1
750	53.1
751	53.1
752	9.958011035373637
753	43.03142047640934
754	43.03142047640934
755	43.03142047640934
756	43.03142047640934
757	35.982909963488964
758	35.982909963488964
759	35.982909963488964
760	35.982909963488964
761	33.58103311337404
762	33.58103311337404
763	33.58103311337404
764	33.58103311337404
765	23.17851474466906
766	23.17851474466906
767	23.17851474466906
768	23.17851474466906
769	0.1
770	0.1
771	0.1
772	0.1
773	8.821023629817379
774	8.821023629817379
775	8.821023629817379
776	8.821023629817379
777	53.1
778	53.1
779	53.1
780	53.1
781	4.909641915533783
782	4.909641915533783
783	4.909641915533783
784	4.909641915533783
785	20.70128420560778
786	20.70128420560778
787	20.70128420560778
788	20.70128420560778
789	46.5231541357363
790	46.5231541357363
791	46.5231541357363
792	46.5231541357363
793	12.704360838750425
794	12.704360838750425
795	12.704360838750425
796	12.704360838750425
797	42.715341401268994
798	42.715341401268994
799	42.715341401268994
800	42.715341401268994
801	31.953093430532228
802	31.953093430532228
803	31.953093430532228
804	31.953093430532228
805	22.420892358107004
806	22.420892358107004
807	22.420892358107004
808	22.420892358107004
809	47.09187253232189
810	47.09187253232189
811	47.09187253232189
812	47.09187253232189
813	32.409226795987706
814	32.409226795987706
815	32.409226795987706
816	32.409226795987706
817	28.01637694598643
818	28.01637694598643
819	28.01637694598643
820	28.01637694598643
821	34.30443665191449
822	34.30443665191449
823	0.1
824	0.1
825	0.1
826	0.1
827	39.4019201342353
828	39.4019201342353
829	39.4019201342353
830	39.4019201342353
831	53.1
832	53.1
833	53.1
834	53.1
835	12.78032604580314
836	12.78032604580314
837	12.78032604580314
838	12.78032604580314
839	37.155367506707236
840	37.155367506707236
841	37.155367506707236
842	24.209359346328934
843	24.209359346328934
844	24.209359346328934
845	24.209359346328934
846	53.1
847	53.1
848	53.1
849	53.1
850	27.504909100137567
851	27.504909100137567
852	27.504909100137567
853	27.504909100137567
854	46.685395024829845
855	46.685395024829845
856	29.13531793431684
857	29.13531793431684
858	29.13531793431684
859	29.13531793431684
860	8.594493820059562
861	8.594493820059562
862	8.594493820059562
863	8.594493820059562
864	53.1
865	53.1
866	53.1
867	53.1
868	52.10030361198217
869	52.10030361198217
870	52.10030361198217
871	52.10030361198217
872	44.83181850934834
873	44.83181850934834
874	44.83181850934834
875	44.83181850934834
876	44.56750149857624
877	44.56750149857624
878	44.56750149857624
879	44.56750149857624
880	53.1
881	53.1
882	53.1
883	53.1
884	53.1
885	53.1
886	53.1
887	53.1
888	53.1
889	53.1
890	53.1
891	53.1
892	25.28810651495977
893	25.28810651495977
894	25.28810651495977
895	25.28810651495977
896	35.04408033647823
897	35.04408033647823
898	35.04408033647823
899	35.04408033647823
900	53.1
901	53.1
902	53.1
903	53.1
904	53.1
905	53.1
906	53.1
907	53.1
908	53.1
909	53.1
910	53.1
911	53.1
912	53.1
913	53.1
914	53.1
915	53.1
916	53.1
917	53.1
918	53.1
919	53.1
920	53.1
921	53.1
922	53.1
923	53.1
924	34.776098301109016
925	34.776098301109016
926	34.776098301109016
927	34.776098301109016
928	53.1
929	53.1
930	53.1
931	53.1
932	53.1
933	53.1
934	16.610285491119367
935	16.610285491119367
936	16.610285491119367
937	16.610285491119367
938	53.1
939	53.1
940	53.1
941	53.1
942	30.24778648976389
943	30.24778648976389
944	30.24778648976389
945	30.24778648976389
946	6.332194013650444
947	6.332194013650444
948	6.332194013650444
949	6.332194013650444
950	32.22747167764905
951	32.22747167764905
952	32.22747167764905
953	32.22747167764905
954	35.17809284722842
955	35.17809284722842
956	35.17809284722842
957	35.17809284722842
958	53.1
959	53.1
960	53.1
961	53.1
962	53.1
963	53.1
964	53.1
965	53.1
966	35.353578046741205
967	35.353578046741205
968	35.353578046741205
969	35.353578046741205
970	37.02088156950975
971	37.02088156950975
972	37.02088156950975
973	37.02088156950975
974	10.071520638910833
975	10.071520638910833
976	10.071520638910833
977	10.071520638910833
978	44.179407139449154
979	44.179407139449154
980	44.179407139449154
981	44.179407139449154
982	53.1
983	53.1
984	53.1
985	53.1
986	53.1
987	53.1
988	53.1
989	53.1
990	35.024691069994056
991	35.024691069994056
992	35.024691069994056
993	35.024691069994056
994	40.607441593185115
995	40.607441593185115
996	40.607441593185115
997	40.607441593185115
998	33.64873482747943
999	33.64873482747943
1000	33.64873482747943
1001	33.64873482747943
1002	41.09382368934335
1003	41.09382368934335
1004	41.09382368934335
1005	41.09382368934335
1006	47.93769247926836
1007	47.93769247926836
1008	47.93769247926836
1009	47.93769247926836
1010	53.1
1011	53.1
1012	53.1
1013	53.1
1014	53.1
1015	53.1
1016	53.1
1017	53.1
1018	0.1
1019	0.1
1020	0.1
1021	0.1
1022	38.110714948286706
1023	38.110714948286706
1024	38.110714948286706
1025	38.110714948286706
1026	44.11602606206975
1027	44.11602606206975
1028	44.11602606206975
1029	44.11602606206975
1030	53.1
1031	53.1
1032	53.1
1033	53.1
1034	53.1
1035	53.1
1036	53.1
1037	53.1
1038	29.678512310015833
1039	29.678512310015833
1040	29.678512310015833
1041	29.678512310015833
1042	50.36675987287865
1043	50.36675987287865
1044	50.36675987287865
1045	50.36675987287865
1046	30.99147242131724
1047	30.99147242131724
1048	30.99147242131724
1049	30.99147242131724
1050	34.73218251599907
1051	34.73218251599907
1052	34.73218251599907
1053	34.73218251599907
1054	53.1
1055	53.1
1056	53.1
1057	53.1
1058	18.84151555802346
1059	18.84151555802346
1060	18.84151555802346
1061	18.84151555802346
1062	51.44852244542997
1063	51.44852244542997
1064	51.44852244542997
1065	51.44852244542997
1066	31.804435772046617
1067	31.804435772046617
1068	31.804435772046617
1069	31.804435772046617
1070	29.189362905321804
1071	29.189362905321804
1072	29.189362905321804
1073	29.189362905321804
1074	27.456546249033938
1075	27.456546249033938
1076	27.456546249033938
1077	27.456546249033938
1078	33.60183532401596
1079	33.60183532401596
1080	33.60183532401596
1081	33.60183532401596
1082	7.58376489226864
1083	7.58376489226864
1084	7.58376489226864
1085	7.58376489226864
1086	46.67182266280153
1087	46.67182266280153
1088	46.67182266280153
1089	46.67182266280153
1090	39.08179528317562
1091	39.08179528317562
1092	39.08179528317562
1093	39.08179528317562
1094	43.38019181804256
1095	43.38019181804256
1096	43.38019181804256
1097	43.38019181804256
1098	53.1
1099	53.1
1100	53.1
1101	53.1
1102	49.027374073380784
1103	49.027374073380784
1104	49.027374073380784
1105	49.027374073380784
1106	26.582731252659052
1107	26.582731252659052
1108	26.582731252659052
1109	26.582731252659052
1110	47.12171433783126
1111	47.12171433783126
1112	47.12171433783126
1113	47.12171433783126
1114	30.26501907969275
1115	30.26501907969275
1116	30.26501907969275
1117	30.26501907969275
1118	29.92830512053513
1119	29.92830512053513
1120	53.1
1121	53.1
1122	53.1
1123	53.1
1124	30.235922259450064
1125	30.235922259450064
1126	30.235922259450064
1127	30.235922259450064
1128	53.1
1129	53.1
1130	53.1
1131	53.1
1132	44.975385196041245
1133	44.975385196041245
1134	44.975385196041245
1135	44.975385196041245
1136	53.1
1137	53.1
1138	53.1
1139	53.1
1140	37.510544851542804
1141	37.510544851542804
1142	37.510544851542804
1143	37.510544851542804
1144	53.1
1145	53.1
1146	53.1
1147	53.1
1148	44.38138025199166
1149	44.38138025199166
1150	44.38138025199166
1151	44.38138025199166
1152	16.984739423822873
1153	16.984739423822873
1154	16.984739423822873
1155	16.984739423822873
1156	53.1
1157	53.1
1158	53.1
1159	53.1
1160	46.76813399673542
1161	46.76813399673542
1162	46.76813399673542
1163	46.76813399673542
1164	50.44949131780102
1165	50.44949131780102
1166	50.44949131780102
1167	50.44949131780102
1168	0.10172920049812717
1169	0.10172920049812717
1170	0.10172920049812717
1171	0.10172920049812717
1172	53.1
1173	53.1
1174	53.1
1175	53.1
1176	40.458438584183604
1177	40.458438584183604
1178	40.458438584183604
1179	40.458438584183604
1180	15.63688360006218
1181	15.63688360006218
1182	15.63688360006218
1183	15.63688360006218
1184	44.968335740570254
1185	44.968335740570254
1186	44.968335740570254
1187	44.968335740570254
1188	39.067551330867005
1189	39.067551330867005
1190	39.067551330867005
1191	39.067551330867005
1192	53.1
1193	53.1
1194	53.1
1195	53.1
1196	53.1
1197	53.1
1198	53.1
1199	53.1
1200	14.72397596423805
1201	14.72397596423805
1202	14.72397596423805
1203	14.72397596423805
1204	26.528505513637665
1205	26.528505513637665
1206	26.528505513637665
1207	26.528505513637665
1208	24.131112513727146
1209	24.131112513727146
1210	24.131112513727146
1211	24.131112513727146
1212	22.604175026244516
1213	22.604175026244516
1214	22.604175026244516
1215	22.604175026244516
1216	44.80707373667151
1217	44.80707373667151
1218	44.80707373667151
1219	44.80707373667151
1220	23.45701450678378
1221	23.45701450678378
1222	23.45701450678378
1223	23.45701450678378
1224	53.1
1225	53.1
1226	53.1
1227	53.1
1228	51.29295335332553
1229	51.29295335332553
1230	51.29295335332553
1231	51.29295335332553
1232	3.3461739242698982
1233	3.3461739242698982
1234	3.3461739242698982
1235	3.3461739242698982
1236	6.6245529170773025
1237	6.6245529170773025
1238	6.6245529170773025
1239	6.6245529170773025
1240	51.081792233570546
1241	51.081792233570546
1242	51.081792233570546
1243	51.081792233570546
1244	44.5116688449127
1245	44.5116688449127
1246	44.5116688449127
1247	44.5116688449127
1248	53.1
1249	53.1
1250	53.1
1251	53.1
1252	6.352849981659006
1253	6.352849981659006
1254	6.352849981659006
1255	6.352849981659006
1256	39.71467603173335
1257	39.71467603173335
1258	39.71467603173335
1259	39.71467603173335
1260	12.905854484215986
1261	12.905854484215986
1262	12.905854484215986
1263	12.905854484215986
1264	23.276017326100604
1265	23.276017326100604
1266	23.276017326100604
1267	23.276017326100604
1268	4.988274368317541
1269	4.988274368317541
1270	4.988274368317541
1271	4.988274368317541
1272	53.1
1273	53.1
1274	53.1
1275	53.1
1276	50.30843671463161
1277	50.30843671463161
1278	50.30843671463161
1279	50.30843671463161
1280	13.03347980591391
1281	13.03347980591391
1282	13.03347980591391
1283	13.03347980591391
1284	53.1
1285	53.1
1286	53.1
1287	53.1
1288	42.559294844261075
1289	42.559294844261075
1290	42.559294844261075
1291	42.559294844261075
1292	23.254808839914777
1293	23.254808839914777
1294	23.254808839914777
1295	23.254808839914777
1296	23.08229808799441
1297	23.08229808799441
1298	23.08229808799441
1299	23.08229808799441
1300	45.08038388610146
1301	45.08038388610146
1302	45.08038388610146
1303	45.08038388610146
1304	53.1
1305	53.1
1306	53.1
1307	53.1
1308	53.1
1309	53.1
1310	53.1
1311	53.1
1312	19.342156036944058
1313	19.342156036944058
1314	19.342156036944058
1315	19.342156036944058
1316	53.1
1317	53.1
1318	53.1
1319	53.1
1320	1.4404308042412595
1321	1.4404308042412595
1322	1.4404308042412595
1323	1.4404308042412595
1324	53.1
1325	53.1
1326	53.1
1327	53.1
1328	53.1
1329	53.1
1330	53.1
1331	53.1
1332	16.30019027071191
1333	16.30019027071191
1334	16.30019027071191
1335	16.30019027071191
1336	44.97406929443001
1337	44.97406929443001
1338	44.97406929443001
1339	44.97406929443001
1340	45.41234209358719
1341	45.41234209358719
1342	45.41234209358719
1343	45.41234209358719
1344	35.363787999728864
1345	35.363787999728864
1346	35.363787999728864
1347	35.363787999728864
1348	30.224049786118794
1349	30.224049786118794
1350	30.224049786118794
1351	30.224049786118794
1352	40.83928585982695
1353	40.83928585982695
1354	40.83928585982695
1355	40.83928585982695
1356	53.1
1357	53.1
1358	53.1
1359	53.1
1360	53.1
1361	53.1
1362	53.1
1363	53.1
1364	53.1
1365	53.1
1366	53.1
1367	53.1
1368	25.223566939266544
1369	25.223566939266544
1370	25.223566939266544
1371	25.223566939266544
1372	41.9059671441312
1373	41.9059671441312
1374	41.9059671441312
1375	41.9059671441312
1376	49.381210002636024
1377	49.381210002636024
1378	49.381210002636024
1379	49.381210002636024
1380	28.397123591064293
1381	28.397123591064293
1382	28.397123591064293
1383	28.397123591064293
1384	53.1
1385	53.1
1386	53.1
1387	53.1
1388	23.119537578224048
1389	23.119537578224048
1390	23.119537578224048
1391	23.119537578224048
1392	22.79192446125663
1393	22.79192446125663
1394	22.79192446125663
1395	22.79192446125663
1396	25.154425183692013
1397	25.154425183692013
1398	25.154425183692013
1399	25.154425183692013
1400	53.1
1401	53.1
1402	53.1
1403	53.1
1404	25.3982380227589
1405	25.3982380227589
1406	25.3982380227589
1407	25.3982380227589
1408	30.699949611268206
1409	30.699949611268206
1410	30.699949611268206
1411	30.699949611268206
1412	53.1
1413	53.1
1414	53.1
1415	53.1
1416	53.1
1417	53.1
1418	53.1
1419	53.1
1420	53.1
1421	53.1
1422	53.1
1423	53.1
1424	53.1
1425	53.1
1426	53.1
1427	53.1
1428	53.1
1429	53.1
1430	53.1
1431	53.1
1432	53.1
1433	53.1
1434	53.1
1435	53.1
1436	45.16401003267531
1437	45.16401003267531
1438	45.16401003267531
1439	45.16401003267531
1440	53.1
1441	53.1
1442	53.1
1443	53.1
1444	30.93926812562505
1445	30.93926812562505
1446	30.93926812562505
1447	30.93926812562505
1448	11.533978075747473
1449	11.533978075747473
1450	11.533978075747473
1451	11.533978075747473
1452	38.40412140427364
1453	38.40412140427364
1454	38.40412140427364
1455	38.40412140427364
1456	20.858748321496744
1457	20.858748321496744
1458	20.858748321496744
1459	20.858748321496744
1460	23.376065264665336
1461	23.376065264665336
1462	23.376065264665336
1463	23.376065264665336
1464	36.70699592195341
1465	36.70699592195341
1466	36.70699592195341
1467	36.70699592195341
1468	46.56289776169067
1469	46.56289776169067
1470	46.56289776169067
1471	46.56289776169067
1472	45.364167557793515
1473	45.364167557793515
1474	45.364167557793515
1475	45.364167557793515
1476	53.1
1477	53.1
1478	53.1
1479	53.1
1480	0.1
1481	0.1
1482	0.1
1483	0.1
1484	17.67332942099152
1485	17.67332942099152
1486	17.67332942099152
1487	17.67332942099152
1488	39.518227672356886
1489	39.518227672356886
1490	39.518227672356886
1491	39.518227672356886
1492	34.90558141553
1493	34.90558141553
1494	34.90558141553
1495	34.90558141553
1496	36.701120300547494
1497	36.701120300547494
1498	36.701120300547494
1499	36.701120300547494
1500	15.55782834925174
1501	15.55782834925174
1502	15.55782834925174
1503	15.55782834925174
1504	53.1
1505	53.1
1506	53.1
1507	53.1
1508	53.1
1509	53.1
1510	53.1
1511	53.1
1512	40.29232266557238
1513	40.29232266557238
1514	40.29232266557238
1515	40.29232266557238
1516	17.930133465596512
1517	17.930133465596512
1518	17.930133465596512
1519	17.930133465596512
1520	22.206003202908768
1521	22.206003202908768
1522	22.206003202908768
1523	22.206003202908768
1524	53.1
1525	53.1
1526	53.1
1527	53.1
1528	22.589830150577892
1529	22.589830150577892
1530	22.589830150577892
1531	22.589830150577892
1532	53.1
1533	53.1
1534	53.1
1535	53.1
1536	20.987109980191292
1537	20.987109980191292
1538	20.987109980191292
1539	20.987109980191292
1540	50.22307203638957
1541	50.22307203638957
1542	50.22307203638957
1543	50.22307203638957
1544	31.63950400021984
1545	31.63950400021984
1546	31.63950400021984
1547	31.63950400021984
1548	37.2521114986526
1549	37.2521114986526
1550	37.2521114986526
1551	37.2521114986526
1552	42.516740136992944
1553	53.1
1554	53.1
1555	53.1
1556	53.1
1557	42.800472696577394
1558	42.800472696577394
1559	42.800472696577394
1560	42.800472696577394
1561	7.66847451538635
1562	7.66847451538635
1563	7.66847451538635
1564	7.66847451538635
1565	35.36824742326868
1566	35.36824742326868
1567	35.36824742326868
1568	35.36824742326868
1569	49.003168941633625
1570	49.003168941633625
1571	49.003168941633625
1572	49.003168941633625
1573	28.824625629150383
1574	28.824625629150383
1575	28.824625629150383
1576	28.824625629150383
1577	32.344033410288105
1578	32.344033410288105
1579	32.344033410288105
1580	32.344033410288105
1581	6.541617304520855
1582	6.541617304520855
1583	6.541617304520855
1584	6.541617304520855
1585	0.1
1586	0.1
1587	0.1
1588	0.1
1589	29.57496360961264
1590	29.57496360961264
1591	29.57496360961264
1592	29.57496360961264
1593	53.1
1594	53.1
1595	53.1
1596	53.1
1597	53.1
1598	34.60393805900979
1599	34.60393805900979
1600	34.60393805900979
1601	34.60393805900979
1602	34.24638598829891
1603	34.24638598829891
1604	34.24638598829891
1605	34.24638598829891
1606	20.919662449216002
1607	20.919662449216002
1608	20.919662449216002
1609	20.919662449216002
1610	19.790984720377857
1611	19.790984720377857
1612	19.790984720377857
1613	19.790984720377857
1614	35.43037147438765
1615	35.43037147438765
1616	35.43037147438765
1617	27.183111869960495
1618	27.183111869960495
1619	27.183111869960495
1620	27.183111869960495
1621	52.816504993627326
1622	52.816504993627326
1623	52.816504993627326
1624	52.816504993627326
1625	35.02362651120186
1626	35.02362651120186
1627	35.02362651120186
1628	35.02362651120186
1629	47.128795524267375
1630	47.128795524267375
1631	47.128795524267375
1632	47.128795524267375
1633	45.67990362769315
1634	45.67990362769315
1635	45.67990362769315
1636	45.67990362769315
1637	53.1
1638	53.1
1639	53.1
1640	53.1
1641	53.1
1642	53.1
1643	53.1
1644	53.1
1645	53.1
1646	53.1
1647	53.1
1648	53.1
1649	53.1
1650	53.1
1651	53.1
1652	53.1
1653	0.1
1654	0.1
1655	0.1
1656	0.1
1657	50.25159939225577
1658	50.25159939225577
1659	50.25159939225577
1660	50.25159939225577
1661	43.91043285042752
1662	43.91043285042752
1663	43.91043285042752
1664	43.91043285042752
1665	21.966235944379797
1666	21.966235944379797
1667	21.966235944379797
1668	21.966235944379797
1669	10.670568460420789
1670	10.670568460420789
1671	10.670568460420789
1672	10.670568460420789
1673	53.1
1674	53.1
1675	53.1
1676	53.1
1677	8.641599196863009
1678	8.641599196863009
1679	8.641599196863009
1680	8.641599196863009
1681	16.34816964015876
1682	16.34816964015876
1683	16.34816964015876
1684	16.34816964015876
1685	41.3978181019597
1686	41.3978181019597
1687	41.3978181019597
1688	41.3978181019597
1689	16.305788711449374
1690	16.305788711449374
1691	16.305788711449374
1692	16.305788711449374
1693	39.998308153763574
1694	39.998308153763574
1695	39.998308153763574
1696	39.998308153763574
1697	53.1
1698	53.1
1699	53.1
1700	53.1
1701	48.59163207161191
1702	48.59163207161191
1703	48.59163207161191
1704	48.59163207161191
1705	39.629964386888496
1706	39.629964386888496
1707	39.629964386888496
1708	39.629964386888496
1709	23.14108500293233
1710	23.14108500293233
1711	23.14108500293233
1712	23.14108500293233
1713	53.1
1714	53.1
1715	53.1
1716	53.1
1717	40.23480243893768
1718	40.23480243893768
1719	40.23480243893768
1720	40.23480243893768
1721	14.778909679754143
1722	14.778909679754143
1723	14.778909679754143
1724	14.778909679754143
1725	41.326726907753965
1726	41.326726907753965
1727	41.326726907753965
1728	41.326726907753965
1729	27.08339389952848
1730	27.08339389952848
1731	27.08339389952848
1732	27.08339389952848
1733	26.527177919977937
1734	26.527177919977937
1735	26.527177919977937
1736	26.527177919977937
1737	53.1
1738	53.1
1739	53.1
1740	53.1
1741	37.56349618723353
1742	37.56349618723353
1743	37.56349618723353
1744	37.56349618723353
1745	44.43727657083336
1746	44.43727657083336
1747	44.43727657083336
1748	44.43727657083336
1749	37.47632485422716
1750	37.47632485422716
1751	37.47632485422716
1752	37.47632485422716
1753	26.42639677006884
1754	26.42639677006884
1755	26.42639677006884
1756	26.42639677006884
1757	24.168277158796286
1758	24.168277158796286
1759	24.168277158796286
1760	24.168277158796286
1761	46.81569414668444
1762	46.81569414668444
1763	46.81569414668444
1764	46.81569414668444
1765	30.77186829547771
1766	30.77186829547771
1767	30.77186829547771
1768	30.77186829547771
1769	34.01432474366182
1770	34.01432474366182
1771	34.01432474366182
1772	34.01432474366182
1773	33.871161352914385
1774	33.871161352914385
1775	33.871161352914385
1776	33.871161352914385
1777	30.950940989305895
1778	30.950940989305895
1779	30.950940989305895
1780	30.950940989305895
1781	49.45685506680137
1782	49.45685506680137
1783	49.45685506680137
1784	49.45685506680137
1785	41.07451407872685
1786	41.07451407872685
1787	41.07451407872685
1788	41.07451407872685
1789	29.007995964478404
1790	29.007995964478404
1791	29.007995964478404
1792	29.007995964478404
1793	53.1
1794	53.1
1795	53.1
1796	53.1
1797	17.04665494019569
1798	17.04665494019569
1799	17.04665494019569
1800	17.04665494019569
1801	53.1
1802	53.1
1803	53.1
1804	53.1
1805	27.47014838105723
1806	27.47014838105723
1807	27.47014838105723
1808	27.47014838105723
1809	22.8487265863623
1810	22.8487265863623
1811	22.8487265863623
1812	22.8487265863623
1813	53.1
1814	53.1
1815	53.1
1816	53.1
1817	34.70929682232452
1818	34.70929682232452
1819	34.70929682232452
1820	34.70929682232452
1821	17.247323158557727
1822	17.247323158557727
1823	17.247323158557727
1824	17.247323158557727
1825	15.322130949657346
1826	15.322130949657346
1827	15.322130949657346
1828	15.322130949657346
1829	53.1
1830	53.1
1831	53.1
1832	53.1
1833	43.23254383788696
1834	43.23254383788696
1835	43.23254383788696
1836	43.23254383788696
1837	40.93844744149102
1838	40.93844744149102
1839	40.93844744149102
1840	40.93844744149102
1841	53.1
1842	53.1
1843	53.1
1844	53.1
1845	37.99292577063195
1846	37.99292577063195
1847	37.99292577063195
1848	37.99292577063195
1849	30.277505451951715
1850	30.277505451951715
1851	30.277505451951715
1852	30.277505451951715
1853	30.195767344590504
1854	30.195767344590504
1855	30.195767344590504
1856	30.195767344590504
1857	53.1
1858	53.1
1859	53.1
1860	53.1
1861	42.57873382322488
1862	42.57873382322488
1863	42.57873382322488
1864	42.57873382322488
1865	45.19019130431638
1866	45.19019130431638
1867	45.19019130431638
1868	45.19019130431638
1869	53.1
1870	53.1
1871	53.1
1872	53.1
1873	53.1
1874	53.1
1875	53.1
1876	53.1
1877	23.714714441865546
1878	23.714714441865546
1879	23.714714441865546
1880	23.714714441865546
1881	24.421697696977596
1882	24.421697696977596
1883	24.421697696977596
1884	24.421697696977596
1885	38.86273859312811
1886	38.86273859312811
1887	38.86273859312811
1888	38.86273859312811
1889	24.044950918144966
1890	24.044950918144966
1891	24.044950918144966
1892	24.044950918144966
1893	53.1
1894	53.1
1895	53.1
1896	53.1
1897	32.47906078975629
1898	32.47906078975629
1899	32.47906078975629
1900	32.47906078975629
1901	53.1
1902	53.1
1903	53.1
1904	53.1
1905	53.1
1906	53.1
1907	53.1
1908	53.1
1909	33.25656631442402
1910	33.25656631442402
1911	33.25656631442402
1912	33.25656631442402
1913	49.94872702096197
1914	49.94872702096197
1915	49.94872702096197
1916	49.94872702096197
1917	24.411045150796035
1918	24.411045150796035
1919	24.411045150796035
1920	24.411045150796035
1921	34.83115496875226
1922	34.83115496875226
1923	34.83115496875226
1924	34.83115496875226
1925	53.1
1926	53.1
1927	53.1
1928	53.1
1929	12.539126745621484
1930	12.539126745621484
1931	12.539126745621484
1932	12.539126745621484
1933	40.46718522194768
1934	40.46718522194768
1935	40.46718522194768
1936	40.46718522194768
1937	28.47642308988017
1938	28.47642308988017
1939	28.47642308988017
1940	28.47642308988017
1941	53.1
1942	53.1
1943	53.1
1944	53.1
1945	49.90210858439481
1946	49.90210858439481
1947	49.90210858439481
1948	41.41262948490811
1949	41.41262948490811
1950	41.41262948490811
1951	41.41262948490811
1952	53.1
1953	53.1
1954	53.1
1955	53.1
1956	53.1
1957	53.1
1958	53.1
1959	53.1
1960	50.71786612530493
1961	50.71786612530493
1962	50.71786612530493
1963	50.71786612530493
1964	31.908206114418242
1965	31.908206114418242
1966	31.908206114418242
1967	31.908206114418242
1968	53.1
1969	53.1
1970	53.1
1971	53.1
1972	22.71788961829411
1973	22.71788961829411
1974	22.71788961829411
1975	22.71788961829411
1976	53.1
1977	53.1
1978	53.1
1979	53.1
1980	53.1
1981	53.1
1982	53.1
1983	53.1
1984	52.87273274826193
1985	52.87273274826193
1986	52.87273274826193
1987	52.87273274826193
1988	4.095967797812037
1989	4.095967797812037
1990	4.095967797812037
1991	4.095967797812037
1992	53.1
1993	53.1
1994	53.1
1995	53.1
1996	38.86198132234912
1997	38.86198132234912
1998	38.86198132234912
1999	38.86198132234912
2000	46.70572298950057
2001	46.70572298950057
2002	46.70572298950057
2003	46.70572298950057
2004	53.1
2005	53.1
2006	53.1
2007	53.1
2008	24.330194819228893
2009	24.330194819228893
2010	24.330194819228893
2011	24.330194819228893
2012	32.90492259002973
2013	32.90492259002973
2014	32.90492259002973
2015	32.90492259002973
2016	51.282545856720745
2017	51.282545856720745
2018	51.282545856720745
2019	51.282545856720745
2020	53.1
2021	53.1
2022	53.1
2023	53.1
2024	53.1
2025	53.1
2026	53.1
2027	53.1
2028	38.196668148633094
2029	38.196668148633094
2030	38.196668148633094
2031	38.196668148633094
2032	53.1
2033	53.1
2034	53.1
2035	53.1
2036	32.10429705663138
2037	32.10429705663138
2038	32.10429705663138
2039	32.10429705663138
2040	53.1
2041	53.1
2042	53.1
2043	53.1
2044	52.1709431925878
2045	52.1709431925878
2046	52.1709431925878
2047	52.1709431925878
2048	1.3852090516449707
2049	1.3852090516449707
2050	1.3852090516449707
2051	1.3852090516449707
2052	18.012346779821247
2053	18.012346779821247
2054	18.012346779821247
2055	18.012346779821247
2056	33.652347895418345
2057	33.652347895418345
2058	33.652347895418345
2059	33.652347895418345
2060	53.1
2061	53.1
2062	53.1
2063	53.1
2064	41.33257499076572
2065	41.33257499076572
2066	41.33257499076572
2067	41.33257499076572
2068	25.937999085124634
2069	25.937999085124634
2070	25.937999085124634
2071	25.937999085124634
2072	49.56798248054894
2073	49.56798248054894
2074	49.56798248054894
2075	49.56798248054894
2076	25.753958733929593
2077	25.753958733929593
2078	25.753958733929593
2079	25.753958733929593
2080	34.49304073922763
2081	34.49304073922763
2082	34.49304073922763
2083	34.49304073922763
2084	20.371978471984946
2085	20.371978471984946
2086	20.371978471984946
2087	20.371978471984946
2088	51.649748064460375
2089	51.649748064460375
2090	51.649748064460375
2091	51.649748064460375
2092	46.890683529204054
2093	46.890683529204054
2094	46.890683529204054
2095	46.890683529204054
2096	41.519827119577684
2097	41.519827119577684
2098	41.519827119577684
2099	41.519827119577684
2100	24.58899619606011
2101	24.58899619606011
2102	24.58899619606011
2103	24.58899619606011
2104	53.1
2105	53.1
2106	53.1
2107	53.1
2108	25.99419038470743
2109	25.99419038470743
2110	25.99419038470743
2111	25.99419038470743
2112	33.98997780933989
2113	33.98997780933989
2114	33.98997780933989
2115	33.98997780933989
2116	23.98081494985574
2117	23.98081494985574
2118	23.98081494985574
2119	23.98081494985574
2120	27.86091186628472
2121	27.86091186628472
2122	27.86091186628472
2123	27.86091186628472
2124	50.099306200229336
2125	50.099306200229336
2126	50.099306200229336
2127	50.099306200229336
2128	12.304707841464577
2129	12.304707841464577
2130	12.304707841464577
2131	12.304707841464577
2132	7.732564769229324
2133	7.732564769229324
2134	7.732564769229324
2135	7.732564769229324
2136	32.27266813523333
2137	32.27266813523333
2138	32.27266813523333
2139	32.27266813523333
2140	11.081883215549503
2141	11.081883215549503
2142	11.081883215549503
2143	11.081883215549503
2144	33.3006726352025
2145	33.3006726352025
2146	33.3006726352025
2147	33.3006726352025
2148	46.80475497961508
2149	46.80475497961508
2150	46.80475497961508
2151	46.80475497961508
2152	53.1
2153	53.1
2154	53.1
2155	53.1
2156	10.573499700679157
2157	10.573499700679157
2158	10.573499700679157
2159	10.573499700679157
2160	51.63621269608956
2161	51.63621269608956
2162	51.63621269608956
2163	51.63621269608956
2164	45.72303018523495
2165	45.72303018523495
2166	45.72303018523495
2167	45.72303018523495
2168	25.784672132133558
2169	25.784672132133558
2170	25.784672132133558
2171	25.784672132133558
2172	37.34397805800122
2173	37.34397805800122
2174	37.34397805800122
2175	37.34397805800122
2176	9.331951779692485
2177	9.331951779692485
2178	9.331951779692485
2179	9.331951779692485
2180	14.386093326235788
2181	14.386093326235788
2182	14.386093326235788
2183	14.386093326235788
2184	44.466685837514596
2185	44.466685837514596
2186	44.466685837514596
2187	44.466685837514596
2188	46.161885683753965
2189	46.161885683753965
2190	46.161885683753965
2191	46.161885683753965
2192	39.52766313691436
2193	39.52766313691436
2194	39.52766313691436
2195	39.52766313691436
2196	42.36425418130372
2197	42.36425418130372
2198	42.36425418130372
2199	42.36425418130372
2200	25.469907330166304
2201	25.469907330166304
2202	25.469907330166304
2203	25.469907330166304
2204	44.84099698367589
2205	44.84099698367589
2206	44.84099698367589
2207	44.84099698367589
2208	53.1
2209	53.1
2210	53.1
2211	53.1
2212	33.06262214787791
2213	33.06262214787791
2214	33.06262214787791
2215	33.06262214787791
2216	20.372104216069353
2217	20.372104216069353
2218	20.372104216069353
2219	20.372104216069353
2220	43.59997896849053
2221	43.59997896849053
2222	43.59997896849053
2223	43.59997896849053
2224	38.13414701055829
2225	38.13414701055829
2226	38.13414701055829
2227	38.13414701055829
2228	49.40185220002178
2229	49.40185220002178
2230	49.40185220002178
2231	53.1
2232	53.1
2233	53.1
2234	53.1
2235	31.775255398989017
2236	31.775255398989017
2237	31.775255398989017
2238	31.775255398989017
2239	42.479415482965415
2240	42.479415482965415
2241	42.479415482965415
2242	42.479415482965415
2243	41.60645727797075
2244	41.60645727797075
2245	41.60645727797075
2246	41.60645727797075
2247	11.551361423686746
2248	11.551361423686746
2249	11.551361423686746
2250	11.551361423686746
2251	20.49005856593231
2252	20.49005856593231
2253	20.49005856593231
2254	20.49005856593231
2255	34.234285023102984
2256	34.234285023102984
2257	34.234285023102984
2258	34.234285023102984
2259	53.1
2260	53.1
2261	53.1
2262	53.1
2263	0.1
2264	0.1
2265	0.1
2266	0.1
2267	53.1
2268	53.1
2269	53.1
2270	53.1
2271	53.1
2272	53.1
2273	53.1
2274	53.1
2275	53.1
2276	53.1
2277	53.1
2278	53.1
2279	31.502252749884654
2280	31.502252749884654
2281	31.502252749884654
2282	47.70599703758722
2283	47.70599703758722
2284	47.70599703758722
2285	47.70599703758722
2286	27.37410596796785
2287	27.37410596796785
2288	27.37410596796785
2289	27.37410596796785
2290	48.7927095681051
2291	48.7927095681051
2292	48.7927095681051
2293	48.7927095681051
2294	33.79458506031383
2295	33.79458506031383
2296	33.79458506031383
2297	33.79458506031383
2298	22.34577136050997
2299	22.34577136050997
2300	22.34577136050997
2301	22.34577136050997
2302	53.1
2303	53.1
2304	53.1
2305	53.1
2306	14.699754012875438
2307	14.699754012875438
2308	14.699754012875438
2309	14.699754012875438
2310	34.08354895654364
2311	34.08354895654364
2312	34.08354895654364
2313	34.08354895654364
2314	50.71471724919742
2315	50.71471724919742
2316	50.71471724919742
2317	50.71471724919742
2318	0.1
2319	0.1
2320	0.1
2321	0.1
2322	27.649469187645966
2323	27.649469187645966
2324	27.649469187645966
2325	27.649469187645966
2326	32.555077265276935
2327	32.555077265276935
2328	32.555077265276935
2329	32.555077265276935
2330	43.31097220413365
2331	43.31097220413365
2332	43.31097220413365
2333	43.31097220413365
2334	29.025444437183367
2335	29.025444437183367
2336	29.025444437183367
2337	29.025444437183367
2338	39.3141637822336
2339	39.3141637822336
2340	39.3141637822336
2341	39.3141637822336
2342	50.72526825429328
2343	50.72526825429328
2344	50.72526825429328
2345	50.72526825429328
2346	34.989732356592285
2347	34.989732356592285
2348	34.989732356592285
2349	34.989732356592285
2350	48.479793329434656
2351	48.479793329434656
2352	48.479793329434656
2353	48.479793329434656
2354	41.779997764512814
2355	41.779997764512814
2356	41.779997764512814
2357	41.779997764512814
2358	14.24606742937468
2359	14.24606742937468
2360	14.24606742937468
2361	14.24606742937468
2362	11.284156448108366
2363	11.284156448108366
2364	11.284156448108366
2365	11.284156448108366
2366	24.66894666965989
2367	24.66894666965989
2368	24.66894666965989
2369	24.66894666965989
2370	28.49974090456511
2371	28.49974090456511
2372	28.49974090456511
2373	28.49974090456511
2374	39.10950896227297
2375	39.10950896227297
2376	39.10950896227297
2377	39.10950896227297
2378	35.05454575368113
2379	35.05454575368113
2380	35.05454575368113
2381	35.05454575368113
2382	30.21031391812712
2383	30.21031391812712
2384	30.21031391812712
2385	30.21031391812712
2386	30.72952494163321
2387	30.72952494163321
2388	30.72952494163321
2389	30.72952494163321
2390	53.1
2391	53.1
2392	53.1
2393	53.1
2394	37.38937916520649
2395	37.38937916520649
2396	37.38937916520649
2397	37.38937916520649
2398	23.038168157691455
2399	23.038168157691455
2400	23.038168157691455
2401	23.038168157691455
2402	29.045564980219698
2403	29.045564980219698
2404	29.045564980219698
2405	29.045564980219698
2406	21.739600291313867
2407	21.739600291313867
2408	21.739600291313867
2409	21.739600291313867
2410	11.495477372988603
2411	11.495477372988603
2412	11.495477372988603
2413	11.495477372988603
2414	41.86972926424119
2415	41.86972926424119
2416	41.86972926424119
2417	41.86972926424119
2418	53.1
2419	53.1
2420	53.1
2421	53.1
2422	30.642647569914377
2423	30.642647569914377
2424	30.642647569914377
2425	30.642647569914377
2426	53.1
2427	53.1
2428	53.1
2429	53.1
2430	36.70453509694372
2431	36.70453509694372
2432	36.70453509694372
2433	36.70453509694372
2434	22.788529417792393
2435	22.788529417792393
2436	22.788529417792393
2437	22.788529417792393
2438	46.90993281160551
2439	46.90993281160551
2440	46.90993281160551
2441	53.1
2442	53.1
2443	53.1
2444	53.1
2445	48.337085416834036
2446	48.337085416834036
2447	48.337085416834036
2448	48.337085416834036
2449	28.184390590603563
2450	28.184390590603563
2451	28.184390590603563
2452	28.184390590603563
2453	49.07448516624599
2454	49.07448516624599
2455	49.07448516624599
2456	49.07448516624599
2457	28.557721908799465
2458	28.557721908799465
2459	28.557721908799465
2460	28.557721908799465
2461	48.63138370727597
2462	48.63138370727597
