0	37.6
1	37.6
2	37.6
3	37.6
4	37.6
5	37.6
6	37.6
7	37.6
8	37.6
9	37.6
10	37.6
11	37.6
12	36.394332694543465
13	36.394332694543465
14	36.394332694543465
15	35.04668349625206
16	35.04668349625206
17	35.04668349625206
18	37.6
19	37.6
20	37.6
21	37.6
22	37.6
23	37.6
24	32.14684120109982
25	32.14684120109982
26	32.14684120109982
27	35.257797772488644
28	35.257797772488644
29	35.257797772488644
30	35.548737109838136
31	35.548737109838136
32	35.548737109838136
33	29.864342863315507
34	29.864342863315507
35	29.864342863315507
36	28.971039161248648
37	28.971039161248648
38	28.971039161248648
39	26.953746106539178
40	26.953746106539178
41	26.953746106539178
42	34.41833752985039
43	34.41833752985039
44	34.41833752985039
45	30.067640119852488
46	30.067640119852488
47	30.067640119852488
48	27.69479018834328
49	27.69479018834328
50	27.69479018834328
51	19.835309701885325
52	19.835309701885325
53	19.835309701885325
54	34.37781995100718
55	34.37781995100718
56	34.37781995100718
57	27.663640716407944
58	27.663640716407944
59	27.663640716407944
60	32.80230698433548
61	32.80230698433548
62	32.80230698433548
63	27.35357039157751
64	27.35357039157751
65	27.35357039157751
66	28.032667004856364
67	28.032667004856364
68	28.032667004856364
69	32.8046905419337
70	32.8046905419337
71	32.8046905419337
72	33.34619939565146
73	33.34619939565146
74	33.34619939565146
75	17.80420236231224
76	17.80420236231224
77	17.80420236231224
78	34.03350741192553
79	34.03350741192553
80	34.03350741192553
81	31.517566930727828
82	31.517566930727828
83	31.517566930727828
84	34.278133442424526
85	34.278133442424526
86	34.278133442424526
87	30.268614550349035
88	30.268614550349035
89	30.268614550349035
90	25.51205379253592
91	25.51205379253592
92	25.51205379253592
93	37.34674323388887
94	37.34674323388887
95	37.34674323388887
96	16.4744162361815
97	16.4744162361815
98	16.4744162361815
99	34.08322725021688
100	34.08322725021688
101	34.08322725021688
102	27.95682787198765
103	27.95682787198765
104	27.95682787198765
105	26.70940616662681
106	26.70940616662681
107	26.70940616662681
108	23.85248368746699
109	23.85248368746699
110	23.85248368746699
111	31.245345638870234
112	31.245345638870234
113	31.245345638870234
114	25.320714933858447
115	25.320714933858447
116	25.320714933858447
117	29.348642435902747
118	29.348642435902747
119	29.348642435902747
120	36.15773892990711
121	36.15773892990711
122	36.15773892990711
123	27.085246557844798
124	27.085246557844798
125	27.085246557844798
126	31.19070618990097
127	31.19070618990097
128	31.19070618990097
129	25.37218325569612
130	25.37218325569612
131	25.37218325569612
132	37.6
133	37.6
134	37.6
135	32.90138954282479
136	32.90138954282479
137	32.90138954282479
138	37.6
139	37.6
140	37.6
141	34.199383523962595
142	34.199383523962595
143	34.199383523962595
144	35.26543720490669
145	35.26543720490669
146	35.26543720490669
147	31.06716971730783
148	31.06716971730783
149	31.06716971730783
150	34.392947669580614
151	34.392947669580614
152	21.08361186951795
153	21.08361186951795
154	21.08361186951795
155	28.703640366045963
156	28.703640366045963
157	28.703640366045963
158	28.110820620203015
159	28.110820620203015
160	28.110820620203015
161	33.0110381873553
162	33.0110381873553
163	33.0110381873553
164	27.926071722294598
165	27.926071722294598
166	27.926071722294598
167	23.946035934641944
168	23.946035934641944
169	23.946035934641944
170	35.9256780282211
171	35.9256780282211
172	35.9256780282211
173	32.61703599788704
174	32.61703599788704
175	32.61703599788704
176	22.796938021120614
177	22.796938021120614
178	22.796938021120614
179	25.022915145752982
180	25.022915145752982
181	25.022915145752982
182	28.630288725892438
183	28.630288725892438
184	28.630288725892438
185	30.351437984391517
186	30.351437984391517
187	30.351437984391517
188	26.3095851140993
189	26.3095851140993
190	26.3095851140993
191	28.372606400120098
192	28.372606400120098
193	28.372606400120098
194	31.642175467932166
195	31.642175467932166
196	31.642175467932166
197	25.13822735298378
198	28.664024789735482
199	28.664024789735482
200	28.664024789735482
201	32.340931431173345
202	32.340931431173345
203	32.340931431173345
204	37.6
205	37.6
206	37.6
207	27.54216748822313
208	27.54216748822313
209	27.54216748822313
210	29.64619062081705
211	29.64619062081705
212	29.64619062081705
213	29.850949904056378
214	29.850949904056378
215	29.850949904056378
216	37.150510187558965
217	37.150510187558965
218	37.150510187558965
219	28.900979263346926
220	28.900979263346926
221	28.900979263346926
222	34.5048430613427
223	34.5048430613427
224	34.5048430613427
225	32.23538646728988
226	32.23538646728988
227	32.23538646728988
228	34.49474787359649
229	34.49474787359649
230	34.49474787359649
231	30.684202824996746
232	30.684202824996746
233	30.684202824996746
234	26.72396069261991
235	26.72396069261991
236	26.72396069261991
237	32.512533916947206
238	32.512533916947206
239	32.512533916947206
240	37.6
241	37.6
242	37.6
243	34.81217931427065
244	34.81217931427065
245	34.81217931427065
246	34.57155559352658
247	34.57155559352658
248	34.57155559352658
249	29.30678198529127
250	29.30678198529127
251	29.30678198529127
252	25.65940443586765
253	25.65940443586765
254	25.65940443586765
255	28.465003155218774
256	28.465003155218774
257	28.465003155218774
258	37.0753570894596
259	37.0753570894596
260	37.0753570894596
261	34.66571796681657
262	34.66571796681657
263	34.66571796681657
264	35.990609975419694
265	35.990609975419694
266	35.990609975419694
267	37.6
268	37.6
269	37.6
270	37.6
271	37.6
272	37.6
273	35.605251271088605
274	35.605251271088605
275	35.605251271088605
276	28.263689968203554
277	28.263689968203554
278	28.263689968203554
279	37.6
280	37.6
281	37.6
282	35.042061558570154
283	35.042061558570154
284	35.042061558570154
285	37.6
286	37.6
287	37.6
288	26.697188503256953
289	26.697188503256953
290	26.697188503256953
291	37.6
292	37.6
293	37.6
294	37.6
295	37.6
296	37.6
297	33.85664818535514
298	33.85664818535514
299	33.85664818535514
300	36.26162761684722
301	36.26162761684722
302	36.26162761684722
303	29.700165323480178
304	29.700165323480178
305	29.700165323480178
306	35.03784377233834
307	35.03784377233834
308	35.03784377233834
309	37.6
310	37.6
311	37.6
312	34.689931620321445
313	34.689931620321445
314	34.689931620321445
315	27.85356337129957
316	27.85356337129957
317	27.85356337129957
318	31.9791889437339
319	31.9791889437339
320	31.9791889437339
321	28.799681359738855
322	28.799681359738855
323	28.799681359738855
324	35.22066089119288
325	35.22066089119288
326	35.22066089119288
327	21.99539541437167
328	21.99539541437167
329	21.99539541437167
330	37.6
331	37.6
332	37.6
333	32.90348886306678
334	32.90348886306678
335	32.90348886306678
336	21.49320357147762
337	21.49320357147762
338	21.49320357147762
339	37.6
340	37.6
341	37.6
342	31.39783423521657
343	31.39783423521657
344	31.39783423521657
345	32.25611365032579
346	32.25611365032579
347	32.25611365032579
348	37.6
349	37.6
350	37.6
351	31.255459518194012
352	31.255459518194012
353	31.255459518194012
354	33.70865248337082
355	33.70865248337082
356	33.70865248337082
357	37.6
358	37.6
359	37.6
360	29.791135333460954
361	29.791135333460954
362	29.791135333460954
363	32.1372590429544
364	32.1372590429544
365	32.1372590429544
366	37.6
367	37.6
368	37.6
369	29.253855061678408
370	29.253855061678408
371	29.253855061678408
372	35.949603917402186
373	35.949603917402186
374	35.949603917402186
375	37.6
376	37.6
377	37.6
378	36.55105918253535
379	36.55105918253535
380	36.55105918253535
381	34.35227163680945
382	34.35227163680945
383	34.35227163680945
384	26.14076731740144
385	26.14076731740144
386	26.14076731740144
387	29.81590036368417
388	29.81590036368417
389	29.81590036368417
390	35.09796410088424
391	35.09796410088424
392	35.09796410088424
393	35.572360932475256
394	35.572360932475256
395	35.572360932475256
396	29.987281218962035
397	29.987281218962035
398	29.987281218962035
399	28.26534492531311
400	28.26534492531311
401	29.70066685623529
402	29.70066685623529
403	29.70066685623529
404	37.6
405	37.6
406	37.6
407	29.92067163402309
408	29.92067163402309
409	29.92067163402309
410	37.6
411	37.6
412	37.6
413	35.032404093708884
414	35.032404093708884
415	35.032404093708884
416	31.766669627442962
417	31.766669627442962
418	31.766669627442962
419	36.97843347439253
420	36.97843347439253
421	36.97843347439253
422	20.687981420847123
423	20.687981420847123
424	20.687981420847123
425	37.6
426	37.6
427	37.6
428	29.529180055511997
429	29.529180055511997
430	29.529180055511997
431	36.976920322022266
432	36.976920322022266
433	36.976920322022266
434	31.16147509689151
435	31.16147509689151
436	31.16147509689151
437	37.6
438	37.6
439	37.6
440	32.18503504803082
441	32.18503504803082
442	32.18503504803082
443	34.975160964905285
444	34.975160964905285
445	34.975160964905285
446	24.705471291321416
447	24.705471291321416
448	24.705471291321416
449	32.787143476367575
450	32.787143476367575
451	32.787143476367575
452	36.175901947163254
453	36.175901947163254
454	36.175901947163254
455	37.6
456	37.6
457	37.6
458	33.98408055900808
459	33.98408055900808
460	33.98408055900808
461	32.329927835169585
462	32.329927835169585
463	32.329927835169585
464	35.64377504933696
465	35.64377504933696
466	35.64377504933696
467	37.57627533023445
468	37.57627533023445
469	37.57627533023445
470	34.995285459485636
471	37.6
472	37.6
473	37.6
474	36.19368488836432
475	36.19368488836432
476	36.19368488836432
477	33.164488458247135
478	33.164488458247135
479	33.164488458247135
480	37.6
481	37.6
482	37.6
483	37.6
484	37.6
485	37.6
486	35.443822708229916
487	35.443822708229916
488	35.443822708229916
489	37.6
490	37.6
491	37.6
492	37.6
493	37.6
494	37.6
495	37.6
496	33.4854281921469
497	33.4854281921469
498	33.4854281921469
499	36.934972393439836
500	36.934972393439836
501	36.934972393439836
502	26.412972541563356
503	26.412972541563356
504	26.412972541563356
505	34.773613960318
506	34.773613960318
507	34.773613960318
508	30.076319063239033
509	30.076319063239033
510	30.076319063239033
511	37.6
512	37.6
513	37.6
514	36.380074562581505
515	36.380074562581505
516	36.380074562581505
517	37.6
518	37.6
519	37.6
520	34.50365004248931
521	34.50365004248931
522	34.50365004248931
523	37.6
524	37.6
525	37.6
526	25.893630878962334
527	25.893630878962334
528	25.893630878962334
529	37.6
530	37.6
531	37.6
532	37.6
533	37.6
534	37.6
535	28.881340054786385
536	28.881340054786385
537	28.881340054786385
538	31.747685122900055
539	31.747685122900055
540	31.747685122900055
541	37.6
542	37.6
543	37.6
544	35.98066045577657
545	35.98066045577657
546	35.98066045577657
547	37.6
548	37.6
549	37.6
550	36.05467976242538
551	36.05467976242538
552	36.05467976242538
553	37.6
554	37.6
555	37.6
556	37.6
557	37.6
558	37.6
559	37.6
560	37.6
561	35.60590843127025
562	35.60590843127025
563	35.60590843127025
564	37.6
565	37.6
566	37.6
567	34.659397407853014
568	34.659397407853014
569	34.659397407853014
570	31.247549255453162
571	31.247549255453162
572	31.247549255453162
573	31.88077200764078
574	31.88077200764078
575	31.88077200764078
576	37.6
577	37.6
578	37.6
579	31.066508578980788
580	31.066508578980788
581	31.066508578980788
582	31.636406442210916
583	31.636406442210916
584	31.636406442210916
585	27.62301090534022
586	27.62301090534022
587	27.62301090534022
588	29.004057082813198
589	29.004057082813198
590	29.004057082813198
591	32.85352841995845
592	32.85352841995845
593	32.85352841995845
594	33.947626466369115
595	33.947626466369115
596	33.947626466369115
597	37.6
598	37.6
599	37.6
600	37.6
601	37.6
602	37.6
603	36.671189591962126
604	36.671189591962126
605	36.671189591962126
606	34.086217631898826
607	34.086217631898826
608	34.086217631898826
609	28.682400580247084
610	28.682400580247084
611	28.682400580247084
612	37.6
613	37.6
614	37.6
615	34.44181457468494
616	34.44181457468494
617	34.44181457468494
618	30.483444908079207
619	30.483444908079207
620	30.483444908079207
621	36.9650818058115
622	36.9650818058115
623	36.9650818058115
624	34.38148233487809
625	34.38148233487809
626	34.38148233487809
627	37.6
628	37.6
629	37.6
630	27.17814195281806
631	27.17814195281806
632	27.17814195281806
633	37.6
634	37.6
635	37.6
636	23.75821562391748
637	23.75821562391748
638	23.75821562391748
639	26.71688723296804
640	26.71688723296804
641	26.71688723296804
642	19.621669216132783
643	19.621669216132783
644	19.621669216132783
645	36.72030101311168
646	36.72030101311168
647	36.72030101311168
648	31.591372060293
649	31.591372060293
650	31.591372060293
651	33.531789983128284
652	33.531789983128284
653	33.531789983128284
654	32.9754611845974
655	32.9754611845974
656	32.9754611845974
657	36.910069240568475
658	36.910069240568475
659	36.910069240568475
660	28.506853291123463
661	28.506853291123463
662	28.506853291123463
663	37.6
664	37.6
665	37.6
666	37.6
667	37.6
668	37.6
669	29.23292345566226
670	29.23292345566226
671	29.23292345566226
672	25.394899026418088
673	25.394899026418088
674	25.394899026418088
675	25.982218621187073
676	25.982218621187073
677	25.982218621187073
678	35.8311577402809
679	35.8311577402809
680	35.8311577402809
681	35.96030336761904
682	35.96030336761904
683	35.96030336761904
684	33.05390587210544
685	33.05390587210544
686	33.05390587210544
687	32.47986826997441
688	32.47986826997441
689	32.47986826997441
690	33.15721542945868
691	33.15721542945868
692	33.15721542945868
693	33.22494986356069
694	33.22494986356069
695	33.22494986356069
696	36.3658975548371
697	36.3658975548371
698	36.3658975548371
699	35.838743878686664
700	35.838743878686664
701	35.838743878686664
702	36.6590348757231
703	36.6590348757231
704	36.6590348757231
705	33.89969350692984
706	33.89969350692984
707	33.89969350692984
708	37.6
709	37.6
710	37.6
711	37.6
712	37.6
713	37.6
714	37.6
715	37.6
716	37.6
717	28.17889477187557
718	28.17889477187557
719	28.17889477187557
720	24.38617082348702
721	24.38617082348702
722	24.38617082348702
723	31.988117000700477
724	31.988117000700477
725	31.988117000700477
726	29.946384890200385
727	29.946384890200385
728	29.946384890200385
729	31.225991417382545
730	31.225991417382545
731	31.225991417382545
732	33.84036933807403
733	33.84036933807403
734	33.84036933807403
735	37.6
736	32.61553552539064
737	32.61553552539064
738	32.61553552539064
739	28.869024235741662
740	28.869024235741662
741	28.869024235741662
742	22.583518785100853
743	22.583518785100853
744	22.583518785100853
745	30.275978670659462
746	30.275978670659462
747	30.275978670659462
748	30.970622286507876
749	30.970622286507876
750	30.970622286507876
751	27.029480109421055
752	27.029480109421055
753	27.029480109421055
754	25.88556999431605
755	25.88556999431605
756	25.88556999431605
757	28.53438571720105
758	28.53438571720105
759	28.53438571720105
760	20.694501135799136
761	20.694501135799136
762	20.694501135799136
763	26.246288301131077
764	26.246288301131077
765	26.246288301131077
766	24.66646104664733
767	24.66646104664733
768	24.66646104664733
769	27.049993524333743
770	27.049993524333743
771	27.049993524333743
772	31.69983982179874
773	31.69983982179874
774	31.69983982179874
775	19.01026988716397
776	19.01026988716397
777	19.01026988716397
778	21.669610418820717
779	21.669610418820717
780	21.669610418820717
781	28.69667518951366
782	28.69667518951366
783	28.69667518951366
784	25.462438408948284
785	25.462438408948284
786	25.462438408948284
787	17.535870645643598
788	17.535870645643598
789	17.535870645643598
790	28.02900686145942
791	28.02900686145942
792	28.02900686145942
793	21.89772310948278
794	21.89772310948278
795	21.89772310948278
796	26.0668230007687
797	26.0668230007687
798	26.0668230007687
799	28.027439013547752
800	28.027439013547752
801	28.027439013547752
802	28.097898948637923
803	28.097898948637923
804	28.097898948637923
805	31.39373265549536
806	31.39373265549536
807	31.39373265549536
808	22.250992332042017
809	22.250992332042017
810	22.250992332042017
811	36.05456871624644
812	36.05456871624644
813	36.05456871624644
814	22.523686355012394
815	22.523686355012394
816	22.523686355012394
817	37.6
818	37.6
819	37.6
820	24.572409090755617
821	24.572409090755617
822	24.572409090755617
823	27.71467016183958
824	27.71467016183958
825	27.71467016183958
826	23.9172610950267
827	23.9172610950267
828	23.9172610950267
829	25.09169409854169
830	25.09169409854169
831	25.09169409854169
832	32.79957008431836
833	32.79957008431836
834	32.79957008431836
835	33.181469140891124
836	33.181469140891124
837	33.181469140891124
838	29.697772181313272
839	29.697772181313272
840	29.697772181313272
841	23.26813639781611
842	23.26813639781611
843	23.26813639781611
844	31.733567908299946
845	31.733567908299946
846	31.733567908299946
847	27.44220689476356
848	27.44220689476356
849	27.44220689476356
850	33.27275931405665
851	33.27275931405665
852	33.27275931405665
853	23.042217053288564
854	23.042217053288564
855	23.042217053288564
856	26.328015744211207
857	26.328015744211207
858	26.328015744211207
859	29.60505878762657
860	29.60505878762657
861	21.06170841227884
862	21.06170841227884
863	21.06170841227884
864	33.66622872522606
865	33.66622872522606
866	33.66622872522606
867	26.838805265325764
868	26.838805265325764
869	26.838805265325764
870	20.568342999466946
871	20.568342999466946
872	20.568342999466946
873	26.551582539227443
874	26.551582539227443
875	26.551582539227443
876	31.042410776084058
877	31.042410776084058
878	31.042410776084058
879	20.068543535350706
880	20.068543535350706
881	20.068543535350706
882	27.071715964757217
883	27.071715964757217
884	27.071715964757217
885	26.447287770961417
886	26.447287770961417
887	26.447287770961417
888	24.299105469099512
889	24.299105469099512
890	18.26541951198306
891	18.26541951198306
892	18.26541951198306
893	20.889004837006915
894	20.889004837006915
895	20.889004837006915
896	25.272227946950164
897	25.272227946950164
898	25.272227946950164
899	25.362093596414876
900	25.362093596414876
901	25.362093596414876
902	23.547406713004637
903	23.547406713004637
904	23.547406713004637
905	24.101241259717433
906	24.101241259717433
907	24.101241259717433
908	21.307327406017354
909	21.307327406017354
910	21.307327406017354
911	20.979634576448397
912	20.979634576448397
913	20.979634576448397
914	30.331178929260446
915	30.331178929260446
916	30.331178929260446
917	30.268795913998538
918	30.268795913998538
919	30.268795913998538
920	26.11864430345142
921	26.11864430345142
922	26.11864430345142
923	19.625497357662777
924	19.625497357662777
925	19.625497357662777
926	27.19736054219426
927	27.19736054219426
928	27.19736054219426
929	22.424128283729733
930	22.424128283729733
931	22.424128283729733
932	20.950883545269285
933	20.950883545269285
934	20.950883545269285
935	24.009750502351043
936	24.009750502351043
937	24.009750502351043
938	28.893270830354062
939	28.893270830354062
940	28.893270830354062
941	22.954174888789254
942	22.954174888789254
943	22.954174888789254
944	29.665785160927342
945	29.665785160927342
946	29.665785160927342
947	16.753052078366494
948	16.753052078366494
949	16.753052078366494
950	16.719852751780046
951	16.719852751780046
952	26.959336976466464
953	26.959336976466464
954	26.959336976466464
955	29.046953890520705
956	29.046953890520705
957	29.046953890520705
958	24.039658221228745
959	24.039658221228745
960	24.039658221228745
961	17.911532462655973
962	17.911532462655973
963	17.911532462655973
964	27.31020962564442
965	27.31020962564442
966	27.31020962564442
967	30.357864669454415
968	30.357864669454415
969	30.357864669454415
970	37.6
971	37.6
972	37.6
973	36.43155913068512
974	36.43155913068512
975	36.43155913068512
976	31.295988965749416
977	31.295988965749416
978	31.295988965749416
979	34.773451546725546
980	34.773451546725546
981	34.773451546725546
982	36.546757087217
983	36.546757087217
984	36.546757087217
985	28.985144666769436
986	28.985144666769436
987	28.985144666769436
988	34.65757402794828
989	34.65757402794828
990	34.65757402794828
991	37.6
992	37.6
993	37.6
994	33.75322499711432
995	33.75322499711432
996	33.75322499711432
997	37.6
998	37.6
999	37.6
1000	30.58233775223273
1001	30.58233775223273
1002	30.58233775223273
1003	22.644194805437536
1004	22.644194805437536
1005	22.644194805437536
1006	36.2529200086627
1007	36.2529200086627
1008	36.2529200086627
1009	29.152568491995673
1010	29.152568491995673
1011	29.152568491995673
1012	30.542605445602184
1013	30.542605445602184
1014	30.542605445602184
1015	34.92383362078161
1016	34.92383362078161
1017	34.92383362078161
1018	31.256431162220554
1019	31.256431162220554
1020	31.256431162220554
1021	33.18739110152394
1022	33.18739110152394
1023	33.18739110152394
1024	37.6
1025	37.6
1026	37.6
1027	31.313118924325646
1028	31.313118924325646
1029	31.313118924325646
1030	31.777993656775607
1031	31.777993656775607
1032	31.777993656775607
1033	34.00166549247038
1034	34.00166549247038
1035	34.00166549247038
1036	33.43828126493774
1037	33.43828126493774
1038	33.43828126493774
1039	37.6
1040	37.6
1041	37.6
1042	37.6
1043	37.6
1044	37.6
1045	37.6
1046	37.6
1047	37.6
1048	37.6
1049	37.6
1050	37.06286583653507
1051	37.06286583653507
1052	37.06286583653507
1053	28.757917678330465
1054	28.757917678330465
1055	28.757917678330465
1056	24.63648298275175
1057	24.63648298275175
1058	24.63648298275175
1059	37.6
1060	37.6
1061	37.6
1062	34.21579900552915
1063	34.21579900552915
1064	34.21579900552915
1065	37.6
1066	37.6
1067	37.6
1068	37.6
1069	37.6
1070	37.6
1071	37.6
1072	37.6
1073	37.6
1074	37.6
1075	37.6
1076	30.850486725916046
1077	30.850486725916046
1078	30.850486725916046
1079	37.6
1080	37.6
1081	37.6
1082	37.6
1083	37.6
1084	37.6
1085	33.61685578378624
1086	33.61685578378624
1087	33.61685578378624
1088	37.6
1089	37.6
1090	37.6
1091	35.12254284156573
1092	35.12254284156573
1093	35.12254284156573
1094	37.6
1095	37.6
1096	37.6
1097	37.6
1098	37.6
1099	37.6
1100	35.878849037145
1101	35.878849037145
1102	35.878849037145
1103	36.11293453911053
1104	36.11293453911053
1105	36.11293453911053
1106	37.6
1107	37.6
1108	37.6
1109	34.25934135026215
1110	34.25934135026215
1111	34.25934135026215
1112	35.88827995633412
1113	35.88827995633412
1114	35.88827995633412
1115	37.6
1116	37.6
1117	37.6
1118	37.6
1119	37.6
1120	37.6
1121	37.6
1122	37.6
1123	37.6
1124	37.6
1125	37.6
1126	37.6
1127	34.430946298523196
1128	34.430946298523196
1129	34.430946298523196
1130	33.98236890239309
1131	33.98236890239309
1132	33.98236890239309
1133	33.92165343474287
1134	33.92165343474287
1135	33.92165343474287
1136	31.31427614557608
1137	31.31427614557608
1138	31.31427614557608
1139	37.6
1140	37.6
1141	37.6
1142	37.20924019818807
1143	37.20924019818807
1144	37.20924019818807
1145	28.881629001582677
1146	28.881629001582677
1147	28.881629001582677
1148	37.32047396167286
1149	37.32047396167286
1150	37.32047396167286
1151	37.6
1152	37.6
1153	37.6
1154	30.557295354622507
1155	30.557295354622507
1156	30.557295354622507
1157	30.37184493889437
1158	30.37184493889437
1159	30.37184493889437
1160	32.600670232009044
1161	32.600670232009044
1162	32.600670232009044
1163	34.81613648209923
1164	34.81613648209923
1165	34.81613648209923
1166	36.777681628337746
1167	36.777681628337746
1168	36.777681628337746
1169	30.84942078289546
1170	30.84942078289546
1171	30.84942078289546
1172	37.6
1173	37.6
1174	37.6
1175	30.58128753395361
1176	30.58128753395361
1177	30.58128753395361
1178	28.958879054668024
1179	28.958879054668024
1180	28.958879054668024
1181	37.6
1182	37.6
1183	37.6
1184	37.6
1185	37.6
1186	29.556665040479327
1187	29.556665040479327
1188	29.556665040479327
1189	26.144128127673707
1190	26.144128127673707
1191	26.144128127673707
1192	33.99186368516719
1193	33.99186368516719
1194	33.99186368516719
1195	35.824910073573975
1196	35.824910073573975
1197	35.824910073573975
1198	31.804789116335876
1199	31.804789116335876
1200	31.804789116335876
1201	34.910884197160506
1202	34.910884197160506
1203	34.910884197160506
1204	28.202603800289143
1205	28.202603800289143
1206	28.202603800289143
1207	31.67155033585018
1208	31.67155033585018
1209	31.67155033585018
1210	36.3416973945104
1211	36.3416973945104
1212	36.3416973945104
1213	34.499448303090446
1214	34.499448303090446
1215	34.499448303090446
1216	20.841867389971696
1217	20.841867389971696
1218	20.841867389971696
1219	29.636494292781258
1220	29.636494292781258
1221	29.636494292781258
1222	32.160591770565325
1223	32.160591770565325
1224	32.160591770565325
1225	28.785431323115382
1226	28.785431323115382
1227	28.785431323115382
1228	28.079503317462848
1229	28.079503317462848
1230	28.079503317462848
1231	34.62672223275775
1232	34.62672223275775
1233	34.62672223275775
1234	36.937730782288746
1235	36.937730782288746
1236	36.937730782288746
1237	35.804978270217156
1238	35.804978270217156
1239	35.804978270217156
1240	31.86347075974533
1241	31.86347075974533
1242	31.86347075974533
1243	31.354896728317
1244	31.354896728317
1245	31.354896728317
1246	31.66881104489881
1247	31.66881104489881
1248	31.66881104489881
1249	33.92135962123127
1250	33.92135962123127
1251	33.92135962123127
1252	34.842037799748766
1253	34.842037799748766
1254	34.842037799748766
1255	21.98190462304795
1256	21.98190462304795
1257	21.98190462304795
1258	31.864501253161205
1259	31.864501253161205
1260	31.864501253161205
1261	33.19899913319277
1262	33.19899913319277
1263	33.19899913319277
1264	28.992201944295623
1265	28.992201944295623
1266	28.992201944295623
1267	24.580929603942746
1268	24.580929603942746
1269	24.580929603942746
1270	33.76333492106099
1271	33.76333492106099
1272	33.76333492106099
1273	25.879938868612882
1274	33.379231589850555
1275	33.379231589850555
1276	33.379231589850555
1277	35.89691608213964
1278	35.89691608213964
1279	35.89691608213964
1280	33.16491375487423
1281	33.16491375487423
1282	33.16491375487423
1283	20.56364476228517
1284	20.56364476228517
1285	20.56364476228517
1286	25.620481922014985
1287	25.620481922014985
1288	25.620481922014985
1289	21.41769361722666
1290	21.41769361722666
1291	21.41769361722666
1292	25.816770088347482
1293	25.816770088347482
1294	25.816770088347482
1295	32.474159606323674
1296	32.474159606323674
1297	32.474159606323674
1298	23.984848055384635
1299	23.984848055384635
1300	23.984848055384635
1301	28.28105804426601
1302	28.28105804426601
1303	28.28105804426601
1304	30.156289707141223
1305	30.156289707141223
1306	30.156289707141223
1307	30.523639395584276
1308	30.523639395584276
1309	30.523639395584276
1310	29.632658905311594
1311	29.632658905311594
1312	29.632658905311594
1313	34.69701157265045
1314	34.69701157265045
1315	34.69701157265045
1316	29.22370600195449
1317	29.22370600195449
1318	29.22370600195449
1319	21.323389453250577
1320	21.323389453250577
1321	21.323389453250577
1322	28.985710229454668
1323	28.985710229454668
1324	28.985710229454668
1325	23.05076884758943
1326	23.05076884758943
1327	23.05076884758943
1328	20.200014881815882
1329	20.200014881815882
1330	20.200014881815882
1331	25.930565752423657
1332	25.930565752423657
1333	25.930565752423657
1334	28.309923800186418
1335	28.309923800186418
1336	28.309923800186418
1337	30.35556894224564
1338	30.35556894224564
1339	30.35556894224564
1340	25.00392274253409
1341	25.00392274253409
1342	25.00392274253409
1343	26.72808308468766
1344	26.72808308468766
1345	26.72808308468766
1346	27.583457857480127
1347	27.583457857480127
1348	27.583457857480127
1349	33.99370212695792
1350	33.99370212695792
1351	33.99370212695792
1352	23.855935995813436
1353	23.855935995813436
1354	23.855935995813436
1355	26.71471572176401
1356	26.71471572176401
1357	26.71471572176401
1358	31.938769924699862
1359	31.938769924699862
1360	31.938769924699862
1361	33.94409712103081
1362	33.94409712103081
1363	33.94409712103081
1364	26.996711524309912
1365	26.996711524309912
1366	26.996711524309912
1367	31.673668183514877
1368	31.673668183514877
1369	31.673668183514877
1370	14.020317436418983
1371	14.020317436418983
1372	14.020317436418983
1373	31.113492113697163
1374	31.113492113697163
1375	31.113492113697163
1376	29.112421111401105
1377	29.112421111401105
1378	29.112421111401105
1379	30.774417489344014
1380	30.774417489344014
1381	30.774417489344014
1382	27.651444265665805
1383	27.651444265665805
1384	27.651444265665805
1385	27.435336609922704
1386	27.435336609922704
1387	27.435336609922704
1388	25.167416385850004
1389	25.167416385850004
1390	25.167416385850004
1391	29.158022591225482
1392	29.158022591225482
1393	29.158022591225482
1394	24.07554289285631
1395	24.07554289285631
1396	24.07554289285631
1397	24.122986281045804
1398	24.122986281045804
1399	24.122986281045804
1400	32.52698559848997
1401	32.52698559848997
1402	32.52698559848997
1403	26.162267658759212
1404	26.162267658759212
1405	26.162267658759212
1406	31.504993158480033
1407	31.504993158480033
1408	31.504993158480033
1409	30.17200099819774
1410	30.17200099819774
1411	30.17200099819774
1412	30.72052940799498
1413	30.72052940799498
1414	30.72052940799498
1415	25.984935083316557
1416	25.984935083316557
1417	25.984935083316557
1418	25.795369488577442
1419	25.795369488577442
1420	25.795369488577442
1421	31.253522358940657
1422	35.58436980059868
1423	35.58436980059868
1424	35.58436980059868
1425	32.8491010947866
1426	32.8491010947866
1427	32.8491010947866
1428	27.02935143325651
1429	27.02935143325651
1430	27.02935143325651
1431	32.722289271165515
1432	32.722289271165515
1433	32.722289271165515
1434	25.391050270019566
1435	25.391050270019566
1436	25.391050270019566
1437	31.18430399115591
1438	31.18430399115591
1439	31.18430399115591
1440	28.061367891636515
1441	28.061367891636515
1442	28.061367891636515
1443	26.486980011564977
1444	26.486980011564977
1445	26.486980011564977
1446	35.65482059441475
1447	35.65482059441475
1448	35.65482059441475
1449	20.46911015148993
1450	20.46911015148993
1451	20.46911015148993
1452	29.121716710222493
1453	29.121716710222493
1454	29.121716710222493
1455	26.154338146253558
1456	26.154338146253558
1457	26.154338146253558
1458	30.511801071646527
1459	30.511801071646527
1460	30.511801071646527
1461	26.69393295330186
1462	26.69393295330186
1463	26.69393295330186
1464	31.01737502342629
1465	31.01737502342629
1466	34.79749648202401
1467	34.79749648202401
1468	34.79749648202401
1469	37.6
1470	30.708738449401565
1471	30.708738449401565
1472	30.708738449401565
1473	37.6
1474	37.6
1475	37.6
1476	36.87237920887135
1477	36.87237920887135
1478	36.87237920887135
1479	30.571158363311525
1480	30.571158363311525
1481	30.571158363311525
1482	37.6
1483	31.881210009315343
1484	31.881210009315343
1485	31.881210009315343
1486	37.27947340784109
1487	37.27947340784109
1488	37.27947340784109
1489	30.035274221911862
1490	30.035274221911862
1491	30.035274221911862
1492	32.14084480545848
1493	32.14084480545848
1494	32.14084480545848
1495	36.0469617405989
1496	36.0469617405989
1497	36.0469617405989
1498	26.58293138266361
1499	26.58293138266361
1500	26.58293138266361
1501	32.502305431272234
1502	32.502305431272234
1503	32.502305431272234
1504	35.9667341869029
1505	35.9667341869029
1506	37.594908835522084
1507	37.594908835522084
1508	37.594908835522084
1509	28.32193382154174
1510	28.32193382154174
1511	28.32193382154174
1512	34.53631941376004
1513	34.53631941376004
1514	26.033893105919347
1515	26.033893105919347
1516	26.033893105919347
1517	37.6
1518	37.6
1519	37.6
1520	37.6
1521	37.6
1522	37.6
1523	30.338479275496997
1524	30.338479275496997
1525	30.338479275496997
1526	26.53941639742591
1527	26.53941639742591
1528	26.53941639742591
1529	21.750019648113536
1530	21.750019648113536
1531	21.750019648113536
1532	33.101789983150475
1533	33.101789983150475
1534	33.101789983150475
1535	33.19385587224138
1536	33.19385587224138
1537	33.19385587224138
1538	36.77757995390705
1539	36.77757995390705
1540	36.77757995390705
1541	31.377607231535716
1542	31.377607231535716
1543	31.377607231535716
1544	29.918072755253366
1545	29.918072755253366
1546	29.918072755253366
1547	36.642772182744885
1548	36.642772182744885
1549	36.642772182744885
1550	29.77503031871889
1551	29.77503031871889
1552	29.77503031871889
1553	35.282745142757186
1554	35.282745142757186
1555	35.282745142757186
1556	26.23003406035348
1557	26.23003406035348
1558	26.23003406035348
1559	24.269763997957163
1560	24.269763997957163
1561	24.269763997957163
1562	28.654064905201228
1563	28.654064905201228
1564	28.654064905201228
1565	31.26115405501722
1566	31.26115405501722
1567	31.26115405501722
1568	27.689958494791654
1569	27.689958494791654
1570	27.689958494791654
1571	21.687783435890776
1572	21.687783435890776
1573	21.687783435890776
1574	29.260958919131987
1575	29.260958919131987
1576	29.260958919131987
1577	33.64656101407818
1578	33.64656101407818
1579	33.64656101407818
1580	28.657516924691137
1581	28.657516924691137
1582	28.657516924691137
1583	27.479284105963284
1584	27.479284105963284
1585	27.479284105963284
1586	33.32062579431891
1587	33.32062579431891
1588	33.32062579431891
1589	30.86118458443863
1590	30.86118458443863
1591	30.86118458443863
1592	29.623457567849602
1593	29.623457567849602
1594	29.623457567849602
1595	30.702716206416838
1596	30.702716206416838
1597	30.702716206416838
1598	26.396635212009336
1599	26.396635212009336
1600	26.396635212009336
1601	28.644966347875943
1602	28.644966347875943
1603	28.644966347875943
1604	28.81044179047978
1605	17.155459724840227
1606	17.155459724840227
1607	17.155459724840227
1608	22.42929733553977
1609	22.42929733553977
1610	22.42929733553977
1611	33.49408649849103
1612	33.49408649849103
1613	33.49408649849103
1614	31.52535094458743
1615	31.52535094458743
1616	31.52535094458743
1617	34.96660165427422
1618	34.96660165427422
1619	34.96660165427422
1620	21.854111069432086
1621	21.854111069432086
1622	21.854111069432086
1623	27.318171366246872
1624	27.318171366246872
1625	27.318171366246872
1626	31.688678052911037
1627	31.688678052911037
1628	31.688678052911037
1629	29.94434479386998
1630	29.94434479386998
1631	29.94434479386998
1632	32.14565336386312
1633	32.14565336386312
1634	32.14565336386312
1635	30.534288849189828
1636	30.534288849189828
1637	30.534288849189828
1638	31.128208472335203
1639	31.128208472335203
1640	31.128208472335203
1641	29.13273216777672
1642	29.13273216777672
1643	29.13273216777672
1644	21.7605330537754
1645	21.7605330537754
1646	21.7605330537754
1647	33.59202648276672
1648	33.59202648276672
1649	33.59202648276672
1650	33.02659135135579
1651	33.02659135135579
1652	33.02659135135579
1653	33.4076747562267
1654	25.77770071909719
1655	25.77770071909719
1656	25.77770071909719
1657	22.30182385774153
1658	22.30182385774153
1659	22.30182385774153
1660	24.820338919429958
1661	24.820338919429958
1662	24.820338919429958
1663	33.217879392997645
1664	33.217879392997645
1665	33.217879392997645
1666	31.78252112581106
1667	31.78252112581106
1668	31.78252112581106
1669	25.56215514254609
1670	25.56215514254609
1671	25.56215514254609
1672	25.468895644745434
1673	25.468895644745434
1674	25.468895644745434
1675	28.86657294052961
1676	28.86657294052961
1677	28.86657294052961
1678	37.6
1679	37.6
1680	37.6
1681	22.893121000168897
1682	22.893121000168897
1683	22.893121000168897
1684	26.725759043203183
1685	26.725759043203183
1686	26.725759043203183
1687	37.19661331887584
1688	37.19661331887584
1689	37.19661331887584
1690	29.390665701881694
1691	29.390665701881694
1692	29.390665701881694
1693	20.101500888195794
1694	20.101500888195794
1695	20.101500888195794
1696	25.42310491210235
1697	25.42310491210235
1698	25.42310491210235
1699	23.640578294328247
1700	23.640578294328247
1701	23.640578294328247
1702	26.697182709591427
1703	26.697182709591427
1704	26.697182709591427
1705	28.357736783783636
1706	28.357736783783636
1707	28.357736783783636
1708	31.773678877723334
1709	31.773678877723334
1710	31.773678877723334
1711	30.573181748106933
1712	30.573181748106933
1713	30.573181748106933
1714	35.132336553812955
1715	35.132336553812955
1716	35.132336553812955
1717	28.664476208724984
1718	28.664476208724984
1719	28.664476208724984
1720	26.800281531643627
1721	26.800281531643627
1722	26.800281531643627
1723	25.08268972543837
1724	25.08268972543837
1725	25.08268972543837
1726	28.232419075220868
1727	28.232419075220868
1728	28.232419075220868
1729	26.51099168520518
1730	26.51099168520518
1731	26.51099168520518
1732	25.098340695918726
1733	25.098340695918726
1734	25.098340695918726
1735	24.048091853501752
1736	24.048091853501752
1737	24.048091853501752
1738	27.75897607428463
1739	27.75897607428463
1740	27.75897607428463
1741	26.10341769224809
1742	26.10341769224809
1743	26.10341769224809
1744	34.31754925884151
1745	34.31754925884151
1746	34.31754925884151
1747	24.317769923178325
1748	24.317769923178325
1749	24.317769923178325
1750	27.68333244422224
1751	27.68333244422224
1752	27.68333244422224
1753	24.07952641352014
1754	24.07952641352014
1755	24.07952641352014
1756	24.59781754105031
1757	24.59781754105031
1758	24.59781754105031
1759	26.160926047915808
1760	26.160926047915808
1761	26.160926047915808
1762	23.288782225384136
1763	23.288782225384136
1764	23.288782225384136
1765	25.94245006484397
1766	25.94245006484397
1767	25.94245006484397
1768	24.976191747897207
1769	24.976191747897207
1770	24.976191747897207
1771	25.797237050711605
1772	25.797237050711605
1773	25.797237050711605
1774	22.91520794902363
1775	22.91520794902363
1776	22.91520794902363
1777	28.524711335972743
1778	28.524711335972743
1779	28.524711335972743
1780	25.009661586463185
1781	25.009661586463185
1782	25.009661586463185
1783	23.90828435965599
1784	23.90828435965599
1785	23.90828435965599
1786	26.327004862462122
1787	26.327004862462122
1788	26.327004862462122
1789	26.94016998193259
1790	26.94016998193259
1791	26.94016998193259
1792	23.529325050279116
1793	23.529325050279116
1794	23.529325050279116
1795	27.981051492453123
1796	27.981051492453123
1797	27.981051492453123
1798	33.333716967943545
1799	33.333716967943545
1800	33.333716967943545
1801	30.086803158308268
1802	30.086803158308268
1803	30.086803158308268
1804	27.20513484567891
1805	27.20513484567891
1806	27.20513484567891
1807	32.45998877963283
1808	32.45998877963283
1809	32.45998877963283
1810	32.422741853618376
1811	32.422741853618376
1812	32.422741853618376
1813	25.18187167102987
1814	25.18187167102987
1815	25.18187167102987
1816	31.846921885863267
1817	31.846921885863267
1818	31.846921885863267
1819	24.683594895928866
1820	24.683594895928866
1821	24.683594895928866
1822	28.612223796413407
1823	28.612223796413407
1824	28.612223796413407
1825	25.225863125203155
1826	25.225863125203155
1827	25.225863125203155
1828	26.29593206170903
1829	26.29593206170903
1830	26.29593206170903
1831	26.69284081365095
1832	26.69284081365095
1833	26.69284081365095
1834	30.365197291241497
1835	30.365197291241497
1836	30.365197291241497
1837	35.540992282449054
1838	35.540992282449054
1839	35.540992282449054
1840	27.789004976096123
1841	27.789004976096123
1842	27.789004976096123
1843	31.40297916769387
1844	31.40297916769387
1845	31.40297916769387
1846	32.10305087468011
1847	32.10305087468011
1848	32.10305087468011
1849	31.814974685980303
1850	31.814974685980303
1851	31.814974685980303
1852	34.20576287683448
1853	34.20576287683448
1854	34.20576287683448
1855	37.6
1856	37.6
1857	37.6
1858	33.03160817214458
1859	33.03160817214458
1860	33.03160817214458
1861	21.859890803572007
1862	21.859890803572007
1863	21.859890803572007
1864	20.51439275949215
1865	20.51439275949215
1866	20.51439275949215
1867	23.57329546880123
1868	23.57329546880123
1869	23.57329546880123
1870	30.37469351440518
1871	30.37469351440518
1872	30.37469351440518
1873	25.502150628730142
1874	25.502150628730142
1875	25.502150628730142
1876	23.38853781634121
1877	23.38853781634121
1878	23.38853781634121
1879	28.352443667943056
1880	29.323062433675414
1881	29.323062433675414
1882	29.323062433675414
1883	33.387580790258944
1884	33.387580790258944
1885	33.387580790258944
1886	23.978235480390826
1887	23.978235480390826
1888	23.978235480390826
1889	23.457477135752118
1890	23.457477135752118
1891	23.457477135752118
1892	27.421096151439336
1893	27.421096151439336
1894	27.421096151439336
1895	29.403898187445044
1896	29.403898187445044
1897	29.403898187445044
1898	21.696722464332552
1899	21.696722464332552
1900	21.696722464332552
1901	21.078964191877926
1902	21.078964191877926
1903	21.078964191877926
1904	34.51804506205536
1905	34.51804506205536
1906	34.51804506205536
1907	28.91430127303435
1908	28.91430127303435
1909	28.91430127303435
1910	32.821545629282895
1911	32.821545629282895
1912	32.821545629282895
1913	34.49488765939281
1914	34.49488765939281
1915	34.49488765939281
1916	26.31779517458311
1917	26.31779517458311
1918	26.31779517458311
1919	23.610333818641475
1920	23.610333818641475
1921	23.610333818641475
1922	22.225097848800825
1923	22.225097848800825
1924	22.225097848800825
1925	25.717783505721897
1926	25.717783505721897
1927	25.717783505721897
1928	34.67753213626014
1929	34.67753213626014
1930	34.67753213626014
1931	28.658488062282835
1932	28.658488062282835
1933	26.49089662593959
1934	26.49089662593959
1935	26.49089662593959
1936	29.589835291531262
1937	28.239518848198927
1938	28.239518848198927
1939	28.239518848198927
1940	28.75989921214945
1941	28.75989921214945
1942	28.75989921214945
1943	29.70240382361776
1944	29.70240382361776
1945	29.70240382361776
1946	21.4551688071756
1947	21.4551688071756
1948	21.4551688071756
1949	31.049993291899035
1950	31.049993291899035
1951	31.049993291899035
1952	29.080548727949584
1953	29.080548727949584
1954	29.080548727949584
1955	28.326294264139015
1956	28.326294264139015
1957	28.326294264139015
1958	26.039723526246487
1959	26.039723526246487
1960	26.039723526246487
1961	31.283419763476058
1962	31.283419763476058
1963	31.283419763476058
1964	26.825734835385116
1965	26.825734835385116
1966	26.825734835385116
1967	23.233298372642714
1968	23.233298372642714
1969	29.217077427395477
1970	29.217077427395477
1971	29.217077427395477
1972	29.57348053032301
1973	29.57348053032301
1974	29.57348053032301
1975	30.799398382214466
1976	30.799398382214466
1977	30.799398382214466
1978	24.47107346622932
1979	24.47107346622932
1980	24.47107346622932
1981	28.894940184902318
1982	28.894940184902318
1983	28.894940184902318
1984	30.10961624411159
1985	30.10961624411159
1986	30.10961624411159
1987	34.98132413382609
1988	34.98132413382609
1989	34.98132413382609
1990	22.25923641477594
1991	22.25923641477594
1992	22.25923641477594
1993	37.6
1994	37.6
1995	37.6
1996	25.099243929102585
1997	25.099243929102585
1998	25.099243929102585
1999	30.643117436566158
2000	30.643117436566158
2001	30.643117436566158
2002	32.20514711131814
2003	32.20514711131814
2004	32.20514711131814
2005	30.703645117265058
2006	30.703645117265058
2007	30.703645117265058
2008	34.00954057165285
2009	34.00954057165285
2010	34.00954057165285
2011	31.50600581915272
2012	31.50600581915272
2013	31.50600581915272
2014	25.40872201062804
2015	25.77231879774304
2016	30.91634535232089
2017	30.91634535232089
2018	30.91634535232089
2019	36.35487128140025
2020	36.35487128140025
2021	36.35487128140025
2022	33.153214122034136
2023	33.153214122034136
2024	33.153214122034136
2025	24.59052124863206
2026	24.59052124863206
2027	24.59052124863206
2028	37.6
2029	37.6
2030	37.6
2031	31.60195739077991
2032	31.60195739077991
2033	31.60195739077991
2034	37.6
2035	37.6
2036	37.6
2037	35.98302922169704
2038	35.98302922169704
2039	35.98302922169704
2040	24.644448437915955
2041	24.644448437915955
2042	37.6
2043	37.6
2044	37.6
2045	34.55360568491368
2046	34.55360568491368
2047	34.55360568491368
2048	37.6
2049	37.6
2050	37.6
2051	36.28112778676051
2052	36.28112778676051
2053	36.28112778676051
2054	37.6
2055	37.6
2056	37.6
2057	37.6
2058	31.43029322546052
2059	31.43029322546052
2060	31.43029322546052
2061	33.93789736842609
2062	33.93789736842609
2063	33.93789736842609
2064	25.61811507218161
2065	25.61811507218161
2066	25.61811507218161
2067	35.09102064822952
2068	35.09102064822952
2069	35.09102064822952
2070	35.21034878370566
2071	35.21034878370566
2072	35.21034878370566
2073	36.14924504933703
2074	36.14924504933703
2075	36.14924504933703
2076	26.92449244612383
2077	26.92449244612383
2078	26.92449244612383
2079	28.12007411941138
2080	28.12007411941138
2081	28.12007411941138
2082	34.04317417442845
2083	34.04317417442845
2084	34.04317417442845
2085	31.950847550219006
2086	27.489122960629516
2087	27.489122960629516
2088	27.489122960629516
2089	33.18382035759389
2090	33.18382035759389
2091	33.18382035759389
2092	28.64166182394174
2093	28.64166182394174
2094	28.64166182394174
2095	32.932436000755004
2096	32.932436000755004
2097	32.932436000755004
2098	34.8906331273127
2099	34.8906331273127
2100	34.8906331273127
2101	31.22307040656502
2102	31.22307040656502
2103	31.22307040656502
2104	29.710281266333922
2105	29.710281266333922
2106	29.710281266333922
2107	29.764754923667265
2108	29.764754923667265
2109	29.764754923667265
