0	7.25940584420046
1	7.25940584420046
2	7.25940584420046
3	7.25940584420046
4	7.25940584420046
5	7.25940584420046
6	7.25940584420046
7	11.83161405900886
8	11.83161405900886
9	11.83161405900886
10	11.83161405900886
11	11.83161405900886
12	11.83161405900886
13	11.83161405900886
14	17.18673462724806
15	17.18673462724806
16	17.18673462724806
17	17.18673462724806
18	17.18673462724806
19	17.18673462724806
20	17.18673462724806
21	21.574266769356765
22	21.574266769356765
23	21.574266769356765
24	18.64648046108651
25	18.64648046108651
26	18.64648046108651
27	18.64648046108651
28	18.64648046108651
29	18.64648046108651
30	18.64648046108651
31	16.166311310706842
32	16.166311310706842
33	16.166311310706842
34	16.166311310706842
35	16.166311310706842
36	16.166311310706842
37	16.166311310706842
38	13.650778652662893
39	13.650778652662893
40	13.650778652662893
41	13.650778652662893
42	13.650778652662893
43	13.650778652662893
44	13.650778652662893
45	14.964744720871654
46	14.964744720871654
47	14.964744720871654
48	14.964744720871654
49	14.964744720871654
50	14.964744720871654
51	14.964744720871654
52	27.54609741975367
53	27.54609741975367
54	27.54609741975367
55	27.54609741975367
56	27.54609741975367
57	27.54609741975367
58	38.3
59	38.3
60	38.3
61	38.3
62	38.3
63	38.3
64	38.3
65	38.3
66	38.3
67	38.3
68	38.3
69	38.3
70	38.3
71	30.345514073936148
72	30.345514073936148
73	30.345514073936148
74	30.345514073936148
75	30.345514073936148
76	30.345514073936148
77	30.345514073936148
78	25.411972404222915
79	25.411972404222915
80	25.411972404222915
81	25.411972404222915
82	25.411972404222915
83	25.411972404222915
84	25.411972404222915
85	23.632044207629527
86	23.632044207629527
87	23.632044207629527
88	23.632044207629527
89	23.632044207629527
90	23.632044207629527
91	23.632044207629527
92	35.7335022147661
93	35.7335022147661
94	35.7335022147661
95	35.7335022147661
96	35.7335022147661
97	35.7335022147661
98	20.093562734498565
99	20.093562734498565
100	20.093562734498565
101	20.093562734498565
102	20.093562734498565
103	20.093562734498565
104	20.093562734498565
105	32.084882083176154
106	32.084882083176154
107	32.084882083176154
108	32.084882083176154
109	32.084882083176154
110	32.084882083176154
111	32.084882083176154
112	18.621605041092963
113	18.621605041092963
114	18.621605041092963
115	18.621605041092963
116	18.621605041092963
117	18.621605041092963
118	18.621605041092963
119	23.286253129727616
120	23.286253129727616
121	23.286253129727616
122	23.286253129727616
123	23.286253129727616
124	23.286253129727616
125	23.286253129727616
126	22.025406893836866
127	22.025406893836866
128	22.025406893836866
129	22.025406893836866
130	22.025406893836866
131	22.025406893836866
132	22.025406893836866
133	16.668049534413996
134	20.582287240917417
135	20.582287240917417
136	20.582287240917417
137	20.582287240917417
138	20.582287240917417
139	20.582287240917417
140	20.582287240917417
141	37.22921610759435
142	37.22921610759435
143	37.22921610759435
144	37.22921610759435
145	37.22921610759435
146	37.22921610759435
147	37.22921610759435
148	22.053744998964152
149	22.053744998964152
150	22.053744998964152
151	22.053744998964152
152	22.053744998964152
153	22.053744998964152
154	22.053744998964152
155	24.904704576182308
156	24.904704576182308
157	24.904704576182308
158	24.904704576182308
159	24.904704576182308
160	24.904704576182308
161	24.904704576182308
162	32.42334509747087
163	32.42334509747087
164	32.42334509747087
165	32.42334509747087
166	32.42334509747087
167	32.42334509747087
168	32.42334509747087
169	17.616410606973123
170	17.616410606973123
171	17.616410606973123
172	17.616410606973123
173	17.616410606973123
174	17.616410606973123
175	17.616410606973123
176	22.52651927254972
177	22.52651927254972
178	22.52651927254972
179	22.52651927254972
180	22.52651927254972
181	22.52651927254972
182	22.52651927254972
183	16.70821020559947
184	16.70821020559947
185	16.70821020559947
186	16.70821020559947
187	16.70821020559947
188	16.70821020559947
189	16.70821020559947
190	16.766281486774293
191	16.766281486774293
192	16.766281486774293
193	16.766281486774293
194	16.766281486774293
195	16.766281486774293
196	16.766281486774293
197	4.835206675498833
198	4.835206675498833
199	4.835206675498833
200	4.835206675498833
201	4.835206675498833
202	4.835206675498833
203	4.835206675498833
204	14.876394751387656
205	14.876394751387656
206	14.876394751387656
207	14.876394751387656
208	14.876394751387656
209	14.876394751387656
210	14.876394751387656
211	16.056782874215017
212	16.056782874215017
213	16.056782874215017
214	16.056782874215017
215	16.056782874215017
216	16.056782874215017
217	16.056782874215017
218	18.357691967798473
219	18.357691967798473
220	18.357691967798473
221	18.357691967798473
222	18.357691967798473
223	18.357691967798473
224	18.357691967798473
225	20.375409374131703
226	20.375409374131703
227	20.375409374131703
228	20.375409374131703
229	20.375409374131703
230	20.375409374131703
231	20.375409374131703
232	19.230828032568827
233	19.230828032568827
234	19.230828032568827
235	23.108782028500112
236	23.108782028500112
237	23.108782028500112
238	23.108782028500112
239	23.108782028500112
240	23.108782028500112
241	23.108782028500112
242	12.467823551733357
243	18.345803949880846
244	18.345803949880846
245	18.345803949880846
246	18.345803949880846
247	18.345803949880846
248	18.345803949880846
249	18.345803949880846
250	15.567674238736446
251	15.567674238736446
252	15.567674238736446
253	15.567674238736446
254	15.567674238736446
255	15.567674238736446
256	15.567674238736446
257	2.114478231092402
258	2.114478231092402
259	2.114478231092402
260	2.114478231092402
261	30.728334818746077
262	30.728334818746077
263	30.728334818746077
264	30.728334818746077
265	30.728334818746077
266	30.728334818746077
267	30.728334818746077
268	30.46122504097726
269	30.46122504097726
270	30.46122504097726
271	30.46122504097726
272	30.46122504097726
273	30.46122504097726
274	30.46122504097726
275	26.083590843446995
276	26.083590843446995
277	26.083590843446995
278	26.083590843446995
279	27.73992277897629
280	27.73992277897629
281	27.73992277897629
282	27.73992277897629
283	27.73992277897629
284	27.73992277897629
285	27.73992277897629
286	33.710440373302724
287	33.710440373302724
288	17.057892370013462
289	17.057892370013462
290	17.057892370013462
291	38.3
292	22.827284577099086
293	22.827284577099086
294	22.827284577099086
295	22.827284577099086
296	22.827284577099086
297	22.827284577099086
298	22.827284577099086
299	38.3
300	38.3
301	38.3
302	38.3
303	38.3
304	38.3
305	38.3
306	33.03386485958167
307	33.03386485958167
308	33.03386485958167
309	33.03386485958167
310	23.781599022346068
311	23.781599022346068
312	23.781599022346068
313	23.781599022346068
314	23.781599022346068
315	20.907365022626188
316	20.907365022626188
317	20.907365022626188
318	20.907365022626188
319	20.907365022626188
320	20.907365022626188
321	20.907365022626188
322	34.323812232686485
323	34.323812232686485
324	34.323812232686485
325	34.323812232686485
326	34.323812232686485
327	34.323812232686485
328	34.323812232686485
329	38.3
330	38.3
331	38.3
332	38.3
333	38.3
334	38.3
335	38.3
336	32.153606451886894
337	32.153606451886894
338	32.153606451886894
339	32.153606451886894
340	32.153606451886894
341	32.153606451886894
342	32.153606451886894
343	19.185055733164734
344	19.185055733164734
345	19.185055733164734
346	19.185055733164734
347	19.185055733164734
348	19.185055733164734
349	19.185055733164734
350	17.72343587274435
351	17.72343587274435
352	9.350365824460066
353	9.350365824460066
354	9.350365824460066
355	9.350365824460066
356	9.350365824460066
357	9.350365824460066
358	28.59067144493359
359	28.59067144493359
360	28.59067144493359
361	28.59067144493359
362	28.59067144493359
363	28.59067144493359
364	28.59067144493359
365	22.55346042352422
366	22.55346042352422
367	22.55346042352422
368	22.55346042352422
369	22.55346042352422
370	22.55346042352422
371	22.55346042352422
372	33.1103097304715
373	33.1103097304715
374	33.1103097304715
375	33.1103097304715
376	33.1103097304715
377	33.1103097304715
378	33.1103097304715
379	13.854094870620346
380	13.854094870620346
381	13.854094870620346
382	13.854094870620346
383	13.854094870620346
384	13.854094870620346
385	13.854094870620346
386	23.15782031643438
387	23.15782031643438
388	23.15782031643438
389	23.15782031643438
390	23.15782031643438
391	23.15782031643438
392	23.15782031643438
393	19.946467735308836
394	19.946467735308836
395	19.946467735308836
396	19.946467735308836
397	19.946467735308836
398	19.946467735308836
399	19.946467735308836
400	15.756406740172658
401	15.756406740172658
402	15.756406740172658
403	33.91363774932159
404	33.91363774932159
405	33.91363774932159
406	33.91363774932159
407	33.91363774932159
408	33.91363774932159
409	33.91363774932159
410	23.997248395373667
411	23.997248395373667
412	23.997248395373667
413	23.997248395373667
414	13.291100327659358
415	13.291100327659358
416	13.291100327659358
417	13.291100327659358
418	13.291100327659358
419	13.291100327659358
420	13.291100327659358
421	27.883958591217507
422	27.883958591217507
423	27.883958591217507
424	27.883958591217507
425	27.883958591217507
426	27.883958591217507
427	27.883958591217507
428	5.258774806964645
429	5.258774806964645
430	5.258774806964645
431	5.258774806964645
432	5.258774806964645
433	5.258774806964645
434	5.258774806964645
435	16.581625938124596
436	16.581625938124596
437	16.581625938124596
438	16.581625938124596
439	16.581625938124596
440	16.581625938124596
441	16.581625938124596
442	20.17284937246399
443	20.17284937246399
444	20.17284937246399
445	20.17284937246399
446	20.17284937246399
447	20.17284937246399
448	20.17284937246399
449	20.67999228434123
450	20.67999228434123
451	20.67999228434123
452	20.67999228434123
453	20.67999228434123
454	20.67999228434123
455	20.67999228434123
456	21.159716231036136
457	21.159716231036136
458	21.159716231036136
459	21.159716231036136
460	21.159716231036136
461	21.159716231036136
462	21.159716231036136
463	6.755254108443664
464	6.755254108443664
465	34.62688974737144
466	34.62688974737144
467	34.62688974737144
468	34.62688974737144
469	3.798150750718264
470	3.798150750718264
471	3.798150750718264
472	3.798150750718264
473	3.798150750718264
474	3.798150750718264
475	3.798150750718264
476	12.01086144125902
477	12.01086144125902
478	12.01086144125902
479	12.01086144125902
480	12.01086144125902
481	12.01086144125902
482	12.01086144125902
483	31.783274948096697
484	31.783274948096697
485	31.783274948096697
486	31.783274948096697
487	31.783274948096697
488	30.206051376521025
489	30.206051376521025
490	30.206051376521025
491	30.206051376521025
492	30.206051376521025
493	30.206051376521025
494	30.206051376521025
495	31.516311817321522
496	31.516311817321522
497	31.516311817321522
498	31.516311817321522
499	31.516311817321522
500	31.516311817321522
501	31.516311817321522
502	20.649496687930515
503	20.649496687930515
504	20.649496687930515
505	20.649496687930515
506	20.649496687930515
507	21.58938773127612
508	21.58938773127612
509	21.58938773127612
510	21.58938773127612
511	21.58938773127612
512	21.58938773127612
513	21.58938773127612
514	16.54396415569727
515	16.54396415569727
516	16.54396415569727
517	16.54396415569727
518	16.54396415569727
519	16.54396415569727
520	16.54396415569727
521	12.838158656377871
522	12.838158656377871
523	12.838158656377871
524	12.838158656377871
525	12.838158656377871
526	12.838158656377871
527	12.838158656377871
528	15.62561391778961
529	15.62561391778961
530	15.62561391778961
531	15.62561391778961
532	15.62561391778961
533	15.62561391778961
534	15.62561391778961
535	19.69863011790491
536	19.69863011790491
537	19.69863011790491
538	19.69863011790491
539	19.69863011790491
540	19.69863011790491
541	19.69863011790491
542	29.842746683905993
543	29.842746683905993
544	29.842746683905993
545	29.842746683905993
546	29.842746683905993
547	29.842746683905993
548	29.842746683905993
549	35.84704073424819
550	10.878943148367256
551	10.878943148367256
552	37.80773555388099
553	37.80773555388099
554	38.3
555	38.3
556	38.3
557	38.3
558	38.3
559	38.3
560	38.3
561	32.25020834948686
562	32.25020834948686
563	32.25020834948686
564	32.25020834948686
565	32.25020834948686
566	32.25020834948686
567	32.25020834948686
568	38.3
569	38.3
570	38.3
571	38.3
572	38.3
573	38.3
574	38.3
575	33.650223728626926
576	33.650223728626926
577	33.650223728626926
578	33.650223728626926
579	33.650223728626926
580	33.650223728626926
581	33.650223728626926
582	38.3
583	38.3
584	38.3
585	38.3
586	38.3
587	38.3
588	38.3
589	27.035766731071455
590	27.035766731071455
591	27.035766731071455
592	27.035766731071455
593	27.035766731071455
594	27.035766731071455
595	27.035766731071455
596	21.502385431029058
597	21.502385431029058
598	21.502385431029058
599	21.502385431029058
600	21.502385431029058
601	21.502385431029058
602	21.502385431029058
603	28.93245953862663
604	28.93245953862663
605	28.93245953862663
606	28.93245953862663
607	28.93245953862663
608	28.93245953862663
609	28.93245953862663
610	6.468058796153802
611	6.468058796153802
612	6.468058796153802
613	6.468058796153802
614	6.468058796153802
615	6.468058796153802
616	6.468058796153802
617	28.143793471016746
618	28.143793471016746
619	28.143793471016746
620	28.143793471016746
621	28.143793471016746
622	28.143793471016746
623	28.143793471016746
624	38.3
625	38.3
626	38.3
627	38.3
628	38.3
629	38.3
630	38.3
631	38.3
632	38.3
633	38.3
634	38.3
635	38.3
636	38.3
637	38.3
638	26.059412084936206
639	26.059412084936206
640	26.059412084936206
641	26.059412084936206
642	26.059412084936206
643	26.059412084936206
644	26.059412084936206
645	38.3
646	38.3
647	38.3
648	38.3
649	38.3
650	38.3
651	38.3
652	38.3
653	38.3
654	38.3
655	38.3
656	38.3
657	38.3
658	38.3
659	38.3
660	38.3
661	38.3
662	38.3
663	38.3
664	38.3
665	38.3
666	38.3
667	38.3
668	38.3
669	38.3
670	38.3
671	24.745049776496906
672	24.745049776496906
673	24.745049776496906
674	24.745049776496906
675	24.745049776496906
676	24.745049776496906
677	24.745049776496906
678	38.3
679	38.3
680	38.3
681	38.3
682	38.3
683	38.3
684	38.3
685	37.11863494794878
686	37.11863494794878
687	37.11863494794878
688	37.11863494794878
689	37.11863494794878
690	37.11863494794878
691	37.11863494794878
692	38.3
693	38.3
694	38.3
695	38.3
696	38.3
697	38.3
698	38.3
699	38.3
700	38.3
701	38.3
702	38.3
703	38.3
704	38.3
705	38.3
706	36.18704651883064
707	36.18704651883064
708	36.18704651883064
709	36.18704651883064
710	36.18704651883064
711	17.31879828188686
712	17.31879828188686
713	17.31879828188686
714	17.31879828188686
715	17.31879828188686
716	17.31879828188686
717	17.31879828188686
718	33.68449953646912
719	33.68449953646912
720	33.68449953646912
721	33.68449953646912
722	33.68449953646912
723	33.68449953646912
724	33.68449953646912
725	8.105972526254568
726	8.105972526254568
727	8.105972526254568
728	8.105972526254568
729	8.105972526254568
730	8.105972526254568
731	8.105972526254568
732	22.012814836602683
733	22.012814836602683
734	22.012814836602683
735	22.012814836602683
736	22.012814836602683
737	22.012814836602683
738	22.012814836602683
739	11.611394583669412
740	11.611394583669412
741	11.611394583669412
742	11.611394583669412
743	38.3
744	38.3
745	38.3
746	38.3
747	38.3
748	38.3
749	38.3
750	35.625849520196105
751	35.625849520196105
752	35.625849520196105
753	35.625849520196105
754	35.625849520196105
755	35.625849520196105
756	35.625849520196105
757	38.3
758	38.3
759	38.3
760	38.3
761	38.3
762	38.3
763	38.3
764	38.3
765	38.3
766	38.3
767	18.913116657793758
768	18.913116657793758
769	18.913116657793758
770	18.913116657793758
771	18.913116657793758
772	18.913116657793758
773	18.913116657793758
774	30.475792524047854
775	30.475792524047854
776	30.475792524047854
777	30.475792524047854
778	30.475792524047854
779	30.475792524047854
780	30.475792524047854
781	38.3
782	38.3
783	38.3
784	38.3
785	38.3
786	38.3
787	38.3
788	27.912833670232004
789	27.912833670232004
790	27.912833670232004
791	27.912833670232004
792	27.912833670232004
793	38.3
794	38.3
795	38.3
796	38.3
797	38.3
798	38.3
799	38.3
800	21.792012854660005
801	21.792012854660005
802	21.792012854660005
803	21.792012854660005
804	21.792012854660005
805	21.792012854660005
806	21.792012854660005
807	33.94317203857415
808	33.94317203857415
809	33.94317203857415
810	33.94317203857415
811	38.3
812	38.3
813	37.05404532147802
814	37.05404532147802
815	37.05404532147802
816	37.05404532147802
817	37.05404532147802
818	37.05404532147802
819	37.05404532147802
820	38.3
821	38.3
822	38.3
823	38.3
824	38.3
825	38.3
826	38.3
827	25.35033504255224
828	25.35033504255224
829	25.35033504255224
830	25.35033504255224
831	25.35033504255224
832	25.35033504255224
833	25.35033504255224
834	38.3
835	38.3
836	38.3
837	38.3
838	38.3
839	38.3
840	38.3
841	34.349922399310564
842	34.349922399310564
843	34.349922399310564
844	34.349922399310564
845	34.349922399310564
846	34.349922399310564
847	34.349922399310564
848	38.3
849	38.3
850	38.3
851	38.3
852	38.3
853	38.3
854	38.3
855	34.54528837116241
856	34.54528837116241
857	34.54528837116241
858	34.54528837116241
859	34.54528837116241
860	38.3
861	38.3
862	38.3
863	38.3
864	38.3
865	38.3
866	38.3
867	38.3
868	38.3
869	38.3
870	38.3
871	38.3
872	38.3
873	38.3
874	38.3
875	38.3
876	38.3
877	38.3
878	38.3
879	38.3
880	38.3
881	33.52419209640002
882	33.52419209640002
883	33.52419209640002
884	33.52419209640002
885	33.52419209640002
886	33.52419209640002
887	33.52419209640002
888	38.3
889	38.3
890	0.1
891	0.1
892	0.1
893	0.1
894	0.1
895	0.1
896	0.1
897	38.3
898	38.3
899	38.3
900	38.3
901	38.3
902	38.3
903	38.3
904	38.3
905	38.3
906	38.3
907	25.930586219028008
908	25.930586219028008
909	25.930586219028008
910	25.930586219028008
911	25.930586219028008
912	25.930586219028008
913	25.930586219028008
914	37.096183279347066
915	17.56306610347358
916	17.56306610347358
917	17.56306610347358
918	34.71081957463701
919	34.71081957463701
920	34.71081957463701
921	34.71081957463701
922	34.71081957463701
923	34.71081957463701
924	34.71081957463701
925	25.812992214245362
926	25.812992214245362
927	25.812992214245362
928	25.812992214245362
929	25.812992214245362
930	25.812992214245362
931	25.812992214245362
932	29.476628578339078
933	29.476628578339078
934	29.476628578339078
935	29.476628578339078
936	29.476628578339078
937	29.476628578339078
938	29.476628578339078
939	38.3
940	38.3
941	38.3
942	38.3
943	38.3
944	38.3
945	38.3
946	32.20369449576289
947	32.20369449576289
948	32.20369449576289
949	32.20369449576289
950	32.20369449576289
951	32.20369449576289
952	32.20369449576289
953	9.51726738797138
954	9.51726738797138
955	9.51726738797138
956	9.51726738797138
957	9.51726738797138
958	9.51726738797138
959	9.51726738797138
960	26.913930560983662
961	26.913930560983662
962	26.913930560983662
963	26.913930560983662
964	26.913930560983662
965	26.913930560983662
966	26.913930560983662
967	38.3
968	38.3
969	38.3
970	38.3
971	38.3
972	38.3
973	38.3
974	23.557616662138184
975	23.557616662138184
976	23.557616662138184
977	23.557616662138184
978	23.557616662138184
979	23.557616662138184
980	23.557616662138184
981	7.569320289352703
982	7.569320289352703
983	7.569320289352703
984	7.569320289352703
985	7.569320289352703
986	7.569320289352703
987	7.569320289352703
988	38.3
989	38.3
990	38.3
991	38.3
992	38.3
993	38.3
994	38.3
995	20.08187270825774
996	24.907758067039822
997	24.907758067039822
998	24.907758067039822
999	24.907758067039822
1000	24.907758067039822
1001	24.907758067039822
1002	24.907758067039822
1003	25.827241446680983
1004	25.827241446680983
1005	25.827241446680983
1006	25.827241446680983
1007	25.827241446680983
1008	25.827241446680983
1009	25.827241446680983
1010	30.829574689178372
1011	30.829574689178372
1012	30.829574689178372
1013	30.829574689178372
1014	30.829574689178372
1015	30.829574689178372
1016	30.829574689178372
1017	28.34570854404301
1018	28.34570854404301
1019	28.34570854404301
1020	28.34570854404301
1021	28.34570854404301
1022	28.34570854404301
1023	28.34570854404301
1024	25.227362704660596
1025	25.227362704660596
1026	25.227362704660596
1027	25.227362704660596
1028	25.227362704660596
1029	25.227362704660596
1030	8.861773374061618
1031	8.861773374061618
1032	8.861773374061618
1033	8.861773374061618
1034	8.861773374061618
1035	8.861773374061618
1036	8.861773374061618
1037	27.894946417475374
1038	27.894946417475374
1039	27.894946417475374
1040	19.97956195338753
1041	19.97956195338753
1042	19.97956195338753
1043	19.97956195338753
1044	19.97956195338753
1045	19.97956195338753
1046	19.97956195338753
1047	4.989005829122817
1048	4.989005829122817
1049	4.989005829122817
1050	4.989005829122817
1051	4.989005829122817
1052	4.989005829122817
1053	4.989005829122817
1054	11.590075450199919
1055	11.590075450199919
1056	11.590075450199919
1057	11.590075450199919
1058	11.590075450199919
1059	11.590075450199919
1060	11.590075450199919
1061	17.038416437291335
1062	17.038416437291335
1063	17.038416437291335
1064	17.038416437291335
1065	17.038416437291335
1066	17.038416437291335
1067	17.038416437291335
1068	16.745051617700813
1069	16.745051617700813
1070	16.745051617700813
1071	16.745051617700813
1072	16.745051617700813
1073	16.745051617700813
1074	16.745051617700813
1075	7.170622796571935
1076	7.170622796571935
1077	7.170622796571935
1078	7.170622796571935
1079	7.170622796571935
1080	7.170622796571935
1081	7.170622796571935
1082	15.31244015325331
1083	15.31244015325331
1084	15.31244015325331
1085	15.31244015325331
1086	15.31244015325331
1087	21.6211477205239
1088	21.6211477205239
1089	21.6211477205239
1090	21.6211477205239
1091	21.6211477205239
1092	30.79748059461605
1093	30.79748059461605
1094	30.79748059461605
1095	30.79748059461605
1096	30.79748059461605
1097	7.748792584602362
1098	7.748792584602362
1099	7.215587283985149
1100	7.215587283985149
1101	7.215587283985149
1102	7.215587283985149
1103	7.215587283985149
1104	7.215587283985149
1105	7.215587283985149
1106	20.29764952038117
1107	8.414455691044388
1108	8.414455691044388
1109	8.414455691044388
1110	8.414455691044388
1111	8.414455691044388
1112	8.414455691044388
1113	8.414455691044388
1114	33.542111742996454
1115	33.542111742996454
1116	33.542111742996454
1117	33.542111742996454
1118	33.542111742996454
1119	33.542111742996454
1120	33.542111742996454
1121	28.819579475383772
1122	28.819579475383772
1123	28.819579475383772
1124	28.819579475383772
1125	28.819579475383772
1126	28.819579475383772
1127	28.819579475383772
1128	26.74399325523629
1129	26.74399325523629
1130	26.74399325523629
1131	26.74399325523629
1132	26.74399325523629
1133	26.74399325523629
1134	26.74399325523629
1135	22.90591394975914
1136	22.90591394975914
1137	22.90591394975914
1138	22.90591394975914
1139	22.90591394975914
1140	22.90591394975914
1141	22.90591394975914
1142	20.494701854118755
1143	20.494701854118755
1144	20.494701854118755
1145	20.494701854118755
1146	20.494701854118755
1147	20.494701854118755
1148	20.494701854118755
1149	20.42656758871326
1150	20.42656758871326
1151	20.42656758871326
1152	20.42656758871326
1153	20.42656758871326
1154	20.42656758871326
1155	20.42656758871326
1156	18.02303128632663
1157	18.02303128632663
1158	18.02303128632663
1159	18.02303128632663
1160	18.02303128632663
1161	18.02303128632663
1162	18.02303128632663
1163	18.091847546613316
1164	18.091847546613316
1165	18.091847546613316
1166	18.091847546613316
1167	18.091847546613316
1168	18.091847546613316
1169	18.091847546613316
1170	27.36860482063727
1171	27.36860482063727
1172	27.36860482063727
1173	27.36860482063727
1174	27.36860482063727
1175	27.36860482063727
1176	27.36860482063727
1177	17.80966767544996
1178	28.927548532182826
1179	28.927548532182826
1180	28.927548532182826
1181	28.927548532182826
1182	28.927548532182826
1183	28.927548532182826
1184	28.927548532182826
1185	22.12950331246839
1186	22.12950331246839
1187	22.12950331246839
1188	22.12950331246839
1189	22.12950331246839
1190	16.559667215853466
1191	16.559667215853466
1192	16.559667215853466
1193	16.559667215853466
1194	16.559667215853466
1195	16.559667215853466
1196	16.559667215853466
1197	38.3
1198	38.3
1199	38.3
1200	38.3
1201	38.3
1202	38.3
1203	38.3
1204	38.3
1205	38.3
1206	38.3
1207	38.3
1208	38.3
1209	38.3
1210	38.3
1211	38.3
1212	38.3
1213	38.3
1214	28.90604664081786
1215	28.90604664081786
1216	28.90604664081786
1217	28.90604664081786
1218	28.90604664081786
1219	28.90604664081786
1220	28.90604664081786
1221	26.29638701388393
1222	26.29638701388393
1223	26.29638701388393
1224	26.29638701388393
1225	26.29638701388393
1226	26.29638701388393
1227	26.29638701388393
1228	38.3
1229	38.3
1230	38.3
1231	38.3
1232	38.3
1233	38.3
1234	38.3
1235	34.47138383222587
1236	34.47138383222587
1237	34.47138383222587
1238	34.47138383222587
1239	34.47138383222587
1240	34.47138383222587
1241	34.47138383222587
1242	38.3
1243	35.43862067926793
1244	35.43862067926793
1245	35.43862067926793
1246	35.43862067926793
1247	35.43862067926793
1248	35.43862067926793
1249	35.43862067926793
1250	37.42331877130833
1251	37.42331877130833
1252	37.42331877130833
1253	37.42331877130833
1254	37.42331877130833
1255	37.42331877130833
1256	37.42331877130833
1257	33.28795642279715
1258	33.28795642279715
1259	33.28795642279715
1260	33.28795642279715
1261	33.28795642279715
1262	33.28795642279715
1263	38.3
1264	38.3
1265	38.3
1266	38.3
1267	38.3
1268	38.3
1269	38.3
1270	29.510324480143254
1271	29.510324480143254
1272	29.510324480143254
1273	29.510324480143254
1274	29.510324480143254
1275	29.510324480143254
1276	29.510324480143254
1277	38.3
1278	38.3
1279	38.3
1280	38.3
1281	38.3
1282	38.3
1283	38.3
1284	38.3
1285	38.3
1286	38.3
1287	25.234071247940527
1288	25.234071247940527
1289	25.234071247940527
1290	25.234071247940527
1291	38.3
1292	38.3
1293	38.3
1294	15.422459421130373
1295	15.422459421130373
1296	15.422459421130373
1297	15.422459421130373
1298	15.422459421130373
1299	15.422459421130373
1300	38.3
1301	38.3
1302	38.3
1303	38.3
1304	32.56868081308228
1305	32.56868081308228
1306	38.3
1307	38.3
1308	38.3
1309	38.3
1310	13.199808896023047
1311	13.199808896023047
1312	13.199808896023047
1313	13.199808896023047
1314	13.199808896023047
1315	13.199808896023047
1316	13.199808896023047
1317	35.11462618317679
1318	16.523573445853575
1319	16.523573445853575
1320	16.523573445853575
1321	16.523573445853575
1322	16.523573445853575
1323	16.523573445853575
1324	16.523573445853575
1325	19.0838414273488
1326	19.0838414273488
1327	19.0838414273488
1328	19.0838414273488
1329	19.0838414273488
1330	19.0838414273488
1331	19.0838414273488
1332	7.679448702930493
1333	7.679448702930493
1334	7.679448702930493
1335	7.679448702930493
1336	7.679448702930493
1337	7.679448702930493
1338	7.679448702930493
1339	14.093931750936006
1340	14.093931750936006
1341	14.093931750936006
1342	14.093931750936006
1343	14.093931750936006
1344	14.093931750936006
1345	14.093931750936006
1346	31.7814640846116
1347	31.7814640846116
1348	31.7814640846116
1349	31.7814640846116
1350	23.341623150853632
1351	23.341623150853632
1352	23.341623150853632
1353	23.341623150853632
1354	23.341623150853632
1355	23.341623150853632
1356	23.341623150853632
1357	17.879614284446507
1358	17.879614284446507
1359	17.879614284446507
1360	17.879614284446507
1361	17.879614284446507
1362	17.879614284446507
1363	17.879614284446507
1364	24.23908258427501
1365	24.23908258427501
1366	24.23908258427501
1367	24.23908258427501
1368	24.23908258427501
1369	24.23908258427501
1370	24.23908258427501
1371	22.307984986090798
1372	22.307984986090798
1373	22.307984986090798
1374	22.307984986090798
1375	22.307984986090798
1376	22.307984986090798
1377	22.307984986090798
1378	23.40373709623937
1379	23.40373709623937
1380	23.40373709623937
1381	23.40373709623937
1382	23.40373709623937
1383	23.40373709623937
1384	23.40373709623937
1385	19.19278230492918
1386	19.19278230492918
1387	19.19278230492918
1388	19.19278230492918
1389	19.19278230492918
1390	19.19278230492918
1391	19.19278230492918
1392	27.044765267614746
1393	27.044765267614746
1394	27.044765267614746
1395	27.044765267614746
1396	27.044765267614746
1397	27.044765267614746
1398	27.044765267614746
1399	32.75837365047913
1400	32.75837365047913
1401	32.75837365047913
1402	32.75837365047913
1403	32.75837365047913
1404	32.75837365047913
1405	32.75837365047913
1406	24.463941792607123
1407	24.463941792607123
1408	24.463941792607123
1409	24.463941792607123
1410	24.463941792607123
1411	24.463941792607123
1412	24.463941792607123
1413	15.501654491462283
1414	15.501654491462283
1415	15.501654491462283
1416	15.501654491462283
1417	15.501654491462283
1418	15.501654491462283
1419	15.501654491462283
1420	29.171844494501755
1421	29.171844494501755
1422	29.171844494501755
1423	29.171844494501755
1424	29.171844494501755
1425	29.171844494501755
1426	29.171844494501755
1427	26.60005594858027
1428	26.60005594858027
1429	26.60005594858027
1430	26.60005594858027
1431	26.60005594858027
1432	26.60005594858027
1433	26.60005594858027
1434	27.519753213047032
1435	27.519753213047032
1436	27.519753213047032
1437	27.519753213047032
1438	27.519753213047032
1439	35.151501197394175
1440	35.151501197394175
1441	35.151501197394175
1442	35.151501197394175
1443	35.151501197394175
1444	35.151501197394175
1445	35.151501197394175
1446	38.3
1447	38.3
1448	38.3
1449	38.3
1450	38.3
1451	38.3
1452	38.3
1453	32.54213845824383
1454	32.54213845824383
1455	21.691931239846447
1456	21.691931239846447
1457	21.691931239846447
1458	38.3
1459	38.3
1460	38.3
1461	38.3
1462	38.3
1463	38.3
1464	38.3
1465	8.304956276927516
1466	8.304956276927516
1467	8.304956276927516
1468	8.304956276927516
1469	8.304956276927516
1470	8.304956276927516
1471	8.304956276927516
1472	4.608361609697059
1473	4.608361609697059
1474	4.608361609697059
1475	4.608361609697059
1476	4.608361609697059
1477	4.608361609697059
1478	4.608361609697059
1479	36.07849839717775
1480	36.07849839717775
1481	27.120222930085124
1482	27.120222930085124
1483	27.120222930085124
1484	27.120222930085124
1485	27.120222930085124
1486	27.120222930085124
1487	27.120222930085124
1488	9.110059326507528
1489	9.110059326507528
1490	23.946502313204157
1491	23.946502313204157
1492	23.946502313204157
1493	23.946502313204157
1494	23.946502313204157
1495	23.946502313204157
1496	23.946502313204157
1497	13.571332051821297
1498	13.571332051821297
1499	13.571332051821297
1500	13.571332051821297
1501	13.571332051821297
1502	13.571332051821297
1503	13.571332051821297
1504	26.057987137096877
1505	26.057987137096877
1506	26.057987137096877
1507	26.057987137096877
1508	26.057987137096877
1509	26.057987137096877
1510	26.057987137096877
1511	31.857415429369635
1512	31.857415429369635
1513	31.857415429369635
1514	31.857415429369635
1515	31.857415429369635
1516	31.857415429369635
1517	31.857415429369635
1518	30.668565866611083
1519	30.668565866611083
1520	30.668565866611083
1521	30.668565866611083
1522	30.668565866611083
1523	30.668565866611083
1524	30.668565866611083
1525	32.43651868030158
1526	32.43651868030158
1527	32.43651868030158
1528	32.43651868030158
1529	32.43651868030158
1530	32.43651868030158
1531	32.43651868030158
1532	28.10996430977924
1533	28.10996430977924
1534	28.10996430977924
1535	28.10996430977924
1536	28.10996430977924
1537	28.10996430977924
1538	38.3
1539	38.3
1540	38.3
1541	38.3
1542	38.3
1543	38.3
1544	38.3
1545	13.535310531835627
1546	13.535310531835627
1547	13.535310531835627
1548	13.535310531835627
1549	13.535310531835627
1550	13.535310531835627
1551	13.535310531835627
1552	10.921743106341864
1553	10.921743106341864
1554	10.921743106341864
1555	10.921743106341864
1556	10.921743106341864
1557	10.921743106341864
1558	10.921743106341864
1559	38.3
1560	38.3
1561	38.3
1562	38.3
1563	38.3
1564	38.3
1565	38.3
1566	35.4286616567378
1567	35.4286616567378
1568	35.4286616567378
1569	35.4286616567378
1570	35.4286616567378
1571	35.4286616567378
1572	35.4286616567378
1573	38.3
1574	38.3
1575	38.3
1576	38.3
1577	38.3
1578	38.3
1579	38.3
1580	38.3
1581	38.3
1582	38.3
1583	14.987386418320607
1584	14.987386418320607
1585	14.987386418320607
1586	14.987386418320607
1587	14.987386418320607
1588	18.32193883889035
1589	18.32193883889035
1590	18.32193883889035
1591	18.32193883889035
1592	18.32193883889035
1593	18.32193883889035
1594	18.32193883889035
1595	14.855337957682835
1596	14.855337957682835
1597	14.855337957682835
1598	14.855337957682835
1599	14.855337957682835
1600	14.855337957682835
1601	14.855337957682835
1602	11.451677172303965
1603	11.451677172303965
1604	11.451677172303965
1605	11.451677172303965
1606	11.451677172303965
1607	11.451677172303965
1608	11.451677172303965
1609	26.98808019847675
1610	26.98808019847675
1611	26.98808019847675
1612	26.98808019847675
1613	26.98808019847675
1614	26.98808019847675
1615	26.98808019847675
1616	10.224755158649327
1617	14.291782158922425
1618	14.291782158922425
1619	14.291782158922425
1620	14.291782158922425
1621	14.291782158922425
1622	14.291782158922425
1623	14.291782158922425
1624	22.137502946901627
1625	28.12000930106238
1626	12.038925914633609
1627	12.038925914633609
1628	12.038925914633609
1629	12.038925914633609
1630	12.038925914633609
1631	12.038925914633609
1632	12.038925914633609
1633	18.036927020454378
1634	18.036927020454378
1635	18.036927020454378
1636	18.036927020454378
1637	18.036927020454378
1638	18.036927020454378
1639	18.036927020454378
1640	8.826947304111902
1641	8.826947304111902
1642	8.826947304111902
1643	8.826947304111902
1644	8.826947304111902
1645	8.826947304111902
1646	8.826947304111902
1647	18.117876796367618
1648	18.117876796367618
1649	18.117876796367618
1650	18.117876796367618
1651	18.117876796367618
1652	18.117876796367618
1653	18.117876796367618
1654	15.041110826969492
1655	15.041110826969492
1656	15.041110826969492
1657	15.041110826969492
1658	15.041110826969492
1659	15.041110826969492
1660	15.041110826969492
1661	4.182501713784067
1662	4.182501713784067
1663	4.182501713784067
1664	4.182501713784067
1665	4.182501713784067
1666	4.182501713784067
1667	4.182501713784067
1668	20.021725574087583
1669	20.021725574087583
1670	20.021725574087583
1671	20.021725574087583
1672	20.021725574087583
1673	20.021725574087583
1674	20.021725574087583
1675	20.861983103002345
1676	20.861983103002345
1677	20.861983103002345
1678	20.861983103002345
1679	20.861983103002345
1680	20.861983103002345
1681	20.861983103002345
1682	14.490494946134193
1683	14.490494946134193
1684	14.490494946134193
1685	14.490494946134193
1686	14.490494946134193
1687	14.490494946134193
1688	14.490494946134193
1689	23.383842053432332
1690	23.383842053432332
1691	23.383842053432332
1692	23.383842053432332
1693	23.383842053432332
1694	18.102587848734345
1695	18.102587848734345
1696	18.102587848734345
1697	18.102587848734345
1698	18.102587848734345
1699	18.102587848734345
1700	18.102587848734345
1701	0.6273435648069956
1702	0.6273435648069956
1703	0.6273435648069956
1704	17.585861486177294
1705	17.585861486177294
1706	17.585861486177294
1707	17.585861486177294
1708	17.585861486177294
1709	17.585861486177294
1710	17.585861486177294
1711	38.13818106841684
1712	38.13818106841684
1713	38.13818106841684
1714	30.351908590695594
1715	30.351908590695594
1716	30.351908590695594
1717	30.351908590695594
1718	30.351908590695594
1719	30.351908590695594
1720	30.351908590695594
1721	38.3
1722	38.3
1723	38.3
1724	38.3
1725	38.3
1726	34.66086973053572
1727	34.66086973053572
1728	34.66086973053572
1729	34.66086973053572
1730	34.66086973053572
1731	34.66086973053572
1732	34.66086973053572
1733	22.395654010982547
1734	22.395654010982547
1735	22.395654010982547
1736	22.395654010982547
1737	22.395654010982547
1738	22.395654010982547
1739	22.395654010982547
1740	22.965313382384792
1741	22.965313382384792
1742	22.965313382384792
1743	20.18769392572479
1744	20.18769392572479
1745	20.18769392572479
1746	32.141905531719765
1747	32.141905531719765
1748	32.141905531719765
1749	32.141905531719765
1750	32.141905531719765
1751	32.141905531719765
1752	32.141905531719765
1753	16.2933551019133
1754	21.419222672900084
1755	21.419222672900084
1756	21.419222672900084
1757	21.419222672900084
1758	21.419222672900084
1759	21.419222672900084
1760	31.09274124804437
1761	31.09274124804437
1762	31.09274124804437
1763	31.09274124804437
1764	31.09274124804437
1765	31.09274124804437
1766	31.09274124804437
1767	32.28556359044348
1768	32.28556359044348
1769	32.28556359044348
1770	32.28556359044348
1771	32.28556359044348
1772	32.28556359044348
1773	32.28556359044348
1774	14.982017892307335
1775	14.982017892307335
1776	14.982017892307335
1777	14.982017892307335
1778	14.982017892307335
1779	14.982017892307335
1780	14.982017892307335
1781	25.898761938762885
1782	25.898761938762885
1783	25.898761938762885
1784	25.898761938762885
1785	25.898761938762885
1786	25.898761938762885
1787	25.898761938762885
1788	23.89590544001823
1789	23.89590544001823
1790	23.89590544001823
1791	23.89590544001823
1792	23.89590544001823
1793	23.89590544001823
1794	23.89590544001823
1795	23.788760184679393
1796	38.3
1797	38.3
1798	38.3
1799	38.3
1800	38.3
1801	34.83833190252894
1802	34.83833190252894
1803	34.83833190252894
1804	24.710195755671567
1805	24.710195755671567
1806	24.710195755671567
1807	24.710195755671567
1808	24.710195755671567
1809	24.710195755671567
1810	24.710195755671567
1811	38.3
1812	38.3
1813	38.3
1814	38.3
1815	15.998539900153729
1816	13.44250235229998
1817	13.44250235229998
1818	13.44250235229998
1819	13.44250235229998
1820	13.44250235229998
1821	13.44250235229998
1822	13.44250235229998
1823	30.39486338730656
1824	30.39486338730656
1825	30.39486338730656
1826	38.3
1827	38.3
1828	38.3
1829	38.3
1830	38.3
1831	38.3
1832	38.3
1833	38.3
1834	24.67646750484807
1835	18.799455505679827
1836	18.799455505679827
1837	18.799455505679827
1838	18.799455505679827
1839	18.799455505679827
1840	18.799455505679827
1841	18.799455505679827
1842	26.656373274445677
1843	26.656373274445677
1844	26.656373274445677
1845	26.656373274445677
1846	26.656373274445677
1847	26.656373274445677
1848	26.656373274445677
1849	20.82004609597655
1850	20.82004609597655
1851	20.82004609597655
1852	20.82004609597655
1853	20.82004609597655
1854	20.82004609597655
1855	20.82004609597655
1856	23.612053800584825
1857	23.612053800584825
1858	23.612053800584825
1859	23.612053800584825
1860	25.54791378902099
1861	25.54791378902099
1862	25.54791378902099
1863	25.54791378902099
1864	25.54791378902099
1865	25.54791378902099
1866	25.54791378902099
1867	9.951925206476712
1868	9.951925206476712
1869	9.951925206476712
1870	9.951925206476712
1871	9.951925206476712
1872	9.951925206476712
1873	9.951925206476712
1874	18.137073135652884
1875	18.137073135652884
1876	18.137073135652884
1877	18.137073135652884
1878	18.137073135652884
1879	18.137073135652884
1880	18.137073135652884
1881	38.3
1882	38.3
1883	38.3
1884	38.3
1885	38.3
1886	38.3
1887	38.3
1888	22.783347065541513
1889	22.783347065541513
1890	22.783347065541513
1891	38.3
1892	38.3
1893	38.3
1894	38.3
1895	25.656947609531645
1896	25.656947609531645
1897	25.656947609531645
1898	25.656947609531645
1899	25.656947609531645
1900	25.656947609531645
1901	24.22449663803109
1902	24.22449663803109
1903	24.22449663803109
1904	24.22449663803109
1905	24.22449663803109
1906	24.22449663803109
1907	24.22449663803109
1908	38.3
1909	38.3
1910	38.3
1911	38.3
1912	38.3
1913	38.3
1914	38.3
1915	27.473514623009155
1916	27.473514623009155
1917	27.473514623009155
1918	27.473514623009155
1919	27.473514623009155
1920	27.473514623009155
1921	27.473514623009155
1922	35.476692955428845
1923	35.476692955428845
1924	35.476692955428845
1925	35.476692955428845
1926	35.476692955428845
1927	35.476692955428845
1928	35.476692955428845
1929	23.85068440771029
1930	23.85068440771029
1931	23.85068440771029
1932	23.85068440771029
1933	23.85068440771029
1934	23.85068440771029
1935	23.85068440771029
1936	10.988505316717855
1937	10.988505316717855
1938	10.988505316717855
1939	10.988505316717855
1940	10.988505316717855
1941	31.10632868366357
1942	31.10632868366357
1943	31.10632868366357
1944	31.10632868366357
1945	31.10632868366357
1946	31.10632868366357
1947	31.10632868366357
1948	38.3
1949	38.3
1950	38.3
1951	38.3
1952	38.3
1953	38.3
1954	24.02944475091
1955	24.02944475091
1956	10.74824969027137
1957	10.74824969027137
1958	10.74824969027137
1959	10.74824969027137
1960	10.74824969027137
1961	10.74824969027137
1962	10.74824969027137
1963	17.305855800817433
1964	17.305855800817433
1965	17.305855800817433
1966	17.305855800817433
1967	17.305855800817433
1968	17.305855800817433
1969	17.305855800817433
1970	17.223148379399788
1971	17.223148379399788
1972	17.223148379399788
1973	17.223148379399788
1974	17.223148379399788
1975	17.223148379399788
1976	17.223148379399788
1977	16.421933708288975
1978	16.421933708288975
1979	16.421933708288975
1980	16.421933708288975
1981	16.421933708288975
1982	16.421933708288975
1983	16.421933708288975
1984	21.839733748321336
1985	21.839733748321336
1986	21.839733748321336
1987	21.839733748321336
1988	21.839733748321336
1989	21.839733748321336
1990	21.839733748321336
1991	11.568693353577961
1992	11.568693353577961
1993	11.568693353577961
1994	11.568693353577961
1995	11.568693353577961
1996	11.568693353577961
1997	11.568693353577961
1998	22.575052647071118
1999	22.575052647071118
2000	22.575052647071118
2001	22.575052647071118
2002	22.575052647071118
2003	22.575052647071118
2004	22.575052647071118
2005	14.411712636117766
2006	14.411712636117766
2007	14.411712636117766
2008	14.411712636117766
2009	14.411712636117766
2010	14.411712636117766
2011	14.411712636117766
2012	24.853335099586356
2013	24.853335099586356
2014	24.853335099586356
2015	24.853335099586356
2016	24.853335099586356
2017	24.853335099586356
2018	24.853335099586356
2019	29.14488082716713
2020	29.14488082716713
2021	9.366171323558984
2022	9.366171323558984
2023	9.366171323558984
2024	9.366171323558984
2025	9.366171323558984
2026	9.366171323558984
2027	9.366171323558984
2028	19.244312841458296
2029	19.244312841458296
2030	19.957774648968936
2031	19.957774648968936
2032	19.957774648968936
2033	19.957774648968936
2034	19.957774648968936
2035	19.957774648968936
2036	19.957774648968936
2037	14.622387408682851
2038	14.622387408682851
2039	14.622387408682851
2040	14.622387408682851
2041	14.622387408682851
2042	14.622387408682851
2043	14.622387408682851
2044	21.561863429457915
2045	21.561863429457915
2046	21.561863429457915
2047	21.561863429457915
2048	21.561863429457915
2049	21.561863429457915
2050	21.561863429457915
2051	32.406907590239825
2052	32.406907590239825
2053	32.406907590239825
2054	32.406907590239825
2055	32.406907590239825
2056	32.406907590239825
2057	32.406907590239825
2058	38.3
2059	38.3
2060	38.3
2061	38.3
2062	38.3
2063	38.3
2064	38.3
2065	38.3
2066	38.3
2067	38.3
2068	38.3
2069	38.3
2070	38.3
2071	38.3
2072	36.09873970712619
2073	36.09873970712619
2074	36.09873970712619
2075	36.09873970712619
2076	36.09873970712619
2077	36.09873970712619
2078	36.09873970712619
2079	24.679595806901258
2080	24.679595806901258
2081	24.679595806901258
2082	24.679595806901258
2083	24.679595806901258
2084	24.679595806901258
2085	20.586532981291708
2086	20.586532981291708
2087	20.586532981291708
2088	20.586532981291708
2089	20.586532981291708
2090	20.586532981291708
2091	20.586532981291708
2092	15.696584813155836
2093	15.696584813155836
2094	15.696584813155836
2095	15.696584813155836
2096	15.696584813155836
2097	15.696584813155836
2098	15.696584813155836
2099	24.0431115512556
2100	24.0431115512556
2101	24.0431115512556
2102	24.0431115512556
2103	24.0431115512556
2104	24.0431115512556
2105	24.0431115512556
2106	18.21258005515593
2107	18.21258005515593
2108	18.21258005515593
2109	18.21258005515593
2110	18.21258005515593
2111	18.21258005515593
2112	18.21258005515593
2113	15.629349839580385
2114	15.629349839580385
2115	15.629349839580385
2116	15.629349839580385
2117	15.629349839580385
2118	15.629349839580385
2119	15.629349839580385
2120	20.672530690026868
2121	20.672530690026868
2122	20.672530690026868
2123	20.672530690026868
2124	20.672530690026868
2125	20.672530690026868
2126	20.672530690026868
2127	12.881292089366399
2128	12.881292089366399
2129	12.881292089366399
2130	12.881292089366399
2131	12.881292089366399
2132	12.881292089366399
2133	12.881292089366399
2134	13.040216619442178
2135	13.040216619442178
2136	14.94180316796733
2137	14.94180316796733
2138	14.94180316796733
2139	14.94180316796733
2140	14.94180316796733
2141	14.94180316796733
2142	14.94180316796733
2143	19.9005476201215
2144	25.801288671675678
2145	25.801288671675678
2146	25.801288671675678
2147	25.801288671675678
2148	25.801288671675678
2149	25.801288671675678
2150	25.801288671675678
2151	21.67784780440456
2152	21.67784780440456
2153	21.67784780440456
2154	21.67784780440456
2155	21.67784780440456
2156	21.67784780440456
2157	21.67784780440456
2158	28.81819563488522
2159	28.81819563488522
2160	28.81819563488522
2161	28.81819563488522
2162	28.81819563488522
2163	28.81819563488522
2164	28.81819563488522
2165	32.626418696787255
2166	32.626418696787255
2167	32.626418696787255
2168	32.626418696787255
2169	32.626418696787255
2170	32.626418696787255
2171	32.626418696787255
2172	12.864447596212786
2173	12.864447596212786
2174	12.864447596212786
2175	12.864447596212786
2176	12.864447596212786
2177	12.864447596212786
2178	12.864447596212786
2179	15.722610942972306
2180	28.162132392393534
2181	28.162132392393534
2182	28.162132392393534
2183	28.162132392393534
2184	28.162132392393534
2185	28.162132392393534
2186	28.162132392393534
2187	27.62030850195933
2188	27.62030850195933
2189	27.62030850195933
2190	27.62030850195933
2191	27.62030850195933
2192	27.62030850195933
2193	27.62030850195933
2194	19.59192211905006
2195	19.59192211905006
2196	8.882725497705987
2197	8.882725497705987
2198	8.882725497705987
2199	8.882725497705987
2200	8.882725497705987
2201	8.882725497705987
2202	8.882725497705987
2203	10.619537414847805
2204	10.619537414847805
2205	10.619537414847805
2206	10.619537414847805
2207	10.619537414847805
2208	10.619537414847805
2209	10.619537414847805
2210	5.3989154634817496
2211	5.3989154634817496
2212	5.3989154634817496
2213	5.3989154634817496
2214	5.3989154634817496
2215	5.3989154634817496
2216	5.3989154634817496
2217	20.828706891411976
2218	20.828706891411976
2219	20.828706891411976
2220	20.828706891411976
2221	20.828706891411976
2222	20.828706891411976
2223	20.828706891411976
2224	18.90883080527332
2225	18.90883080527332
2226	18.90883080527332
2227	18.90883080527332
2228	18.90883080527332
2229	18.90883080527332
2230	18.90883080527332
2231	16.231218694974324
2232	16.231218694974324
2233	16.231218694974324
2234	16.231218694974324
2235	16.231218694974324
2236	16.231218694974324
2237	17.486264650916556
2238	17.486264650916556
2239	17.486264650916556
2240	17.486264650916556
2241	17.486264650916556
2242	17.486264650916556
2243	17.486264650916556
2244	24.991363085592887
2245	24.991363085592887
2246	24.991363085592887
2247	2.863143518840136
2248	2.863143518840136
2249	2.863143518840136
2250	2.863143518840136
2251	2.863143518840136
2252	2.863143518840136
2253	2.863143518840136
2254	5.813865852231151
2255	5.813865852231151
2256	5.813865852231151
2257	5.813865852231151
2258	5.813865852231151
2259	5.813865852231151
2260	5.813865852231151
2261	28.27394683649797
2262	28.27394683649797
2263	28.27394683649797
2264	28.27394683649797
2265	28.27394683649797
2266	28.27394683649797
2267	28.27394683649797
2268	20.566576530190762
2269	20.566576530190762
2270	20.566576530190762
2271	20.566576530190762
2272	20.566576530190762
2273	20.566576530190762
2274	20.566576530190762
2275	9.998939512729983
2276	9.998939512729983
2277	9.998939512729983
2278	9.998939512729983
2279	9.998939512729983
2280	35.28364621507739
2281	35.28364621507739
2282	35.28364621507739
2283	35.28364621507739
2284	35.28364621507739
2285	35.28364621507739
2286	35.28364621507739
2287	38.3
2288	38.3
2289	38.3
2290	38.3
2291	38.3
2292	38.3
2293	38.3
2294	38.3
2295	38.3
2296	38.3
2297	38.3
2298	38.3
2299	38.3
2300	38.3
2301	19.70352353133662
2302	19.70352353133662
2303	19.70352353133662
2304	19.70352353133662
2305	19.70352353133662
2306	19.70352353133662
2307	19.70352353133662
2308	38.3
2309	38.3
2310	38.3
2311	38.3
2312	38.3
2313	38.3
2314	38.3
2315	14.509722298103645
2316	14.509722298103645
2317	14.509722298103645
2318	14.509722298103645
2319	14.509722298103645
2320	14.509722298103645
2321	14.509722298103645
2322	38.3
2323	38.3
2324	38.3
2325	38.3
2326	38.3
2327	38.3
2328	38.3
2329	14.312607381695113
2330	14.312607381695113
2331	14.312607381695113
2332	14.312607381695113
2333	14.312607381695113
2334	14.312607381695113
2335	14.312607381695113
2336	38.3
2337	24.59968344675641
2338	26.666412366703238
2339	26.666412366703238
2340	26.666412366703238
2341	26.666412366703238
2342	26.666412366703238
2343	26.666412366703238
2344	26.666412366703238
2345	36.42817072341223
2346	17.47887132689744
2347	17.47887132689744
2348	17.47887132689744
2349	17.47887132689744
2350	17.47887132689744
2351	17.47887132689744
2352	17.47887132689744
2353	30.90601105172697
2354	30.90601105172697
2355	24.25495750305449
2356	24.25495750305449
2357	24.25495750305449
2358	24.25495750305449
2359	24.25495750305449
2360	24.25495750305449
2361	24.25495750305449
2362	38.3
2363	38.3
2364	38.3
2365	38.3
2366	38.3
2367	15.284077428980723
2368	15.284077428980723
2369	15.284077428980723
2370	15.284077428980723
2371	15.284077428980723
2372	15.284077428980723
2373	15.284077428980723
2374	38.3
2375	38.3
2376	38.3
2377	38.3
2378	38.3
2379	38.3
2380	38.3
2381	18.201283351381367
2382	18.201283351381367
2383	18.201283351381367
2384	18.201283351381367
2385	18.201283351381367
2386	18.201283351381367
2387	18.201283351381367
2388	18.604532408725117
2389	18.604532408725117
2390	18.604532408725117
2391	18.604532408725117
2392	18.604532408725117
2393	18.604532408725117
2394	18.604532408725117
2395	18.648145995359286
2396	18.648145995359286
2397	18.648145995359286
2398	18.648145995359286
2399	18.648145995359286
2400	18.648145995359286
2401	18.648145995359286
2402	38.3
2403	38.3
2404	38.3
2405	38.3
2406	38.3
2407	38.3
2408	38.3
2409	38.25866592712684
2410	38.25866592712684
2411	38.25866592712684
2412	38.25866592712684
2413	38.25866592712684
2414	38.25866592712684
2415	38.25866592712684
2416	25.050107806805244
2417	25.050107806805244
2418	25.050107806805244
2419	25.050107806805244
2420	25.050107806805244
2421	25.050107806805244
2422	25.050107806805244
2423	38.3
2424	38.3
2425	38.3
2426	38.3
2427	38.3
2428	38.3
2429	38.3
2430	22.738427019737852
2431	22.738427019737852
2432	22.738427019737852
2433	22.738427019737852
2434	22.738427019737852
2435	22.738427019737852
2436	22.738427019737852
2437	38.3
2438	38.3
2439	38.3
2440	38.3
2441	38.3
2442	38.3
2443	38.3
2444	38.3
2445	38.3
2446	38.3
2447	38.3
2448	38.3
2449	38.3
2450	38.3
2451	27.718792021341418
2452	27.718792021341418
2453	27.718792021341418
2454	27.718792021341418
2455	27.718792021341418
2456	27.718792021341418
2457	27.718792021341418
2458	30.811873377137193
2459	30.811873377137193
2460	30.811873377137193
2461	30.811873377137193
2462	30.811873377137193
2463	30.811873377137193
2464	30.811873377137193
2465	29.287442462305872
2466	29.287442462305872
2467	29.287442462305872
2468	29.287442462305872
2469	29.287442462305872
2470	29.287442462305872
2471	29.287442462305872
2472	38.3
2473	38.3
2474	38.3
2475	38.3
2476	38.3
2477	38.3
2478	38.3
2479	30.22017653129114
2480	34.307094190417736
2481	34.307094190417736
2482	34.307094190417736
2483	34.307094190417736
2484	34.307094190417736
2485	34.307094190417736
2486	34.307094190417736
2487	34.06227755107307
2488	34.06227755107307
2489	34.06227755107307
2490	34.06227755107307
2491	34.06227755107307
2492	34.06227755107307
2493	34.06227755107307
2494	26.47490408680892
2495	26.47490408680892
2496	26.47490408680892
2497	26.47490408680892
2498	26.47490408680892
2499	26.47490408680892
2500	26.47490408680892
2501	38.3
2502	38.3
2503	38.3
2504	38.3
2505	38.3
2506	38.3
2507	38.3
2508	19.950347060452103
2509	19.950347060452103
2510	19.950347060452103
2511	19.950347060452103
2512	19.950347060452103
2513	19.950347060452103
2514	19.950347060452103
2515	25.732230845321823
2516	25.732230845321823
2517	25.732230845321823
2518	25.732230845321823
2519	25.732230845321823
2520	25.732230845321823
2521	32.26226787468224
2522	32.26226787468224
2523	32.26226787468224
2524	32.26226787468224
2525	32.26226787468224
2526	32.26226787468224
2527	32.26226787468224
2528	38.3
2529	38.3
2530	38.3
2531	38.3
2532	38.3
2533	38.3
2534	38.3
2535	24.551378181691778
2536	24.551378181691778
2537	24.551378181691778
2538	26.440083083499882
2539	26.440083083499882
2540	26.440083083499882
2541	26.440083083499882
2542	26.440083083499882
2543	26.440083083499882
2544	26.440083083499882
2545	9.300016714743194
2546	9.300016714743194
2547	9.300016714743194
2548	9.300016714743194
2549	9.300016714743194
2550	9.300016714743194
2551	9.300016714743194
2552	24.49989829631787
2553	24.49989829631787
2554	24.49989829631787
2555	24.49989829631787
2556	24.49989829631787
2557	24.49989829631787
2558	24.49989829631787
2559	26.41185307715613
2560	26.41185307715613
2561	38.3
2562	38.3
2563	38.3
2564	38.3
2565	38.3
2566	38.3
2567	38.3
2568	26.41796482021112
2569	26.41796482021112
2570	26.41796482021112
2571	26.41796482021112
2572	26.41796482021112
2573	26.41796482021112
2574	26.41796482021112
2575	20.82227641190552
2576	20.82227641190552
2577	20.82227641190552
2578	20.82227641190552
2579	20.82227641190552
2580	20.82227641190552
2581	20.82227641190552
2582	38.3
2583	38.3
2584	38.3
2585	38.3
2586	38.3
2587	38.3
2588	38.3
2589	38.3
2590	38.3
2591	38.3
2592	38.3
2593	38.3
2594	38.3
2595	38.3
2596	38.3
2597	38.3
2598	38.3
2599	38.3
2600	23.199522627686967
2601	23.199522627686967
2602	23.199522627686967
2603	23.199522627686967
2604	23.199522627686967
2605	23.199522627686967
2606	23.199522627686967
2607	33.65608034947889
2608	33.65608034947889
2609	33.65608034947889
2610	33.65608034947889
2611	33.65608034947889
2612	33.65608034947889
2613	33.65608034947889
2614	38.3
2615	38.3
2616	38.3
2617	38.3
2618	38.3
2619	38.3
2620	38.3
2621	38.3
2622	38.3
2623	38.3
2624	38.3
2625	38.3
2626	38.3
2627	38.3
2628	32.00692154473433
2629	3.156405497686009
2630	3.156405497686009
2631	3.156405497686009
2632	3.156405497686009
2633	3.156405497686009
2634	3.156405497686009
2635	3.156405497686009
2636	0.1
2637	0.1
2638	22.77853015672366
2639	22.77853015672366
2640	38.3
2641	38.3
2642	38.3
2643	38.3
2644	38.3
2645	38.3
2646	38.3
2647	38.3
2648	38.3
2649	38.3
2650	38.3
2651	38.3
2652	38.3
2653	38.3
2654	38.3
2655	38.3
2656	38.3
2657	38.3
2658	38.3
2659	38.3
2660	38.3
2661	38.3
2662	38.3
2663	38.3
2664	38.3
2665	38.3
2666	38.3
2667	38.3
2668	38.3
2669	38.3
2670	38.3
2671	38.3
2672	38.3
2673	38.3
2674	38.3
2675	36.8470703445533
2676	36.8470703445533
2677	36.8470703445533
2678	20.328010255883427
2679	20.328010255883427
2680	20.328010255883427
2681	20.328010255883427
2682	20.328010255883427
2683	20.328010255883427
2684	20.328010255883427
2685	38.3
2686	38.3
2687	38.3
2688	38.3
2689	38.3
2690	38.3
2691	38.3
2692	38.3
2693	38.3
2694	38.3
2695	38.3
2696	38.3
2697	38.3
2698	38.3
2699	37.51692985638837
2700	37.51692985638837
2701	37.51692985638837
2702	37.51692985638837
2703	37.51692985638837
2704	37.23844449556761
2705	37.23844449556761
2706	37.23844449556761
2707	37.23844449556761
2708	37.23844449556761
2709	37.23844449556761
2710	37.23844449556761
2711	38.3
2712	38.3
2713	38.3
2714	38.3
2715	38.3
2716	38.3
2717	38.3
2718	37.983515688106564
2719	37.983515688106564
2720	37.983515688106564
2721	37.983515688106564
2722	37.983515688106564
2723	37.983515688106564
2724	37.983515688106564
2725	29.62777165505617
2726	29.62777165505617
2727	29.62777165505617
2728	29.62777165505617
2729	29.62777165505617
2730	29.62777165505617
2731	16.648050831983888
2732	16.648050831983888
2733	16.648050831983888
2734	16.648050831983888
2735	16.648050831983888
2736	16.648050831983888
2737	16.648050831983888
2738	29.813664941495134
2739	29.813664941495134
2740	29.813664941495134
2741	29.813664941495134
2742	29.813664941495134
2743	29.813664941495134
2744	6.851849869048497
2745	6.851849869048497
2746	6.851849869048497
2747	6.851849869048497
2748	6.851849869048497
2749	6.851849869048497
2750	6.851849869048497
2751	28.084190091736886
2752	28.084190091736886
2753	28.084190091736886
2754	28.084190091736886
2755	28.084190091736886
2756	28.084190091736886
2757	28.084190091736886
2758	31.87596468844816
2759	31.87596468844816
2760	31.87596468844816
2761	31.87596468844816
2762	31.87596468844816
2763	31.87596468844816
2764	38.3
2765	38.3
2766	38.3
2767	38.3
2768	38.3
2769	38.3
2770	38.3
2771	21.899877800584107
2772	21.899877800584107
2773	21.899877800584107
2774	21.899877800584107
2775	21.899877800584107
2776	21.899877800584107
2777	21.899877800584107
2778	22.948986158755226
2779	22.948986158755226
2780	22.948986158755226
2781	22.948986158755226
2782	22.948986158755226
2783	22.948986158755226
2784	22.948986158755226
2785	11.533650421043598
2786	11.533650421043598
2787	11.533650421043598
2788	11.533650421043598
2789	11.533650421043598
2790	11.533650421043598
2791	11.533650421043598
2792	13.82212005370408
2793	13.82212005370408
2794	13.82212005370408
2795	13.82212005370408
2796	13.82212005370408
2797	13.82212005370408
2798	13.82212005370408
2799	33.38703030792481
2800	33.38703030792481
2801	33.38703030792481
2802	33.38703030792481
2803	33.38703030792481
2804	33.38703030792481
2805	33.38703030792481
2806	23.169424410396253
2807	23.169424410396253
2808	23.169424410396253
2809	23.169424410396253
2810	23.169424410396253
2811	23.169424410396253
2812	23.169424410396253
2813	33.745752064645785
2814	33.745752064645785
2815	33.745752064645785
2816	33.745752064645785
2817	33.745752064645785
2818	33.745752064645785
2819	33.745752064645785
2820	22.876834931333036
2821	22.876834931333036
2822	22.876834931333036
2823	22.876834931333036
2824	22.876834931333036
2825	22.876834931333036
2826	22.876834931333036
2827	17.209416060162447
2828	17.209416060162447
2829	17.209416060162447
2830	17.209416060162447
2831	17.209416060162447
2832	17.209416060162447
