0	34.5615619131533
1	34.5615619131533
2	34.5615619131533
3	34.5615619131533
4	34.5615619131533
5	34.5615619131533
6	34.5615619131533
7	34.5615619131533
8	34.5615619131533
9	34.5615619131533
10	0.21799812887133285
11	0.21799812887133285
12	0.21799812887133285
13	0.21799812887133285
14	0.21799812887133285
15	0.21799812887133285
16	0.21799812887133285
17	0.21799812887133285
18	0.21799812887133285
19	0.21799812887133285
20	20.504658710914455
21	20.504658710914455
22	20.504658710914455
23	20.504658710914455
24	20.504658710914455
25	20.504658710914455
26	20.504658710914455
27	20.504658710914455
28	20.504658710914455
29	20.504658710914455
30	8.261073431117353
31	8.261073431117353
32	8.261073431117353
33	8.261073431117353
34	8.261073431117353
35	8.261073431117353
36	8.261073431117353
37	8.261073431117353
38	8.261073431117353
39	8.261073431117353
40	15.56485481206784
41	15.56485481206784
42	15.56485481206784
43	15.56485481206784
44	15.56485481206784
45	15.56485481206784
46	15.56485481206784
47	15.56485481206784
48	15.56485481206784
49	15.56485481206784
50	26.840805600123385
51	26.840805600123385
52	26.840805600123385
53	26.840805600123385
54	26.840805600123385
55	26.840805600123385
56	26.840805600123385
57	26.840805600123385
58	26.840805600123385
59	26.840805600123385
60	19.334543547060065
61	19.334543547060065
62	19.334543547060065
63	19.334543547060065
64	19.334543547060065
65	19.334543547060065
66	19.334543547060065
67	19.334543547060065
68	19.334543547060065
69	19.334543547060065
70	11.82900173741341
71	11.82900173741341
72	11.82900173741341
73	11.82900173741341
74	11.82900173741341
75	11.82900173741341
76	11.82900173741341
77	11.82900173741341
78	11.82900173741341
79	11.82900173741341
80	21.443884483587066
81	21.443884483587066
82	21.443884483587066
83	21.443884483587066
84	21.443884483587066
85	21.443884483587066
86	21.443884483587066
87	21.443884483587066
88	21.443884483587066
89	21.443884483587066
90	24.318661663190266
91	24.318661663190266
92	24.318661663190266
93	24.318661663190266
94	24.318661663190266
95	24.318661663190266
96	24.318661663190266
97	24.318661663190266
98	24.318661663190266
99	24.318661663190266
100	5.274724722187075
101	5.274724722187075
102	5.274724722187075
103	5.274724722187075
104	5.274724722187075
105	5.274724722187075
106	5.274724722187075
107	5.274724722187075
108	5.274724722187075
109	5.274724722187075
110	18.065106933047637
111	18.065106933047637
112	9.579623725451977
113	9.579623725451977
114	9.579623725451977
115	9.579623725451977
116	9.579623725451977
117	9.579623725451977
118	9.579623725451977
119	9.579623725451977
120	9.579623725451977
121	9.579623725451977
122	23.6370384132112
123	23.6370384132112
124	23.6370384132112
125	23.6370384132112
126	23.6370384132112
127	23.6370384132112
128	23.6370384132112
129	23.6370384132112
130	23.6370384132112
131	23.6370384132112
132	31.06162921984726
133	31.06162921984726
134	31.06162921984726
135	31.06162921984726
136	31.06162921984726
137	31.06162921984726
138	31.06162921984726
139	31.06162921984726
140	31.06162921984726
141	31.06162921984726
142	38.70924139812663
143	38.70924139812663
144	38.70924139812663
145	38.70924139812663
146	38.70924139812663
147	38.70924139812663
148	38.70924139812663
149	38.70924139812663
150	38.70924139812663
151	38.70924139812663
152	22.101237211224007
153	22.101237211224007
154	22.101237211224007
155	22.101237211224007
156	22.101237211224007
157	22.101237211224007
158	22.101237211224007
159	22.101237211224007
160	22.101237211224007
161	22.101237211224007
162	39.0
163	39.0
164	39.0
165	39.0
166	39.0
167	39.0
168	39.0
169	39.0
170	39.0
171	39.0
172	0.7519829215987244
173	0.7519829215987244
174	0.7519829215987244
175	0.7519829215987244
176	0.7519829215987244
177	0.7519829215987244
178	0.7519829215987244
179	0.7519829215987244
180	0.7519829215987244
181	0.7519829215987244
182	33.04439881326044
183	33.04439881326044
184	33.04439881326044
185	33.04439881326044
186	33.04439881326044
187	33.04439881326044
188	33.04439881326044
189	33.04439881326044
190	33.04439881326044
191	33.04439881326044
192	30.955653310538846
193	30.955653310538846
194	30.955653310538846
195	30.955653310538846
196	30.955653310538846
197	30.955653310538846
198	30.955653310538846
199	30.955653310538846
200	30.955653310538846
201	30.955653310538846
202	39.0
203	39.0
204	39.0
205	39.0
206	39.0
207	39.0
208	39.0
209	39.0
210	39.0
211	39.0
212	26.829872251926002
213	26.829872251926002
214	26.829872251926002
215	26.829872251926002
216	26.829872251926002
217	26.829872251926002
218	26.829872251926002
219	26.829872251926002
220	26.829872251926002
221	26.829872251926002
222	39.0
223	39.0
224	39.0
225	39.0
226	39.0
227	39.0
228	39.0
229	39.0
230	39.0
231	39.0
232	39.0
233	39.0
234	39.0
235	39.0
236	39.0
237	39.0
238	39.0
239	39.0
240	39.0
241	39.0
242	39.0
243	39.0
244	39.0
245	39.0
246	39.0
247	39.0
248	39.0
249	39.0
250	39.0
251	39.0
252	8.580368606587236
253	8.580368606587236
254	8.580368606587236
255	8.580368606587236
256	8.580368606587236
257	8.580368606587236
258	8.580368606587236
259	8.580368606587236
260	8.580368606587236
261	8.580368606587236
262	6.194837841374923
263	6.194837841374923
264	6.194837841374923
265	6.194837841374923
266	6.194837841374923
267	6.194837841374923
268	6.194837841374923
269	6.194837841374923
270	6.194837841374923
271	6.194837841374923
272	28.650138221126802
273	28.650138221126802
274	28.650138221126802
275	28.650138221126802
276	28.650138221126802
277	28.650138221126802
278	28.650138221126802
279	28.650138221126802
280	28.650138221126802
281	28.650138221126802
282	39.0
283	39.0
284	39.0
285	39.0
286	39.0
287	39.0
288	39.0
289	39.0
290	39.0
291	39.0
292	37.83503634287544
293	37.83503634287544
294	37.83503634287544
295	37.83503634287544
296	37.83503634287544
297	37.83503634287544
298	37.83503634287544
299	37.83503634287544
300	37.83503634287544
301	37.83503634287544
302	13.933835026139016
303	13.933835026139016
304	13.933835026139016
305	13.933835026139016
306	13.933835026139016
307	13.933835026139016
308	13.933835026139016
309	13.933835026139016
310	13.933835026139016
311	13.933835026139016
312	37.990681322892215
313	37.990681322892215
314	37.990681322892215
315	37.990681322892215
316	37.990681322892215
317	37.990681322892215
318	37.990681322892215
319	37.990681322892215
320	37.990681322892215
321	37.990681322892215
322	17.629005225091156
323	17.629005225091156
324	17.629005225091156
325	17.629005225091156
326	17.629005225091156
327	17.629005225091156
328	17.629005225091156
329	17.629005225091156
330	17.629005225091156
331	17.629005225091156
332	24.64462945138858
333	24.64462945138858
334	24.64462945138858
335	24.64462945138858
336	24.64462945138858
337	24.64462945138858
338	24.64462945138858
339	24.64462945138858
340	24.64462945138858
341	24.64462945138858
342	33.31909969591228
343	33.31909969591228
344	33.31909969591228
345	33.31909969591228
346	33.31909969591228
347	33.31909969591228
348	33.31909969591228
349	33.31909969591228
350	33.31909969591228
351	33.31909969591228
352	22.33632185934573
353	22.33632185934573
354	22.33632185934573
355	22.33632185934573
356	22.33632185934573
357	22.33632185934573
358	22.33632185934573
359	22.33632185934573
360	22.33632185934573
361	22.33632185934573
362	0.1
363	0.1
364	0.1
365	0.1
366	0.1
367	0.1
368	0.1
369	0.1
370	0.1
371	0.1
372	36.85326129442579
373	36.85326129442579
374	36.85326129442579
375	36.85326129442579
376	36.85326129442579
377	36.85326129442579
378	36.85326129442579
379	36.85326129442579
380	36.85326129442579
381	36.85326129442579
382	39.0
383	39.0
384	39.0
385	39.0
386	39.0
387	39.0
388	39.0
389	39.0
390	39.0
391	39.0
392	9.419755393546172
393	9.419755393546172
394	9.419755393546172
395	9.419755393546172
396	9.419755393546172
397	9.419755393546172
398	9.419755393546172
399	9.419755393546172
400	9.419755393546172
401	9.419755393546172
402	39.0
403	39.0
404	39.0
405	39.0
406	39.0
407	39.0
408	39.0
409	39.0
410	39.0
411	39.0
412	6.134448986207282
413	6.134448986207282
414	6.134448986207282
415	6.134448986207282
416	6.134448986207282
417	6.134448986207282
418	6.134448986207282
419	6.134448986207282
420	6.134448986207282
421	6.134448986207282
422	0.1
423	0.1
424	0.1
425	0.1
426	0.1
427	0.1
428	0.1
429	0.1
430	0.1
431	0.1
432	31.249746788322977
433	31.249746788322977
434	31.249746788322977
435	31.249746788322977
436	31.249746788322977
437	31.249746788322977
438	31.249746788322977
439	31.249746788322977
440	31.249746788322977
441	31.249746788322977
442	36.14142768621257
443	36.14142768621257
444	36.14142768621257
445	36.14142768621257
446	36.14142768621257
447	36.14142768621257
448	36.14142768621257
449	36.14142768621257
450	36.14142768621257
451	36.14142768621257
452	29.61888522081876
453	29.61888522081876
454	29.61888522081876
455	29.61888522081876
456	29.61888522081876
457	29.61888522081876
458	29.61888522081876
459	29.61888522081876
460	29.61888522081876
461	29.61888522081876
462	39.0
463	39.0
464	39.0
465	39.0
466	39.0
467	39.0
468	39.0
469	39.0
470	39.0
471	39.0
472	39.0
473	39.0
474	39.0
475	39.0
476	39.0
477	39.0
478	39.0
479	39.0
480	39.0
481	39.0
482	0.1
483	0.1
484	0.1
485	0.1
486	0.1
487	0.1
488	0.1
489	0.1
490	0.1
491	0.1
492	34.282029179731346
493	34.282029179731346
494	34.282029179731346
495	34.282029179731346
496	34.282029179731346
497	34.282029179731346
498	34.282029179731346
499	34.282029179731346
500	34.282029179731346
501	34.282029179731346
502	35.31161103453957
503	35.31161103453957
504	35.31161103453957
505	35.31161103453957
506	35.31161103453957
507	35.31161103453957
508	35.31161103453957
509	35.31161103453957
510	35.31161103453957
511	35.31161103453957
512	9.053193361164176
513	9.053193361164176
514	9.053193361164176
515	9.053193361164176
516	9.053193361164176
517	9.053193361164176
518	9.053193361164176
519	9.053193361164176
520	9.053193361164176
521	9.053193361164176
522	24.327525448902172
523	24.327525448902172
524	24.327525448902172
525	24.327525448902172
526	24.327525448902172
527	24.327525448902172
528	24.327525448902172
529	24.327525448902172
530	24.327525448902172
531	24.327525448902172
532	39.0
533	39.0
534	39.0
535	39.0
536	39.0
537	39.0
538	39.0
539	39.0
540	39.0
541	39.0
542	39.0
543	39.0
544	39.0
545	39.0
546	39.0
547	39.0
548	39.0
549	39.0
550	39.0
551	39.0
552	2.057739353521292
553	2.057739353521292
554	2.057739353521292
555	2.057739353521292
556	2.057739353521292
557	2.057739353521292
558	2.057739353521292
559	2.057739353521292
560	2.057739353521292
561	2.057739353521292
562	39.0
563	39.0
564	39.0
565	39.0
566	39.0
567	39.0
568	39.0
569	39.0
570	39.0
571	39.0
572	36.314195279784954
573	36.314195279784954
574	36.314195279784954
575	36.314195279784954
576	36.314195279784954
577	36.314195279784954
578	36.314195279784954
579	36.314195279784954
580	36.314195279784954
581	36.314195279784954
582	7.847677789000336
583	7.847677789000336
584	7.847677789000336
585	7.847677789000336
586	7.847677789000336
587	7.847677789000336
588	7.847677789000336
589	7.847677789000336
590	7.847677789000336
591	7.847677789000336
592	29.26073119825985
593	29.26073119825985
594	29.26073119825985
595	29.26073119825985
596	29.26073119825985
597	29.26073119825985
598	29.26073119825985
599	29.26073119825985
600	29.26073119825985
601	29.26073119825985
602	39.0
603	39.0
604	39.0
605	39.0
606	39.0
607	39.0
608	39.0
609	39.0
610	39.0
611	39.0
612	15.59434236693577
613	15.59434236693577
614	15.59434236693577
615	15.59434236693577
616	15.59434236693577
617	15.59434236693577
618	15.59434236693577
619	15.59434236693577
620	15.59434236693577
621	15.59434236693577
622	27.731072653827685
623	27.731072653827685
624	27.731072653827685
625	27.731072653827685
626	27.731072653827685
627	27.731072653827685
628	27.731072653827685
629	27.731072653827685
630	27.731072653827685
631	27.731072653827685
632	39.0
633	39.0
634	39.0
635	39.0
636	39.0
637	39.0
638	39.0
639	39.0
640	39.0
641	39.0
642	16.544584258440434
643	16.544584258440434
644	16.544584258440434
645	16.544584258440434
646	16.544584258440434
647	16.544584258440434
648	16.544584258440434
649	16.544584258440434
650	16.544584258440434
651	16.544584258440434
652	13.292960477793867
653	13.292960477793867
654	13.292960477793867
655	13.292960477793867
656	13.292960477793867
657	13.292960477793867
658	13.292960477793867
659	13.292960477793867
660	13.292960477793867
661	13.292960477793867
662	39.0
663	39.0
664	39.0
665	39.0
666	39.0
667	39.0
668	39.0
669	39.0
670	39.0
671	39.0
672	31.66677854450197
673	31.66677854450197
674	31.66677854450197
675	31.66677854450197
676	31.66677854450197
677	31.66677854450197
678	31.66677854450197
679	31.66677854450197
680	31.66677854450197
681	31.66677854450197
682	24.493087813252675
683	24.493087813252675
684	24.493087813252675
685	24.493087813252675
686	24.493087813252675
687	24.493087813252675
688	24.493087813252675
689	24.493087813252675
690	24.493087813252675
691	24.493087813252675
692	13.552742723777307
693	13.552742723777307
694	13.552742723777307
695	13.552742723777307
696	13.552742723777307
697	13.552742723777307
698	13.552742723777307
699	13.552742723777307
700	13.552742723777307
701	13.552742723777307
702	39.0
703	39.0
704	39.0
705	39.0
706	39.0
707	39.0
708	39.0
709	39.0
710	39.0
711	39.0
712	13.393294810393042
713	13.393294810393042
714	13.393294810393042
715	13.393294810393042
716	13.393294810393042
717	13.393294810393042
718	13.393294810393042
719	13.393294810393042
720	13.393294810393042
721	13.393294810393042
722	38.17198003349304
723	38.17198003349304
724	38.17198003349304
725	38.17198003349304
726	38.17198003349304
727	38.17198003349304
728	38.17198003349304
729	38.17198003349304
730	38.17198003349304
731	38.17198003349304
732	39.0
733	39.0
734	39.0
735	39.0
736	39.0
737	39.0
738	39.0
739	39.0
740	39.0
741	39.0
742	31.94895536885453
743	31.94895536885453
744	31.94895536885453
745	31.94895536885453
746	31.94895536885453
747	31.94895536885453
748	31.94895536885453
749	31.94895536885453
750	31.94895536885453
751	31.94895536885453
752	22.22480154626517
753	22.22480154626517
754	22.22480154626517
755	22.22480154626517
756	22.22480154626517
757	22.22480154626517
758	22.22480154626517
759	22.22480154626517
760	22.22480154626517
761	22.22480154626517
762	21.45107780209643
763	21.45107780209643
764	21.45107780209643
765	21.45107780209643
766	21.45107780209643
767	21.45107780209643
768	21.45107780209643
769	21.45107780209643
770	21.45107780209643
771	21.45107780209643
772	39.0
773	39.0
774	39.0
775	25.72243559336995
776	25.72243559336995
777	25.72243559336995
778	25.72243559336995
779	25.72243559336995
780	25.72243559336995
781	25.72243559336995
782	25.72243559336995
783	25.72243559336995
784	25.72243559336995
785	11.957884599182485
786	11.957884599182485
787	11.957884599182485
788	11.957884599182485
789	11.957884599182485
790	11.957884599182485
791	11.957884599182485
792	11.957884599182485
793	11.957884599182485
794	11.957884599182485
795	9.12188108429055
796	9.12188108429055
797	9.12188108429055
798	9.12188108429055
799	9.12188108429055
800	9.12188108429055
801	9.12188108429055
802	9.12188108429055
803	9.12188108429055
804	9.12188108429055
805	26.173957413824496
806	26.173957413824496
807	26.173957413824496
808	26.173957413824496
809	26.173957413824496
810	26.173957413824496
811	26.173957413824496
812	26.173957413824496
813	26.173957413824496
814	26.173957413824496
815	34.39290493187947
816	34.39290493187947
817	34.39290493187947
818	31.417309351707214
819	31.417309351707214
820	31.417309351707214
821	31.417309351707214
822	31.417309351707214
823	31.417309351707214
824	31.417309351707214
825	31.417309351707214
826	31.417309351707214
827	31.417309351707214
828	39.0
829	39.0
830	39.0
831	39.0
832	39.0
833	39.0
834	39.0
835	39.0
836	39.0
837	39.0
838	14.231267581066014
839	14.231267581066014
840	14.231267581066014
841	14.231267581066014
842	14.231267581066014
843	14.231267581066014
844	14.231267581066014
845	14.231267581066014
846	14.231267581066014
847	14.231267581066014
848	39.0
849	39.0
850	39.0
851	39.0
852	39.0
853	39.0
854	39.0
855	39.0
856	39.0
857	39.0
858	39.0
859	39.0
860	39.0
861	39.0
862	39.0
863	39.0
864	39.0
865	39.0
866	39.0
867	39.0
868	39.0
869	39.0
870	39.0
871	39.0
872	39.0
873	39.0
874	39.0
875	39.0
876	39.0
877	39.0
878	2.4837190695173774
879	2.4837190695173774
880	2.4837190695173774
881	2.4837190695173774
882	2.4837190695173774
883	2.4837190695173774
884	2.4837190695173774
885	2.4837190695173774
886	2.4837190695173774
887	2.4837190695173774
888	39.0
889	39.0
890	39.0
891	39.0
892	39.0
893	39.0
894	39.0
895	39.0
896	39.0
897	39.0
898	3.5452243093394635
899	3.5452243093394635
900	3.5452243093394635
901	3.5452243093394635
902	3.5452243093394635
903	3.5452243093394635
904	3.5452243093394635
905	3.5452243093394635
906	3.5452243093394635
907	3.5452243093394635
908	25.012433330720587
909	25.012433330720587
910	25.012433330720587
911	25.012433330720587
912	25.012433330720587
913	25.012433330720587
914	25.012433330720587
915	25.012433330720587
916	25.012433330720587
917	25.012433330720587
918	25.16401411776068
919	25.16401411776068
920	25.16401411776068
921	25.16401411776068
922	25.16401411776068
923	25.16401411776068
924	25.16401411776068
925	25.16401411776068
926	25.16401411776068
927	25.16401411776068
928	11.37081625594881
929	11.37081625594881
930	11.37081625594881
931	11.37081625594881
932	11.37081625594881
933	11.37081625594881
934	11.37081625594881
935	11.37081625594881
936	11.37081625594881
937	11.37081625594881
938	39.0
939	39.0
940	39.0
941	39.0
942	39.0
943	39.0
944	39.0
945	39.0
946	39.0
947	39.0
948	24.998228068345057
949	24.998228068345057
950	24.998228068345057
951	24.998228068345057
952	24.998228068345057
953	24.998228068345057
954	24.998228068345057
955	24.998228068345057
956	24.998228068345057
957	24.998228068345057
958	39.0
959	39.0
960	39.0
961	39.0
962	39.0
963	39.0
964	39.0
965	39.0
966	39.0
967	39.0
968	32.49420716925198
969	32.49420716925198
970	32.49420716925198
971	0.1
972	0.1
973	0.1
974	0.1
975	0.1
976	0.1
977	0.1
978	0.1
979	0.1
980	0.1
981	32.40833234520699
982	32.40833234520699
983	32.40833234520699
984	32.40833234520699
985	32.40833234520699
986	32.40833234520699
987	32.40833234520699
988	32.40833234520699
989	32.40833234520699
990	32.40833234520699
991	28.909090574697302
992	28.909090574697302
993	28.909090574697302
994	28.909090574697302
995	28.909090574697302
996	28.909090574697302
997	28.909090574697302
998	28.909090574697302
999	28.909090574697302
1000	28.909090574697302
1001	18.127014405129614
1002	18.127014405129614
1003	18.127014405129614
1004	18.127014405129614
1005	18.127014405129614
1006	18.127014405129614
1007	18.127014405129614
1008	18.127014405129614
1009	18.127014405129614
1010	18.127014405129614
1011	34.13052075962906
1012	34.13052075962906
1013	34.13052075962906
1014	34.13052075962906
1015	34.13052075962906
1016	34.13052075962906
1017	34.13052075962906
1018	34.13052075962906
1019	34.13052075962906
1020	34.13052075962906
1021	0.1
1022	0.1
1023	0.1
1024	0.1
1025	0.1
1026	0.1
1027	0.1
1028	0.1
1029	0.1
1030	0.1
1031	0.1
1032	0.1
1033	0.1
1034	0.1
1035	0.1
1036	0.1
1037	0.1
1038	0.1
1039	0.1
1040	0.1
1041	15.796660409609327
1042	15.796660409609327
1043	15.796660409609327
1044	15.796660409609327
1045	15.796660409609327
1046	15.796660409609327
1047	15.796660409609327
1048	15.796660409609327
1049	15.796660409609327
1050	15.796660409609327
1051	39.0
1052	39.0
1053	39.0
1054	39.0
1055	39.0
1056	39.0
1057	39.0
1058	39.0
1059	39.0
1060	39.0
1061	21.355849334807157
1062	21.355849334807157
1063	21.355849334807157
1064	21.355849334807157
1065	21.355849334807157
1066	21.355849334807157
1067	21.355849334807157
1068	21.355849334807157
1069	21.355849334807157
1070	21.355849334807157
1071	28.969188649238088
1072	28.969188649238088
1073	28.969188649238088
1074	28.969188649238088
1075	28.969188649238088
1076	28.969188649238088
1077	28.969188649238088
1078	28.969188649238088
1079	28.969188649238088
1080	28.969188649238088
1081	39.0
1082	39.0
1083	39.0
1084	39.0
1085	39.0
1086	39.0
1087	39.0
1088	39.0
1089	39.0
1090	39.0
1091	13.797700963516448
1092	13.797700963516448
1093	13.797700963516448
1094	13.797700963516448
1095	13.797700963516448
1096	13.797700963516448
1097	13.797700963516448
1098	13.797700963516448
1099	13.797700963516448
1100	13.797700963516448
1101	39.0
1102	39.0
1103	39.0
1104	39.0
1105	39.0
1106	39.0
1107	39.0
1108	39.0
1109	39.0
1110	39.0
1111	39.0
1112	39.0
1113	39.0
1114	39.0
1115	39.0
1116	39.0
1117	39.0
1118	39.0
1119	39.0
1120	39.0
1121	20.308471965936686
1122	20.308471965936686
1123	20.308471965936686
1124	20.308471965936686
1125	20.308471965936686
1126	20.308471965936686
1127	20.308471965936686
1128	20.308471965936686
1129	20.308471965936686
1130	20.308471965936686
1131	32.98699711759067
1132	32.98699711759067
1133	32.98699711759067
1134	32.98699711759067
1135	32.98699711759067
1136	32.98699711759067
1137	32.98699711759067
1138	32.98699711759067
1139	32.98699711759067
1140	32.98699711759067
1141	18.550556739944263
1142	18.550556739944263
1143	18.550556739944263
1144	18.550556739944263
1145	18.550556739944263
1146	18.550556739944263
1147	18.550556739944263
1148	18.550556739944263
1149	18.550556739944263
1150	18.550556739944263
1151	26.04110237467744
1152	26.04110237467744
1153	26.04110237467744
1154	26.04110237467744
1155	26.04110237467744
1156	26.04110237467744
1157	26.04110237467744
1158	26.04110237467744
1159	26.04110237467744
1160	26.04110237467744
1161	30.659008781691703
1162	30.659008781691703
1163	30.659008781691703
1164	30.659008781691703
1165	30.659008781691703
1166	30.659008781691703
1167	30.659008781691703
1168	30.659008781691703
1169	30.659008781691703
1170	30.659008781691703
1171	36.11147455844939
1172	36.11147455844939
1173	36.11147455844939
1174	36.11147455844939
1175	36.11147455844939
1176	36.11147455844939
1177	36.11147455844939
1178	36.11147455844939
1179	36.11147455844939
1180	36.11147455844939
1181	39.0
1182	39.0
1183	39.0
1184	39.0
1185	39.0
1186	39.0
1187	39.0
1188	39.0
1189	39.0
1190	39.0
1191	39.0
1192	39.0
1193	39.0
1194	39.0
1195	39.0
1196	39.0
1197	39.0
1198	39.0
1199	39.0
1200	39.0
1201	27.894681171635
1202	27.894681171635
1203	27.894681171635
1204	27.894681171635
1205	27.894681171635
1206	27.894681171635
1207	27.894681171635
1208	27.894681171635
1209	27.894681171635
1210	27.894681171635
1211	31.44256439153468
1212	31.44256439153468
1213	31.44256439153468
1214	31.44256439153468
1215	31.44256439153468
1216	31.44256439153468
1217	31.44256439153468
1218	31.44256439153468
1219	31.44256439153468
1220	31.44256439153468
1221	0.1
1222	0.1
1223	0.1
1224	0.1
1225	0.1
1226	0.1
1227	0.1
1228	0.1
1229	0.1
1230	0.1
1231	38.24853941662541
1232	38.24853941662541
1233	38.24853941662541
1234	38.24853941662541
1235	38.24853941662541
1236	38.24853941662541
1237	38.24853941662541
1238	38.24853941662541
1239	38.24853941662541
1240	38.24853941662541
1241	39.0
1242	39.0
1243	39.0
1244	39.0
1245	39.0
1246	39.0
1247	39.0
1248	39.0
1249	39.0
1250	39.0
1251	19.750227788012015
1252	19.750227788012015
1253	19.750227788012015
1254	19.750227788012015
1255	19.750227788012015
1256	19.750227788012015
1257	19.750227788012015
1258	39.0
1259	39.0
1260	39.0
1261	39.0
1262	39.0
1263	39.0
1264	39.0
1265	39.0
1266	39.0
1267	39.0
1268	39.0
1269	39.0
1270	39.0
1271	39.0
1272	39.0
1273	39.0
1274	39.0
