0	19.000960736395932
1	19.000960736395932
2	19.000960736395932
3	19.000960736395932
4	19.000960736395932
5	19.000960736395932
6	19.000960736395932
7	19.000960736395932
8	19.000960736395932
9	21.6
10	21.6
11	21.6
12	21.6
13	21.6
14	21.6
15	21.6
16	21.6
17	21.6
18	21.6
19	21.6
20	21.6
21	21.6
22	21.6
23	21.6
24	21.6
25	21.6
26	21.6
27	21.6
28	21.6
29	21.6
30	21.6
31	21.6
32	21.6
33	21.6
34	21.6
35	21.6
36	21.6
37	21.6
38	21.6
39	21.6
40	21.6
41	21.6
42	21.6
43	21.6
44	20.86525170452788
45	20.86525170452788
46	20.86525170452788
47	20.86525170452788
48	20.86525170452788
49	20.86525170452788
50	20.86525170452788
51	20.86525170452788
52	20.86525170452788
53	21.6
54	21.6
55	21.6
56	21.6
57	21.6
58	21.6
59	21.6
60	21.6
61	21.6
62	21.6
63	21.6
64	21.6
65	21.6
66	21.6
67	21.6
68	21.6
69	21.6
70	21.6
71	18.119518117950967
72	18.119518117950967
73	18.119518117950967
74	18.119518117950967
75	18.119518117950967
76	18.119518117950967
77	18.119518117950967
78	18.119518117950967
79	18.119518117950967
80	21.6
81	21.6
82	21.6
83	21.6
84	21.6
85	21.6
86	21.6
87	21.6
88	21.6
89	18.621850903443164
90	18.621850903443164
91	18.621850903443164
92	18.621850903443164
93	18.621850903443164
94	18.621850903443164
95	18.621850903443164
96	18.621850903443164
97	18.621850903443164
98	19.89632417193094
99	19.89632417193094
100	19.89632417193094
101	19.89632417193094
102	19.89632417193094
103	19.89632417193094
104	19.89632417193094
105	19.89632417193094
106	19.89632417193094
107	21.6
108	21.6
109	21.6
110	21.6
111	21.6
112	21.6
113	21.6
114	21.6
115	21.6
116	21.6
117	21.6
118	21.6
119	21.6
120	21.6
121	21.6
122	21.6
123	21.6
124	21.6
125	13.97240800652377
126	13.97240800652377
127	13.97240800652377
128	13.97240800652377
129	13.97240800652377
130	13.97240800652377
131	13.97240800652377
132	13.97240800652377
133	13.97240800652377
134	21.6
135	21.6
136	21.6
137	21.6
138	21.6
139	21.6
140	21.6
141	21.6
142	21.6
143	16.61366021493388
144	16.61366021493388
145	16.61366021493388
146	16.61366021493388
147	16.61366021493388
148	16.61366021493388
149	16.61366021493388
150	16.61366021493388
151	16.61366021493388
152	12.680254357536821
153	12.680254357536821
154	12.680254357536821
155	12.680254357536821
156	12.680254357536821
157	12.680254357536821
158	12.680254357536821
159	12.680254357536821
160	12.680254357536821
161	21.6
162	21.6
163	21.6
164	21.6
165	21.6
166	21.6
167	21.6
168	21.6
169	21.6
170	21.6
171	21.6
172	21.6
173	21.6
174	21.6
175	21.6
176	21.6
177	21.6
178	21.6
179	21.6
180	21.6
181	21.6
182	21.6
183	21.6
184	21.6
185	21.6
186	21.6
187	21.6
188	21.6
189	21.6
190	21.6
191	21.6
192	21.6
193	21.6
194	21.6
195	21.6
196	21.6
197	21.6
198	21.6
199	21.6
200	21.6
201	21.6
202	21.6
203	21.6
204	21.6
205	21.6
206	21.6
207	21.6
208	21.6
209	11.347754802082173
210	11.347754802082173
211	11.347754802082173
212	11.347754802082173
213	11.347754802082173
214	11.347754802082173
215	11.347754802082173
216	11.347754802082173
217	11.347754802082173
218	21.6
219	21.6
220	21.6
221	21.6
222	21.6
223	21.6
224	21.6
225	21.6
226	21.6
227	15.432041769895969
228	15.432041769895969
229	15.432041769895969
230	15.432041769895969
231	15.432041769895969
232	15.432041769895969
233	15.432041769895969
234	15.432041769895969
235	15.432041769895969
236	21.6
237	21.6
238	21.6
239	21.6
240	21.6
241	21.6
242	21.6
243	21.6
244	21.6
245	21.6
246	21.6
247	21.6
248	21.6
249	21.6
250	21.6
251	21.6
252	21.6
253	21.6
254	21.6
255	21.6
256	21.6
257	21.6
258	21.6
259	21.6
260	21.6
261	21.6
262	21.6
263	17.791482115821676
264	17.791482115821676
265	17.791482115821676
266	17.791482115821676
267	17.791482115821676
268	17.791482115821676
269	17.791482115821676
270	17.791482115821676
271	17.791482115821676
272	21.6
273	21.6
274	21.6
275	21.6
276	21.6
277	21.6
278	21.6
279	21.6
280	21.6
281	21.6
282	21.6
283	21.6
284	21.6
285	21.6
286	21.6
287	21.6
288	21.6
289	21.6
290	20.900953121754814
291	20.900953121754814
292	20.900953121754814
293	20.900953121754814
294	20.900953121754814
295	20.900953121754814
296	20.900953121754814
297	20.900953121754814
298	20.900953121754814
299	10.31799710047119
300	10.31799710047119
301	10.31799710047119
302	10.31799710047119
303	10.31799710047119
304	10.31799710047119
305	10.31799710047119
306	10.31799710047119
307	10.31799710047119
308	21.6
309	21.6
310	21.6
311	21.6
312	21.6
313	21.6
314	21.6
315	21.6
316	21.6
317	16.94754702263466
318	16.94754702263466
319	16.94754702263466
320	16.94754702263466
321	16.94754702263466
322	16.94754702263466
323	16.94754702263466
324	16.94754702263466
325	16.94754702263466
326	21.6
327	21.6
328	21.6
329	21.6
330	21.6
331	21.6
332	21.6
333	21.6
334	21.6
335	21.6
336	21.6
337	21.6
338	21.6
339	21.6
340	21.6
341	21.6
342	21.6
343	21.6
344	16.120760360748715
345	16.120760360748715
346	16.120760360748715
347	16.120760360748715
348	16.120760360748715
349	16.120760360748715
350	16.120760360748715
351	16.120760360748715
352	16.120760360748715
353	21.6
354	21.6
355	21.6
356	21.6
357	21.6
358	21.6
359	21.6
360	21.6
361	21.6
362	11.027394187510213
363	11.027394187510213
364	11.027394187510213
365	11.027394187510213
366	11.027394187510213
367	11.027394187510213
368	11.027394187510213
369	11.027394187510213
370	11.027394187510213
371	21.6
372	21.6
373	21.6
374	21.6
375	21.6
376	21.6
377	21.6
378	21.6
379	21.6
380	21.6
381	21.6
382	21.6
383	21.6
384	21.6
385	21.6
386	21.6
387	21.6
388	21.6
389	21.6
390	21.6
391	21.6
392	21.6
393	21.6
394	21.6
395	21.6
396	21.6
397	21.6
398	21.6
399	21.6
400	21.6
401	21.6
402	21.6
403	21.6
404	21.6
405	21.6
406	21.6
407	21.345161672796554
408	21.345161672796554
409	21.345161672796554
410	21.345161672796554
411	21.345161672796554
412	21.345161672796554
413	21.345161672796554
414	21.345161672796554
415	21.345161672796554
416	16.012578183397665
417	16.012578183397665
418	16.012578183397665
419	16.012578183397665
420	16.012578183397665
421	16.012578183397665
422	16.012578183397665
423	16.012578183397665
424	16.012578183397665
425	21.6
426	21.6
427	21.6
428	21.6
429	21.6
430	21.6
431	21.6
432	21.6
433	21.6
434	13.111485601577352
435	13.111485601577352
436	13.111485601577352
437	13.111485601577352
438	13.111485601577352
439	13.111485601577352
440	13.111485601577352
441	13.111485601577352
442	13.111485601577352
443	21.6
444	21.6
445	21.6
446	21.6
447	21.6
448	21.6
449	21.6
450	21.6
451	21.6
452	14.045132365746511
453	14.045132365746511
454	14.045132365746511
455	14.045132365746511
456	14.045132365746511
457	14.045132365746511
458	14.045132365746511
459	14.045132365746511
460	14.045132365746511
461	21.6
462	21.6
463	21.6
464	21.6
465	21.6
466	21.6
467	21.6
468	21.6
469	21.6
470	15.317029335498884
471	15.317029335498884
472	15.317029335498884
473	15.317029335498884
474	15.317029335498884
475	15.317029335498884
476	15.317029335498884
477	15.317029335498884
478	15.317029335498884
479	21.6
480	21.6
481	21.6
482	21.6
483	21.6
484	21.6
485	21.6
486	21.6
487	21.6
488	21.6
489	21.6
490	21.6
491	7.166456257079574
492	7.166456257079574
493	7.166456257079574
494	7.166456257079574
495	7.166456257079574
496	7.166456257079574
497	7.166456257079574
498	7.166456257079574
499	7.166456257079574
500	21.6
501	21.6
502	21.6
503	21.6
504	21.6
505	21.6
506	21.6
507	21.6
508	21.6
509	17.447975980763808
510	17.447975980763808
511	17.447975980763808
512	17.447975980763808
513	17.447975980763808
514	17.447975980763808
515	17.447975980763808
516	17.447975980763808
517	17.447975980763808
518	18.390271134578473
519	18.390271134578473
520	18.390271134578473
521	18.390271134578473
522	18.390271134578473
523	18.390271134578473
524	18.390271134578473
525	18.390271134578473
526	18.390271134578473
527	21.464967873814786
528	21.464967873814786
529	21.464967873814786
530	21.464967873814786
531	21.464967873814786
532	21.464967873814786
533	21.464967873814786
534	21.464967873814786
535	21.464967873814786
536	17.23707547135947
537	17.23707547135947
538	17.23707547135947
539	17.23707547135947
540	17.23707547135947
541	17.23707547135947
542	17.23707547135947
543	17.23707547135947
544	17.23707547135947
545	13.691599237817991
546	13.691599237817991
547	13.691599237817991
548	13.691599237817991
549	13.691599237817991
550	13.691599237817991
551	13.691599237817991
552	13.691599237817991
553	13.691599237817991
554	21.6
555	21.6
556	21.6
557	21.6
558	21.6
559	21.6
560	21.6
561	21.6
562	21.6
563	21.6
564	21.6
565	21.6
566	21.6
567	21.6
568	21.6
569	21.6
570	21.6
571	21.6
572	21.6
573	19.20276341014591
574	19.20276341014591
575	19.20276341014591
576	19.20276341014591
577	19.20276341014591
578	19.20276341014591
579	19.20276341014591
580	19.20276341014591
581	19.20276341014591
582	21.6
583	21.6
584	21.6
585	21.6
586	21.6
587	21.6
588	21.6
589	21.6
590	21.6
591	21.6
592	21.6
593	21.6
594	21.6
595	21.6
596	21.6
597	21.6
598	21.6
599	21.6
600	12.267274664115124
601	12.267274664115124
602	12.267274664115124
603	12.267274664115124
604	12.267274664115124
605	12.267274664115124
606	12.267274664115124
607	12.267274664115124
608	12.267274664115124
609	21.6
610	21.6
611	21.6
612	21.6
613	21.6
614	21.6
615	21.6
616	21.6
617	21.6
618	21.6
619	21.6
620	21.6
621	21.6
622	21.6
623	21.6
624	21.6
625	21.6
626	21.6
627	21.6
628	21.6
629	21.6
630	21.6
631	21.6
632	21.6
633	21.6
634	21.6
635	21.6
636	21.6
637	21.6
638	21.6
639	21.6
640	21.6
641	21.6
642	21.6
643	21.6
644	21.6
645	21.6
646	21.6
647	21.6
648	21.6
649	21.6
650	21.6
651	21.6
652	21.6
653	21.6
654	21.6
655	21.6
656	21.6
657	21.6
658	21.6
659	21.6
660	21.6
661	21.6
662	21.6
663	14.64948350759759
664	14.64948350759759
665	14.64948350759759
666	14.64948350759759
667	14.64948350759759
668	14.64948350759759
669	14.64948350759759
670	14.64948350759759
671	14.64948350759759
672	21.6
673	21.6
674	21.6
675	21.6
676	21.6
677	21.6
678	21.6
679	21.6
680	21.6
681	6.141052001947692
682	6.141052001947692
683	6.141052001947692
684	6.141052001947692
685	6.141052001947692
686	6.141052001947692
687	6.141052001947692
688	6.141052001947692
689	6.141052001947692
690	5.644053236149555
691	5.644053236149555
692	5.644053236149555
693	5.644053236149555
694	5.644053236149555
695	5.644053236149555
696	5.644053236149555
697	5.644053236149555
698	5.644053236149555
699	10.554475668212719
700	10.554475668212719
701	10.554475668212719
702	10.554475668212719
703	10.554475668212719
704	10.554475668212719
705	10.554475668212719
706	10.554475668212719
707	10.554475668212719
708	14.26986327984925
709	14.26986327984925
710	14.26986327984925
711	14.26986327984925
712	14.26986327984925
713	14.26986327984925
714	14.26986327984925
715	14.26986327984925
716	14.26986327984925
717	21.6
718	21.6
719	21.6
720	21.6
721	21.6
722	21.6
723	21.6
724	21.6
725	21.6
726	19.070127569844615
727	19.070127569844615
728	19.070127569844615
729	19.070127569844615
730	19.070127569844615
731	19.070127569844615
732	19.070127569844615
733	19.070127569844615
734	19.070127569844615
735	11.248421391403706
736	11.248421391403706
737	11.248421391403706
738	11.248421391403706
739	11.248421391403706
740	11.248421391403706
741	11.248421391403706
742	11.248421391403706
743	11.248421391403706
744	7.0441612562898985
745	7.0441612562898985
746	7.0441612562898985
747	7.0441612562898985
748	7.0441612562898985
749	7.0441612562898985
750	7.0441612562898985
751	7.0441612562898985
752	7.0441612562898985
753	21.6
754	21.6
755	21.6
756	21.6
757	21.6
758	21.6
759	21.6
760	21.6
761	21.6
762	21.122315975998866
763	21.122315975998866
764	21.122315975998866
765	21.122315975998866
766	21.122315975998866
767	21.122315975998866
768	21.122315975998866
769	21.122315975998866
770	21.122315975998866
771	21.6
772	21.6
773	21.6
774	21.6
775	21.6
776	21.6
777	21.6
778	21.6
779	21.6
780	16.07929205388548
781	16.07929205388548
782	16.07929205388548
783	16.07929205388548
784	16.07929205388548
785	16.07929205388548
786	16.07929205388548
787	16.07929205388548
788	16.07929205388548
789	15.262813640719962
790	15.262813640719962
791	15.262813640719962
792	15.262813640719962
793	15.262813640719962
794	15.262813640719962
795	15.262813640719962
796	15.262813640719962
797	15.262813640719962
798	11.832951213407672
799	11.832951213407672
800	11.832951213407672
801	11.832951213407672
802	11.832951213407672
803	11.832951213407672
804	11.832951213407672
805	11.832951213407672
806	11.832951213407672
807	21.6
808	21.6
809	21.6
810	21.6
811	21.6
812	21.6
813	21.6
814	21.6
815	21.6
816	16.50847427668094
817	16.50847427668094
818	16.50847427668094
819	16.50847427668094
820	16.50847427668094
821	16.50847427668094
822	16.50847427668094
823	16.50847427668094
824	16.50847427668094
825	14.15237742450538
826	14.15237742450538
827	14.15237742450538
828	14.15237742450538
829	14.15237742450538
830	14.15237742450538
831	14.15237742450538
832	14.15237742450538
833	14.15237742450538
834	17.352744775318232
835	17.352744775318232
836	17.352744775318232
837	17.352744775318232
838	17.352744775318232
839	17.352744775318232
840	17.352744775318232
841	17.352744775318232
842	17.352744775318232
843	4.430102593301012
844	4.430102593301012
845	4.430102593301012
846	4.430102593301012
847	4.430102593301012
848	4.430102593301012
849	4.430102593301012
850	4.430102593301012
851	4.430102593301012
852	20.87417276037168
853	20.87417276037168
854	20.87417276037168
855	20.87417276037168
856	20.87417276037168
857	20.87417276037168
858	20.87417276037168
859	20.87417276037168
860	20.87417276037168
861	16.10316885584606
862	16.10316885584606
863	16.10316885584606
864	16.10316885584606
865	16.10316885584606
866	16.10316885584606
867	16.10316885584606
868	16.10316885584606
869	16.10316885584606
870	20.488724089167878
871	20.488724089167878
872	20.488724089167878
873	20.488724089167878
874	20.488724089167878
875	20.488724089167878
876	20.488724089167878
877	20.488724089167878
878	20.488724089167878
879	9.601705617987896
880	9.601705617987896
881	9.601705617987896
882	9.601705617987896
883	9.601705617987896
884	9.601705617987896
885	9.601705617987896
886	9.601705617987896
887	9.601705617987896
888	21.6
889	21.6
890	21.6
891	21.6
892	21.6
893	21.6
894	21.6
895	21.6
896	21.6
897	15.777069979712511
898	15.777069979712511
899	15.777069979712511
900	15.777069979712511
901	15.777069979712511
902	15.777069979712511
903	15.777069979712511
904	15.777069979712511
905	15.777069979712511
906	6.1113389994135865
907	6.1113389994135865
908	6.1113389994135865
909	6.1113389994135865
910	6.1113389994135865
911	6.1113389994135865
912	6.1113389994135865
913	6.1113389994135865
914	6.1113389994135865
915	21.227080685233187
916	21.227080685233187
917	21.227080685233187
918	21.227080685233187
919	21.227080685233187
920	21.227080685233187
921	21.227080685233187
922	21.227080685233187
923	21.227080685233187
924	21.6
925	21.6
926	21.6
927	21.6
928	21.6
929	21.6
930	21.6
931	21.6
932	21.6
933	21.6
934	21.6
935	21.6
936	21.6
937	21.6
938	21.6
939	21.6
940	21.6
941	21.6
942	18.713993302683935
943	18.713993302683935
944	18.713993302683935
945	18.713993302683935
946	18.713993302683935
947	18.713993302683935
948	18.713993302683935
949	18.713993302683935
950	18.713993302683935
951	21.6
952	21.6
953	21.6
954	21.6
955	21.6
956	21.6
957	21.6
958	21.6
959	21.6
960	19.12749787502044
961	19.12749787502044
962	19.12749787502044
963	19.12749787502044
964	19.12749787502044
965	19.12749787502044
966	19.12749787502044
967	19.12749787502044
968	19.12749787502044
969	16.099193755765373
970	16.099193755765373
971	16.099193755765373
972	16.099193755765373
973	16.099193755765373
974	16.099193755765373
975	16.099193755765373
976	16.099193755765373
977	16.099193755765373
978	14.717011594612082
979	14.717011594612082
980	14.717011594612082
981	14.717011594612082
982	14.717011594612082
983	14.717011594612082
984	14.717011594612082
985	14.717011594612082
986	14.717011594612082
987	21.6
988	21.6
989	21.6
990	21.6
991	21.6
992	21.6
993	21.6
994	21.6
995	21.6
996	21.6
997	21.6
998	21.6
999	21.6
1000	21.6
1001	21.6
1002	21.6
1003	21.6
1004	21.6
1005	18.04613316208175
1006	18.04613316208175
1007	18.04613316208175
1008	18.04613316208175
1009	18.04613316208175
1010	18.04613316208175
1011	18.04613316208175
1012	18.04613316208175
1013	18.04613316208175
1014	13.790099100713004
1015	13.790099100713004
1016	13.790099100713004
1017	13.790099100713004
1018	13.790099100713004
1019	13.790099100713004
1020	13.790099100713004
1021	13.790099100713004
1022	13.790099100713004
1023	21.6
1024	21.6
1025	21.6
1026	21.6
1027	21.6
1028	21.6
1029	21.6
1030	21.6
1031	21.6
1032	6.655965914567547
1033	6.655965914567547
1034	6.655965914567547
1035	6.655965914567547
1036	6.655965914567547
1037	6.655965914567547
1038	6.655965914567547
1039	6.655965914567547
1040	6.655965914567547
1041	20.57902660015482
1042	20.57902660015482
1043	20.57902660015482
1044	20.57902660015482
1045	20.57902660015482
1046	20.57902660015482
1047	20.57902660015482
1048	20.57902660015482
1049	20.57902660015482
1050	1.888403504167325
1051	1.888403504167325
1052	1.888403504167325
1053	1.888403504167325
1054	1.888403504167325
1055	1.888403504167325
1056	1.888403504167325
1057	1.888403504167325
1058	1.888403504167325
1059	16.55255583271443
1060	16.55255583271443
1061	16.55255583271443
1062	16.55255583271443
1063	16.55255583271443
1064	16.55255583271443
1065	16.55255583271443
1066	16.55255583271443
1067	16.55255583271443
1068	16.381706542520096
1069	16.381706542520096
1070	16.381706542520096
1071	16.381706542520096
1072	16.381706542520096
1073	16.381706542520096
