0.0	0.7599259860878075
7.25999999046	0.42132046437268295
10.3099999428	0.2987111923033903
11.7100000381	3.038802385037382
14.3199999332	1.595317357957091
16.6699998379	0.6988814644335688
18.1599998474	1.0374136938195457
20.7000000477	1.2240353205109393
23.0799999237	1.2370555515775585
25.2599999905	0.5932267603952736
28.2100000381	0.7728042009726442
31.0899999142	0.4150220800823571
35.4500000477	0.4371169594245547
40.0399999619	0.11675135756967976
44.4400000572	0.3138235105796871
47.6800000668	0.5332292224922015
50.2699999809	0.9795290498461542
53.5199999809	0.6517831881701108
56.0	0.6995176384709211
59.0199999809	0.529958431320986
61.2699999809	0.6197539528827154
63.9500000477	0.5537461694717155
68.379999876	0.46188096729987677
70.8999998569	1.0870587552554998
72.879999876	1.173983039318095
74.6399998665	1.0950187840086332
75.6499998569	1.0331190736865348
77.7300000191	2.2441463825937893
80.4600000381	0.8352739701633939
83.3299999237	1.0340726780430123
86.7799999714	0.5287330372778142
89.9400000572	0.7123938748203097
92.6699998379	0.7969303571796769
95.9400000572	0.8432207075302178
98.0699999332	1.1249770785825286
100.24000001	0.6046067263157724
102.029999971	1.6812280617621886
103.799999952	1.6362309199897904
106.00999999	0.5572465824647824
107.859999895	1.3096183982678216
111.569999933	1.102259360762739
116.289999962	0.34820446279004363
120.460000038	0.6415022678287301
124.899999857	0.6436148678365063
128.769999981	0.5276170920608859
132.559999943	0.663964566662192
137.200000048	0.48830757000067815
142.730000019	0.5934547474103207
147.470000029	0.6952046985255037
151.049999952	0.8930303504662064
154.470000029	0.5141315353921504
156.690000057	0.6431181552510364
159.940000057	1.2417838017109828
164.149999857	0.5031493906890275
168.75	0.8509386375513865
172.279999971	0.6579562857279445
174.5	0.7182892169687173
175.349999905	0.8349882687026142
178.529999971	0.8320062974991903
181.419999838	0.7447448775876839
183.419999838	1.514555622728445
184.079999924	1.4250154393787213
184.539999962	1.8176340072867456
185.230000019	1.9908561097572859
189.519999981	1.5184900110426054
192.210000038	1.0310851359923496
195.559999943	0.6735045286344452
199.649999857	0.38939705719635087
201.700000048	1.4829157096534566
203.899999857	1.2169563285057
205.25	1.0566654843860654
206.549999952	1.5489466577353403
208.129999876	1.7913996574566904
209.720000029	2.43438860587805
211.169999838	2.171696355043739
212.289999962	1.8914085024271248
213.909999847	1.7737934321283602
215.430000067	1.0996238503636921
216.869999886	1.8252351594755227
217.950000048	1.6552353099419415
219.200000048	2.239374872279772
220.579999924	1.6975931068300167
222.230000019	1.1718151518273343
223.430000067	1.916860877418408
225.269999981	0.9436455639210026
226.309999943	1.0618755209530624
227.909999847	1.1515793437093025
230.169999838	1.2268471181231095
233.139999866	0.9047765386445572
236.639999866	0.5318757010192993
239.779999971	0.6161071964716262
242.029999971	0.9443519986148599
244.559999943	1.1029850589416155
246.789999962	0.9588305568342051
248.309999943	1.3079929123952365
249.849999905	1.299785409938323
251.710000038	0.8967378828496402
253.799999952	1.0573536092214195
256.24000001	1.4106609636937222
258.039999962	0.5032632852841937
259.74000001	1.2597968984301635
261.450000048	1.2812119048287298
263.049999952	2.0576492609279726
265.0	1.3937899765493287
266.289999962	2.462045749439988
268.190000057	0.6637521653642703
269.970000029	1.4784948928895034
271.809999943	1.1986671388905668
273.700000048	1.7715940975836477
275.599999905	1.3774913428510545
277.529999971	1.386741376914081
279.430000067	1.510169599177759
281.029999971	0.970693372244648
282.980000019	1.0620405475093293
284.819999933	1.0980568375973416
286.25	2.130506664333808
287.700000048	2.5380335755885284
289.049999952	1.0017616861063292
290.74000001	1.4646877560724676
292.539999962	0.7672819799974763
294.329999924	1.1827072088201542
296.25999999	0.915981785540328
297.470000029	1.0158803365071283
301.680000067	1.0143122514539846
305.359999895	0.5806279014984831
