0.0	1.7794464790972615
2.36000013351	1.2156907557236143
3.61000013351	1.0209738399992045
5.16000008583	1.9275686739501507
6.83000016212	1.3763517853497422
8.50999999046	1.9069500812477254
9.5	1.5920253449150599
10.6800000668	1.301608618054266
12.1900000572	1.122282741853184
14.0199999809	1.9543273605831766
15.4800000191	2.4409925275739264
16.5599999428	3.016522563957763
18.2000000477	2.9895982770528966
19.370000124	1.3367549098490608
20.9900000095	1.4884191391459332
22.25	2.0797389835889106
23.8400001526	1.6579590608454988
25.2599999905	1.9456343646726852
26.9800000191	1.1218315903407796
28.2999999523	1.7699845807419317
30.2200000286	2.1755537585964673
31.2100000381	2.8117964949211736
32.4800000191	1.655718410249458
34.2699999809	1.3046962965756916
36.25	1.2635629591589348
38.1800000668	0.34754351376407655
39.7999999523	1.8019774498395704
41.2000000477	0.7948120817449068
45.9700000286	0.5917662994332195
49.9800000191	0.7666408560073604
54.0499999523	0.42090125802107703
57.4200000763	0.4503898658054829
62.1600000858	0.4166919196491106
65.8500001431	0.4682802152339562
70.7999999523	0.5374138489302294
73.6400001049	0.9001766672178135
78.0599999428	0.42098993928508543
83.5499999523	0.32956108094171466
87.620000124	0.813193640458626
89.7400000095	1.4469394612262494
91.2000000477	2.2559704975103125
93.0499999523	1.3343852815160384
95.1300001144	0.895403234994722
97.9100000858	0.6385192648747586
102.100000143	0.4243835320036264
107.360000134	0.3396517463892687
111.860000134	0.7030263569800114
116.519999981	0.31717411051299477
120.289999962	0.7514515391908122
124.690000057	0.4294460586347907
130.24000001	0.41578470657083866
133.200000048	0.9256057124640714
135.769999981	0.8512322424923081
139.789999962	0.5220279290142366
142.50999999	1.3644144766086723
146.74000001	0.9586489532027097
151.460000038	0.6699320120203435
154.950000048	0.5062974212667841
156.0	1.1123092301663964
160.660000086	0.46953569854559984
162.840000153	1.75340130949461
165.50999999	0.9503920645539491
166.309999943	0.26761022961951103
166.890000105	1.392230638583238
168.080000162	0.8921082964054332
175.049999952	0.8674819602813558
179.059999943	0.9830509754745184
180.289999962	2.020803923909388
182.150000095	1.2278075798584849
183.580000162	1.3908019952432773
185.390000105	1.870323745588859
186.450000048	2.1707283741727506
187.620000124	1.4472916499898398
189.150000095	1.2301271171583592
190.5	2.5796060900825495
192.00999999	0.8952631727049531
193.210000038	1.877805821501417
194.930000067	1.8399003021996647
196.600000143	0.9433319748033689
198.650000095	1.344609208538708
200.25999999	1.5677004402432675
201.820000172	1.5641622833516897
203.320000172	1.2985457529323008
205.080000162	1.2287923242815737
206.340000153	1.7206704450093389
208.50999999	1.8138061110915653
209.620000124	1.2417727600053399
211.700000048	0.49889063039499065
215.160000086	0.619845746828878
219.100000143	0.7187193708116718
221.200000048	0.9381645080925619
223.480000019	1.2762512314705845
225.070000172	1.2090269089399288
227.99000001	1.1582659963163016
230.430000067	1.2002217670224908
232.309999943	1.6428147675872282
233.940000057	1.4148484764155524
235.820000172	1.641282726875209
237.5	1.3833400790919095
239.50999999	1.3129577390044125
241.070000172	0.3383730412954281
242.950000048	1.1826288294055847
244.720000029	0.8024544347314619
246.210000038	0.7139769696064012
248.299999952	1.511695964302618
249.960000038	0.9339107229784465
252.370000124	0.7306240947195068
254.25	1.967202877928037
256.180000067	0.7388202205475692
258.160000086	1.1028780184441265
259.890000105	1.0427857559861968
261.920000076	1.0551400787926442
263.580000162	1.3991701325157488
265.630000114	0.9773474219228966
267.289999962	1.7926744621243844
269.180000067	0.9418217242960032
270.5	1.011426941947407
271.850000143	1.4233912169276648
273.059999943	2.7291008335516946
274.180000067	3.190197283908835
275.620000124	1.7405292360839675
276.860000134	2.4600682910606384
277.920000076	0.678416359679915
278.380000114	1.7305627277238518
280.299999952	0.9354655011142663
281.940000057	1.7025039261305481
283.590000153	1.1411671583918386
284.150000095	1.9346079398717366
284.580000162	2.265306507087892
285.450000048	1.5691605023384083
292.50999999	1.993500004522085
294.630000114	1.4866400420695023
296.080000162	1.5195953975467016
297.809999943	1.2512597151774043
299.380000114	0.9104229273637798
301.590000153	1.6443914100838275
302.700000048	1.9310094180913786
303.890000105	1.0865875102060951
305.380000114	2.6159945307015415
307.25999999	1.1264122441509465
308.99000001	1.9252487868251618
310.25	1.911032858047493
312.289999962	0.7614203565220435
313.799999952	1.544481632100647
