0.0	0.8264286548957263
2.74000000954	1.5623652962304524
6.54999995232	0.8586841557685818
8.29999995232	1.2920644600922275
10.3899998665	2.2269737588284846
12.0999999046	1.276803226439377
13.5099999905	2.4747412536594333
14.8099999428	1.2633752285035311
17.5199999809	0.8383727184691707
22.1099998951	0.1839849873970175
23.3999998569	2.632785192396958
24.9099998474	3.5867133033996343
26.2599999905	2.842386834777354
27.7100000381	3.697435735218628
29.7599999905	0.2873356492323522
31.6199998856	2.358771558946678
33.5299999714	1.2558032809858986
35.25	1.0198597880505578
37.5199999809	0.4093723399714154
39.0199999809	1.7767043350085776
39.5299999714	4.461191622791064
40.2999999523	2.1924626777581544
41.4099998474	2.9626990956870873
42.6499998569	4.433732938264123
44.2300000191	2.138846653084345
45.4400000572	1.8916833547248633
46.1099998951	4.963750492957967
47.5799999237	2.3284199991910173
49.2999999523	2.103772945195778
50.5599999428	1.574915993611735
51.6599998474	2.1437637673475907
52.6399998665	5.895281017566561
53.5	1.7344505536219688
54.4800000191	3.0937379060739634
55.2100000381	3.2777668113792253
55.8699998856	8.617514304841661
56.6199998856	5.3884250346790985
57.5099999905	0.2636386887736101
58.5	4.912647540903217
59.2400000095	4.1104838459775355
60.0899999142	2.716604578336701
60.7599999905	1.056536426703865
61.5399999619	5.907239514123327
62.3899998665	5.406212606551209
63.2200000286	4.337984375033664
63.9400000572	4.615135375930221
64.6399998665	3.0946532879847424
65.2899999619	4.960040265962148
66.0	7.632293086665632
67.0799999237	2.7473413363166794
68.0699999332	1.9063095570675594
68.9600000381	5.009105641114743
69.9900000095	2.9116617548088275
70.8499999046	0.5860833203342247
72.129999876	2.5466515521512667
73.2000000477	2.303696719778871
74.1499998569	1.852641472051282
74.5	5.511303724250402
75.8499999046	2.371329469746061
76.7799999714	6.947332594056595
77.7000000477	4.793071079101359
78.0799999237	1.6596111563222062
78.4199998379	1.2798393127061316
78.9700000286	3.5923345054620137
81.8499999046	1.6053736545324662
84.9500000477	0.9297298572672574
86.3099999428	0.8307695120072628
89.629999876	0.5438563221643902
92.5899999142	0.6105595793431974
96.0099999905	1.1238437477441245
97.9199998379	0.3627741155236349
99.3899998665	1.9962915403300738
101.710000038	2.120228221370433
103.450000048	2.765790768277588
104.649999857	0.003985398238510932
105.559999943	4.9665725090603745
106.680000067	1.2082391411918818
107.460000038	2.3305822769653664
108.190000057	2.4170667178775784
108.789999962	4.008521701902905
109.569999933	4.702403820631308
110.279999971	5.971649714934632
111.039999962	4.976933636418997
112.00999999	3.1408889821817008
113.659999847	1.962258381550645
114.289999962	5.970559105395186
114.940000057	5.511149543194505
115.859999895	3.1801529931343024
117.399999857	2.1148500058988837
118.839999914	2.9644021578456443
120.659999847	3.867545224608141
121.960000038	0.39320369133489547
123.74000001	3.643057598482067
124.829999924	2.4997784806211585
125.899999857	1.5122811880943365
126.849999905	3.444591521281255
128.329999924	2.133097930139663
129.579999924	3.2611985888675044
131.00999999	1.7249173578560661
132.379999876	1.853211299535329
133.869999886	1.287663932494094
135.359999895	3.542938732520934
137.109999895	2.1989399469012545
138.210000038	2.773636937690898
139.309999943	1.3474110955967245
140.680000067	0.3101859579752071
142.190000057	3.075006808018061
143.629999876	3.7469133248046513
144.950000048	1.2543953871722622
146.299999952	3.121333898542565
147.379999876	3.7643597382502607
148.639999866	3.680585249798716
149.839999914	1.3789920548327554
151.75	3.217634208557798
153.879999876	1.3008810213911344
156.440000057	1.2255027681143529
157.629999876	3.8598679449121
158.619999886	1.6950048299200455
159.49000001	2.1688025017980044
160.559999943	1.702437706658484
161.440000057	6.516355975598224
162.069999933	5.383765289260832
162.389999866	5.3145847138364575
163.519999981	4.634939533778085
164.430000067	1.630914833538785
165.279999971	1.8726594153060734
165.619999886	4.79497357572051
165.899999857	7.515329623072882
166.319999933	6.8975396338811255
168.549999952	3.1444430822020486
170.789999962	0.6249391133597901
174.529999971	0.6891266487908857
180.879999876	0.6123696026446409
183.940000057	1.0768354016298642
185.49000001	3.5136376200545563
186.440000057	4.615288051544854
187.359999895	6.125208251305689
188.349999905	4.009006977629276
189.25999999	2.052101807085937
189.889999866	5.877425409170997
190.5	3.8319539405522565
191.269999981	0.9711639890651781
191.889999866	5.558574777281062
192.399999857	6.0620234555600625
192.789999962	4.214487664743596
193.269999981	9.274272606393142
193.730000019	5.914399412349017
194.269999981	4.666976285644521
194.75999999	3.2740851645434565
195.399999857	8.831981070307481
195.789999962	0.8111317360382521
196.279999971	8.288116615622338
196.909999847	1.5444387408850362
197.49000001	10.860080435781496
197.980000019	13.105869324702875
198.629999876	6.181437909210998
199.099999905	3.5707079427099364
199.75999999	5.822148852362349
200.470000029	4.571839587029936
201.109999895	6.810342586842004
201.599999905	6.355087905794403
202.180000067	1.6559324358975571
202.720000029	2.0160062959797127
203.470000029	7.909191351554522
204.180000067	4.896132500359571
204.730000019	3.814455544880932
205.319999933	0.723193683845725
205.970000029	5.727427275087738
206.519999981	1.3293010702251553
206.970000029	3.2907960275802663
207.609999895	8.09420190098935
208.190000057	5.046990818244754
208.909999847	3.3205438969056105
209.690000057	4.7840357369810524
210.399999857	2.470187412036197
211.069999933	3.9227622374626137
211.730000019	6.3176508798694515
212.470000029	4.70211951503779
213.480000019	4.161952775738423
214.50999999	1.3317767895097778
215.75999999	1.2690679712383284
217.220000029	3.9652752076371875
219.329999924	1.564140145575099
220.859999895	1.3296348956615562
224.5	0.4908697009021503
226.099999905	2.3467867331983037
227.049999952	1.8191182618000108
227.710000038	2.213930830369408
229.569999933	4.460833051321497
230.889999866	2.5231934132422165
232.639999866	1.9245351083339193
233.609999895	2.2454599132100097
234.299999952	0.8912719558770533
235.069999933	0.9803599510731786
238.599999905	2.6366473836109963
240.25999999	2.3510427492011
241.039999962	3.9711082670630113
242.049999952	3.3207619615092248
242.919999838	5.543740408164082
243.940000057	5.642508384301796
244.579999924	4.885463437196018
245.279999971	0.8691150602563477
246.079999924	8.123662739997304
247.389999866	2.7415993413907427
248.409999847	2.6068885956739387
249.099999905	2.137861036528039
249.819999933	7.634153570602959
250.440000057	0.33971833550021824
251.059999943	1.3178734662109035
251.659999847	7.118837328180682
252.430000067	6.382894967337312
253.299999952	5.326201546348341
254.379999876	3.7605497916835087
255.460000038	1.1357498260486076
256.419999838	0.7388224722045071
256.909999847	1.4549536988355078
257.619999886	2.995255827628174
258.720000029	5.071337315619665
260.559999943	2.3484233796723393
262.49000001	1.5966083184921749
264.299999952	0.2173205595484321
265.889999866	1.0425304968952496
268.680000067	0.7912658993544958
271.919999838	0.9799356921281349
276.980000019	0.5223840004437054
279.710000038	1.9913710904761235
282.690000057	1.1200964786828704
285.799999952	0.028986297319280454
288.279999971	1.3982253291796296
289.5	2.8384986069243126
291.470000029	0.8659598342580498
294.909999847	1.189010170053163
298.809999943	1.3170336062880685
