0	0.2
1	0.2
2	0.2
3	0.2
4	0.1
5	0.1
6	0.1
7	0.1
8	0.1
9	0.1
10	0.1
11	0.1
12	0.1940374595045253
13	0.1940374595045253
14	0.1940374595045253
15	0.1940374595045253
16	0.1
17	0.1
18	0.1
19	0.1
20	0.2
21	0.2
22	0.2
23	0.2
24	0.1763022800853895
25	0.1763022800853895
26	0.1763022800853895
27	0.1763022800853895
28	0.2
29	0.2
30	0.2
31	0.2
32	0.1314119750264626
33	0.1314119750264626
34	0.1314119750264626
35	0.1314119750264626
36	0.2
37	0.2
38	0.2
39	0.2
40	0.2
41	0.2
42	0.2
43	0.2
44	0.1
45	0.1
46	0.1
47	0.1
48	0.19002898895263648
49	0.19002898895263648
50	0.19002898895263648
51	0.19002898895263648
52	0.2
53	0.2
54	0.2
55	0.2
56	0.2
57	0.2
58	0.2
59	0.2
60	0.1
61	0.1
62	0.1
63	0.1
64	0.2
65	0.2
66	0.2
67	0.2
68	0.2
69	0.2
70	0.2
71	0.2
72	0.16184163878374574
73	0.16184163878374574
74	0.16184163878374574
75	0.16184163878374574
76	0.1
77	0.1
78	0.1
79	0.1
80	0.19850976485840266
81	0.19850976485840266
82	0.19850976485840266
83	0.19850976485840266
84	0.2
85	0.2
86	0.2
87	0.2
88	0.2
89	0.2
90	0.2
91	0.2
92	0.2
93	0.2
94	0.2
95	0.2
96	0.2
97	0.2
98	0.2
99	0.2
100	0.1
101	0.1
102	0.1
103	0.1
104	0.2
105	0.2
106	0.2
107	0.2
108	0.2
109	0.2
110	0.2
111	0.2
112	0.2
113	0.2
114	0.2
115	0.2
116	0.12760465774741325
117	0.12760465774741325
118	0.12760465774741325
119	0.12760465774741325
120	0.2
121	0.2
122	0.2
123	0.2
124	0.2
125	0.2
126	0.2
127	0.2
128	0.17286271997357322
129	0.17286271997357322
130	0.17286271997357322
131	0.17286271997357322
132	0.2
133	0.2
134	0.2
135	0.2
136	0.2
137	0.2
138	0.2
139	0.2
140	0.2
141	0.2
142	0.2
143	0.2
144	0.2
145	0.2
146	0.2
147	0.2
148	0.2
149	0.2
150	0.2
151	0.2
152	0.1
153	0.1
154	0.1
155	0.1
156	0.1
157	0.1
158	0.1
159	0.1
160	0.2
161	0.2
162	0.2
163	0.2
164	0.2
165	0.2
166	0.2
167	0.2
168	0.1841186981600534
169	0.1841186981600534
170	0.1841186981600534
171	0.1841186981600534
172	0.2
173	0.2
174	0.2
175	0.2
176	0.1
177	0.1
178	0.1
179	0.1
180	0.2
181	0.2
182	0.2
183	0.2
184	0.19519381320563928
185	0.19519381320563928
186	0.19519381320563928
187	0.19519381320563928
188	0.2
189	0.2
190	0.2
191	0.2
192	0.2
193	0.2
194	0.2
195	0.2
196	0.17506594343113463
197	0.17506594343113463
198	0.17506594343113463
199	0.17506594343113463
