0	0.7
1	0.7
2	0.5661727982072304
3	0.5661727982072304
4	0.38102291827413637
5	0.38102291827413637
6	0.7
7	0.7
8	0.6441970854813749
9	0.6441970854813749
10	0.6639793369426163
11	0.6639793369426163
12	0.4595830109984613
13	0.4595830109984613
14	0.6077356301852824
15	0.6077356301852824
16	0.7
17	0.7
18	0.47996954362859034
19	0.47996954362859034
20	0.7
21	0.7
22	0.7
23	0.7
24	0.7
25	0.7
26	0.7
27	0.7
28	0.7
29	0.7
30	0.7
31	0.7
32	0.5080294500446348
33	0.5080294500446348
34	0.6949015530899796
35	0.6949015530899796
36	0.3940524834508255
37	0.3940524834508255
38	0.7
39	0.7
40	0.7
41	0.7
42	0.6837543232127874
43	0.6837543232127874
44	0.7
45	0.7
46	0.4875648688912416
47	0.4875648688912416
48	0.5688186793147184
49	0.5688186793147184
50	0.42023680254284035
51	0.42023680254284035
52	0.7
53	0.7
54	0.23835787738568498
55	0.23835787738568498
56	0.7
57	0.7
58	0.7
59	0.7
60	0.7
61	0.7
62	0.4226791924397309
63	0.4226791924397309
64	0.7
65	0.7
66	0.30632316021125033
67	0.30632316021125033
68	0.5518865014037817
69	0.5518865014037817
70	0.7
71	0.7
72	0.7
73	0.7
74	0.7
75	0.7
76	0.6447546662223445
77	0.6447546662223445
78	0.7
79	0.7
80	0.7
81	0.7
82	0.45444208378264084
83	0.45444208378264084
84	0.6409668682959191
85	0.6409668682959191
86	0.33406114276157944
87	0.33406114276157944
88	0.7
89	0.7
90	0.7
91	0.7
92	0.7
93	0.7
94	0.7
95	0.7
96	0.5975961741566295
97	0.5975961741566295
98	0.5078447632696778
99	0.5078447632696778
100	0.7
101	0.7
102	0.5706555199575198
103	0.5706555199575198
104	0.7
105	0.7
106	0.34040744515821364
107	0.34040744515821364
108	0.2837260049065215
109	0.2837260049065215
110	0.7
111	0.7
112	0.7
113	0.7
114	0.7
115	0.7
116	0.4260168353352167
117	0.4260168353352167
118	0.47416229193845094
119	0.47416229193845094
120	0.7
121	0.7
122	0.7
123	0.7
124	0.7
125	0.7
126	0.5315753507997789
127	0.5315753507997789
128	0.520308207400663
129	0.520308207400663
130	0.474629488798296
131	0.474629488798296
132	0.7
133	0.7
134	0.7
135	0.7
136	0.6612412942736072
137	0.6612412942736072
138	0.7
139	0.7
140	0.4376456679502835
141	0.4376456679502835
142	0.4929428383459066
143	0.4929428383459066
144	0.7
145	0.7
146	0.7
147	0.7
148	0.7
149	0.7
150	0.7
151	0.7
152	0.7
153	0.7
154	0.7
155	0.7
156	0.5014186004334639
157	0.5014186004334639
158	0.5340508832092884
159	0.5340508832092884
160	0.399944464746836
161	0.399944464746836
162	0.1
163	0.1
164	0.5931946644479057
165	0.5931946644479057
166	0.1
167	0.1
168	0.4955516560880012
169	0.4955516560880012
170	0.42699923678648216
171	0.42699923678648216
172	0.7
173	0.7
174	0.7
175	0.7
176	0.7
177	0.7
178	0.5812179639326623
179	0.5812179639326623
180	0.5484681751431901
181	0.5484681751431901
182	0.18187387478154593
183	0.18187387478154593
184	0.6476034812445084
185	0.6476034812445084
186	0.6368566760952229
187	0.6368566760952229
188	0.36699605903101795
189	0.36699605903101795
190	0.7
191	0.7
192	0.7
193	0.7
194	0.7
195	0.7
196	0.6015553770697535
197	0.6015553770697535
198	0.5793371650511587
199	0.5793371650511587
