0	2.012974209834416
1	2.012974209834416
2	2.012974209834416
3	2.012974209834416
4	2.012974209834416
5	1.714177846768051
6	1.714177846768051
7	2.3606292890989917
8	2.3606292890989917
9	2.3606292890989917
10	2.3606292890989917
11	2.3606292890989917
12	2.8
13	2.8
14	2.8
15	2.8
16	2.8
17	2.113514308183144
18	2.113514308183144
19	2.113514308183144
20	2.113514308183144
21	2.113514308183144
22	2.0807312124816315
23	2.0807312124816315
24	2.0807312124816315
25	2.0807312124816315
26	2.0807312124816315
27	1.868300574553694
28	1.868300574553694
29	1.868300574553694
30	1.868300574553694
31	1.868300574553694
32	2.1545908012788675
33	2.1545908012788675
34	2.1545908012788675
35	2.1545908012788675
36	2.1545908012788675
37	2.0874614185833016
38	2.0874614185833016
39	2.0874614185833016
40	2.0874614185833016
41	2.0874614185833016
42	2.333449028054798
43	2.333449028054798
44	2.333449028054798
45	2.333449028054798
46	2.333449028054798
47	1.4076419878174475
48	1.4076419878174475
49	1.4076419878174475
50	2.212655800463866
51	2.212655800463866
52	2.212655800463866
53	2.212655800463866
54	2.212655800463866
55	2.2741058689356333
56	2.2741058689356333
57	2.2741058689356333
58	2.2741058689356333
59	2.2741058689356333
60	2.785442284044093
61	2.785442284044093
62	2.785442284044093
63	2.785442284044093
64	2.785442284044093
65	2.2450556858755086
66	2.2450556858755086
67	2.2450556858755086
68	2.2450556858755086
69	2.2450556858755086
70	2.7325307452937047
71	2.7325307452937047
72	2.7325307452937047
73	2.7325307452937047
74	2.7325307452937047
75	1.247745957227089
76	1.247745957227089
77	1.247745957227089
78	1.247745957227089
79	1.247745957227089
80	2.349235365647495
81	2.349235365647495
82	2.349235365647495
83	2.349235365647495
84	2.349235365647495
85	1.9385266335829003
86	1.5359367926979635
87	1.5359367926979635
88	1.5359367926979635
89	1.5359367926979635
90	1.5359367926979635
91	1.7558911304295557
92	1.7558911304295557
93	1.7558911304295557
94	1.7558911304295557
95	1.7558911304295557
96	1.3915613285628123
97	1.3915613285628123
98	1.3915613285628123
99	1.3915613285628123
100	1.3915613285628123
101	2.1524073284753227
102	2.1524073284753227
103	2.1524073284753227
104	2.1524073284753227
105	2.1524073284753227
106	0.9948855903345016
107	0.9948855903345016
108	0.9948855903345016
109	0.9948855903345016
110	0.9948855903345016
111	1.6756960054670624
112	1.6756960054670624
113	1.6756960054670624
114	1.6756960054670624
115	1.6756960054670624
116	1.6177977906376044
117	1.6177977906376044
118	1.6177977906376044
119	1.897712064649638
120	1.897712064649638
121	1.897712064649638
122	1.897712064649638
123	1.897712064649638
124	2.1508556951499576
125	2.1508556951499576
126	2.1508556951499576
127	2.1508556951499576
128	2.1508556951499576
129	2.8
130	2.8
131	2.8
132	2.8
133	2.8
134	1.399563450154881
135	1.399563450154881
136	1.399563450154881
137	1.399563450154881
138	1.399563450154881
139	1.7161074423691058
140	1.7161074423691058
141	1.7161074423691058
142	1.7161074423691058
143	1.7161074423691058
144	1.6612427718113705
145	1.6612427718113705
146	1.6612427718113705
147	1.6612427718113705
148	1.6612427718113705
149	1.7394537029861412
150	1.7394537029861412
151	1.7394537029861412
152	1.7394537029861412
153	1.7394537029861412
154	1.5025710856525694
155	1.5025710856525694
156	1.5025710856525694
157	1.5025710856525694
158	1.5025710856525694
159	2.8
160	2.8
161	2.8
162	2.8
163	2.8
164	1.6434544748324202
165	1.6434544748324202
166	1.6434544748324202
167	1.6434544748324202
168	1.6434544748324202
169	2.566202829036728
170	2.566202829036728
171	2.566202829036728
172	2.566202829036728
173	2.566202829036728
174	2.6072106963633113
175	2.6072106963633113
176	2.6072106963633113
177	2.6072106963633113
178	2.6072106963633113
179	2.048690742479102
180	2.048690742479102
181	2.048690742479102
182	2.048690742479102
183	2.048690742479102
184	1.79119448089943
185	1.79119448089943
186	1.79119448089943
187	1.79119448089943
188	1.79119448089943
189	1.4233235825889703
190	1.4233235825889703
191	1.4233235825889703
192	1.4233235825889703
193	1.4233235825889703
194	2.4682232197398646
195	2.4682232197398646
196	2.4682232197398646
197	2.4682232197398646
198	2.4682232197398646
199	2.511579692240807
