0	0.2319940890135611
1	0.2319940890135611
2	0.22151899390248064
3	0.22151899390248064
4	0.45146087446486755
5	0.45146087446486755
6	0.39790909647061595
7	0.39790909647061595
8	0.2820107577738516
9	0.2820107577738516
10	0.28328765411608187
11	0.28328765411608187
12	0.36748478622794456
13	0.36748478622794456
14	0.3380547472705389
15	0.3380547472705389
16	0.3529325407513982
17	0.3529325407513982
18	0.1967415326310639
19	0.1967415326310639
20	0.1185516794013658
21	0.1185516794013658
22	0.3345521044567261
23	0.3345521044567261
24	0.30572243366231083
25	0.30572243366231083
26	0.28025509923600594
27	0.28025509923600594
28	0.37094088808300346
29	0.37094088808300346
30	0.3059740976822955
31	0.3059740976822955
32	0.31813775317257165
33	0.31813775317257165
34	0.19749975680067083
35	0.19749975680067083
36	0.2889194297423125
37	0.2889194297423125
38	0.31884597202280746
39	0.31884597202280746
40	0.4110142046843787
41	0.4110142046843787
42	0.2928037305447075
43	0.2928037305447075
44	0.3856506794909327
45	0.28936659913590557
46	0.28936659913590557
47	0.45498693787926503
48	0.45498693787926503
49	0.46929946886969165
50	0.46929946886969165
51	0.45988344954266674
52	0.45988344954266674
53	0.6326107099536432
54	0.6326107099536432
55	0.5016030444048445
56	0.5016030444048445
57	0.4200527599604476
58	0.4200527599604476
59	0.43527182428688843
60	0.43527182428688843
61	0.4659100401501694
62	0.4659100401501694
63	0.31326662307177877
64	0.31326662307177877
65	0.33532540005760536
66	0.33532540005760536
67	0.325262683240797
68	0.325262683240797
69	0.4282288937542399
70	0.4282288937542399
71	0.34820256514793185
72	0.34820256514793185
73	0.5199472867031374
74	0.5199472867031374
75	0.21812035946427888
76	0.21812035946427888
77	0.36198819370809376
78	0.36198819370809376
79	0.6105258435924473
80	0.6105258435924473
81	0.4642176621933852
82	0.4642176621933852
83	0.3751059419283861
84	0.3751059419283861
85	0.4066857176762513
86	0.4066857176762513
87	0.5225705550048355
88	0.5225705550048355
89	0.6577160942380458
90	0.6577160942380458
91	0.5760883083436779
92	0.5760883083436779
93	0.5131966957409293
94	0.5131966957409293
95	0.6860682730419652
96	0.6860682730419652
97	0.5294044447981522
98	0.5294044447981522
99	0.5052267544649733
100	0.5052267544649733
101	0.3290781253200814
102	0.3290781253200814
103	0.33192393047377616
104	0.33192393047377616
105	0.326432998142015
106	0.326432998142015
107	0.4761563769827051
108	0.4761563769827051
109	0.558500568013621
110	0.558500568013621
111	0.365002243496583
112	0.365002243496583
113	0.4563760576354172
114	0.4563760576354172
115	0.5884621656996615
116	0.5884621656996615
117	0.713019813745106
118	0.713019813745106
119	0.3801439202125259
120	0.3801439202125259
121	0.34393139843071896
122	0.34393139843071896
123	0.4384934261103554
124	0.4384934261103554
125	0.5147644960831009
126	0.5147644960831009
127	0.17470499743282825
128	0.17470499743282825
129	0.19071149359307674
130	0.19071149359307674
131	0.5341269983409145
132	0.5341269983409145
133	0.49355246227467625
134	0.49355246227467625
135	0.37899615621352506
136	0.37899615621352506
137	0.2853880000029102
138	0.2853880000029102
139	0.42581048977700786
140	0.42581048977700786
141	0.3277977478349339
142	0.3277977478349339
143	0.13238300882737736
144	0.13238300882737736
145	0.525961558429082
146	0.525961558429082
147	0.3602780328390542
148	0.3602780328390542
149	0.5002968150451835
150	0.5002968150451835
151	0.6985861042021264
152	0.6985861042021264
153	0.4429181738645021
154	0.4429181738645021
155	0.5205363792214743
156	0.5205363792214743
157	0.45338910938838284
158	0.45338910938838284
159	0.4544925153041533
160	0.4544925153041533
161	0.49751667135129785
162	0.49751667135129785
163	0.5188740711477458
164	0.5188740711477458
165	0.3898153638633022
166	0.3898153638633022
167	0.44866279140498816
168	0.44866279140498816
169	0.37795318934989297
170	0.37795318934989297
171	0.22278956559935745
172	0.22278956559935745
173	0.31638193697371525
174	0.31638193697371525
175	0.3097945614171499
176	0.3097945614171499
177	0.45912954087316776
178	0.45912954087316776
179	0.622812931352666
180	0.622812931352666
181	0.36907494758833437
182	0.36907494758833437
183	0.8082698913575239
184	0.8082698913575239
185	0.5380987327871103
186	0.5380987327871103
187	0.6951251230608143
188	0.6951251230608143
189	0.3963265650271184
190	0.3963265650271184
191	0.7328394848084682
192	0.7328394848084682
193	0.5640913235242991
194	0.5640913235242991
195	0.6856492136555701
196	0.6856492136555701
197	0.81522446535849
198	0.81522446535849
199	0.38750908041557386
