0	3.2
1	3.2
2	3.2
3	3.2
4	3.2
5	2.2854107800183034
6	2.2854107800183034
7	2.2854107800183034
8	3.2
9	3.2
10	2.5659542263632384
11	2.5659542263632384
12	2.5659542263632384
13	2.4155937643104863
14	2.4155937643104863
15	2.4155937643104863
16	2.637101313860528
17	2.637101313860528
18	2.637101313860528
19	1.1776049504232904
20	1.1776049504232904
21	1.1776049504232904
22	3.2
23	3.2
24	3.2
25	1.2120929631925788
26	1.2120929631925788
27	1.2120929631925788
28	1.0702148471979103
29	1.0702148471979103
30	1.0702148471979103
31	2.7053848627709027
32	2.7053848627709027
33	2.7053848627709027
34	1.1872391024103934
35	1.1872391024103934
36	1.1872391024103934
37	2.520701097038457
38	2.520701097038457
39	2.520701097038457
40	2.1137889353939627
41	2.1137889353939627
42	2.1137889353939627
43	2.281107499767816
44	2.281107499767816
45	2.281107499767816
46	0.5009550640144951
47	0.5009550640144951
48	0.5009550640144951
49	1.9878684497167614
50	1.9878684497167614
51	1.9878684497167614
52	0.6224701294354205
53	0.6224701294354205
54	0.6224701294354205
55	2.916447745456202
56	2.916447745456202
57	2.916447745456202
58	1.316931108345969
59	1.316931108345969
60	1.316931108345969
61	1.1785036757035678
62	1.1785036757035678
63	1.1785036757035678
64	1.5919255488340418
65	1.5919255488340418
66	0.13414523343529394
67	0.13414523343529394
68	0.13414523343529394
69	2.1036914150244193
70	2.1036914150244193
71	2.1036914150244193
72	1.878389141083384
73	1.878389141083384
74	1.878389141083384
75	2.3541497179799658
76	2.3541497179799658
77	2.3541497179799658
78	1.1295414797027674
79	1.1295414797027674
80	1.1295414797027674
81	2.308174762132082
82	2.308174762132082
83	2.308174762132082
84	0.7197663876906717
85	0.7197663876906717
86	0.7197663876906717
87	2.641822820775698
88	2.397568814518349
89	2.397568814518349
90	2.397568814518349
91	2.0970604416702314
92	2.716464366307884
93	2.716464366307884
94	2.716464366307884
95	1.808091622615516
96	1.808091622615516
97	1.808091622615516
98	1.8803630230259314
99	1.8803630230259314
100	1.8803630230259314
101	1.8152142832339135
102	1.8152142832339135
103	1.8152142832339135
104	3.2
105	3.2
106	3.2
107	2.732873128988707
108	2.732873128988707
109	2.732873128988707
110	3.2
111	3.2
112	3.2
113	1.6165833944154415
114	1.6165833944154415
115	3.2
116	3.2
117	3.2
118	1.3262428144425875
119	1.3262428144425875
120	1.3262428144425875
121	1.3049995559347913
122	1.3049995559347913
123	1.3049995559347913
124	1.8246250556788586
125	1.8246250556788586
126	1.8246250556788586
127	0.1
128	0.1
129	0.1
130	2.3662160895021995
131	2.3662160895021995
132	1.6071839191844486
133	1.6071839191844486
134	1.6071839191844486
135	2.028487420625662
136	2.028487420625662
137	2.028487420625662
138	3.2
139	3.2
140	3.2
141	3.2
142	3.2
143	3.2
144	1.3133409249788803
145	1.8538179810654403
146	1.8538179810654403
147	1.8538179810654403
148	3.2
149	3.2
150	3.2
151	0.1
152	0.1
153	0.1
154	2.0742363320473816
155	2.0742363320473816
156	2.0742363320473816
157	3.2
158	3.2
159	3.2
160	0.6480088085928042
161	0.6480088085928042
162	0.6480088085928042
163	3.2
164	3.2
165	3.2
166	2.1067570867036194
167	2.1067570867036194
168	2.1067570867036194
169	1.560667269391412
170	1.560667269391412
171	1.560667269391412
172	1.3135236540099176
173	1.3135236540099176
174	1.3135236540099176
175	2.7355230463094897
176	2.7355230463094897
177	2.7355230463094897
178	2.0285254365788243
179	2.0285254365788243
180	2.0285254365788243
181	3.2
182	3.2
183	3.2
184	2.0099376355833165
185	2.0099376355833165
186	2.0099376355833165
187	3.2
188	3.2
189	3.2
190	3.2
191	3.2
192	3.2
193	3.2
194	3.2
195	3.2
196	3.2
197	3.2
198	3.2
199	2.464399253207833
