0	1.2126650500085487
1	1.2126650500085487
2	1.3380567495428821
3	1.155237766539194
4	1.155237766539194
5	1.0675054643376347
6	1.0675054643376347
7	0.7436948872871508
8	0.7436948872871508
9	1.3987619913383542
10	1.3987619913383542
11	1.5
12	1.5
13	1.176517776232149
14	1.176517776232149
15	1.380700342437704
16	1.380700342437704
17	1.2236677129536444
18	1.2236677129536444
19	1.1968439204174424
20	1.1968439204174424
21	1.1986071612624423
22	1.1986071612624423
23	1.1702893962792968
24	1.1702893962792968
25	1.2152775068138482
26	1.2152775068138482
27	1.5
28	1.5
29	1.2251020491205638
30	1.2251020491205638
31	1.160880804444868
32	1.160880804444868
33	0.9575655511702137
34	0.9575655511702137
35	0.8966859323733607
36	0.8966859323733607
37	1.2626092982779626
38	1.2626092982779626
39	1.0830002488337627
40	1.0830002488337627
41	1.5
42	1.5
43	1.1071612655949707
44	1.1071612655949707
45	1.10537907399229
46	1.10537907399229
47	0.7621333169981293
48	0.7621333169981293
49	0.6945183675437107
50	0.6945183675437107
51	1.3841560486370068
52	1.3841560486370068
53	1.1076839598569836
54	1.1076839598569836
55	1.2159311375084023
56	1.2159311375084023
57	1.0917031217797561
58	1.0917031217797561
59	1.0617773061996432
60	1.0617773061996432
61	1.3233460238864265
62	1.3233460238864265
63	1.2131828565888156
64	1.2131828565888156
65	1.294194488483458
66	1.294194488483458
67	0.791842837804446
68	1.311336027827136
69	1.311336027827136
70	1.4610441550193418
71	1.4610441550193418
72	1.2164886306658278
73	1.2164886306658278
74	1.302654535813383
75	1.302654535813383
76	1.4383434247438376
77	1.4383434247438376
78	1.237255805068125
79	1.237255805068125
80	1.5
81	1.5
82	0.968918907615083
83	0.968918907615083
84	1.3691842889039993
85	1.3691842889039993
86	1.003287844441072
87	1.003287844441072
88	1.4661521202782375
89	1.4661521202782375
90	0.8583351938372983
91	0.8583351938372983
92	1.5
93	1.5
94	1.1753900904448409
95	1.197171832288922
96	1.197171832288922
97	1.5
98	1.5
99	1.5
100	1.5
101	1.1676704886899423
102	1.1676704886899423
103	1.5
104	1.5
105	0.9452088069356198
106	0.9452088069356198
107	1.156788430838008
108	1.156788430838008
109	1.5
110	1.5
111	0.934260816541904
112	0.934260816541904
113	1.2325269288478309
114	1.2325269288478309
115	1.5
116	1.0554332132427622
117	1.0554332132427622
118	1.5
119	1.5
120	1.5
121	1.5
122	1.5
123	1.5
124	1.2580205548033236
125	1.2580205548033236
126	1.3713854870187394
127	1.3713854870187394
128	1.257238710747063
129	1.257238710747063
130	1.031636652311517
131	1.031636652311517
132	1.1608589857478677
133	1.1608589857478677
134	1.5
135	1.5
136	1.3126063735058124
137	1.3126063735058124
138	1.5
139	1.5
140	1.4151061601172272
141	1.4151061601172272
142	1.5
143	1.5
144	1.0352046319180337
145	1.0352046319180337
146	1.2234089764513596
147	1.2234089764513596
148	1.0325038440610839
149	1.0325038440610839
150	1.0987236138783452
151	1.0987236138783452
152	1.0901898071636134
153	1.0901898071636134
154	1.5
155	1.5
156	1.0502732134777046
157	1.0502732134777046
158	0.6680220930883607
159	0.6680220930883607
160	1.5
161	1.5
162	1.5
163	1.5
164	1.4494276404271638
165	1.4494276404271638
166	1.5
167	1.5
168	1.5
169	1.5
170	1.5
171	1.5
172	1.3790005728669723
173	1.3790005728669723
174	1.5
175	1.5
176	1.5
177	1.5
178	1.01002385473189
179	1.01002385473189
180	1.434078359185784
181	1.434078359185784
182	1.0784649386755878
183	1.0784649386755878
184	1.1448367191731947
185	1.1448367191731947
186	1.1105381739681381
187	1.1105381739681381
188	0.8477477251575194
189	0.8477477251575194
190	1.06437545892223
191	1.06437545892223
192	1.4511060302563665
193	1.4511060302563665
194	0.6913760187795744
195	0.6913760187795744
196	1.1071399029216988
197	1.1071399029216988
198	1.028809218498247
199	1.028809218498247
