0	0.6280638777020645
1	0.6280638777020645
2	0.6280638777020645
3	0.6280638777020645
4	0.8237190798988094
5	0.8237190798988094
6	0.8237190798988094
7	0.8237190798988094
8	0.8188097820108762
9	0.8188097820108762
10	0.8188097820108762
11	0.8188097820108762
12	0.4281236420194653
13	0.4281236420194653
14	0.4281236420194653
15	0.4281236420194653
16	0.3971334259348094
17	0.3971334259348094
18	0.3971334259348094
19	0.3971334259348094
20	0.1
21	0.1
22	0.1
23	0.1
24	0.7499508292266658
25	0.7499508292266658
26	0.7499508292266658
27	0.7499508292266658
28	0.9504582306077839
29	0.9504582306077839
30	0.9504582306077839
31	0.9504582306077839
32	0.4745107675628487
33	0.4745107675628487
34	0.4745107675628487
35	0.4745107675628487
36	0.7729531924605189
37	0.7729531924605189
38	0.7729531924605189
39	0.7729531924605189
40	0.8986991517751909
41	0.8986991517751909
42	0.8986991517751909
43	0.8986991517751909
44	0.49883889919614216
45	0.49883889919614216
46	0.49883889919614216
47	0.49883889919614216
48	0.21930144750902014
49	0.21930144750902014
50	0.21930144750902014
51	0.21930144750902014
52	0.7932377960083541
53	0.7932377960083541
54	0.7932377960083541
55	0.7932377960083541
56	0.48974335119435336
57	0.48974335119435336
58	0.48974335119435336
59	0.48974335119435336
60	0.6850640547887226
61	0.6850640547887226
62	0.6850640547887226
63	0.6850640547887226
64	0.1
65	0.1
66	0.1
67	0.1
68	0.1
69	0.1
70	0.1
71	0.1
72	0.5196704502575613
73	0.5196704502575613
74	0.5196704502575613
75	0.5196704502575613
76	0.21161965519154946
77	0.21161965519154946
78	0.21161965519154946
79	0.21161965519154946
80	0.7587226724290536
81	0.7587226724290536
82	0.7587226724290536
83	0.7587226724290536
84	0.965881463609713
85	0.965881463609713
86	0.965881463609713
87	0.965881463609713
88	0.9621675720282055
89	0.9621675720282055
90	0.9621675720282055
91	0.9621675720282055
92	0.2496207543336072
93	0.2496207543336072
94	0.2496207543336072
95	0.2496207543336072
96	1.3514526571225254
97	1.3514526571225254
98	1.3514526571225254
99	1.3514526571225254
100	0.5698884606015431
101	0.5698884606015431
102	0.5698884606015431
103	0.5698884606015431
104	0.7499457552093581
105	0.7499457552093581
106	0.7499457552093581
107	0.7499457552093581
108	0.5983789123280611
109	0.5983789123280611
110	0.5983789123280611
111	0.5983789123280611
112	0.42573432788117255
113	0.42573432788117255
114	0.42573432788117255
115	0.42573432788117255
116	0.7120644158740618
117	0.7120644158740618
118	0.7120644158740618
119	0.7120644158740618
120	0.26511348863320217
121	0.26511348863320217
122	0.26511348863320217
123	0.26511348863320217
124	1.1059224390941071
125	1.1059224390941071
126	1.1059224390941071
127	1.1059224390941071
128	1.458098144994432
129	1.458098144994432
130	1.458098144994432
131	1.458098144994432
132	1.161780235743937
133	1.161780235743937
134	1.161780235743937
135	1.161780235743937
136	0.6903798178671343
137	0.6903798178671343
138	0.6903798178671343
139	0.6903798178671343
140	1.6263384137328107
141	1.6263384137328107
142	1.6263384137328107
143	1.6263384137328107
144	0.4166654543282225
145	0.4166654543282225
146	0.4166654543282225
147	0.4166654543282225
148	1.2351042924025373
149	1.2351042924025373
150	1.2351042924025373
151	1.2351042924025373
152	2.1746971515783455
153	2.1746971515783455
154	2.1746971515783455
155	2.1746971515783455
156	0.9011716299004604
157	0.9011716299004604
158	0.9011716299004604
159	0.9011716299004604
160	0.8429168937661617
161	0.8429168937661617
162	0.8429168937661617
163	0.8429168937661617
164	1.1777675227529256
165	1.1777675227529256
166	1.1777675227529256
167	1.1777675227529256
168	1.033244373983047
169	1.033244373983047
170	1.033244373983047
171	1.033244373983047
172	0.9803566227038686
173	0.9803566227038686
174	0.9803566227038686
175	0.9803566227038686
176	0.9852597781989872
177	0.9852597781989872
178	0.9852597781989872
179	0.9852597781989872
180	0.11925476081915509
181	0.11925476081915509
182	0.11925476081915509
183	0.11925476081915509
184	1.232151897600184
185	1.232151897600184
186	1.232151897600184
187	1.232151897600184
188	1.1108027914311052
189	1.1108027914311052
190	1.1108027914311052
191	1.1108027914311052
192	0.3129926568045631
193	0.3129926568045631
194	1.404283111321447
195	1.404283111321447
196	1.404283111321447
197	1.404283111321447
198	1.8721772602222624
199	1.8721772602222624
