0	0.1
1	0.1
2	0.1
3	0.28325667840006724
4	0.28325667840006724
5	0.28325667840006724
6	0.8
7	0.8
8	0.8
9	0.8
10	0.8
11	0.8
12	0.8
13	0.8
14	0.8
15	0.8
16	0.8
17	0.8
18	0.8
19	0.8
20	0.8
21	0.8
22	0.8
23	0.8
24	0.8
25	0.5549634968981436
26	0.5549634968981436
27	0.5549634968981436
28	0.8
29	0.8
30	0.8
31	0.8
32	0.8
33	0.8
34	0.7976202378248199
35	0.7976202378248199
36	0.7976202378248199
37	0.8
38	0.8
39	0.8
40	0.20015847186863422
41	0.20015847186863422
42	0.20015847186863422
43	0.8
44	0.8
45	0.8
46	0.8
47	0.8
48	0.8
49	0.8
50	0.8
51	0.8
52	0.7247134681939944
53	0.7247134681939944
54	0.7247134681939944
55	0.8
56	0.8
57	0.8
58	0.5630622647052237
59	0.5630622647052237
60	0.5630622647052237
61	0.757618986704911
62	0.757618986704911
63	0.757618986704911
64	0.4047364876696893
65	0.5300674120167655
66	0.5300674120167655
67	0.5300674120167655
68	0.8
69	0.8
70	0.8
71	0.4326403937872547
72	0.4326403937872547
73	0.4326403937872547
74	0.1
75	0.1
76	0.1
77	0.5411255314761433
78	0.5411255314761433
79	0.5411255314761433
80	0.8
81	0.8
82	0.8
83	0.8
84	0.8
85	0.8
86	0.4176318528705276
87	0.4176318528705276
88	0.4176318528705276
89	0.8
90	0.8
91	0.8
92	0.8
93	0.8
94	0.8
95	0.24038551245446937
96	0.24038551245446937
97	0.24038551245446937
98	0.8
99	0.8
100	0.8
101	0.4118414168238906
102	0.4118414168238906
103	0.4118414168238906
104	0.1
105	0.5536586944172107
106	0.5536586944172107
107	0.5536586944172107
108	0.5541219238774073
109	0.1
110	0.1
111	0.1
112	0.6002145448204621
113	0.6002145448204621
114	0.6002145448204621
115	0.8
116	0.8
117	0.8
118	0.8
119	0.8
120	0.8
121	0.2810122015745784
122	0.2810122015745784
123	0.2810122015745784
124	0.28043856195274197
125	0.28043856195274197
126	0.28043856195274197
127	0.8
128	0.8
129	0.8
130	0.8
131	0.1
132	0.1
133	0.1
134	0.8
135	0.8
136	0.8
137	0.8
138	0.8
139	0.8
140	0.730685130170138
141	0.730685130170138
142	0.730685130170138
143	0.8
144	0.8
145	0.8
146	0.8
147	0.8
148	0.8
149	0.16954942847368792
150	0.16954942847368792
151	0.16954942847368792
152	0.6958139912725928
153	0.6958139912725928
154	0.6958139912725928
155	0.43735756097473727
156	0.43735756097473727
157	0.43735756097473727
158	0.590608421988569
159	0.590608421988569
160	0.590608421988569
161	0.8
162	0.8
163	0.8
164	0.2635479433151116
165	0.2635479433151116
166	0.2635479433151116
167	0.6555555327295275
168	0.6555555327295275
169	0.6555555327295275
170	0.1
171	0.1
172	0.1
173	0.24044113166827985
174	0.24044113166827985
175	0.24044113166827985
176	0.8
177	0.8
178	0.8
179	0.6602807911929738
180	0.6602807911929738
181	0.6602807911929738
182	0.4810242175677869
183	0.4810242175677869
184	0.4810242175677869
185	0.2666895102075414
186	0.2666895102075414
187	0.2666895102075414
188	0.1
189	0.1
190	0.1
191	0.8
192	0.8
193	0.8
194	0.8
195	0.8
196	0.8
197	0.6303230725290025
198	0.6303230725290025
199	0.6303230725290025
