0	0.9703073299103145
1	0.9703073299103145
2	0.30416043120592806
3	0.30416043120592806
4	0.30416043120592806
5	0.30416043120592806
6	0.30416043120592806
7	0.38959632747411305
8	0.38959632747411305
9	0.38959632747411305
10	0.38959632747411305
11	0.7279233090209983
12	1.7983313831417593
13	0.3611123027804391
14	1.381736387920606
15	1.3521233413510658
16	1.065949191620878
17	2.5318327690730387
18	3.3895750831625566
19	2.70537800887372
20	0.6697669419409998
21	0.6697669419409998
22	0.6697669419409998
23	0.3376843586745468
24	0.719147792364862
25	0.9802677961988646
26	0.9802677961988646
27	0.9802677961988646
28	2.545360685449218
29	2.545360685449218
30	2.545360685449218
31	2.545360685449218
32	2.545360685449218
33	0.9540304885566038
34	2.990620597877004
35	2.755905026761293
36	2.755905026761293
37	0.9820483905492707
38	0.9820483905492707
39	0.9820483905492707
40	0.9820483905492707
41	0.9820483905492707
42	0.5395777961723333
43	0.7594374717723024
44	0.7594374717723024
45	0.7594374717723024
46	1.6416632096164383
47	0.2579218090283468
48	2.059548846660964
49	1.517688148566557
50	1.7138062415353414
51	3.1335004064383316
52	3.1335004064383316
53	3.1335004064383316
54	2.336902252353039
55	2.196939490175449
56	1.3057558241043792
57	3.6801001484702702
58	3.6801001484702702
59	3.6801001484702702
60	3.6801001484702702
61	3.6801001484702702
62	3.235288447999013
63	4.593332396511329
64	3.7823992516342946
65	3.7823992516342946
66	3.7823992516342946
67	2.508611317546163
68	2.508611317546163
69	2.508611317546163
70	2.508611317546163
71	2.508611317546163
72	2.269972830736153
73	1.9984238573774618
74	1.9984238573774618
75	0.7850694518007995
76	0.7850694518007995
77	0.7850694518007995
78	0.7850694518007995
79	0.33744905219832405
80	0.33744905219832405
81	0.33744905219832405
82	0.33744905219832405
83	0.7767000187609763
84	0.35902081396337215
85	0.35902081396337215
86	0.35902081396337215
87	0.7879230125582162
88	2.0418772547926776
89	3.253702626213519
90	2.883555199396126
91	2.883555199396126
92	2.883555199396126
93	2.883555199396126
94	3.183191974164383
95	2.5330179222963713
96	2.458068741220712
97	2.458068741220712
98	2.458068741220712
99	2.7590871614394348
100	2.4184970195135245
101	2.4184970195135245
102	2.4184970195135245
103	2.9643295775504486
104	3.5576641942691567
105	2.029313695963563
106	2.029313695963563
107	2.029313695963563
108	1.362406643486187
109	4.178814071637813
110	4.7536988793626875
111	3.425695361926745
112	3.425695361926745
113	3.6750185400189546
114	3.6750185400189546
115	2.6048991833893353
116	2.6048991833893353
117	2.6048991833893353
118	1.8338915019841728
119	0.35899042850365637
120	0.35899042850365637
121	0.823786610720743
122	0.823786610720743
123	0.823786610720743
124	0.40035493538226485
125	0.40035493538226485
126	0.5306916363243216
127	0.5306916363243216
128	0.30676966441540887
129	0.7749716671576878
130	0.7749716671576878
131	3.458235971727163
132	3.0789422135611852
133	1.4933806641109517
134	2.139726011683069
135	2.254604527622613
136	1.0637816084865386
137	1.4403689895213168
138	3.4788011808931016
139	3.4788011808931016
140	3.4788011808931016
141	4.190182595563029
142	4.190182595563029
143	3.584682320221404
144	3.584682320221404
145	2.807336487705035
146	2.807336487705035
147	1.7192613915266752
148	1.7706787204236385
149	1.7706787204236385
150	0.8637541950916268
151	2.2172079166572796
152	2.2172079166572796
153	2.5142982504349956
154	1.5111381963378032
155	2.4233953584502363
156	2.4233953584502363
157	2.4436315975554477
158	3.8828200637426318
159	3.8828200637426318
160	2.9937199371731253
161	2.9937199371731253
162	2.9937199371731253
163	3.10409434776426
164	2.7006509643952974
165	2.7006509643952974
166	2.7006509643952974
167	2.7006509643952974
168	2.7006509643952974
169	2.021575280749608
170	1.6604332847330774
171	2.743842931335103
172	3.707769413274392
173	3.707769413274392
174	3.707769413274392
175	4.386891913478671
176	4.386891913478671
177	4.386891913478671
178	4.386891913478671
179	4.386891913478671
180	2.9862581125181586
181	2.756313466507949
182	3.151451996333804
183	3.151451996333804
184	3.151451996333804
185	3.151451996333804
186	3.1483388015601768
187	2.8309589608104546
188	2.8938992771661347
189	1.4200993163945579
190	1.4200993163945579
191	1.4200993163945579
192	0.708553522212236
193	0.708553522212236
194	0.4032566390920342
195	0.5884194782701787
196	0.3487606181062987
197	1.002648529592877
198	1.002648529592877
199	0.2809959584300394
200	1.4027593617580016
201	1.4027593617580016
202	0.8632770899032994
203	2.896883063373126
204	1.7356032133640542
205	1.7356032133640542
206	0.8726063622958445
207	2.0574005570760683
208	1.3172563556581904
209	2.0661191167843755
210	0.9417994134084575
211	0.9417994134084575
212	2.4908511761389613
213	2.4908511761389613
214	2.4908511761389613
215	2.4908511761389613
216	1.6835839122403686
217	2.0349423662279
218	3.2971358831615607
219	3.2971358831615607
220	5.142702814246329
221	5.142702814246329
222	5.142702814246329
223	1.02815864945449
224	3.5623197820328985
225	3.5623197820328985
226	3.5623197820328985
227	3.5623197820328985
228	3.209705317339526
229	3.209705317339526
230	1.3036009192565279
231	0.8652183033808026
232	2.678603028102321
233	2.005123266684361
234	3.0400368361847954
235	3.0400368361847954
236	3.0400368361847954
237	3.0400368361847954
238	3.0400368361847954
239	2.021306383146452
240	2.9840775547573557
241	2.9840775547573557
242	2.7948976103569967
243	3.39497979529449
244	3.2413519513195714
245	3.416233086685339
246	3.416233086685339
247	3.416233086685339
248	1.14041950847671
249	1.14041950847671
250	2.824874022077829
251	3.8514363254461657
252	3.8514363254461657
253	3.8514363254461657
254	3.8514363254461657
255	3.8514363254461657
256	4.156601158840117
257	4.156601158840117
258	4.156601158840117
259	4.059529128415509
260	3.71816917773742
261	3.71816917773742
262	3.71816917773742
263	3.71816917773742
264	1.9504142739338381
265	1.9504142739338381
266	1.9504142739338381
267	1.9504142739338381
268	1.9504142739338381
269	1.7633671617739513
270	0.7479848180525552
271	1.8046049435869387
272	1.8046049435869387
273	1.8046049435869387
274	2.826621616489947
275	2.826621616489947
276	2.826621616489947
277	2.826621616489947
278	2.826621616489947
279	2.457602928534642
280	2.457602928534642
281	2.457602928534642
282	3.371560937204464
283	3.371560937204464
284	3.371560937204464
285	3.371560937204464
286	3.39201107457549
287	2.016930918147887
288	2.482326818198236
289	2.482326818198236
290	2.482326818198236
291	3.2859741021912514
292	3.2859741021912514
293	3.2859741021912514
294	5.211051539725783
295	5.211051539725783
296	5.211051539725783
297	5.157088958185195
298	5.157088958185195
299	3.4756448163268
300	3.4756448163268
301	3.4756448163268
302	3.4756448163268
303	2.6445590233364737
304	2.6445590233364737
305	2.6445590233364737
306	2.6445590233364737
307	4.993956734950681
308	3.262929194075552
309	3.262929194075552
310	2.9112474003665874
311	4.636347675944809
312	4.636347675944809
313	3.423332052890663
314	2.94592082386796
315	2.94592082386796
316	3.1526035475897256
317	4.240862384665888
318	3.051162539499412
319	2.977391060982985
320	3.4594584452356094
321	4.6072525416479895
322	4.6072525416479895
323	4.6072525416479895
324	2.877830934589838
325	2.877830934589838
326	2.877830934589838
327	3.9672484112019832
328	3.16553581267751
329	3.16553581267751
330	2.9792015154516718
331	2.469281169180105
332	4.319118803152188
333	4.319118803152188
334	2.971454566113775
335	2.971454566113775
336	2.971454566113775
337	1.4291115752311847
338	1.4291115752311847
339	1.4291115752311847
340	1.7548117477493732
341	3.3105135616804295
342	5.099365996838908
343	3.599326123926853
344	3.599326123926853
345	3.599326123926853
346	3.599326123926853
347	2.7123847392442175
348	2.7123847392442175
349	2.7123847392442175
350	4.494040646755007
351	1.7284689224870777
352	1.7284689224870777
353	1.7284689224870777
354	1.7284689224870777
355	1.7284689224870777
356	1.97363061975243
357	1.97363061975243
358	2.267771143629986
359	2.267771143629986
360	2.267771143629986
361	2.267771143629986
362	2.39221048845753
363	2.121806621056169
364	0.7333628507795862
365	0.7333628507795862
366	0.47977539696561117
367	0.47977539696561117
368	1.6523961131186156
369	1.6523961131186156
370	1.6523961131186156
371	1.3670363752958847
372	2.1729624354872996
373	2.1729624354872996
374	2.1729624354872996
375	2.1729624354872996
376	1.9790231263789075
377	3.1705474822315187
378	3.1705474822315187
379	1.2523214597932906
380	0.26090734610519734
381	0.26090734610519734
382	0.26090734610519734
383	0.26090734610519734
384	0.8485605184694757
385	1.1476948782064442
386	3.038111969883668
387	3.038111969883668
388	2.889924895687722
389	2.889924895687722
390	1.8412491647480675
391	1.8412491647480675
392	1.8412491647480675
393	1.8412491647480675
394	1.8412491647480675
395	2.269795099465267
396	2.269795099465267
397	1.3186541253120652
398	3.2541565330482682
399	3.013732128748093
400	3.013732128748093
401	2.8722623593160606
402	3.314116291456795
403	3.314116291456795
404	3.314116291456795
405	3.314116291456795
406	1.8751626650865616
407	1.8751626650865616
408	3.806020660525821
409	3.806020660525821
410	3.806020660525821
411	3.806020660525821
412	1.5580092046122205
413	0.3495120090346732
414	0.3495120090346732
415	0.3495120090346732
416	0.5945879464673016
417	0.5945879464673016
418	2.1587881569998326
419	2.1587881569998326
420	2.1587881569998326
421	1.2121640405330547
422	1.2121640405330547
423	1.0194062847373058
424	1.0194062847373058
425	1.0194062847373058
426	1.0194062847373058
427	1.3922470085786318
428	1.8281684698565983
429	3.862003787784783
430	2.4423462568799876
431	2.4423462568799876
432	3.470646890555692
433	1.6481360364314415
434	1.6481360364314415
435	1.6481360364314415
436	1.6481360364314415
437	1.6481360364314415
438	2.352907540541082
439	2.352907540541082
440	1.7857417335018597
441	1.7857417335018597
442	1.6888084423188818
443	2.8185822875268514
444	2.8185822875268514
445	2.8185822875268514
446	2.8185822875268514
447	2.8185822875268514
448	3.0791971686272737
449	3.0791971686272737
450	2.7478995411392777
451	2.293131601983054
452	2.293131601983054
453	1.9208591083858408
454	2.478779593079041
455	2.478779593079041
456	3.4379600467742777
457	3.4379600467742777
458	3.792863522773762
459	3.19005416549694
460	3.19005416549694
461	2.913563019043835
462	1.105839911200765
463	3.433737854573317
464	1.7239146591442964
465	1.7239146591442964
466	1.7239146591442964
467	1.7239146591442964
468	1.7239146591442964
469	1.907695527007074
470	2.8917657760276763
471	2.8917657760276763
472	2.8917657760276763
473	2.8917657760276763
474	2.8917657760276763
475	2.5072086153701996
476	2.5072086153701996
477	2.3562104235700847
478	2.3562104235700847
479	5.07973453618436
480	4.100187796004674
481	4.100187796004674
482	3.8541489766999826
483	1.8025537473496458
484	1.8025537473496458
485	1.8025537473496458
486	1.8025537473496458
487	1.8025537473496458
488	4.156428565145508
489	4.156428565145508
490	4.156428565145508
491	4.156428565145508
492	4.156428565145508
493	3.549541652641108
494	2.5364144799027093
495	2.5364144799027093
496	2.5364144799027093
497	0.6897127159049271
498	0.6897127159049271
499	0.6897127159049271
500	0.6897127159049271
501	0.6897127159049271
502	3.770100705616224
503	3.694051758694396
504	3.694051758694396
505	3.350736529866798
506	3.078144818631687
507	3.3318164307913625
508	3.3318164307913625
509	3.747858745236418
510	3.747858745236418
511	3.747858745236418
512	3.747858745236418
513	3.8485533832149676
514	3.949390512114281
515	3.949390512114281
516	3.949390512114281
517	3.949390512114281
518	2.49912900406616
519	2.49912900406616
520	2.49912900406616
521	2.7026583190156415
522	2.7026583190156415
523	3.2326593050127643
524	1.1852767063145446
525	0.6499290503729134
526	0.6499290503729134
527	3.9241913299138274
528	3.9241913299138274
529	3.9241913299138274
530	3.9241913299138274
531	1.4084418198566702
532	1.4084418198566702
533	1.4084418198566702
534	1.4084418198566702
535	2.1566623992505725
536	2.1566623992505725
537	2.1566623992505725
538	2.1566623992505725
539	2.1566623992505725
540	2.5950367540099495
541	2.08416318688687
542	2.08416318688687
543	1.544950712211745
544	0.9471573791517718
545	2.1589503661013465
546	2.1589503661013465
547	2.1589503661013465
548	2.9807529280015346
549	2.9807529280015346
550	1.2167411913261237
551	1.2167411913261237
552	1.2167411913261237
553	2.4292154912947064
554	2.4292154912947064
555	1.9086131689801704
556	1.3867979038044265
557	0.9969005631448409
558	0.9969005631448409
559	1.2566257160112435
560	2.6288537863149175
561	1.325051207679607
562	1.325051207679607
563	1.9828096694531134
564	2.127614541520604
565	2.127614541520604
566	2.127614541520604
567	2.127614541520604
568	3.5775274067508076
569	3.5775274067508076
570	3.0403230381076014
571	4.965733185662139
572	4.965733185662139
573	4.965733185662139
574	2.6506129291141844
575	2.6506129291141844
576	2.4581155020153664
577	2.4581155020153664
578	2.77815689301415
579	1.9957573934846355
580	1.9957573934846355
581	1.9957573934846355
582	1.9957573934846355
583	4.138950867913059
584	4.138950867913059
585	1.552998225085146
586	1.552998225085146
587	1.552998225085146
588	1.4771644186749016
589	1.4771644186749016
590	0.6897798618822557
591	0.6897798618822557
592	0.6897798618822557
593	0.6897798618822557
594	0.6897798618822557
595	1.1829509236769509
596	1.1829509236769509
597	0.7390539163619753
598	1.0855705783653404
599	0.7866554222420432
600	0.7866554222420432
601	0.7866554222420432
602	1.9023285148963236
603	0.33326234509106206
604	1.6473634753554276
605	1.6473634753554276
606	1.6473634753554276
607	1.2522031732256076
608	0.5940950288677657
609	1.753566015261363
610	1.753566015261363
611	1.753566015261363
612	1.5566622410045394
613	1.5566622410045394
614	1.5566622410045394
615	1.0341461869740152
616	1.0341461869740152
617	1.0341461869740152
618	0.3647464004835069
619	0.3647464004835069
620	0.3647464004835069
621	0.49779286711631765
622	1.3299395667237004
623	1.3299395667237004
624	1.3299395667237004
625	1.3299395667237004
626	0.9398845522880126
627	0.34326021553428343
628	0.34326021553428343
629	0.5951195107552145
630	2.2747041119131275
631	0.8575210030044871
632	0.8575210030044871
633	0.8575210030044871
634	0.3270898287457613
635	0.3270898287457613
636	1.5431546882281615
637	1.5431546882281615
638	1.5431546882281615
639	1.1035492035169512
640	1.1035492035169512
641	2.080875199117732
642	1.7831313609369392
643	1.7831313609369392
644	1.7831313609369392
645	1.7831313609369392
646	1.7831313609369392
647	2.038900940365657
648	2.038900940365657
649	2.038900940365657
650	2.038900940365657
651	1.7266148752614427
652	1.2717824531096549
653	1.1982391389593987
654	1.4464042757462043
655	1.4464042757462043
656	1.4464042757462043
657	3.128446504393442
658	1.5290279632066364
659	1.5290279632066364
660	1.5290279632066364
661	2.2494104801214476
662	2.346746892599648
663	1.3743106032663885
664	0.469004020369946
665	0.9524003838294579
666	0.9524003838294579
667	0.28394292165268153
668	0.28394292165268153
669	0.28394292165268153
670	0.28394292165268153
671	0.28394292165268153
672	0.4909145559851942
673	0.8781336580347701
674	0.29908732622196177
675	3.8707986694080456
676	3.8507426199163897
677	4.8346192998094235
678	1.2205309975856449
679	2.4864115324236034
680	2.4864115324236034
681	2.4864115324236034
682	1.5837178059467523
683	3.4280355871599704
684	3.4280355871599704
685	2.26552981585239
686	2.26552981585239
687	2.151177351242481
688	1.090221164595241
689	1.3050760276274815
690	1.3050760276274815
691	1.814575363645442
692	1.814575363645442
693	1.171955903783764
694	1.9602904838010644
695	3.535448966780333
696	3.535448966780333
697	4.703491874226154
698	3.6704821454558845
699	1.8727186407081124
700	1.8727186407081124
701	1.8727186407081124
702	1.319847012419487
703	1.3203853668330297
704	1.3203853668330297
705	1.3203853668330297
706	1.3203853668330297
707	1.541650370604619
708	1.5788141589323712
709	2.211431837097886
710	2.211431837097886
711	2.7249463858232987
712	1.5771310918946302
713	0.863905812702789
714	0.3206521975312065
715	0.3206521975312065
716	1.5263696491660748
717	1.5263696491660748
718	0.3591160790865953
719	0.7961600907288017
720	2.5443245285802742
721	2.5443245285802742
722	2.5443245285802742
723	1.260641755286154
724	1.260641755286154
725	1.0503053673109468
726	0.4770907032731365
727	1.810991195274077
728	0.37061258886095677
729	0.37061258886095677
730	1.5159544534397755
731	1.5159544534397755
732	3.364040449204462
733	1.1896281034589238
734	1.1896281034589238
735	2.6770438084798367
736	2.6770438084798367
737	2.6770438084798367
738	1.1319617346526494
739	1.1319617346526494
740	1.1319617346526494
741	1.1319617346526494
742	1.1319617346526494
743	1.437758614570579
744	1.437758614570579
745	3.0428703572947002
746	3.0428703572947002
747	2.4533165218881337
748	2.4533165218881337
749	2.4533165218881337
750	4.2679978030949055
751	4.2679978030949055
752	4.2679978030949055
753	4.2679978030949055
754	4.2679978030949055
755	2.9949416020022674
756	2.412985782375452
757	1.9794843902919905
758	0.9633837792588796
759	1.3277710502343514
760	0.7939816714319692
761	2.890311196034429
762	2.890311196034429
763	2.890311196034429
764	2.890311196034429
765	2.890311196034429
766	3.0105249291667455
767	3.0105249291667455
768	2.377514179801254
769	0.6045623906132033
770	0.6045623906132033
771	0.804857538780649
772	0.804857538780649
773	0.804857538780649
774	0.804857538780649
775	0.36875191943633767
776	0.36875191943633767
777	0.7138865491359752
778	0.9830649095511923
779	0.9830649095511923
780	0.9830649095511923
781	0.9830649095511923
782	0.9830649095511923
783	1.2560649362026792
784	1.2560649362026792
785	1.2560649362026792
786	1.2560649362026792
787	1.9145031092561076
788	1.9145031092561076
789	1.9145031092561076
790	1.9145031092561076
791	1.6555388329624015
792	1.6555388329624015
793	1.6555388329624015
794	1.6555388329624015
795	1.6555388329624015
796	1.0095352014645143
797	1.8356760682242519
798	1.1924559625890145
799	1.1924559625890145
800	1.1924559625890145
801	0.8706048522106962
802	2.008223096305895
803	2.013545161540925
804	0.7594242062841707
805	2.762310780249124
806	2.762310780249124
807	2.762310780249124
808	2.762310780249124
809	2.762310780249124
810	4.5090666421509145
811	4.5090666421509145
812	3.230222859024216
813	2.0611325759476506
814	2.0611325759476506
815	2.0611325759476506
816	1.4438399822198162
817	1.4438399822198162
818	1.4438399822198162
819	1.4438399822198162
820	1.9701447754585542
821	1.9701447754585542
822	2.5175483095030633
823	2.717888913137579
824	3.6719811051218834
825	1.8447096695538943
826	1.8447096695538943
827	1.8447096695538943
828	0.7004708434258711
829	0.35817377585400195
830	0.35817377585400195
831	0.35817377585400195
832	1.2922713350332855
833	2.8670257271375115
834	2.8670257271375115
835	2.8670257271375115
836	3.4271601291322265
837	3.4271601291322265
838	3.4271601291322265
839	3.4271601291322265
840	3.4271601291322265
841	3.6645309200540375
842	3.0355025877800754
843	3.0355025877800754
844	3.0355025877800754
845	3.0355025877800754
846	3.523066007259242
847	1.486782269116222
848	1.8422842864789089
849	1.370396315256856
850	1.370396315256856
851	1.244000179352189
852	0.4362787816896682
853	0.8425466070513222
854	1.7846406733043298
855	1.7846406733043298
856	1.7846406733043298
857	0.8596550262639805
858	1.4420036299831072
859	0.6650555448257738
860	1.4940421057555395
861	3.2232643447208615
862	3.2232643447208615
863	3.2232643447208615
864	3.2232643447208615
865	2.1243591393586816
866	1.82612883394136
867	1.82612883394136
868	1.82612883394136
869	1.82612883394136
870	1.82612883394136
871	1.698872246366958
872	1.698872246366958
873	2.751927878098621
874	2.6061952538998967
875	2.6061952538998967
876	2.1834793637975807
877	2.1834793637975807
878	2.1834793637975807
879	3.73319054495839
880	1.748291231824741
881	0.3465411799383286
882	0.3465411799383286
883	0.3465411799383286
884	0.3465411799383286
885	1.3010123711631487
886	1.8481043863891458
887	1.8481043863891458
888	1.8481043863891458
889	1.8481043863891458
890	2.5338072669610425
891	3.4437490094315093
892	3.4437490094315093
893	1.3311090761372093
894	2.312061089497285
895	2.312061089497285
896	3.40384483688136
897	3.40384483688136
898	3.40384483688136
899	2.6037148459129855
900	0.7709906131709672
901	0.7709906131709672
902	0.91384021040984
903	0.91384021040984
904	0.91384021040984
905	0.91384021040984
906	0.91384021040984
907	1.1174657655135656
908	1.6655804857621754
909	2.9231086975199285
910	2.9231086975199285
911	4.862788612829536
912	4.862788612829536
913	2.78782042809494
914	3.6065982633129527
915	2.585742680186301
916	2.585742680186301
917	3.362384726730471
918	3.947978448586805
919	3.947978448586805
920	3.947978448586805
921	3.947978448586805
922	3.947978448586805
923	3.9214849592221714
924	3.9214849592221714
925	3.9214849592221714
926	1.737900644732023
927	2.82950516059851
928	3.3136111528692993
929	3.3136111528692993
930	3.3136111528692993
931	3.3136111528692993
932	2.862911522032086
933	2.2136741049396766
934	2.2136741049396766
935	3.899672846956525
936	4.2658813326926674
937	2.3680905250778364
938	2.763166256836951
939	2.763166256836951
940	2.763166256836951
941	2.763166256836951
942	2.763166256836951
943	3.8646415211380476
944	2.4110367095456513
945	2.4110367095456513
946	2.4110367095456513
947	2.4110367095456513
948	2.4110367095456513
949	3.315736155142168
950	3.315736155142168
951	3.315736155142168
952	3.315736155142168
953	1.5341154861163664
954	1.5341154861163664
955	1.1659648492403802
956	0.3871501646608364
957	0.3871501646608364
958	0.3871501646608364
959	1.3417372399789276
960	1.3417372399789276
961	3.8865613836024737
962	3.8865613836024737
963	2.8778142848257784
964	3.454061349608393
965	3.454061349608393
966	3.454061349608393
967	3.454061349608393
968	3.454061349608393
969	3.715599699032923
970	3.715599699032923
971	1.9462885949916169
972	1.9462885949916169
973	4.774840295050527
974	2.165801612415822
975	2.165801612415822
976	2.165801612415822
977	2.165801612415822
978	3.6219677117817897
979	2.2841218894061837
980	2.2841218894061837
981	2.2841218894061837
982	3.5337287776122173
983	1.711186706951671
984	2.085632931650557
985	3.731330490633946
986	3.731330490633946
987	4.2373943169054025
988	3.1166043182086867
989	3.1166043182086867
990	3.1166043182086867
991	4.039747338962295
992	2.5816726522341424
993	2.5816726522341424
994	2.087708884509061
995	1.711624311851945
996	1.711624311851945
997	1.711624311851945
998	1.711624311851945
999	2.74130001638631
1000	3.2289453025203474
1001	3.2289453025203474
1002	3.274476077699226
1003	2.1277854474359423
1004	1.1176456981805545
1005	1.1176456981805545
1006	1.8415910961921513
1007	1.8415910961921513
1008	1.8415910961921513
1009	3.0652796649991836
1010	1.7242077801629647
1011	1.7242077801629647
1012	1.6181245616412243
1013	1.6181245616412243
1014	1.5620931387105346
1015	1.5620931387105346
1016	1.5620931387105346
1017	1.5620931387105346
1018	1.5620931387105346
1019	2.134319245096496
1020	2.134319245096496
1021	0.4949063197394644
1022	0.4949063197394644
1023	2.0949878858465314
1024	0.7669638921161588
1025	0.7669638921161588
1026	0.7669638921161588
1027	0.7669638921161588
1028	0.7669638921161588
1029	1.3216587449237824
1030	1.3216587449237824
1031	1.3216587449237824
1032	1.3216587449237824
1033	1.749271513259218
1034	1.5405223735288003
1035	1.5405223735288003
1036	1.5405223735288003
1037	1.4930103356068283
1038	1.4930103356068283
1039	1.4930103356068283
1040	3.9607069751007025
1041	3.9607069751007025
1042	3.9607069751007025
1043	2.381782248073475
1044	2.381782248073475
1045	2.381782248073475
1046	2.381782248073475
1047	2.6945458368822996
1048	2.6945458368822996
1049	2.407777712436803
1050	3.0161491284478803
1051	3.567949285742456
1052	3.567949285742456
1053	3.567949285742456
1054	2.1831221639817664
1055	0.7610707448411999
1056	0.7610707448411999
1057	0.7610707448411999
1058	0.7610707448411999
1059	0.2835253424853238
1060	0.2835253424853238
1061	1.7492860612674697
1062	1.7492860612674697
1063	1.7492860612674697
1064	1.7492860612674697
1065	1.7492860612674697
1066	1.718905482516097
1067	3.203585159723627
1068	3.203585159723627
1069	5.5020513169515
1070	1.7535583687156795
1071	1.7535583687156795
1072	1.7535583687156795
1073	1.7535583687156795
1074	2.5289373704200986
1075	2.5289373704200986
1076	2.5289373704200986
1077	3.722651273824409
1078	4.080439539530574
1079	4.080439539530574
1080	4.080439539530574
1081	4.080439539530574
1082	2.135785440130385
1083	2.135785440130385
1084	2.968607176287885
1085	2.968607176287885
1086	2.968607176287885
1087	2.664866834054485
1088	3.452041198093016
1089	2.7290584904016466
1090	2.7290584904016466
1091	3.270991348789809
1092	3.270991348789809
1093	3.270991348789809
1094	3.270991348789809
1095	3.270991348789809
1096	1.381884396164095
1097	1.7347481805442202
1098	1.7347481805442202
1099	1.7347481805442202
1100	1.7347481805442202
1101	1.2626837613806472
1102	1.606795993974453
1103	1.606795993974453
1104	1.6703455367198352
1105	1.6703455367198352
1106	1.6703455367198352
1107	0.47470597962496075
1108	0.974842033477429
1109	1.3333167873939638
1110	1.3333167873939638
1111	1.3333167873939638
1112	3.861911621755665
1113	4.42569672443347
1114	4.42569672443347
1115	3.85270231635538
1116	1.960773404012734
1117	2.613092609322502
1118	1.5269276905348983
1119	1.5269276905348983
1120	1.5269276905348983
1121	1.5269276905348983
1122	1.5269276905348983
1123	0.5995886096902073
1124	1.2969446095239845
1125	0.6066010908642154
1126	0.6066010908642154
1127	0.6066010908642154
1128	0.6066010908642154
1129	1.2291165161712836
1130	3.0947513348846822
1131	3.312225803597553
1132	3.312225803597553
1133	2.0007112476708193
1134	1.946083248844653
1135	1.8031875898747254
1136	1.5171097196543184
1137	1.5171097196543184
1138	1.5171097196543184
1139	1.1162067519390502
1140	0.5732498501513971
1141	0.5732498501513971
1142	0.5732498501513971
1143	3.136227092601049
1144	3.136227092601049
1145	2.5093605963975625
1146	2.5093605963975625
1147	2.116155397838282
1148	1.564625350135217
1149	1.2258563635190547
1150	1.531341487060077
1151	3.891379769624779
1152	1.0917046050686179
1153	0.7597255563490353
1154	1.233084857697102
1155	1.8826194216364387
1156	1.577808081362754
1157	1.577808081362754
1158	1.577808081362754
1159	1.577808081362754
1160	1.577808081362754
1161	3.2182935473082064
1162	3.2182935473082064
1163	2.6134705392040978
1164	3.857293269250124
1165	3.857293269250124
1166	3.857293269250124
1167	1.9900989324876524
1168	1.5640018891733392
1169	2.669491339437679
1170	2.7034736138612896
1171	2.7034736138612896
1172	2.7034736138612896
1173	2.7034736138612896
1174	2.7034736138612896
1175	3.381332934722433
1176	3.381332934722433
1177	1.9915980012413326
1178	1.9915980012413326
1179	3.709620854758453
1180	3.709620854758453
1181	1.8176546337191801
1182	1.8176546337191801
1183	1.8176546337191801
1184	1.8176546337191801
1185	1.4017130944541172
1186	1.4017130944541172
1187	2.4417814953488612
1188	2.281760472044801
1189	2.281760472044801
1190	2.0927892208405163
1191	2.470474878279388
1192	2.7594455728228775
1193	1.9232479141057217
1194	1.9232479141057217
1195	2.7383009033286223
1196	2.7383009033286223
1197	1.6306027670484462
1198	1.0877719686167684
1199	0.48705716587567505
1200	0.48705716587567505
1201	0.48705716587567505
1202	0.9163581647945556
1203	0.40840517935515847
1204	0.7541985983167335
1205	0.7541985983167335
1206	0.7541985983167335
1207	0.7541985983167335
1208	0.7541985983167335
1209	1.8151597120312413
1210	1.8151597120312413
1211	1.4596419487176182
1212	1.4596419487176182
1213	1.4596419487176182
1214	1.351184329096689
1215	1.351184329096689
1216	1.351184329096689
1217	1.351184329096689
1218	1.351184329096689
1219	0.34477112974820884
1220	1.6751421956517714
1221	1.6751421956517714
1222	1.8670138032102452
1223	0.8562306029739588
1224	0.8562306029739588
1225	1.9470007647078513
1226	1.9470007647078513
1227	1.9470007647078513
1228	1.9470007647078513
1229	1.9470007647078513
1230	2.8956089698977987
1231	3.0377731215588595
1232	3.0377731215588595
1233	3.258702835040819
1234	3.258702835040819
1235	2.444712542068964
1236	2.444712542068964
1237	2.3624594802385968
1238	2.3624594802385968
1239	2.3624594802385968
1240	2.3624594802385968
1241	3.605373426133433
1242	3.605373426133433
1243	3.605373426133433
1244	3.700803300567573
1245	3.700803300567573
1246	3.700803300567573
1247	3.700803300567573
1248	4.014955214983181
1249	3.260226023286172
1250	3.260226023286172
1251	1.8710931316220003
1252	3.714585270907598
1253	4.3922910656719685
1254	2.5004482802800783
1255	2.3544415237866323
1256	2.3544415237866323
1257	2.3544415237866323
1258	2.3544415237866323
1259	1.8282059830969966
1260	4.639866011691394
1261	4.639866011691394
1262	4.639866011691394
1263	4.639866011691394
1264	4.639866011691394
1265	4.079865249914725
1266	4.079865249914725
1267	4.079865249914725
1268	4.079865249914725
1269	4.079865249914725
1270	3.676182550462749
1271	3.676182550462749
1272	2.1864719283672183
1273	2.1864719283672183
1274	2.1864719283672183
1275	3.6061131563661504
1276	3.6061131563661504
1277	3.6061131563661504
1278	3.6061131563661504
1279	3.6061131563661504
1280	2.2841305439976543
1281	2.2841305439976543
1282	2.2841305439976543
1283	2.2841305439976543
1284	2.1467949974721243
1285	2.5673038952799274
1286	2.066142185070559
1287	2.6368559373861444
1288	2.6368559373861444
1289	3.6695232975746164
1290	3.6695232975746164
1291	2.4732899205600756
1292	4.877754163782345
1293	3.145978083199178
1294	2.700878766533601
1295	2.65459814205053
1296	2.5680970941758914
1297	1.1999574893488096
1298	0.20968793612975808
1299	0.20968793612975808
1300	0.20968793612975808
1301	0.20968793612975808
1302	0.20968793612975808
1303	0.8926720618036932
1304	3.14303312521557
1305	2.963580333015038
1306	2.963580333015038
1307	2.353229825410218
1308	2.3606129924400228
1309	2.3606129924400228
1310	2.2499838686058427
1311	2.2499838686058427
1312	2.2177956953080016
1313	2.2177956953080016
1314	2.2177956953080016
1315	2.2177956953080016
1316	2.2177956953080016
1317	2.521107635608367
1318	1.83694787777645
1319	1.83694787777645
1320	2.346474302742838
1321	1.6359587163999398
1322	1.6359587163999398
1323	3.3241826344518137
1324	2.428273355533099
1325	2.428273355533099
1326	1.2716085669624753
1327	1.2716085669624753
1328	1.2716085669624753
1329	1.2716085669624753
1330	3.259591689679755
1331	3.3158651597895887
1332	2.3636677117371865
1333	2.3636677117371865
1334	1.6820466992715557
1335	1.6820466992715557
1336	1.6820466992715557
1337	3.4444579418199766
1338	1.4522159238356058
1339	0.3597633093008081
1340	1.2614520867516006
1341	0.6065362723672632
1342	0.6065362723672632
1343	2.1384139078959117
1344	2.1578302148516637
1345	2.1578302148516637
1346	2.1578302148516637
1347	2.1578302148516637
1348	1.906990882193302
1349	1.906990882193302
1350	1.906990882193302
1351	1.906990882193302
1352	1.906990882193302
1353	2.163512387480873
1354	2.124437402142746
1355	2.124437402142746
1356	1.7013105008652876
1357	2.933522800846828
1358	1.4959792755568349
1359	1.4959792755568349
1360	3.060281988591869
1361	3.060281988591869
1362	3.060281988591869
1363	3.060281988591869
1364	3.060281988591869
1365	3.987947080735644
1366	3.987947080735644
1367	3.934000562637299
1368	2.5978091232454603
1369	2.5978091232454603
1370	2.5978091232454603
1371	1.227444851859262
1372	1.9344073289835213
1373	1.9344073289835213
1374	2.895084337578051
1375	2.895084337578051
1376	2.895084337578051
1377	2.895084337578051
1378	2.895084337578051
1379	2.719866984664455
1380	2.719866984664455
1381	2.719866984664455
1382	4.57683097437982
1383	3.5971165936789546
1384	3.5971165936789546
1385	2.19948208887606
1386	2.978504318901433
1387	2.978504318901433
1388	2.978504318901433
1389	2.978504318901433
1390	2.978504318901433
1391	2.6571250850303274
1392	2.6166399065022534
1393	2.658530967551555
1394	2.658530967551555
1395	1.3966680321165617
1396	1.3966680321165617
1397	1.3966680321165617
1398	1.3966680321165617
1399	1.1022524862374463
1400	1.4959449380292924
1401	1.4959449380292924
1402	1.4959449380292924
1403	1.4959449380292924
1404	1.4959449380292924
1405	2.8271683180188623
1406	0.48454488143142765
1407	0.48454488143142765
1408	0.48454488143142765
1409	1.4412795865725303
1410	2.6445809518635595
1411	2.6445809518635595
1412	2.6445809518635595
1413	2.6445809518635595
1414	2.6445809518635595
1415	1.6853626883011763
1416	3.154920041658889
1417	2.6982288619645334
1418	2.6982288619645334
1419	3.819007471707991
1420	3.819007471707991
1421	2.6800227860963717
1422	2.6800227860963717
1423	4.261498232847092
1424	4.261498232847092
1425	2.5452473056894047
1426	2.6932301020431297
1427	2.2875867601217856
1428	5.268590451622867
1429	2.341993488956734
1430	2.062220141250447
1431	2.062220141250447
1432	3.066005069945197
1433	3.066005069945197
1434	3.066005069945197
1435	3.066005069945197
1436	3.066005069945197
1437	2.345598188388492
1438	2.345598188388492
1439	2.345598188388492
1440	4.6706472683640845
1441	1.2765459087269568
1442	1.2765459087269568
1443	1.2765459087269568
1444	1.2188762316700923
1445	1.2188762316700923
1446	0.6109584412744218
1447	0.6109584412744218
1448	1.1432637593004447
1449	2.939300522936989
1450	2.939300522936989
1451	2.939300522936989
1452	1.7205448243136754
1453	1.5454888818866612
1454	2.417671942738446
1455	2.417671942738446
1456	2.417671942738446
1457	2.417671942738446
1458	2.417671942738446
1459	2.010588554836927
1460	2.010588554836927
1461	2.3444268609112093
1462	2.3444268609112093
1463	2.928339341504324
1464	2.2341301034031815
1465	2.2341301034031815
1466	2.663196969237006
1467	2.663196969237006
1468	2.663196969237006
1469	2.663196969237006
1470	3.7573969896895556
1471	3.7573969896895556
1472	1.4979729175288459
1473	0.433683528775762
1474	0.433683528775762
1475	0.7897331715292043
1476	0.7897331715292043
1477	0.7897331715292043
1478	0.7897331715292043
1479	0.7897331715292043
1480	1.151285201899592
1481	1.151285201899592
1482	1.9117777388354027
1483	3.0543177790576435
1484	3.0543177790576435
1485	3.0543177790576435
1486	3.0543177790576435
1487	3.0543177790576435
1488	2.0079582343336826
1489	1.5267139354412986
1490	2.1934153951948305
1491	1.2971494166108664
1492	1.6828985566960701
1493	1.6873143785669873
1494	0.3331557985637619
1495	0.3331557985637619
1496	0.3331557985637619
1497	1.142378274644441
1498	1.142378274644441
1499	0.7496026907384506
1500	0.40285310797997004
1501	2.3332879270209386
1502	2.3332879270209386
1503	1.3460345169165604
1504	1.8567406046685269
1505	1.8567406046685269
1506	1.8567406046685269
1507	2.4938704136531626
1508	0.8781898460942537
1509	0.8781898460942537
1510	0.8781898460942537
1511	2.0840916507278364
1512	2.0840916507278364
1513	1.3085550141308748
1514	1.3085550141308748
1515	1.7905150560683352
1516	1.7905150560683352
1517	1.7905150560683352
1518	3.330479464360668
1519	3.333055432859391
1520	3.333055432859391
1521	3.333055432859391
1522	3.333055432859391
1523	3.333055432859391
1524	3.91539808242647
1525	4.437197536976551
1526	3.390162862567358
1527	4.296054893453617
1528	4.296054893453617
1529	4.825874982012735
1530	3.455610406840534
1531	3.455610406840534
1532	2.5277536366843303
1533	2.1311021882283487
1534	2.1311021882283487
1535	3.809220262904911
1536	3.2818851759567402
1537	2.4775027159336673
1538	2.4775027159336673
1539	2.8775050729461857
1540	2.8775050729461857
1541	2.8775050729461857
1542	2.8775050729461857
1543	2.6647601446395717
1544	2.6647601446395717
1545	5.10454327655279
1546	3.7782111052174736
1547	3.5304684608012025
1548	3.5304684608012025
1549	3.5304684608012025
1550	3.5304684608012025
1551	3.5304684608012025
1552	3.1653938391901697
1553	3.670609012226379
1554	2.959393313775245
1555	3.9433325111420467
1556	4.5361765441245065
1557	4.091833183281433
1558	4.091833183281433
1559	4.091833183281433
1560	4.091833183281433
1561	4.091833183281433
1562	3.992218649373558
1563	3.992218649373558
1564	3.654159707439926
1565	2.9547477271956595
1566	2.9547477271956595
1567	2.9547477271956595
1568	2.9547477271956595
1569	2.009632453826771
1570	2.7039431222661845
1571	1.5868891322691316
1572	2.561610061518096
1573	2.561610061518096
1574	3.3419105419986614
1575	3.3419105419986614
1576	3.3419105419986614
1577	1.8691430702215142
1578	1.8691430702215142
1579	1.8691430702215142
1580	1.4430266915180314
1581	0.3807036222792823
1582	0.3807036222792823
1583	0.9485648914867661
1584	1.9024898848448064
1585	1.9024898848448064
1586	1.9024898848448064
1587	1.9024898848448064
1588	1.9024898848448064
1589	2.9037268108875085
1590	2.9037268108875085
1591	2.9037268108875085
1592	2.9037268108875085
1593	2.7387837134443265
1594	2.7804745239430306
1595	2.7804745239430306
1596	2.7804745239430306
1597	2.7804745239430306
1598	2.7804745239430306
1599	4.24303602195801
1600	3.8611685684928068
1601	3.8611685684928068
1602	3.8611685684928068
1603	3.8611685684928068
1604	3.8611685684928068
1605	2.3904372349381533
1606	2.3904372349381533
1607	2.3904372349381533
1608	2.3904372349381533
1609	2.3904372349381533
1610	1.0293956625811718
1611	1.660945131414891
1612	1.660945131414891
1613	1.660945131414891
1614	1.7811500766020387
1615	2.8520826829299675
1616	3.657900799628094
1617	3.657900799628094
1618	3.657900799628094
1619	2.2690129405377424
1620	2.155958280250217
1621	2.155958280250217
1622	1.4661015325716393
1623	1.4661015325716393
1624	0.8574052637582836
1625	0.8574052637582836
1626	2.676550107472221
1627	2.676550107472221
1628	2.676550107472221
1629	1.6146483052839298
1630	3.2301338391390555
1631	3.2301338391390555
1632	2.523247817922282
1633	2.523247817922282
1634	2.523247817922282
1635	2.523247817922282
1636	3.305544356609828
1637	5.033967769869568
1638	3.681021661806426
1639	3.681021661806426
1640	3.681021661806426
1641	3.937944951990424
1642	3.3051349508576253
1643	1.6336933263641582
1644	2.778373566287572
1645	1.3924052577863466
1646	2.6005240423223066
1647	2.6005240423223066
1648	2.5770421894075604
1649	2.5770421894075604
1650	2.5770421894075604
1651	0.7086448140667674
1652	0.7086448140667674
1653	0.41881394977820974
1654	1.402360666970187
1655	1.402360666970187
1656	1.402360666970187
1657	0.3893734836172937
1658	0.3893734836172937
1659	0.3893734836172937
1660	0.3893734836172937
1661	0.3893734836172937
1662	0.8591863353601298
1663	0.8591863353601298
1664	0.8591863353601298
1665	0.8591863353601298
1666	0.8591863353601298
1667	0.7937398315281595
1668	0.3812245423517724
1669	1.7180752293090635
1670	1.7180752293090635
1671	1.7180752293090635
1672	0.7731659471329239
1673	1.3185033568734719
1674	1.3185033568734719
1675	0.40303720679443344
1676	1.6760524046165484
1677	1.6760524046165484
1678	1.6760524046165484
1679	1.2866347623199377
1680	1.2866347623199377
1681	1.2866347623199377
1682	1.2866347623199377
1683	3.636966788424845
1684	1.6912422892616523
1685	1.2322377219093574
1686	1.2322377219093574
1687	1.2322377219093574
1688	1.2322377219093574
1689	1.2322377219093574
1690	1.596687145020361
1691	1.596687145020361
1692	1.596687145020361
1693	1.596687145020361
1694	1.596687145020361
1695	2.173348602348023
1696	3.8662639144278055
1697	3.8662639144278055
1698	4.469468157510515
1699	4.469468157510515
1700	4.469468157510515
1701	1.9678298748806888
1702	2.3823297450767775
1703	3.6032755884726515
1704	3.6032755884726515
1705	3.6032755884726515
1706	2.9408881638078954
1707	2.9408881638078954
1708	2.9408881638078954
1709	2.9408881638078954
1710	2.9408881638078954
1711	2.8601997354744073
1712	2.8601997354744073
1713	3.77739169859904
1714	3.77739169859904
1715	2.9775639539212646
1716	2.9775639539212646
1717	1.5767653440780187
1718	1.5767653440780187
1719	2.0989339485624052
1720	2.0989339485624052
1721	2.6650120097698675
1722	3.5476486907266973
1723	3.120925238415719
1724	3.120925238415719
1725	3.120925238415719
1726	3.120925238415719
1727	3.120925238415719
1728	3.5979771855999276
1729	3.5979771855999276
1730	3.5979771855999276
1731	2.640984937592612
1732	3.325294596645799
1733	3.4325183816023865
1734	3.4325183816023865
1735	3.4325183816023865
1736	2.1882633017644784
1737	2.2428830925856693
1738	1.652521021022935
1739	2.244051380553198
1740	3.7114817538525453
1741	1.5449131742828617
1742	0.38814919905841727
1743	0.8260415731327201
1744	0.36075053216996417
1745	0.36075053216996417
1746	0.6451619645694678
1747	1.8575936785230542
1748	1.8575936785230542
1749	1.8575936785230542
1750	1.1707789628297045
1751	0.4085893419993515
1752	0.928442712990762
1753	0.928442712990762
1754	0.928442712990762
1755	0.928442712990762
1756	2.003748902413257
1757	2.003748902413257
1758	2.003748902413257
1759	2.003748902413257
1760	2.189479554075364
1761	2.189479554075364
1762	1.801827621590884
1763	1.801827621590884
1764	1.801827621590884
1765	1.801827621590884
1766	1.801827621590884
1767	1.43274185767695
1768	1.43274185767695
1769	0.3793065560855687
1770	1.197803699870674
1771	0.35686948238777483
1772	0.35686948238777483
1773	0.9256855064047194
1774	0.9256855064047194
1775	0.49002496678865864
1776	3.3426983054175285
1777	3.3426983054175285
1778	3.679355287042393
1779	4.674506195290263
1780	4.674506195290263
1781	4.674506195290263
1782	4.674506195290263
1783	4.674506195290263
1784	4.822600184851816
1785	4.822600184851816
1786	2.063706762613069
1787	2.063706762613069
1788	2.063706762613069
1789	2.063706762613069
1790	2.8691670527256985
1791	2.8691670527256985
1792	2.8691670527256985
1793	3.3929443758144973
1794	2.8409377183360567
1795	4.064452397803513
1796	4.064452397803513
1797	4.309849976606495
1798	4.309849976606495
1799	4.309849976606495
1800	4.309849976606495
1801	2.826473553284551
1802	2.826473553284551
1803	2.826473553284551
1804	1.759788865304801
1805	1.759788865304801
1806	1.759788865304801
1807	1.759788865304801
1808	1.759788865304801
1809	1.9359669800165766
1810	1.9359669800165766
1811	0.6122171632269836
1812	0.6122171632269836
1813	2.736852842427864
1814	1.2956026124022832
1815	1.2956026124022832
1816	1.0646619825002674
1817	1.4108901384132144
1818	1.4108901384132144
1819	1.4572543163815972
1820	2.3204048019514167
1821	2.3204048019514167
1822	1.9107530991708448
1823	1.9107530991708448
1824	1.593170963799775
1825	3.5031681965397348
1826	3.5031681965397348
1827	3.5031681965397348
1828	4.184105868971498
1829	4.184105868971498
1830	2.6583097544643173
1831	2.6583097544643173
1832	2.6583097544643173
1833	2.6583097544643173
1834	2.395466312442004
1835	2.395466312442004
1836	4.503216882581013
1837	1.9355460260883877
1838	1.9355460260883877
1839	1.9355460260883877
1840	1.9355460260883877
1841	1.9355460260883877
1842	3.3651286678308625
1843	2.3955075300855766
1844	2.3955075300855766
1845	1.8699690861174447
1846	2.198830330757343
1847	2.198830330757343
1848	2.7397157251761755
1849	2.7397157251761755
1850	1.3888328755780843
1851	1.3888328755780843
1852	1.3888328755780843
1853	1.3888328755780843
1854	0.7949803762543693
1855	0.9024494570061926
1856	2.9326607278160095
1857	2.9326607278160095
1858	2.9326607278160095
1859	2.88389139914778
1860	3.9197072284680057
1861	4.136613009159937
1862	4.136613009159937
1863	4.136613009159937
1864	3.7094382328444313
1865	2.0052221233239154
1866	2.0052221233239154
1867	2.210899470149862
1868	2.210899470149862
1869	2.210899470149862
1870	2.260760682358503
1871	3.2655815267796564
1872	3.2655815267796564
1873	2.2880350013395128
1874	1.5960100968505517
1875	1.5960100968505517
1876	1.5960100968505517
1877	1.5960100968505517
1878	0.6195178715395223
1879	0.6195178715395223
1880	0.6195178715395223
1881	0.3527686731293971
1882	1.4313346544432142
1883	1.4551659895622098
1884	1.7073195958174745
1885	1.7073195958174745
1886	1.1273915593767287
1887	1.1273915593767287
1888	1.1273915593767287
1889	1.814061767969235
1890	1.890810911110243
1891	1.6110837011722077
1892	1.8155403088196045
1893	1.8155403088196045
1894	1.576871870682226
1895	1.576871870682226
1896	1.576871870682226
1897	3.0437021747251434
1898	3.2495247366615994
1899	2.435689475531344
1900	3.3377312606150724
1901	1.2968446547546355
1902	1.9951207555002837
1903	1.9951207555002837
1904	0.3225079867312828
1905	0.8727431414585682
1906	0.8727431414585682
1907	0.8727431414585682
1908	0.8727431414585682
1909	2.2462139441570077
1910	3.3093125139429627
1911	2.2569079731410806
1912	2.2569079731410806
1913	1.2921359958654364
1914	2.2636503824356877
1915	2.2636503824356877
1916	1.7823084158052764
1917	1.7823084158052764
1918	1.7823084158052764
1919	3.057892893061002
1920	0.8888032901822003
1921	0.7359678043190186
1922	0.39625308114509783
1923	0.39625308114509783
1924	0.39625308114509783
1925	0.39625308114509783
1926	1.5909291936959173
1927	1.4045205403362713
1928	1.6437243655546294
1929	2.510722943630764
1930	2.510722943630764
1931	3.7789333061822994
1932	3.151398218121388
1933	2.4986382635519426
1934	2.4986382635519426
1935	1.3991291472521352
1936	3.117065379466886
1937	2.0293439172900625
1938	2.0293439172900625
1939	2.0293439172900625
1940	1.1107800685919735
1941	1.1107800685919735
1942	1.1107800685919735
1943	0.8662902280728839
1944	0.4195345756236152
1945	1.3334177310496778
1946	1.3334177310496778
1947	1.3334177310496778
1948	1.5830935835116287
1949	1.5830935835116287
1950	4.225035774728573
1951	4.225035774728573
1952	2.8462092921166096
1953	2.8462092921166096
1954	1.6981498469402196
1955	3.183844502538365
1956	3.183844502538365
1957	3.3604539690065307
1958	3.3604539690065307
1959	3.3604539690065307
1960	3.3604539690065307
1961	3.3604539690065307
1962	4.925258550737593
1963	4.925258550737593
1964	0.8978624214922153
1965	0.5179092210196927
1966	0.5179092210196927
1967	0.7427883032101198
1968	0.7427883032101198
1969	1.665924222542308
1970	1.433987827378147
1971	2.588140150830726
1972	2.588140150830726
1973	2.7345937221382606
1974	2.718089109358321
1975	2.718089109358321
1976	2.718089109358321
1977	2.718089109358321
1978	3.7314665730203957
1979	3.0356119941230846
1980	3.0356119941230846
1981	2.751929989065414
1982	2.267425799080012
1983	2.267425799080012
1984	3.3908676083958147
1985	1.4144595295485063
1986	1.4144595295485063
1987	0.6501047014579627
1988	1.6311868478005123
1989	2.967977210758113
1990	2.967977210758113
1991	2.967977210758113
1992	3.2265162205807423
1993	3.2265162205807423
1994	3.2265162205807423
1995	2.3765767026526388
1996	2.3765767026526388
1997	2.3765767026526388
1998	0.34190131492046555
1999	0.34190131492046555
2000	0.34190131492046555
2001	0.6605379421213556
2002	1.299275570201088
2003	1.299275570201088
2004	1.299275570201088
2005	0.960049741061624
2006	0.7787630186525097
2007	2.5015458224289504
2008	2.5015458224289504
2009	2.5015458224289504
2010	1.0665263259006939
2011	1.0665263259006939
2012	1.0665263259006939
2013	0.8407933917251249
2014	1.7819927100488753
2015	1.8626076240217417
2016	1.8626076240217417
2017	1.8626076240217417
2018	1.8626076240217417
2019	2.01614779640691
2020	2.01614779640691
2021	2.01614779640691
2022	2.01614779640691
2023	2.01614779640691
2024	1.4431821965065854
2025	1.2847447623689163
2026	1.2847447623689163
2027	1.2847447623689163
2028	1.418325135400941
2029	1.9166874690834665
2030	1.9166874690834665
2031	1.9166874690834665
2032	1.1764876013440828
2033	1.1764876013440828
2034	1.1764876013440828
2035	1.1764876013440828
2036	1.1764876013440828
2037	1.9725633479340134
2038	1.9725633479340134
2039	1.9725633479340134
2040	0.9014573872525582
2041	0.9014573872525582
2042	0.9014573872525582
2043	0.9014573872525582
2044	2.2068724615834032
2045	3.2339403044152073
2046	0.6043426062503524
2047	1.9925522854303366
2048	1.9925522854303366
2049	2.492601519944955
2050	2.927163741103636
2051	1.7897916699506116
2052	1.2581107628887809
2053	2.816889292956219
2054	2.816889292956219
2055	2.816889292956219
2056	0.6220960680673279
2057	0.6220960680673279
2058	3.8818741647326895
2059	1.7464285473724868
2060	2.969650304370815
2061	4.161898708650091
2062	4.161898708650091
2063	3.5092205065853666
2064	3.3429608838423888
2065	3.3429608838423888
2066	2.34184397524266
2067	2.34184397524266
2068	2.1400977785670214
2069	2.1400977785670214
2070	2.1400977785670214
2071	1.293846585301184
2072	3.371383094546061
2073	3.371383094546061
2074	2.8299657652667625
2075	2.0638447624974208
2076	1.5013538006114093
2077	1.5013538006114093
2078	0.6642225357243962
2079	2.3064336676868846
2080	2.3064336676868846
2081	3.260397506648136
2082	2.7906234811950097
2083	1.9291161221071127
2084	1.9291161221071127
2085	1.905934435246899
2086	1.905934435246899
2087	3.3051557946618204
2088	3.3051557946618204
2089	3.3051557946618204
2090	3.3051557946618204
2091	3.3051557946618204
2092	2.25969290722281
2093	3.7608395236771517
2094	2.766839093985689
2095	2.766839093985689
2096	1.99625515243291
2097	1.3949688994540526
2098	1.3949688994540526
2099	1.3949688994540526
2100	1.6601582244889266
2101	1.6601582244889266
2102	2.673006524800159
2103	2.3377620282410847
2104	2.3377620282410847
2105	2.232985108852612
2106	2.232985108852612
2107	2.232985108852612
2108	2.232985108852612
2109	2.232985108852612
2110	2.57312260363609
2111	2.57312260363609
2112	2.774514971487452
2113	4.317952939565112
2114	4.317952939565112
2115	4.75395105725354
2116	4.75395105725354
2117	4.75395105725354
2118	4.75395105725354
2119	4.75395105725354
2120	3.7045938462776657
2121	3.3724954507116633
2122	3.3724954507116633
2123	3.3724954507116633
2124	3.3724954507116633
2125	3.3724954507116633
2126	2.3092709715220208
2127	1.8500431847326153
2128	2.6238543959231584
2129	2.1307212306221994
2130	2.1307212306221994
2131	2.1307212306221994
2132	1.9799269431423754
2133	2.321047992699361
2134	1.3389122310038388
2135	1.3389122310038388
2136	3.2805153703589096
2137	3.2805153703589096
2138	3.2805153703589096
2139	3.2805153703589096
2140	2.548703733689051
2141	2.8160846779503235
2142	1.3035684362597248
2143	1.3035684362597248
2144	3.0033564585050225
2145	2.0336752532703555
2146	2.0336752532703555
2147	0.7432756488341629
2148	1.6255970468421421
2149	2.4581962461183005
2150	2.8921115855120996
2151	3.1679534478905103
2152	4.112001933950286
2153	3.8077724436143057
2154	3.8077724436143057
2155	3.8077724436143057
2156	3.8077724436143057
2157	3.0178526157811003
2158	2.7260247079323343
2159	2.7260247079323343
2160	2.7260247079323343
2161	1.6871399483889897
2162	1.6871399483889897
2163	1.6871399483889897
2164	0.6966262072423245
2165	0.6966262072423245
2166	0.6966262072423245
2167	0.6966262072423245
2168	1.66139904541071
2169	1.66139904541071
2170	3.22198369967419
2171	1.9653743460416182
2172	1.9653743460416182
2173	1.9653743460416182
2174	1.2572486485868895
2175	2.8205367911449963
2176	2.8205367911449963
2177	1.4083961046655713
2178	1.4083961046655713
2179	4.340830967373514
2180	2.5970354816691574
2181	2.3536389948455487
2182	2.3536389948455487
2183	1.9214867387484211
2184	1.9214867387484211
2185	1.9214867387484211
2186	1.3018831555009993
2187	1.3018831555009993
2188	1.3018831555009993
2189	2.816251405984526
2190	2.816251405984526
2191	2.816251405984526
2192	2.816251405984526
2193	1.824884755603012
2194	1.21453101672257
2195	0.6114076810772121
2196	0.6114076810772121
2197	1.3269833835237332
2198	2.2381505320088295
2199	2.2381505320088295
2200	2.2381505320088295
2201	3.3592365241218287
2202	2.8431705616617156
2203	2.1101542499171586
2204	3.7033468321343537
2205	3.7033468321343537
2206	2.116816692894228
2207	3.178097339887592
2208	3.178097339887592
2209	2.209219873137852
2210	2.209219873137852
2211	2.209219873137852
2212	2.190162616738189
2213	1.5122238608932512
2214	2.17105322911891
2215	1.2733112219157396
2216	1.2733112219157396
2217	1.2733112219157396
2218	2.178295358390543
2219	2.178295358390543
2220	2.178295358390543
2221	2.178295358390543
2222	2.178295358390543
2223	2.5700503617036103
2224	3.3489663708390194
2225	3.3489663708390194
2226	2.1046103471217887
2227	2.1046103471217887
2228	2.7130885881673685
2229	0.8352837702645098
2230	0.4687436564648153
2231	0.4687436564648153
2232	0.7935939027062937
2233	1.8108285838816736
2234	1.8108285838816736
2235	1.3617864239844646
2236	0.418010389254587
2237	1.6395996801674253
2238	1.6395996801674253
2239	1.6395996801674253
2240	1.6395996801674253
2241	1.6955948757635353
2242	1.1545962151840323
2243	2.214690869311544
2244	3.3868089787478732
2245	3.3868089787478732
2246	1.7818948883238284
2247	1.7818948883238284
2248	2.608884929391887
2249	2.608884929391887
2250	2.608884929391887
2251	2.608884929391887
2252	2.9479255526250636
2253	2.9479255526250636
2254	2.4436434589616
2255	2.4436434589616
2256	2.4436434589616
2257	1.8002300314001038
2258	1.8002300314001038
2259	1.8002300314001038
2260	0.8904266620621136
2261	0.20062208632192824
2262	0.948455584089696
2263	0.948455584089696
2264	0.948455584089696
2265	0.948455584089696
2266	0.948455584089696
2267	0.9162624919181694
2268	0.9162624919181694
2269	0.9162624919181694
2270	0.2842003283204377
2271	0.6412977209622394
2272	0.45166323221113325
2273	0.45166323221113325
2274	0.45166323221113325
2275	1.5953061498682328
2276	1.5953061498682328
2277	1.5953061498682328
2278	1.5953061498682328
2279	1.5953061498682328
2280	0.7605165889740794
2281	2.077710317403588
2282	2.077710317403588
2283	2.077710317403588
2284	1.5897991812502519
2285	1.948084502008745
2286	1.8507826688761955
2287	2.7542515001478565
2288	2.725862494091588
2289	2.8305684056645717
2290	2.771781455066628
2291	2.1016787088815354
2292	1.8938425022789258
2293	1.8938425022789258
2294	3.055002214974735
2295	3.055002214974735
2296	3.055002214974735
2297	3.3293746965052886
2298	4.387231089379791
2299	4.387231089379791
2300	4.117511743471214
2301	4.117511743471214
2302	4.117511743471214
2303	4.117511743471214
2304	4.117511743471214
2305	3.2076893729189204
2306	3.2076893729189204
2307	2.7255804655052622
2308	1.2949774880206593
2309	0.8304355069865437
2310	0.8304355069865437
2311	0.8304355069865437
2312	1.4069457705853468
2313	3.016302349483273
2314	3.016302349483273
2315	3.0411141470532366
2316	2.867813108416661
2317	2.867813108416661
2318	3.593589893806876
2319	2.1480543884597836
2320	2.443059927210011
2321	1.582727578107962
2322	3.1305911193697673
2323	3.1305911193697673
2324	2.7803837317596343
2325	3.2120296920208786
2326	3.2120296920208786
2327	3.2120296920208786
2328	3.2120296920208786
2329	3.2120296920208786
2330	3.674043786845417
2331	3.124350536385301
2332	3.124350536385301
2333	4.027583699184917
2334	1.4061817350552026
2335	1.4061817350552026
2336	1.4061817350552026
2337	1.4061817350552026
2338	1.4061817350552026
2339	0.932442520649921
2340	0.932442520649921
2341	0.9686192689220033
2342	2.2294414286697215
2343	3.18290096690133
2344	3.2214716986712433
2345	3.2214716986712433
2346	3.2214716986712433
2347	1.246464215378176
2348	1.246464215378176
2349	1.246464215378176
2350	0.24110857289212226
2351	0.5909120894764635
2352	0.7737271102043823
2353	1.589418865803456
2354	1.589418865803456
2355	1.2548287416191306
2356	1.2548287416191306
2357	0.8150483104966013
2358	0.8150483104966013
2359	0.8150483104966013
2360	0.8150483104966013
2361	0.8150483104966013
2362	0.7923622728066331
2363	0.7923622728066331
2364	1.4333543269249056
2365	1.4333543269249056
2366	1.4333543269249056
2367	1.4333543269249056
2368	2.3184500863989066
2369	2.3184500863989066
2370	2.3184500863989066
2371	2.3184500863989066
2372	2.3184500863989066
2373	2.973223049459258
2374	2.698205988379894
2375	1.9450709439645515
2376	1.9450709439645515
2377	4.457108951005317
2378	2.4931923821798065
2379	2.4931923821798065
2380	0.723626720442594
2381	1.4319406143813447
2382	0.6247863182533065
2383	1.0416652678694918
2384	1.91552768235431
2385	1.91552768235431
2386	1.91552768235431
2387	1.482071888934945
2388	1.482071888934945
2389	2.0656338883455456
2390	2.0656338883455456
2391	2.0656338883455456
2392	2.0656338883455456
2393	2.0656338883455456
2394	2.163762002269295
2395	2.163762002269295
2396	2.989490245698819
2397	2.989490245698819
2398	4.892628924129818
2399	3.344212024394466
2400	2.6788366006211417
2401	2.019169690296441
2402	2.7052883953458258
2403	2.7052883953458258
2404	1.5792456047266623
2405	1.5792456047266623
2406	3.539134590427003
2407	3.051412039523142
2408	1.6572478479427968
2409	1.6572478479427968
2410	3.252778284836173
2411	2.4603630049174967
2412	1.7264052506905658
2413	1.7264052506905658
2414	1.7813727852881507
2415	2.720336056734727
2416	4.233488263580083
2417	4.233488263580083
2418	4.233488263580083
2419	0.873538855087763
2420	2.450187657941234
2421	2.450187657941234
2422	1.6339000222901734
2423	1.6339000222901734
2424	1.6339000222901734
2425	2.358167624523715
2426	2.358167624523715
2427	1.2263861540309806
2428	1.2263861540309806
2429	1.2263861540309806
2430	1.2263861540309806
2431	1.2263861540309806
2432	1.989445109122027
2433	0.6943376870916029
2434	2.5980451837050884
2435	2.5980451837050884
2436	2.5980451837050884
2437	2.52473673728222
2438	1.4339681633073615
2439	1.4339681633073615
2440	1.4339681633073615
2441	1.4339681633073615
2442	0.9186728283801131
2443	1.6427175511262877
2444	2.495188646489619
2445	3.102868039606971
2446	4.169897710579571
2447	3.025352146882623
2448	1.3143672243983715
2449	1.3143672243983715
2450	1.3143672243983715
2451	3.804530038736496
2452	4.952480648266975
2453	3.257460101628566
2454	3.257460101628566
2455	3.257460101628566
2456	0.7539780830117664
2457	0.2929472945217468
2458	3.68846048948867
2459	2.9093220566946663
2460	2.9093220566946663
2461	2.560024263512507
2462	2.560024263512507
2463	2.560024263512507
2464	1.4764107685460608
2465	1.4764107685460608
2466	1.4764107685460608
2467	1.4764107685460608
2468	1.4764107685460608
2469	1.5319283848796204
2470	2.1293343234308666
2471	2.1293343234308666
2472	0.8771390721268346
2473	0.8771390721268346
2474	0.5247416623223501
2475	0.5247416623223501
2476	1.322533192716435
2477	0.28443547048160106
2478	0.7738873840731655
2479	0.7738873840731655
2480	0.7738873840731655
2481	2.6157950047149336
2482	1.8068438885571678
2483	1.1349910514140957
2484	1.1349910514140957
2485	1.1349910514140957
2486	0.30531530929905326
2487	1.6211265801584258
2488	1.6211265801584258
2489	1.838549820200371
2490	2.8897681516656357
2491	4.109617304688173
2492	0.9718017458850254
2493	0.9718017458850254
2494	2.1005497759812397
2495	2.1005497759812397
2496	2.1005497759812397
2497	2.1005497759812397
2498	2.1005497759812397
2499	2.881555630399664
2500	3.60427469334894
2501	3.60427469334894
2502	2.600015358629963
2503	3.523097453562071
2504	3.14778968046252
2505	3.14778968046252
2506	3.14778968046252
2507	3.14778968046252
2508	3.14778968046252
2509	4.744881651895618
2510	2.691115036235404
2511	2.8211618671241596
2512	2.8211618671241596
2513	3.6488376577340427
2514	3.6488376577340427
2515	5.988051076618335
2516	4.088249217471187
2517	2.793522629225105
2518	1.705777215433411
2519	2.150018392096786
2520	0.8363975766863765
2521	0.8363975766863765
2522	2.3673954853844377
2523	2.5212077916282647
2524	2.5212077916282647
2525	2.5212077916282647
2526	2.5212077916282647
2527	2.5212077916282647
2528	2.0172525251414246
2529	2.0172525251414246
2530	2.0172525251414246
2531	2.0172525251414246
2532	2.0172525251414246
2533	2.4139166848840072
2534	2.4139166848840072
2535	2.4139166848840072
2536	2.4139166848840072
2537	1.4415902137809093
2538	2.3216021090132495
2539	2.7752703278552198
2540	2.084157865623983
2541	2.084157865623983
2542	3.2567184160904605
2543	0.5637019906108891
2544	0.3200612674480834
2545	1.0254389296732513
2546	1.5338352509160058
2547	1.5338352509160058
2548	2.0262387630063396
2549	2.0262387630063396
2550	1.6415047967645198
2551	1.6837096113459573
2552	1.6837096113459573
2553	1.436723204445598
2554	1.436723204445598
2555	1.4126659498258867
2556	1.6810955187255416
2557	1.6810955187255416
2558	1.6810955187255416
2559	2.616748833226657
2560	2.9393756292322215
2561	2.9393756292322215
2562	1.788133243146143
2563	2.01308004972025
2564	2.01308004972025
2565	2.8009640277919687
2566	2.8009640277919687
2567	3.0281927812680003
2568	3.0281927812680003
2569	3.0281927812680003
2570	3.0281927812680003
2571	4.078880026602962
2572	3.95977872170645
2573	3.95977872170645
2574	3.95977872170645
2575	3.6681369564683126
2576	3.6681369564683126
2577	3.6681369564683126
2578	3.6681369564683126
2579	3.6681369564683126
2580	1.6601957653535862
2581	2.1369838041251406
2582	2.1369838041251406
2583	2.3987831418641465
2584	2.3987831418641465
2585	1.973467200579871
2586	3.2943094809160773
2587	3.024509594514194
2588	1.8935301077892954
2589	1.318664150030816
2590	1.318664150030816
2591	1.2384854568360903
2592	0.5955037973639723
2593	1.2893441186503465
2594	1.2893441186503465
2595	1.2893441186503465
2596	1.2893441186503465
2597	0.9034749106807312
2598	1.165742196307441
2599	1.165742196307441
2600	1.5622897902075592
2601	3.1390028902507394
2602	3.1390028902507394
2603	2.7528368123466107
2604	2.7528368123466107
2605	1.5207298606697153
2606	1.5207298606697153
2607	2.519707737910996
2608	2.519707737910996
2609	2.519707737910996
2610	3.1305827855710326
2611	4.397567957020951
2612	4.397567957020951
2613	4.397567957020951
2614	5.853817651707032
2615	5.853817651707032
2616	2.722580407478897
2617	4.042061141492374
2618	4.527983250886369
2619	3.258232056265638
2620	3.258232056265638
2621	3.258232056265638
2622	3.198718459386078
2623	4.116156565433748
2624	2.186762230571267
2625	2.186762230571267
2626	2.186762230571267
2627	0.253292068852468
2628	0.253292068852468
2629	0.253292068852468
2630	0.253292068852468
2631	1.2928272106802967
2632	2.2705268035448705
2633	1.8841052837014454
2634	1.567873993017467
2635	0.2936571009939849
2636	0.8559608345982352
2637	0.8559608345982352
2638	0.8559608345982352
2639	0.8559608345982352
2640	1.6603244776579436
2641	1.1461826042693606
2642	1.657151773329943
2643	1.657151773329943
2644	2.246368870536215
2645	2.7461221964501203
2646	2.7461221964501203
2647	3.071416836139067
2648	2.615626305106823
2649	3.756650862164755
2650	4.09784981831655
2651	2.8783635138190933
2652	2.8783635138190933
2653	2.8783635138190933
2654	2.8783635138190933
2655	2.8783635138190933
2656	3.3524009897294156
2657	3.3373226364809687
2658	2.6030991105478076
2659	4.136829456432504
2660	3.1437801857587857
2661	2.413301802110054
2662	2.413301802110054
2663	2.413301802110054
2664	2.607804287333909
2665	1.6823403204407366
2666	1.6823403204407366
2667	3.2558592556739763
2668	3.3678518606636954
2669	2.3552114615746675
2670	2.3552114615746675
2671	2.3552114615746675
2672	2.3552114615746675
2673	2.6119858797134423
2674	2.6119858797134423
2675	3.1607890289279847
2676	3.1607890289279847
2677	3.1607890289279847
2678	3.5520427391466205
2679	4.122140918635429
2680	4.122140918635429
2681	4.122140918635429
2682	4.1765286137513415
2683	4.1765286137513415
2684	4.1765286137513415
2685	1.5863925440415336
2686	1.5863925440415336
2687	1.5863925440415336
2688	2.227426491113567
2689	2.227426491113567
2690	2.227426491113567
2691	2.227426491113567
2692	2.381460383447737
2693	2.381460383447737
2694	2.381460383447737
2695	2.680225350032722
2696	2.680225350032722
2697	2.680225350032722
2698	2.680225350032722
2699	1.8397396118359333
2700	3.3752866122633676
2701	3.3752866122633676
2702	3.3752866122633676
2703	3.3752866122633676
2704	3.3752866122633676
2705	3.420813319986658
2706	3.420813319986658
2707	3.420813319986658
2708	3.420813319986658
2709	3.420813319986658
2710	4.425319835179412
2711	2.588016573515933
2712	2.588016573515933
2713	2.7182030497430945
2714	2.7182030497430945
2715	3.6636586543160905
2716	3.6636586543160905
2717	3.1790935643674243
2718	1.483070719263127
2719	1.483070719263127
2720	1.702821000830041
2721	1.666642666800842
2722	1.7709382105581053
2723	2.786290892084716
2724	2.786290892084716
2725	3.7221658270186135
2726	3.7221658270186135
2727	3.8204046619240897
2728	3.3386516964578057
2729	3.017232886760358
2730	1.8257700855974728
2731	1.8257700855974728
2732	1.8257700855974728
2733	1.8257700855974728
2734	1.8257700855974728
2735	1.9319501286877299
2736	1.4408073141422277
2737	1.4408073141422277
2738	0.35758066360728064
2739	0.7730866162535717
2740	1.7665860351804104
2741	1.7665860351804104
2742	1.2114793562055293
2743	1.2114793562055293
2744	1.2114793562055293
2745	1.2114793562055293
2746	1.2114793562055293
2747	1.7504608595999596
2748	1.1475628358758616
2749	1.1475628358758616
2750	1.1475628358758616
2751	1.1475628358758616
2752	1.1475628358758616
2753	1.391719780486699
2754	2.305602451648199
2755	2.305602451648199
2756	1.550132569193463
2757	1.550132569193463
2758	3.4113446650014843
2759	2.8273743207719093
2760	4.3128608229880365
2761	4.3128608229880365
2762	1.4218460741226697
2763	0.40079730981836104
2764	1.3874132503890244
2765	1.3874132503890244
2766	1.3874132503890244
2767	2.4926366077662223
2768	2.401980102142722
2769	3.457112448282097
2770	3.457112448282097
2771	3.457112448282097
2772	3.9849980698151297
2773	3.853663714536933
2774	3.577259072580823
2775	4.924938962179094
2776	4.850957166057998
2777	3.513346347174251
2778	2.5098664998338878
2779	2.5098664998338878
2780	2.9180845034905594
2781	2.9180845034905594
2782	1.894103531360729
2783	2.375033885004352
2784	2.375033885004352
2785	0.49851319675284944
2786	0.49851319675284944
2787	0.9498528404736253
2788	0.9498528404736253
2789	0.9498528404736253
2790	0.9498528404736253
2791	0.9498528404736253
2792	1.221868882687156
2793	1.2846862372884353
2794	1.2846862372884353
2795	0.6221902459114559
2796	0.6221902459114559
2797	0.6221902459114559
2798	1.263408400657079
2799	1.263408400657079
2800	1.5610790025402907
2801	1.5610790025402907
2802	1.5610790025402907
2803	2.475584550132766
2804	5.197262970341304
2805	5.197262970341304
2806	1.257952102721005
2807	1.257952102721005
2808	1.257952102721005
2809	1.257952102721005
2810	1.257952102721005
2811	0.5720616630074402
2812	0.5720616630074402
2813	0.5720616630074402
2814	0.3248824888808708
2815	0.3248824888808708
2816	0.8188269564687852
2817	0.46092082908437093
2818	1.6918783964423785
2819	1.6918783964423785
2820	1.6918783964423785
2821	1.6918783964423785
2822	2.817045875109281
2823	2.817045875109281
2824	2.817045875109281
2825	2.817045875109281
2826	2.817045875109281
2827	2.448134473682073
2828	0.323102804655388
2829	0.7594893839288926
2830	0.7594893839288926
2831	0.7594893839288926
2832	0.7594893839288926
2833	0.9274811629414637
2834	1.6611807028122665
2835	1.6611807028122665
2836	1.6611807028122665
2837	2.4385018159442517
2838	2.4385018159442517
2839	2.4385018159442517
2840	2.4385018159442517
2841	3.315453391412041
2842	3.315453391412041
2843	3.315453391412041
2844	2.4148284971879495
2845	3.835889183980834
2846	3.835889183980834
2847	1.99565753659667
2848	1.99565753659667
2849	2.6410620408961374
2850	2.071776092784209
2851	1.5559271257565461
2852	2.4377679800601104
2853	2.0675289182555128
2854	2.0675289182555128
2855	2.161357567547647
2856	3.5519534786966522
2857	3.5519534786966522
2858	2.168088260040302
2859	2.315619645657195
2860	3.9884841299406624
2861	3.9884841299406624
2862	3.9884841299406624
2863	3.9884841299406624
2864	3.9884841299406624
2865	4.264060768161959
2866	4.31019067534651
2867	4.31019067534651
2868	4.31019067534651
2869	1.8989374149506923
2870	1.8989374149506923
2871	1.8048672413076416
2872	1.738462248612725
2873	2.0423000875251653
2874	2.5653332713749855
2875	2.9561977093672676
2876	3.0999807474156604
2877	3.10772941317175
2878	5.3004058329251516
2879	5.3004058329251516
2880	5.3004058329251516
2881	5.3004058329251516
2882	5.3004058329251516
2883	5.508244156739995
2884	3.484576346993084
2885	2.703430810170353
2886	4.1402599251732335
2887	2.9504378579798507
2888	2.9504378579798507
2889	2.9504378579798507
2890	2.9504378579798507
2891	2.9504378579798507
2892	2.283692382170326
2893	2.283692382170326
2894	2.283692382170326
2895	1.4499847772350447
2896	1.4499847772350447
2897	1.4499847772350447
2898	1.4499847772350447
2899	1.4499847772350447
2900	1.1849948232924639
2901	1.1849948232924639
2902	2.31123857782279
2903	2.31123857782279
2904	1.3495888426496683
2905	1.3495888426496683
2906	1.3495888426496683
2907	1.3495888426496683
2908	1.3495888426496683
2909	2.740878297593792
2910	1.0150834883512383
2911	2.4961782784825894
2912	1.9233689052227942
2913	1.9233689052227942
2914	1.9233689052227942
2915	1.9233689052227942
2916	3.0378696276934223
2917	3.0378696276934223
2918	3.0378696276934223
2919	3.0378696276934223
2920	2.6835258608279022
2921	2.6835258608279022
2922	1.9801457471465977
2923	1.9801457471465977
