0	22.245032055514205
1	22.245032055514205
2	22.245032055514205
3	19.883192516296724
4	19.883192516296724
5	5.86439337771237
6	5.86439337771237
7	8.082200176708783
8	8.082200176708783
9	10.770497994962513
10	10.770497994962513
11	13.48680241007859
12	13.48680241007859
13	13.48680241007859
14	0.1
15	0.1
16	0.1
17	15.60145984908104
18	15.60145984908104
19	11.786120655575933
20	11.786120655575933
21	11.786120655575933
22	11.786120655575933
23	11.786120655575933
24	15.000934521343034
25	15.000934521343034
26	15.000934521343034
27	15.000934521343034
28	22.459591699933203
29	19.86635360604756
30	19.86635360604756
31	0.1
32	0.1
33	0.1
34	4.200027404730777
35	4.200027404730777
36	4.200027404730777
37	10.583856291277755
38	10.583856291277755
39	10.583856291277755
40	10.583856291277755
41	17.045298148390994
42	7.426040333102447
43	7.426040333102447
44	8.87235834210413
45	7.472857542445444
46	7.472857542445444
47	5.3215978554947725
48	5.3215978554947725
49	14.235963262886244
50	14.235963262886244
51	14.235963262886244
52	14.235963262886244
53	14.235963262886244
54	14.235963262886244
55	14.235963262886244
56	6.136713642940741
57	5.960116436043674
58	14.346731241628076
59	14.346731241628076
60	14.346731241628076
61	6.060524187110248
62	1.479925021816678
63	37.76829850401418
64	15.085253610126674
65	15.085253610126674
66	15.085253610126674
67	15.085253610126674
68	15.085253610126674
69	15.085253610126674
70	2.28947100519842
71	17.82799902311076
72	17.82799902311076
73	17.82799902311076
74	17.82799902311076
75	17.82799902311076
76	17.82799902311076
77	17.82799902311076
78	28.45442259690496
79	28.45442259690496
80	4.482184785490263
81	4.482184785490263
82	4.482184785490263
83	12.476269932408963
84	19.982916544832385
85	8.066330208831577
86	1.999141739600848
87	1.999141739600848
88	21.709253763314102
89	11.596403130482344
90	11.596403130482344
91	11.596403130482344
92	8.401732729490119
93	0.1
94	0.1
95	0.1
96	0.1
97	0.1
98	0.1
99	27.09714095088539
100	27.09714095088539
101	32.1363313162397
102	32.1363313162397
103	16.380347262689398
104	16.380347262689398
105	16.380347262689398
106	12.190377678893551
107	12.190377678893551
108	12.190377678893551
109	12.190377678893551
110	0.1
111	0.1
112	0.1
113	0.1
114	18.816457878954584
115	18.816457878954584
116	11.036586857307608
117	25.202503477184827
118	33.78138682146537
119	33.78138682146537
120	33.78138682146537
121	33.78138682146537
122	33.78138682146537
123	33.78138682146537
124	26.500975632456534
125	26.500975632456534
126	26.500975632456534
127	26.500975632456534
128	26.500975632456534
129	26.500975632456534
130	26.500975632456534
131	0.1
132	0.1
133	0.1
134	0.1
135	0.1
136	7.876136608428989
137	7.876136608428989
138	7.876136608428989
139	10.183454541148729
140	3.3126215036393134
141	3.3126215036393134
142	12.405095465762843
143	12.405095465762843
144	12.405095465762843
145	22.01099175033582
146	22.01099175033582
147	22.01099175033582
148	22.01099175033582
149	22.01099175033582
150	13.67302557448797
151	15.877649341559309
152	15.877649341559309
153	8.1979241594158
154	8.1979241594158
155	8.1979241594158
156	19.220081366937645
157	11.777181209611363
158	11.777181209611363
159	11.777181209611363
160	11.777181209611363
161	11.777181209611363
162	11.777181209611363
163	11.777181209611363
164	11.777181209611363
165	12.100806459576425
166	12.100806459576425
167	12.100806459576425
168	20.839634801634894
169	20.839634801634894
170	20.839634801634894
171	20.839634801634894
172	20.839634801634894
173	8.262714603582655
174	8.262714603582655
175	7.645236540428973
176	7.645236540428973
177	0.1
178	7.9706595862911875
179	10.894988975761283
180	0.1
181	0.1
182	0.1
183	19.423532389451776
184	9.865716199355841
185	9.865716199355841
186	9.865716199355841
187	34.52890165924077
188	23.397738253941775
189	23.397738253941775
190	23.397738253941775
191	23.397738253941775
192	23.397738253941775
193	23.397738253941775
194	22.954851013823504
195	12.30541303971424
196	32.992374821760606
197	32.992374821760606
198	21.47389065129795
199	4.78345987027445
200	14.935048966999481
201	14.935048966999481
202	15.597449638376236
203	19.226872188589695
204	19.191936159405937
205	19.191936159405937
206	19.191936159405937
207	10.22746299828907
208	10.22746299828907
209	50.413388291399386
210	50.413388291399386
211	38.12565555402108
212	15.694574515089965
213	11.757292598338514
214	11.757292598338514
215	11.757292598338514
216	22.645789712675615
217	22.645789712675615
218	22.645789712675615
219	22.645789712675615
220	11.998580007989222
221	37.41352993326146
222	21.297477758334473
223	21.297477758334473
224	27.95392168721512
225	27.95392168721512
226	27.95392168721512
227	0.1
228	0.1
229	20.891891305059815
230	22.03744486980038
231	15.362478450773281
232	8.918266847446901
233	12.913824403505783
234	12.913824403505783
235	12.913824403505783
236	0.1
237	0.1
238	0.1
239	0.3303138198730551
240	0.3303138198730551
241	0.3303138198730551
242	0.3303138198730551
243	17.55534431634523
244	17.21079317572874
245	13.58898005053433
246	13.58898005053433
247	13.58898005053433
248	13.58898005053433
249	13.58898005053433
250	13.58898005053433
251	13.58898005053433
252	13.58898005053433
253	7.366327602349269
254	17.34698801512175
255	7.582733259471295
256	12.322232539733092
257	16.493007447570562
258	16.493007447570562
259	16.493007447570562
260	19.442065882925068
261	19.442065882925068
262	19.442065882925068
263	19.442065882925068
264	19.442065882925068
265	19.442065882925068
266	19.442065882925068
267	19.442065882925068
268	19.442065882925068
269	2.2359759646422823
270	22.600475769932515
271	19.325249935662853
272	19.325249935662853
273	3.6106264436628113
274	26.86529223785758
275	26.86529223785758
276	26.86529223785758
277	20.43417446159205
278	20.43417446159205
279	20.43417446159205
280	6.105906530429541
281	34.49887107673078
282	34.49887107673078
283	34.49887107673078
284	34.49887107673078
285	13.632209198874909
286	13.632209198874909
287	13.632209198874909
288	18.461899418188832
289	18.461899418188832
290	18.461899418188832
291	18.461899418188832
292	18.461899418188832
293	18.461899418188832
294	18.461899418188832
295	18.461899418188832
296	19.469116477104237
297	19.469116477104237
298	19.469116477104237
299	19.469116477104237
300	19.469116477104237
301	38.25387466431479
302	20.829370048355596
303	20.829370048355596
304	14.256568049663846
305	14.256568049663846
306	18.855226783836578
307	18.855226783836578
308	17.83033489526063
309	17.83033489526063
310	17.83033489526063
311	17.83033489526063
312	22.046249585706647
313	36.99003070312115
314	16.513853066113203
315	16.513853066113203
316	18.341944974401432
317	12.576994180260687
318	12.576994180260687
319	12.576994180260687
320	12.576994180260687
321	12.576994180260687
322	12.576994180260687
323	14.338698371777166
324	0.21666942468989703
325	18.27021417654
326	18.27021417654
327	34.4672732700423
328	34.4672732700423
329	34.4672732700423
330	34.4672732700423
331	34.4672732700423
332	14.668983499167751
333	7.728536464641778
334	0.1
335	0.1
336	0.1
337	0.1
338	0.1
339	29.10587232542957
340	29.10587232542957
341	23.590087292210747
342	23.590087292210747
343	23.590087292210747
344	9.37419784298929
345	9.37419784298929
346	9.37419784298929
347	21.339881864353117
348	1.5701517248281611
349	1.5701517248281611
350	1.5701517248281611
351	1.5701517248281611
352	1.5701517248281611
353	12.428362912856118
354	14.777399572193263
355	14.777399572193263
356	11.381144309724402
357	11.381144309724402
358	18.73178035283601
359	18.73178035283601
360	18.73178035283601
361	0.1
362	0.1
363	7.9908478252857105
364	16.40569217067803
365	16.40569217067803
366	16.40569217067803
367	14.815564136669133
368	14.815564136669133
369	41.13977375878565
370	11.855513517950252
371	11.855513517950252
372	22.834313971967116
373	10.373536804729941
374	33.75370390454801
375	33.75370390454801
376	33.75370390454801
377	3.3831287311178597
378	3.3831287311178597
379	13.952759806508466
380	13.952759806508466
381	13.952759806508466
382	13.952759806508466
383	15.411304214204941
384	23.964105137874657
385	23.964105137874657
386	3.188925247033904
387	3.188925247033904
388	3.188925247033904
389	3.188925247033904
390	7.539832257393938
391	7.539832257393938
392	13.376837073836166
393	13.376837073836166
394	13.376837073836166
395	10.828016557933118
396	10.828016557933118
397	10.828016557933118
398	18.467554818961023
399	16.128076268269815
400	0.1
401	2.2301553822858065
402	2.2301553822858065
403	9.41527484771688
404	9.41527484771688
405	6.764000619605983
406	1.8260994238928134
407	1.8260994238928134
408	1.8260994238928134
409	1.8260994238928134
410	1.8260994238928134
411	1.8260994238928134
412	1.8260994238928134
413	7.661577536738473
414	14.335731778105451
415	5.510957801883027
416	21.492459388157812
417	21.492459388157812
418	21.492459388157812
419	21.492459388157812
420	17.444523752889594
421	9.235338224983288
422	9.235338224983288
423	20.624110548452457
424	20.624110548452457
425	20.624110548452457
426	20.624110548452457
427	20.624110548452457
428	20.624110548452457
429	20.624110548452457
430	20.624110548452457
431	20.624110548452457
432	17.58436252939768
433	17.58436252939768
434	17.58436252939768
435	14.13973903342572
436	14.13973903342572
437	14.13973903342572
438	13.050857545073704
439	20.747829346086455
440	11.285928980582515
441	11.285928980582515
442	4.393323334144982
443	4.393323334144982
444	4.393323334144982
445	4.682869666829852
446	4.682869666829852
447	4.682869666829852
448	4.0488238668060905
449	0.5951420514006536
450	0.5951420514006536
451	14.154910160022357
452	19.51113691327431
453	28.824378117968823
454	28.824378117968823
455	15.707634238579146
456	15.707634238579146
457	15.707634238579146
458	24.301806129129677
459	24.301806129129677
460	24.301806129129677
461	24.301806129129677
462	24.301806129129677
463	4.40391061020806
464	4.40391061020806
465	4.40391061020806
466	4.40391061020806
467	14.969313552600207
468	13.89915075865642
469	20.295325260437746
470	3.294796366334202
471	1.946993215082955
472	1.946993215082955
473	1.946993215082955
474	1.946993215082955
475	8.816689970761987
476	8.816689970761987
477	8.816689970761987
478	8.816689970761987
479	8.816689970761987
480	8.816689970761987
481	15.602009693082366
482	15.602009693082366
483	19.398993228631383
484	19.398993228631383
485	28.691000908443996
486	28.5139525302515
487	28.5139525302515
488	7.585149189693848
489	7.585149189693848
490	23.153161073649578
491	23.153161073649578
492	23.153161073649578
493	23.153161073649578
494	23.153161073649578
495	23.153161073649578
496	23.153161073649578
497	23.153161073649578
498	23.153161073649578
499	18.011955529943645
500	26.69670409213017
501	26.69670409213017
502	14.214991625958028
503	19.97133498095297
504	2.330220623340736
505	2.330220623340736
506	2.330220623340736
507	21.918776647742366
508	21.918776647742366
509	33.740977837142296
510	33.740977837142296
511	33.740977837142296
512	33.740977837142296
513	21.895181082197908
514	21.895181082197908
515	9.029622886186988
516	8.448995557345933
517	5.046244556099896
518	5.046244556099896
519	3.6767505833000147
520	10.30537426980677
521	16.673192482048204
522	16.673192482048204
523	9.314295708424105
524	12.650685205598936
525	12.650685205598936
526	12.666708865170728
527	12.666708865170728
528	12.666708865170728
529	12.666708865170728
530	23.302725337852472
531	23.302725337852472
532	15.724189402505296
533	9.636955029230728
534	9.636955029230728
535	16.3564205391928
536	12.157107637999818
537	26.932771076514122
538	26.932771076514122
539	27.48249228491587
540	13.616064174282712
541	13.597387566331966
542	13.597387566331966
543	13.597387566331966
544	13.597387566331966
545	13.597387566331966
546	0.2834559340098952
547	0.34123473688963557
548	0.34123473688963557
549	0.34123473688963557
550	0.34123473688963557
551	10.833432197062356
552	22.334990742582434
553	22.334990742582434
554	22.334990742582434
555	22.334990742582434
556	22.334990742582434
557	22.334990742582434
558	24.797632728901686
559	24.797632728901686
560	24.797632728901686
561	17.079745383322546
562	21.750759044916098
563	0.1
564	24.899456745502683
565	15.42809122117619
566	15.42809122117619
567	13.074873249986055
568	15.969399408772931
569	15.969399408772931
570	6.164241826443582
571	6.164241826443582
572	6.164241826443582
573	26.469323893694508
574	10.770473095530983
575	10.770473095530983
576	10.770473095530983
577	10.770473095530983
578	10.770473095530983
579	10.770473095530983
580	10.770473095530983
581	10.770473095530983
582	10.770473095530983
583	8.742502644476767
584	18.958749733041728
585	18.958749733041728
586	0.1
587	0.1
588	11.927885977067586
589	17.386861577647895
590	17.386861577647895
591	17.386861577647895
592	17.386861577647895
593	10.804925316820569
594	10.804925316820569
595	10.804925316820569
596	10.804925316820569
597	6.587327935568165
598	9.607367938578605
599	29.399806492721357
600	29.399806492721357
601	4.648337100352897
602	4.648337100352897
603	4.648337100352897
604	21.79425276398772
605	26.47346138197122
606	26.47346138197122
607	26.0636105744083
608	26.0636105744083
609	6.783842314307929
610	6.783842314307929
611	6.783842314307929
612	6.783842314307929
613	30.512675724088325
614	27.684487289295088
615	27.684487289295088
616	0.1
617	0.1
618	13.234614368503383
619	7.703420546919971
620	7.703420546919971
621	5.698009271529558
622	5.698009271529558
623	14.623115596562837
624	0.1
625	14.345677462059134
626	14.539877053814877
627	25.88393491184949
628	25.88393491184949
629	25.88393491184949
630	14.508786478963431
631	14.508786478963431
632	14.508786478963431
633	14.508786478963431
634	0.1
635	7.637642495613109
636	12.703387702643903
637	23.180532359772396
638	23.180532359772396
639	22.878108323566938
640	22.878108323566938
641	5.49452423772129
642	5.49452423772129
643	4.661319733883795
644	4.661319733883795
645	3.0196446072197993
646	3.0196446072197993
647	35.22695499809274
648	16.43058063578143
649	16.43058063578143
650	6.070392532637042
651	20.769303454879882
652	20.101807651185176
653	20.101807651185176
654	20.101807651185176
655	20.101807651185176
656	9.134514639488142
657	10.177496226084848
658	10.177496226084848
659	10.177496226084848
660	0.1
661	0.1
662	0.1
663	17.667852519314952
664	17.667852519314952
665	24.725836061454963
666	24.725836061454963
667	25.37767874869752
668	11.925530839177
669	28.455226022245316
670	28.455226022245316
671	28.455226022245316
672	28.455226022245316
673	28.455226022245316
674	13.235121902681385
675	24.359638595226286
676	24.359638595226286
677	24.359638595226286
678	24.359638595226286
679	16.512617588575225
680	12.091091751932892
681	14.5322697334905
682	14.5322697334905
683	14.5322697334905
684	14.5322697334905
685	14.5322697334905
686	21.073449503570757
687	5.510085499594808
688	5.510085499594808
689	5.510085499594808
690	37.82953933403829
691	0.1
692	0.1
693	0.1
694	0.1
695	0.1
696	0.1
697	0.1
698	0.1
699	20.501552077212658
700	20.501552077212658
701	9.916095491946681
702	9.916095491946681
703	9.916095491946681
704	9.916095491946681
705	4.97228671199044
706	4.97228671199044
707	4.97228671199044
708	4.97228671199044
709	4.97228671199044
710	4.97228671199044
711	4.97228671199044
712	6.897171201029857
713	6.897171201029857
714	6.897171201029857
715	6.897171201029857
716	6.897171201029857
717	4.392460307895774
718	4.392460307895774
719	4.392460307895774
720	4.392460307895774
721	22.849717756422912
722	22.849717756422912
723	22.849717756422912
724	11.547363881702656
725	10.747675097100181
726	11.304587524376384
727	11.304587524376384
728	15.684233957913706
729	22.302551410513964
730	22.302551410513964
731	22.302551410513964
732	18.463259762928338
733	18.463259762928338
734	16.828150169228817
735	16.828150169228817
736	16.828150169228817
737	16.828150169228817
738	22.24468319369863
739	22.24468319369863
740	22.24468319369863
741	22.24468319369863
742	22.24468319369863
743	22.24468319369863
744	22.24468319369863
745	22.24468319369863
746	14.12250839948556
747	14.12250839948556
748	14.12250839948556
749	14.12250839948556
750	18.777917510593586
751	5.096983415651303
752	8.18250959128422
753	8.019309751701266
754	2.3058746674274335
755	14.257929972298243
756	14.257929972298243
757	14.257929972298243
758	4.615269403854022
759	18.28140557527212
760	32.31207634164826
761	32.31207634164826
762	32.31207634164826
763	11.513386424370742
764	11.513386424370742
765	15.205817836810985
766	15.205817836810985
767	33.762640230423614
768	33.762640230423614
769	33.762640230423614
770	33.762640230423614
771	33.762640230423614
772	33.762640230423614
773	33.762640230423614
774	33.762640230423614
775	21.549365228342502
776	21.549365228342502
777	21.549365228342502
778	21.549365228342502
779	36.0229198141557
780	20.703103186156692
781	20.703103186156692
782	19.84920267646709
783	19.84920267646709
784	19.84920267646709
785	19.84920267646709
786	19.84920267646709
787	29.066533274089025
788	18.944871060051916
789	18.944871060051916
790	5.77469951133711
791	19.948138367386
792	19.948138367386
793	19.948138367386
794	41.95901359650574
795	0.6753226630197204
796	20.44474229250842
797	20.44474229250842
798	20.44474229250842
799	20.44474229250842
800	20.44474229250842
801	20.44474229250842
802	20.44474229250842
803	20.44474229250842
804	0.1
805	9.646823900715892
806	19.942528464944594
807	1.7365591898678687
808	16.792641887252397
809	16.792641887252397
810	4.680722938035162
811	10.522272744649879
812	20.284266011180826
813	20.284266011180826
814	20.284266011180826
815	20.284266011180826
816	20.284266011180826
817	20.284266011180826
818	4.635494793165144
819	4.635494793165144
820	4.635494793165144
821	4.635494793165144
822	4.635494793165144
823	4.635494793165144
824	4.635494793165144
825	15.430339463388068
826	15.430339463388068
827	14.038269024352525
828	14.038269024352525
829	14.038269024352525
830	19.246108530772293
831	19.246108530772293
832	19.246108530772293
833	12.440507672501742
834	17.544482819284156
835	17.544482819284156
836	17.544482819284156
837	17.544482819284156
838	18.915474222010204
839	18.915474222010204
840	18.915474222010204
841	18.915474222010204
842	7.98827710622127
843	7.98827710622127
844	5.21953277097208
845	5.21953277097208
846	5.21953277097208
847	25.738155184767884
848	25.738155184767884
849	24.171379937993677
850	24.171379937993677
851	24.171379937993677
852	28.53114229484642
853	40.56994080142904
854	13.507837916220767
855	13.507837916220767
856	7.050836307652155
857	19.321425191239243
858	19.321425191239243
859	19.321425191239243
860	19.321425191239243
861	19.321425191239243
862	19.321425191239243
863	19.321425191239243
864	23.670253446582777
865	23.670253446582777
866	12.452533517747945
867	12.452533517747945
868	12.452533517747945
869	9.53324915602608
870	11.929226390393874
871	11.929226390393874
872	11.929226390393874
873	11.929226390393874
874	11.929226390393874
875	11.929226390393874
876	11.929226390393874
877	5.079548505473095
878	1.2097422538502336
879	1.2097422538502336
880	1.2097422538502336
881	1.2097422538502336
882	1.2097422538502336
883	1.2097422538502336
884	1.2097422538502336
885	1.2097422538502336
886	10.72651842241169
887	10.72651842241169
888	10.72651842241169
889	10.72651842241169
890	13.391828662609964
891	13.391828662609964
892	13.391828662609964
893	13.684572088791313
894	0.1
895	0.1
896	7.202393208559921
897	7.202393208559921
898	7.202393208559921
899	13.189410861469236
900	13.189410861469236
901	13.189410861469236
902	3.4696608759522327
903	3.4696608759522327
904	9.10889012252027
905	9.10889012252027
906	9.10889012252027
907	9.10889012252027
908	9.10889012252027
909	9.10889012252027
910	9.10889012252027
911	9.163127614508056
912	9.163127614508056
913	9.163127614508056
914	9.163127614508056
915	21.79797633047943
916	21.79797633047943
917	13.806168998890923
918	13.806168998890923
919	20.68680516366306
920	20.570536983061274
921	20.570536983061274
922	9.985875938589686
923	12.958348998740274
924	12.958348998740274
925	5.305732203037111
926	11.903947272780357
927	11.903947272780357
928	11.903947272780357
929	11.903947272780357
930	13.569321885749533
931	13.569321885749533
932	26.412695780561762
933	26.412695780561762
934	10.680798252940173
935	10.787833071098273
936	10.787833071098273
937	10.787833071098273
938	10.787833071098273
939	27.42364265157521
940	27.42364265157521
941	5.146306203786788
942	5.146306203786788
943	5.146306203786788
944	19.27764419953952
945	13.778032882939607
946	13.778032882939607
947	4.25403187931826
948	22.4548071921024
949	14.364671118258297
950	12.941182886947113
951	12.941182886947113
952	5.001649579619798
953	14.354110743204853
954	14.354110743204853
955	9.44495679977764
956	9.749986636986657
957	9.749986636986657
958	9.749986636986657
959	9.749986636986657
960	22.50131648624478
961	22.50131648624478
962	16.40196660059642
963	16.40196660059642
964	17.82430577659595
965	17.82430577659595
966	8.576941271460504
967	18.47760142227539
968	18.47760142227539
969	26.507513382722593
970	26.507513382722593
971	11.116638290240772
972	0.8633078753816221
973	0.8633078753816221
974	17.60463851161264
975	15.027522340475834
976	9.523970806365368
977	2.635774728863648
978	2.635774728863648
979	0.1
980	11.660231983607131
981	11.660231983607131
982	11.660231983607131
983	11.660231983607131
984	11.660231983607131
985	3.6358490129224244
986	3.6358490129224244
987	3.6358490129224244
988	3.6358490129224244
989	3.6358490129224244
990	3.6358490129224244
991	16.485392763024514
992	16.485392763024514
993	11.241377124039769
994	11.241377124039769
995	11.241377124039769
996	9.763009608935496
997	9.763009608935496
998	0.1
999	0.1
1000	20.205100351275185
1001	20.205100351275185
1002	20.205100351275185
1003	3.5577725914313714
1004	3.5577725914313714
1005	6.587701220171789
1006	6.587701220171789
1007	32.94531105058989
1008	32.94531105058989
1009	32.94531105058989
1010	32.94531105058989
1011	32.94531105058989
1012	9.704312903177023
1013	0.9169023628653896
1014	0.9169023628653896
1015	17.348570678773108
1016	17.348570678773108
1017	17.348570678773108
1018	9.739976793014359
1019	25.5121669516782
1020	9.884891839898348
1021	16.79248410793867
1022	11.46978539859205
1023	11.727299414702841
1024	20.26590841237428
1025	20.26590841237428
1026	20.26590841237428
1027	7.767632936867924
1028	39.37930900027888
1029	39.37930900027888
1030	39.37930900027888
1031	39.37930900027888
1032	39.37930900027888
1033	39.37930900027888
1034	31.653535931511833
1035	31.653535931511833
1036	31.653535931511833
1037	31.653535931511833
1038	16.224637859809963
1039	22.93947094964964
1040	26.94049635869854
1041	26.94049635869854
1042	8.372157429084186
1043	8.372157429084186
1044	8.372157429084186
1045	12.61842320651008
1046	9.187315735519164
1047	9.187315735519164
1048	9.187315735519164
1049	9.187315735519164
1050	9.187315735519164
1051	14.64851546976072
1052	10.33146069278072
1053	10.33146069278072
1054	8.35742547913961
1055	8.35742547913961
1056	8.35742547913961
1057	8.35742547913961
1058	8.35742547913961
1059	8.35742547913961
1060	0.1
1061	0.1
1062	0.1
1063	0.1
1064	9.741888986615749
1065	11.164129202129722
1066	11.164129202129722
1067	11.164129202129722
1068	16.554421049563945
1069	16.554421049563945
1070	16.554421049563945
1071	16.554421049563945
1072	16.554421049563945
1073	16.554421049563945
1074	16.554421049563945
1075	16.554421049563945
1076	16.554421049563945
1077	16.380361686298205
1078	9.005288411455746
1079	15.992740825092746
1080	15.992740825092746
1081	4.093608152385835
1082	4.093608152385835
1083	4.477756367758101
1084	4.477756367758101
1085	12.143478491057362
1086	12.143478491057362
1087	12.143478491057362
1088	12.143478491057362
1089	12.143478491057362
1090	12.143478491057362
1091	22.711580602673955
1092	15.709474295582886
1093	15.709474295582886
1094	15.709474295582886
1095	22.867947239660623
1096	22.867947239660623
1097	20.0810368953334
1098	20.0810368953334
1099	20.0810368953334
1100	21.130252556433582
1101	21.130252556433582
1102	0.1
1103	28.587423347204382
1104	28.587423347204382
1105	28.587423347204382
1106	11.408260910676312
1107	11.408260910676312
1108	11.408260910676312
1109	25.338935352145146
1110	9.154951306262154
1111	9.154951306262154
1112	4.3893237387619735
1113	4.3893237387619735
1114	14.19021626534216
1115	14.19021626534216
1116	14.19021626534216
1117	14.19021626534216
1118	11.630196599529818
1119	11.630196599529818
1120	11.630196599529818
1121	11.630196599529818
1122	23.970543937354723
1123	23.970543937354723
1124	20.43288339358559
1125	18.030952082644653
1126	18.030952082644653
1127	18.030952082644653
1128	15.91767979599204
1129	16.647241242974737
1130	12.729690269921658
1131	12.729690269921658
1132	12.729690269921658
1133	6.206860738769025
1134	6.206860738769025
1135	6.206860738769025
1136	0.1
1137	19.83049767443632
1138	19.83049767443632
1139	19.83049767443632
1140	21.693040413965356
1141	21.693040413965356
1142	21.693040413965356
1143	21.693040413965356
1144	21.693040413965356
1145	21.693040413965356
1146	21.693040413965356
1147	0.1
1148	18.75037285457153
1149	18.75037285457153
1150	10.662736666202456
1151	10.662736666202456
1152	13.78335295772293
1153	13.78335295772293
1154	5.948888785449077
1155	0.1
1156	0.1
1157	0.1
1158	0.1
1159	0.1
1160	0.1
1161	26.85936343259133
1162	10.929571627403112
1163	10.929571627403112
1164	17.60050911102259
1165	17.60050911102259
1166	9.355965646291656
1167	13.661282368301663
1168	18.976772010422255
1169	4.416439679346926
1170	4.416439679346926
1171	4.416439679346926
1172	24.056951497283848
1173	3.4708411357349966
1174	5.754566029419424
1175	5.754566029419424
1176	5.754566029419424
1177	5.754566029419424
1178	17.1335616144088
1179	10.313689182193125
1180	17.478928455544782
1181	17.478928455544782
1182	17.478928455544782
1183	17.478928455544782
1184	17.478928455544782
1185	17.478928455544782
1186	15.06666948349071
1187	0.1
1188	0.1
1189	11.495390781010876
1190	11.495390781010876
1191	11.495390781010876
1192	26.39345722365461
1193	26.39345722365461
1194	26.39345722365461
1195	0.503712700913983
1196	15.768332533746165
1197	17.877735315685293
1198	17.877735315685293
1199	0.1
1200	13.386904073137924
1201	13.386904073137924
1202	13.386904073137924
1203	13.386904073137924
1204	13.386904073137924
1205	13.386904073137924
1206	13.386904073137924
1207	3.0468732413233095
1208	9.623546696731788
1209	11.223000716286725
1210	11.223000716286725
1211	11.223000716286725
1212	11.223000716286725
1213	11.223000716286725
1214	11.223000716286725
1215	1.7684458248244646
1216	20.06249830452868
1217	20.06249830452868
1218	20.58207713915157
1219	20.58207713915157
1220	20.58207713915157
1221	45.799598358506124
1222	45.799598358506124
1223	45.799598358506124
1224	45.799598358506124
1225	45.799598358506124
1226	45.799598358506124
1227	45.799598358506124
1228	45.799598358506124
1229	0.1
1230	10.5958602638797
1231	17.797253373925727
1232	12.806964851760021
1233	11.498489136802984
1234	15.423421811673233
1235	14.759265353989786
1236	14.759265353989786
1237	8.476146295088618
1238	7.184424959528292
1239	7.184424959528292
1240	27.533070347911305
1241	15.910975113866561
1242	15.910975113866561
1243	7.333371379667773
1244	11.87797564413919
1245	11.87797564413919
1246	11.87797564413919
1247	15.33539406215268
1248	15.33539406215268
1249	15.33539406215268
1250	14.425423475089909
1251	14.425423475089909
1252	14.425423475089909
1253	1.467955968543059
1254	15.081669555284028
1255	37.345704166790426
1256	20.39270475816271
1257	20.39270475816271
1258	20.39270475816271
1259	20.55298604563736
1260	20.55298604563736
1261	20.55298604563736
1262	23.744912568630916
1263	32.39926878950177
1264	0.1
1265	16.794693161018543
1266	26.374577468696348
1267	26.374577468696348
1268	26.374577468696348
1269	26.374577468696348
1270	9.952590166067068
1271	9.952590166067068
1272	9.952590166067068
1273	19.872626251228038
1274	19.872626251228038
1275	5.2745533963033555
1276	7.611315489651419
1277	7.611315489651419
1278	7.611315489651419
1279	7.611315489651419
1280	11.920930891453137
1281	11.920930891453137
1282	11.920930891453137
1283	11.920930891453137
1284	24.462997832557075
1285	26.771594219507897
1286	26.771594219507897
1287	11.207726304223522
1288	7.486889362466446
1289	7.486889362466446
1290	7.486889362466446
1291	7.486889362466446
1292	10.958300574751274
1293	19.22816200651416
1294	7.359284597604869
1295	7.359284597604869
1296	8.138104204602444
1297	8.138104204602444
1298	8.138104204602444
1299	8.138104204602444
1300	8.138104204602444
1301	8.138104204602444
1302	8.138104204602444
1303	8.138104204602444
1304	8.138104204602444
1305	0.49020983512370186
1306	0.49020983512370186
1307	14.581680382218815
1308	15.241506623404394
1309	3.3998979686538675
1310	3.3998979686538675
1311	1.2678706294376383
1312	19.526188439731406
1313	19.526188439731406
1314	19.526188439731406
1315	19.526188439731406
1316	19.526188439731406
1317	19.526188439731406
1318	19.526188439731406
1319	3.2521225581972697
1320	33.56427572150575
1321	12.35461874109323
1322	42.50811845391518
1323	42.50811845391518
1324	42.50811845391518
1325	14.362493321749213
1326	14.362493321749213
1327	14.362493321749213
1328	3.3868644596827355
1329	3.3868644596827355
1330	3.3868644596827355
1331	3.3868644596827355
1332	3.3868644596827355
1333	3.3868644596827355
1334	3.3868644596827355
1335	3.3868644596827355
1336	16.32357061973053
1337	44.98230527421716
1338	44.98230527421716
1339	44.98230527421716
1340	44.98230527421716
1341	44.98230527421716
1342	44.98230527421716
1343	44.98230527421716
1344	28.3965018914203
1345	26.238220296870647
1346	6.771831985445722
1347	6.771831985445722
1348	6.771831985445722
1349	6.771831985445722
1350	9.950851762844025
1351	9.950851762844025
1352	9.950851762844025
1353	9.950851762844025
1354	9.950851762844025
1355	21.595819424369445
1356	21.595819424369445
1357	18.936205557469346
1358	21.108261663719265
1359	21.108261663719265
1360	21.108261663719265
1361	21.108261663719265
1362	21.108261663719265
1363	21.108261663719265
1364	19.09895789042898
1365	19.09895789042898
1366	19.09895789042898
1367	19.09895789042898
1368	19.09895789042898
1369	0.1
1370	12.092529717637127
1371	8.17352717729942
1372	8.17352717729942
1373	8.17352717729942
1374	23.557981981791116
1375	12.134080145965736
1376	12.134080145965736
1377	30.477694654303427
1378	18.67297410439845
1379	12.88319930321921
1380	12.88319930321921
1381	12.88319930321921
1382	12.88319930321921
1383	5.60538177149191
1384	5.60538177149191
1385	5.60538177149191
1386	15.05641640277856
1387	7.523772076144271
1388	5.256136324954587
1389	5.256136324954587
1390	5.256136324954587
1391	19.340825026240726
1392	19.340825026240726
1393	19.340825026240726
1394	36.996480839215565
1395	36.996480839215565
1396	36.996480839215565
1397	36.996480839215565
1398	14.537323455043564
1399	14.537323455043564
1400	30.8487894397921
1401	30.8487894397921
1402	30.8487894397921
1403	30.8487894397921
1404	17.059865024333774
1405	17.059865024333774
1406	21.93286253276878
1407	4.642338301239706
1408	4.642338301239706
1409	4.642338301239706
1410	4.642338301239706
1411	23.908850016289996
1412	23.908850016289996
1413	23.908850016289996
1414	23.908850016289996
1415	13.620174539551535
1416	26.768331661005842
1417	10.551554975908822
1418	10.551554975908822
1419	7.387421724993285
1420	7.387421724993285
1421	7.387421724993285
1422	7.387421724993285
1423	8.031294922485989
1424	28.244972777602392
1425	9.06339627286707
1426	22.385002368642674
1427	23.703667109654784
1428	3.8083213971206558
1429	16.196782978736035
1430	0.1
1431	18.70038422089865
1432	9.240049569230052
1433	9.240049569230052
1434	18.7613957222037
1435	9.823227120267077
1436	12.399856901339579
1437	3.821806722347759
1438	3.821806722347759
1439	3.821806722347759
1440	3.821806722347759
1441	3.821806722347759
1442	18.25078588549287
1443	18.780962650699415
1444	22.73969281336179
1445	8.44559815734822
1446	8.44559815734822
1447	27.22710163138439
1448	15.255493535478063
1449	15.255493535478063
1450	12.576285472049973
1451	14.349656722970632
1452	14.349656722970632
1453	14.349656722970632
1454	14.349656722970632
1455	14.349656722970632
1456	10.534487939818515
1457	10.534487939818515
1458	10.534487939818515
1459	29.50290296959502
1460	16.816361869391237
1461	19.460116424970746
1462	19.460116424970746
1463	19.460116424970746
1464	19.460116424970746
1465	19.460116424970746
1466	4.960209011848448
1467	4.960209011848448
1468	4.960209011848448
1469	4.76008850092644
1470	4.886806863450234
1471	4.886806863450234
1472	4.886806863450234
1473	4.886806863450234
1474	4.886806863450234
1475	4.886806863450234
1476	0.1
1477	0.1
1478	22.307342930144497
1479	0.1
1480	1.1615653238548287
1481	1.1615653238548287
1482	9.27101266615178
1483	17.0867546234684
1484	17.0867546234684
1485	15.139779328939662
1486	22.61586925618714
1487	22.61586925618714
1488	22.61586925618714
1489	19.951234859007112
1490	11.504945299960937
1491	11.504945299960937
1492	11.504945299960937
1493	11.504945299960937
1494	2.2049385049186174
1495	2.2049385049186174
1496	12.607658294527667
1497	9.396536092157943
1498	9.396536092157943
1499	24.777014096805395
1500	26.35203054434587
1501	26.35203054434587
1502	26.35203054434587
1503	11.09120126268987
1504	24.583764397877154
1505	12.873528219761084
1506	12.873528219761084
1507	11.728657825773983
1508	23.51944536253398
1509	12.049839718526645
1510	12.049839718526645
1511	10.288319543116062
1512	10.288319543116062
1513	10.288319543116062
1514	5.387135190422315
1515	5.387135190422315
1516	5.387135190422315
1517	5.387135190422315
1518	5.387135190422315
1519	5.387135190422315
1520	23.32357328551145
1521	18.384092572980734
1522	18.384092572980734
1523	18.384092572980734
1524	19.809206420223727
1525	19.809206420223727
1526	19.809206420223727
1527	15.696173435207461
1528	15.696173435207461
1529	15.696173435207461
1530	13.330514593308699
1531	13.330514593308699
1532	13.330514593308699
1533	13.330514593308699
1534	13.330514593308699
1535	13.330514593308699
1536	13.330514593308699
1537	23.851394825728907
1538	23.851394825728907
1539	23.851394825728907
1540	23.851394825728907
1541	7.675428241277406
1542	7.675428241277406
1543	7.675428241277406
1544	7.675428241277406
1545	3.903565718247055
1546	3.903565718247055
1547	9.07411953280538
1548	9.07411953280538
1549	15.652597334085115
1550	24.708331808006356
1551	8.960058680838278
1552	8.960058680838278
1553	21.41628633636294
1554	21.41628633636294
1555	21.41628633636294
1556	3.1234067421828797
1557	3.1234067421828797
1558	3.1234067421828797
1559	3.1234067421828797
1560	3.1234067421828797
1561	26.299115743844208
1562	27.788608334349554
1563	0.1
1564	0.1
1565	0.1
1566	4.197191313194098
1567	16.449259369851205
1568	16.449259369851205
1569	16.449259369851205
1570	16.449259369851205
1571	16.449259369851205
1572	12.265429969776559
1573	12.265429969776559
1574	12.265429969776559
1575	12.265429969776559
1576	12.265429969776559
1577	12.265429969776559
1578	16.517443313799074
1579	26.557964965998025
1580	5.625164113069916
1581	25.46382039582479
1582	25.46382039582479
1583	25.46382039582479
1584	10.434039012115205
1585	19.477571085793414
1586	19.477571085793414
1587	19.477571085793414
1588	34.55959906174378
1589	0.1
1590	0.1
1591	23.644679783014446
1592	21.070677978339333
1593	32.969903841862894
1594	32.969903841862894
1595	22.56976406848445
1596	22.56976406848445
1597	16.087169035801622
1598	16.087169035801622
1599	22.00717906254075
1600	22.00717906254075
1601	9.171598885872816
1602	9.171598885872816
1603	9.171598885872816
1604	9.171598885872816
1605	9.171598885872816
1606	6.824876340497908
1607	6.824876340497908
1608	6.824876340497908
1609	3.4690909838097674
1610	3.4690909838097674
1611	3.4690909838097674
1612	23.83522010911427
1613	14.642601345218573
1614	14.642601345218573
1615	14.642601345218573
1616	14.642601345218573
1617	13.802108641643251
1618	13.802108641643251
1619	13.802108641643251
1620	13.802108641643251
1621	13.802108641643251
1622	3.617429864010397
1623	3.617429864010397
1624	3.617429864010397
1625	3.617429864010397
1626	3.617429864010397
1627	15.638635194461363
1628	11.589940599437032
1629	12.638487022042057
1630	16.928885753969464
1631	2.548826936491226
1632	4.960253063611293
1633	4.960253063611293
1634	4.960253063611293
1635	13.327107496127901
1636	0.1
1637	0.1
1638	0.1
1639	9.818766165076187
1640	17.553124200507867
1641	17.553124200507867
1642	17.553124200507867
1643	17.553124200507867
1644	8.551352332182576
1645	14.713728409522815
1646	0.1
1647	0.1
1648	0.1
1649	0.1
1650	0.1
1651	0.1
1652	17.802130850313745
1653	13.098222939400767
1654	4.662698572160699
1655	4.662698572160699
1656	4.662698572160699
1657	4.662698572160699
1658	5.086566464201249
1659	5.086566464201249
1660	5.086566464201249
1661	5.086566464201249
1662	29.81984313746262
1663	29.81984313746262
1664	29.81984313746262
1665	29.81984313746262
1666	29.81984313746262
1667	29.81984313746262
1668	29.81984313746262
1669	29.81984313746262
1670	29.81984313746262
1671	15.252173354864407
1672	8.991632240724238
1673	8.991632240724238
1674	8.991632240724238
1675	8.991632240724238
1676	22.120625340801755
1677	22.120625340801755
1678	22.120625340801755
1679	4.285131828505653
1680	4.285131828505653
1681	13.473523856412639
1682	18.192373840370678
1683	18.192373840370678
1684	18.192373840370678
1685	32.06952021804014
1686	25.26790556253451
1687	46.95693651777883
1688	46.95693651777883
1689	46.95693651777883
1690	46.95693651777883
1691	46.95693651777883
1692	46.95693651777883
1693	25.176980091419924
1694	13.383095135432937
1695	28.714139065293892
1696	32.824141263967604
1697	32.824141263967604
1698	0.1
1699	23.09269730716676
1700	23.09269730716676
1701	37.50708356420334
1702	4.9830573248608605
1703	22.103863539483466
1704	16.67324017224561
1705	16.67324017224561
1706	16.67324017224561
1707	16.67324017224561
1708	16.67324017224561
1709	16.67324017224561
1710	16.67324017224561
1711	16.67324017224561
1712	16.67324017224561
1713	3.787162857811736
1714	3.787162857811736
1715	3.787162857811736
1716	3.787162857811736
1717	3.787162857811736
1718	9.891886156438478
1719	20.65088733758385
1720	20.65088733758385
1721	20.65088733758385
1722	20.65088733758385
1723	18.5280061176787
1724	18.5280061176787
1725	18.5280061176787
1726	12.23930990847076
1727	12.23930990847076
1728	19.942580383618
1729	19.942580383618
1730	19.942580383618
1731	19.942580383618
1732	19.942580383618
1733	13.535274055762557
1734	9.205229123025038
1735	9.205229123025038
1736	9.205229123025038
1737	22.223929247123277
1738	26.153964738088668
1739	26.153964738088668
1740	11.606338714687976
1741	11.606338714687976
1742	11.606338714687976
1743	11.640408957294689
1744	14.565177789937099
1745	0.1
1746	0.1
1747	4.672885568507954
1748	4.672885568507954
1749	22.51663615044169
1750	22.51663615044169
1751	22.51663615044169
1752	22.51663615044169
1753	22.51663615044169
1754	22.379169088104035
1755	22.379169088104035
1756	12.04211834791792
1757	12.04211834791792
1758	27.608617296407374
1759	43.50359211975228
1760	6.706694119901687
1761	6.706694119901687
1762	6.706694119901687
1763	15.942495192040198
1764	15.942495192040198
1765	15.942495192040198
1766	15.942495192040198
1767	15.942495192040198
1768	17.84571048717399
1769	17.84571048717399
1770	16.87900332903477
1771	16.87900332903477
1772	10.212667652491474
1773	10.212667652491474
1774	11.024534613066486
1775	11.024534613066486
1776	7.930083443346328
1777	7.930083443346328
1778	7.930083443346328
1779	7.930083443346328
1780	17.986582580084445
1781	17.986582580084445
1782	18.56782508545612
1783	18.56782508545612
1784	18.56782508545612
1785	18.56782508545612
1786	18.56782508545612
1787	18.56782508545612
1788	18.56782508545612
1789	0.1
1790	0.1
1791	0.1
1792	9.486477173592952
1793	9.486477173592952
1794	9.486477173592952
1795	9.486477173592952
1796	9.486477173592952
1797	9.486477173592952
1798	9.486477173592952
1799	9.486477173592952
1800	9.486477173592952
1801	15.216619459933415
1802	15.216619459933415
1803	9.929572043521743
1804	9.929572043521743
1805	3.3071238661774007
1806	16.267037965946535
1807	16.267037965946535
1808	6.911818709274662
1809	6.911818709274662
1810	28.450852643467286
1811	28.450852643467286
1812	11.378536127684638
1813	11.378536127684638
1814	12.62752872785046
1815	12.62752872785046
1816	12.62752872785046
1817	12.62752872785046
1818	10.111887344377301
1819	7.788374068242022
1820	7.788374068242022
1821	7.788374068242022
1822	7.788374068242022
1823	7.788374068242022
1824	7.788374068242022
1825	7.788374068242022
1826	7.788374068242022
1827	7.788374068242022
1828	18.897407486503056
1829	18.897407486503056
1830	0.1
1831	0.1
1832	0.1
1833	0.1
1834	0.1
1835	19.768368081391472
1836	19.768368081391472
1837	19.768368081391472
1838	30.4710229035051
1839	12.53972346441282
1840	10.764913931585701
1841	10.764913931585701
1842	31.97051641642684
1843	31.97051641642684
1844	13.831791554174583
1845	4.708343643455539
1846	7.2190474811227565
1847	7.2190474811227565
1848	7.2190474811227565
1849	12.072443303872518
1850	24.036379545614935
1851	16.731978253574223
1852	7.637697731763911
1853	0.1
1854	0.1
1855	23.268149628365563
1856	15.0847462248306
1857	14.30151378688927
1858	26.625258392925875
1859	7.747191328630415
1860	7.747191328630415
1861	7.747191328630415
1862	7.747191328630415
1863	14.238905146035775
1864	17.947839787045048
1865	32.48462345731816
1866	9.494653306777344
1867	9.494653306777344
1868	9.494653306777344
1869	9.494653306777344
1870	9.494653306777344
1871	8.004538533441295
1872	8.004538533441295
1873	8.004538533441295
1874	12.234400588055914
1875	8.601848292458277
1876	8.601848292458277
1877	7.2333203440369305
1878	7.2333203440369305
1879	7.2333203440369305
1880	6.893271461274613
1881	6.893271461274613
1882	6.893271461274613
1883	6.893271461274613
1884	6.893271461274613
1885	6.893271461274613
1886	6.893271461274613
1887	22.1058044331756
1888	28.40668613058407
1889	24.324527938452867
1890	24.324527938452867
1891	24.324527938452867
1892	24.324527938452867
1893	8.442106509724091
1894	8.442106509724091
1895	17.08479999014348
1896	17.08479999014348
1897	17.08479999014348
1898	17.08479999014348
1899	0.1
1900	0.1
1901	28.16262187704078
1902	28.16262187704078
1903	28.16262187704078
1904	28.16262187704078
1905	25.767444344247664
1906	25.767444344247664
1907	11.835225714692188
1908	8.980588596046482
1909	8.980588596046482
1910	8.980588596046482
1911	8.370072863369533
1912	17.8099172001529
1913	17.8099172001529
1914	14.828349301224385
1915	14.828349301224385
1916	14.828349301224385
1917	14.828349301224385
1918	14.828349301224385
1919	27.627994087337647
1920	5.694387844771355
1921	5.694387844771355
1922	5.694387844771355
1923	21.47896409918062
1924	21.47896409918062
1925	21.47896409918062
1926	25.34741353654101
1927	0.1
1928	0.1
1929	0.1
1930	0.1
1931	11.67042920111869
1932	16.170469000901047
1933	4.291541342780613
1934	4.291541342780613
1935	4.291541342780613
1936	18.711556989469166
1937	18.711556989469166
1938	11.568764312867275
1939	11.568764312867275
1940	19.67081247015983
1941	19.67081247015983
1942	19.67081247015983
1943	2.9496234543164856
1944	12.5011379672095
1945	12.5011379672095
1946	12.5011379672095
1947	20.453191206942858
1948	20.453191206942858
1949	40.54405078833232
1950	18.447597205028767
1951	20.414101891767075
1952	20.414101891767075
1953	19.707152616486994
1954	19.707152616486994
1955	12.47206327733141
1956	12.47206327733141
1957	12.47206327733141
1958	10.740729391847466
1959	10.740729391847466
1960	10.740729391847466
1961	10.740729391847466
1962	10.740729391847466
1963	7.209908017549884
1964	10.749135912884821
1965	10.749135912884821
1966	6.803683036606772
1967	23.624114176205055
1968	23.624114176205055
1969	23.624114176205055
1970	23.624114176205055
1971	23.624114176205055
1972	2.2367857992629903
1973	11.723900917969683
1974	19.10919966559596
1975	19.10919966559596
1976	22.638138556907897
1977	22.638138556907897
1978	16.18693754083868
1979	16.18693754083868
1980	10.204482290134141
1981	10.204482290134141
1982	20.069780949570884
1983	20.069780949570884
1984	28.54737232980473
1985	28.54737232980473
1986	28.54737232980473
1987	28.54737232980473
1988	28.54737232980473
1989	28.54737232980473
1990	28.54737232980473
1991	28.54737232980473
1992	28.54737232980473
1993	18.483672592644123
1994	18.483672592644123
1995	17.59478703986688
1996	17.59478703986688
1997	18.98675458690481
1998	18.98675458690481
1999	18.98675458690481
2000	22.398287797332422
2001	22.398287797332422
2002	24.100720728344935
2003	9.338472441656855
2004	9.338472441656855
2005	9.338472441656855
2006	9.338472441656855
2007	9.338472441656855
2008	9.79770589611923
2009	9.79770589611923
2010	0.1
2011	0.1
2012	0.1
2013	0.1
2014	2.40657203484027
2015	20.606346767826487
2016	19.31354742725287
2017	19.31354742725287
2018	19.31354742725287
2019	19.31354742725287
2020	14.476531420223997
2021	19.0261278129868
2022	19.0261278129868
2023	7.908431171111749
2024	5.233859751551628
2025	6.27609809784912
2026	6.27609809784912
2027	6.27609809784912
2028	15.285135174408827
2029	0.1
2030	0.1
2031	0.1
2032	33.02850561494162
2033	11.078340287373532
2034	11.078340287373532
2035	11.078340287373532
2036	11.078340287373532
2037	11.078340287373532
2038	11.078340287373532
2039	23.648827220722996
2040	23.648827220722996
2041	23.648827220722996
2042	23.648827220722996
2043	23.648827220722996
2044	23.648827220722996
2045	23.648827220722996
2046	3.7620323704422507
2047	8.030746022747627
2048	30.73721265604361
2049	30.73721265604361
2050	31.462451979693192
2051	31.462451979693192
2052	31.462451979693192
2053	31.462451979693192
2054	31.462451979693192
2055	20.8577714548836
2056	20.8577714548836
2057	9.312577086439832
2058	9.312577086439832
2059	21.229665755533365
2060	34.285614425381326
2061	34.285614425381326
2062	16.502296657161413
2063	16.502296657161413
2064	19.887236999753426
2065	19.887236999753426
2066	10.10647722427142
2067	10.10647722427142
2068	13.187228007482148
2069	6.618600514284973
2070	3.3079812205414854
2071	2.575787603619723
2072	2.575787603619723
2073	2.575787603619723
2074	2.575787603619723
2075	2.575787603619723
2076	2.575787603619723
2077	2.575787603619723
2078	2.575787603619723
2079	2.575787603619723
2080	24.696546508754253
2081	24.696546508754253
2082	19.666252716171314
2083	19.666252716171314
2084	28.803661495969
2085	28.803661495969
2086	28.803661495969
2087	28.803661495969
2088	41.666299511383414
2089	41.666299511383414
2090	41.666299511383414
2091	5.805103279292505
2092	11.842557918837098
2093	11.842557918837098
2094	15.691732471802425
2095	15.691732471802425
2096	8.407023734986863
2097	4.822839865304731
2098	4.822839865304731
2099	15.521804537347341
2100	18.266637772335507
2101	18.266637772335507
2102	24.366279600138654
2103	7.157769924684546
2104	7.157769924684546
2105	3.611117423530514
2106	3.611117423530514
2107	10.448012124692799
2108	13.863274507934522
2109	18.233268716091352
2110	18.233268716091352
2111	10.849755436260441
2112	6.209432568819967
2113	6.209432568819967
2114	6.209432568819967
2115	13.51884579654165
2116	13.51884579654165
2117	20.670776578036495
2118	10.67125063764662
2119	10.67125063764662
2120	10.67125063764662
2121	10.67125063764662
2122	10.67125063764662
2123	10.67125063764662
2124	3.9230056135587104
2125	0.16155920002657354
2126	12.264308065933324
2127	12.736032279072216
2128	18.61687983058246
2129	10.46244200973091
2130	10.46244200973091
2131	10.46244200973091
2132	10.46244200973091
2133	10.223448410016141
2134	24.660732163559086
2135	24.660732163559086
2136	27.248717547624004
2137	27.248717547624004
2138	27.248717547624004
2139	17.356527621627354
2140	17.356527621627354
2141	17.356527621627354
2142	10.68102162480374
2143	4.511668818593461
2144	15.807937549364087
2145	15.807937549364087
2146	16.58124528088992
2147	16.58124528088992
2148	16.58124528088992
2149	16.58124528088992
2150	11.20511533546546
2151	11.20511533546546
2152	16.305083858764792
2153	16.305083858764792
2154	16.305083858764792
2155	7.39780663406
2156	4.550099298086954
2157	4.550099298086954
2158	4.550099298086954
2159	4.550099298086954
2160	14.235607200922596
2161	0.1
2162	26.283405224141497
2163	5.442364395656012
2164	5.442364395656012
2165	20.425011419137547
2166	20.425011419137547
2167	6.127178718917024
2168	6.127178718917024
2169	12.558554352339609
2170	17.882427255087904
2171	17.882427255087904
2172	19.18178021325422
2173	24.065520133311118
2174	26.02245771212951
2175	26.02245771212951
2176	20.660541271884735
2177	0.44233254217799356
2178	0.44233254217799356
2179	10.09607764070607
2180	10.09607764070607
2181	6.46998826216034
2182	6.46998826216034
2183	6.46998826216034
2184	6.46998826216034
2185	8.399411751528728
2186	8.399411751528728
2187	8.399411751528728
2188	26.27034623553233
2189	19.742284496684285
2190	19.742284496684285
2191	19.89432952616778
2192	19.120087298573367
2193	19.120087298573367
2194	10.293083017047795
2195	10.293083017047795
2196	25.45042037804678
2197	1.5769182866735427
2198	1.5769182866735427
2199	1.5769182866735427
2200	1.5769182866735427
2201	1.5769182866735427
2202	1.5769182866735427
2203	24.044334977592655
2204	10.302061408485127
2205	2.3078341248353897
2206	2.3078341248353897
2207	0.45896837197370566
2208	0.45896837197370566
2209	0.45896837197370566
2210	0.45896837197370566
2211	3.0210481422125532
2212	22.723455068285492
2213	22.723455068285492
2214	22.723455068285492
2215	10.087949828740241
2216	7.926203503846406
2217	15.182432263515427
2218	15.182432263515427
2219	25.846036826325598
2220	12.57403291540579
2221	0.6894142283524722
2222	0.6894142283524722
2223	0.6894142283524722
2224	9.783965964741316
2225	18.013460642018224
2226	18.013460642018224
2227	12.165126806688352
2228	4.7523729598768645
2229	4.7523729598768645
2230	4.7523729598768645
2231	24.044889727288783
2232	24.044889727288783
2233	24.044889727288783
2234	24.044889727288783
2235	24.044889727288783
2236	24.044889727288783
2237	24.044889727288783
2238	24.044889727288783
2239	14.76636527206181
2240	14.76636527206181
2241	10.002311132880198
2242	10.002311132880198
2243	10.002311132880198
2244	10.002311132880198
2245	16.880571805034347
2246	16.880571805034347
2247	16.880571805034347
2248	16.48086175546336
2249	16.48086175546336
2250	16.648922676231035
2251	16.648922676231035
2252	16.648922676231035
2253	20.46536408156382
2254	0.1
2255	10.47935798349357
2256	10.47935798349357
2257	0.1
2258	0.1
2259	0.1
2260	12.28860978589518
2261	12.28860978589518
2262	12.28860978589518
2263	12.28860978589518
2264	12.28860978589518
2265	12.28860978589518
2266	12.28860978589518
2267	12.55858405339
2268	12.55858405339
2269	8.452727302629853
2270	8.452727302629853
2271	0.1
2272	0.1
2273	11.155812441948878
2274	15.131081319702695
2275	22.74585162568696
2276	22.74585162568696
2277	5.940402429638896
2278	5.940402429638896
2279	5.940402429638896
2280	27.66800070431868
2281	16.43397334011271
2282	2.1877901037244456
2283	2.1877901037244456
2284	18.15232740114171
2285	8.385401033719173
2286	8.385401033719173
2287	7.059712638426984
2288	29.263671097271754
2289	1.814709013111532
2290	1.814709013111532
2291	1.814709013111532
2292	1.814709013111532
2293	1.814709013111532
2294	1.814709013111532
2295	12.334375407731608
2296	12.334375407731608
2297	12.334375407731608
2298	12.334375407731608
2299	6.318077498928706
2300	6.318077498928706
2301	1.0387134102315745
2302	1.0387134102315745
2303	1.0387134102315745
2304	1.0387134102315745
2305	3.984798115042766
2306	3.984798115042766
2307	3.984798115042766
2308	3.984798115042766
2309	3.984798115042766
2310	10.843453874445153
2311	10.843453874445153
2312	10.843453874445153
2313	26.386748246730082
2314	26.386748246730082
2315	26.386748246730082
2316	26.386748246730082
2317	26.386748246730082
2318	33.40797356052298
2319	33.40797356052298
2320	33.40797356052298
2321	17.03726592398888
2322	17.03726592398888
2323	9.601835592268408
2324	27.581907108202536
2325	26.760989870061756
2326	26.760989870061756
2327	26.760989870061756
2328	26.760989870061756
2329	0.1
2330	0.1
2331	0.1
2332	0.1
2333	13.252634520476924
2334	13.252634520476924
2335	13.252634520476924
2336	9.720623184615349
2337	9.720623184615349
2338	20.960475717760655
2339	5.122480922303149
2340	5.122480922303149
2341	3.849941403358331
2342	8.01721836924018
2343	1.5550727277666834
2344	25.498101629719933
2345	12.58757804032614
2346	13.169336068966564
2347	13.169336068966564
2348	18.23348812946353
2349	18.23348812946353
2350	18.23348812946353
2351	18.23348812946353
2352	18.23348812946353
2353	18.23348812946353
2354	18.23348812946353
2355	18.23348812946353
2356	18.23348812946353
2357	13.846286866735928
2358	13.846286866735928
2359	14.395888338789806
2360	15.162920563966011
2361	20.785786139310474
2362	20.785786139310474
2363	20.785786139310474
2364	7.071127185964004
2365	0.1
2366	0.1
2367	0.1
2368	0.1
2369	17.923435630054207
2370	17.923435630054207
2371	0.1
2372	0.1
2373	8.219663331439381
2374	8.219663331439381
2375	8.219663331439381
2376	8.219663331439381
2377	8.219663331439381
2378	12.185914109966312
2379	16.78658645558138
2380	16.78658645558138
2381	8.934889856879447
2382	8.934889856879447
2383	8.934889856879447
2384	8.934889856879447
2385	4.851910467544068
2386	15.898511402025992
2387	15.898511402025992
2388	15.898511402025992
2389	15.898511402025992
2390	2.3593923503268606
2391	2.3593923503268606
2392	0.1
2393	0.1
2394	0.1
2395	0.1
2396	0.1
2397	0.1
2398	0.1
2399	18.581966978650684
2400	18.581966978650684
2401	2.1790532646556375
2402	2.1790532646556375
2403	2.1790532646556375
2404	2.1790532646556375
2405	2.1790532646556375
2406	2.1790532646556375
2407	2.1790532646556375
2408	3.7468962428375843
2409	3.7468962428375843
2410	3.7468962428375843
2411	3.7468962428375843
2412	3.7468962428375843
2413	0.1
2414	15.386462648254897
2415	15.386462648254897
2416	15.386462648254897
2417	20.646353730035585
2418	13.216879328069323
2419	13.027961658259727
2420	13.027961658259727
2421	0.1
2422	0.1
2423	19.11798537398049
2424	19.11798537398049
2425	10.679083452616045
2426	20.124087855364227
2427	10.128113187975245
2428	10.70666661734527
2429	10.70666661734527
2430	10.70666661734527
2431	10.70666661734527
2432	23.712148804668537
2433	23.712148804668537
2434	8.313329275704135
2435	8.313329275704135
2436	12.607299043621332
2437	1.3118323782584174
2438	1.3118323782584174
2439	4.2176438751075604
2440	4.2176438751075604
2441	4.2176438751075604
2442	4.2176438751075604
2443	9.621703045698812
2444	2.452036002677188
2445	2.452036002677188
2446	2.452036002677188
2447	12.566021778970411
2448	12.566021778970411
2449	12.566021778970411
2450	12.566021778970411
2451	4.204006148778655
2452	4.204006148778655
2453	11.138778742758582
2454	11.138778742758582
2455	11.138778742758582
2456	11.138778742758582
2457	8.007013551047953
2458	10.593696406605053
2459	19.04300029627472
2460	34.708889734020964
2461	34.708889734020964
2462	18.726557229964904
2463	10.881307050546123
2464	0.1
2465	9.154356695762953
2466	9.154356695762953
2467	9.154356695762953
2468	9.154356695762953
2469	9.154356695762953
2470	39.69801280339619
2471	39.69801280339619
2472	39.69801280339619
2473	39.69801280339619
2474	11.747391185284599
2475	13.111260300643428
2476	13.111260300643428
2477	13.111260300643428
2478	13.111260300643428
2479	8.602632819837098
2480	10.07228137340675
2481	6.113385245909229
2482	14.113623851986144
2483	14.113623851986144
2484	8.575355669661672
2485	8.575355669661672
2486	8.575355669661672
2487	24.227005719177725
2488	14.858381691487665
2489	14.858381691487665
2490	14.858381691487665
2491	18.73965011546048
2492	18.73965011546048
2493	18.73965011546048
2494	18.73965011546048
2495	18.73965011546048
2496	22.66146415064283
2497	22.66146415064283
2498	22.66146415064283
2499	22.66146415064283
2500	22.66146415064283
2501	0.1
2502	0.1
2503	0.1
2504	0.1
2505	0.1
2506	0.1
2507	0.1
2508	0.1
