0	9.164388204438882
1	12.388426557074293
2	12.388426557074293
3	13.292662761219459
4	7.712733445906418
5	7.712733445906418
6	9.3931009986856
7	7.82716203745036
8	7.82716203745036
9	7.82716203745036
10	8.448619432370258
11	8.448619432370258
12	8.448619432370258
13	8.641907809555688
14	8.641907809555688
15	8.641907809555688
16	10.81561042328509
17	10.81561042328509
18	10.81561042328509
19	8.550583128809373
20	8.550583128809373
21	8.550583128809373
22	8.550583128809373
23	11.693869872222631
24	13.40397331233162
25	12.034247942055984
26	10.675207253665405
27	7.859429044399025
28	7.859429044399025
29	7.859429044399025
30	7.859429044399025
31	7.859429044399025
32	7.859429044399025
33	7.756930525833324
34	7.756930525833324
35	6.924331020409372
36	11.972919091098388
37	11.972919091098388
38	11.972919091098388
39	7.574634734422278
40	7.574634734422278
41	8.823520191971648
42	12.4701238298356
43	12.4701238298356
44	12.4701238298356
45	12.4701238298356
46	12.4701238298356
47	10.064654884264547
48	10.064654884264547
49	10.064654884264547
50	10.064654884264547
51	9.283956344993163
52	9.283956344993163
53	13.463883896014448
54	18.878578550635687
55	15.879282158401608
56	15.879282158401608
57	11.803876690139802
58	16.10111555378396
59	15.417876630855122
60	8.223007524349116
61	8.223007524349116
62	7.421743331831806
63	7.421743331831806
64	10.75138474674622
65	15.600442615351332
66	17.78879265100667
67	17.78879265100667
68	17.78879265100667
69	13.840492352006073
70	10.185737557200056
71	10.185737557200056
72	10.185737557200056
73	12.667867371584073
74	15.382314366769936
75	10.678601451226069
76	12.413178826893303
77	12.413178826893303
78	12.413178826893303
79	12.413178826893303
80	9.187024391627393
81	9.187024391627393
82	9.187024391627393
83	9.187024391627393
84	9.187024391627393
85	12.62190281278823
86	12.62190281278823
87	11.453608306670446
88	11.008845282202211
89	12.085718428786414
90	12.085718428786414
91	10.23437853084327
92	13.673511345336236
93	13.673511345336236
94	14.353814690801716
95	16.551780390718385
96	14.174548782158192
97	20.32568761319738
98	15.130238165939003
99	14.136422049757737
100	14.136422049757737
101	14.136422049757737
102	14.136422049757737
103	10.308734786796808
104	10.308734786796808
105	12.088642611826337
106	12.222949500300667
107	12.222949500300667
108	12.222949500300667
109	10.429307926690912
110	16.272673013962436
111	14.239830140775636
112	8.046235564641714
113	8.046235564641714
114	8.046235564641714
115	8.794164320657249
116	8.794164320657249
117	8.794164320657249
118	8.794164320657249
119	5.779151922963014
120	5.779151922963014
121	9.46739844614347
122	9.46739844614347
123	9.46739844614347
124	10.231217744109374
125	10.231217744109374
126	10.71236084411905
127	10.71236084411905
128	10.71236084411905
129	10.71236084411905
130	10.71236084411905
131	10.71236084411905
132	10.405263439483262
133	10.405263439483262
134	10.405263439483262
135	10.405263439483262
136	10.405263439483262
137	10.405263439483262
138	9.591799878150061
139	9.591799878150061
140	9.591799878150061
141	8.997049584681903
142	8.997049584681903
143	8.516414098041155
144	10.331986274590262
145	10.331986274590262
146	9.008548963242788
147	9.008548963242788
148	9.008548963242788
149	14.919361075144513
150	14.919361075144513
151	18.199621639012364
152	15.573086052864314
153	15.573086052864314
154	15.277496880824046
155	14.047427761702709
156	14.047427761702709
157	14.047427761702709
158	14.047427761702709
159	14.047427761702709
160	14.047427761702709
161	14.047427761702709
162	16.989768627597176
163	11.268813452626928
164	11.268813452626928
165	8.679507228325791
166	8.679507228325791
167	7.769472037464098
168	7.769472037464098
169	7.769472037464098
170	9.725649024869847
171	9.725649024869847
172	8.210931497324896
173	7.888638235938365
174	7.888638235938365
175	8.014102140927069
176	8.014102140927069
177	8.739932233206968
178	8.371012391429275
179	8.371012391429275
180	8.371012391429275
181	10.238012806492906
182	9.488659381969814
183	7.624204892138006
184	8.179861606222227
185	8.179861606222227
186	8.179861606222227
187	11.964770908663478
188	13.571545212437462
189	13.571545212437462
190	16.579235691962264
191	16.579235691962264
192	18.58387361899122
193	12.605601546186675
194	11.461577960996495
195	11.461577960996495
196	11.461577960996495
197	10.664985442402068
198	10.664985442402068
199	13.39849801254677
200	13.39849801254677
201	13.278069524511537
202	13.278069524511537
203	8.071896648451714
204	11.904364256291503
205	9.858706108724348
206	9.858706108724348
207	8.053901770783892
208	7.79243933790403
209	7.5965545612893965
210	10.102415308406174
211	12.581102987866142
212	12.581102987866142
213	12.581102987866142
214	12.581102987866142
215	12.581102987866142
216	12.581102987866142
217	14.707366380585205
218	14.707366380585205
219	14.707366380585205
220	15.072976774225017
221	14.061752726026555
222	10.585118033696741
223	9.153601774532309
224	7.119577416454363
225	7.380107991899673
226	7.813727288820111
227	9.704302386100483
228	9.704302386100483
229	7.148120047590896
230	9.72330262210866
231	14.202570591966065
232	14.112133436157078
233	14.112133436157078
234	12.146991192973958
235	12.146991192973958
236	12.146991192973958
237	11.446753350468967
238	11.446753350468967
239	11.446753350468967
240	11.446753350468967
241	14.961150598353342
242	14.961150598353342
243	14.961150598353342
244	14.961150598353342
245	14.961150598353342
246	14.961150598353342
247	11.827038390047688
248	11.827038390047688
249	10.753321358853674
250	12.104358163911957
251	12.104358163911957
252	12.104358163911957
253	12.104358163911957
254	12.552734418989921
255	15.789856212985729
256	15.789856212985729
257	11.80546751259234
258	11.80546751259234
259	11.80546751259234
260	10.1658187229255
261	10.1658187229255
262	16.31251317042237
263	8.967121782658415
264	8.967121782658415
265	8.967121782658415
266	8.967121782658415
267	8.967121782658415
268	8.967121782658415
269	15.337624883827171
270	15.337624883827171
271	15.337624883827171
272	12.821978192967336
273	12.821978192967336
274	13.940550441853055
275	10.755219366131918
276	15.66647424734019
277	11.963413441052761
278	9.612315915703377
279	9.612315915703377
280	9.612315915703377
281	9.479512100778349
282	9.479512100778349
283	9.479512100778349
284	9.479512100778349
285	10.975281055758295
286	9.123604785593063
287	9.123604785593063
288	9.123604785593063
289	9.123604785593063
290	12.49428001663299
291	15.15949997091741
292	10.024517331874488
293	10.024517331874488
294	10.024517331874488
295	10.024517331874488
296	8.022174107024107
297	10.155369442070095
298	8.401074065632084
299	8.401074065632084
300	8.401074065632084
301	7.363317107322515
302	7.363317107322515
303	7.363317107322515
304	7.363317107322515
305	10.152132004512012
306	10.152132004512012
307	10.152132004512012
308	14.563818190150338
309	14.563818190150338
310	12.091983005381781
311	12.091983005381781
312	15.48281436342612
313	15.48281436342612
314	14.199973908105825
315	14.199973908105825
316	14.199973908105825
317	14.199973908105825
318	14.199973908105825
319	14.199973908105825
320	14.199973908105825
321	9.831607598822863
322	9.831607598822863
323	7.301603907255757
324	9.890540595714349
325	9.890540595714349
326	9.890540595714349
327	12.057426556590862
328	11.40830754912166
329	11.40830754912166
330	11.40830754912166
331	11.40830754912166
332	11.40830754912166
333	12.116399484403905
334	12.116399484403905
335	12.116399484403905
336	10.374035172910636
337	10.374035172910636
338	11.478777597901361
339	11.947512039510066
340	11.947512039510066
341	11.947512039510066
342	11.947512039510066
343	14.842181633951865
344	16.219075130051795
345	16.219075130051795
346	16.219075130051795
347	16.219075130051795
348	16.219075130051795
349	16.215816312716218
350	15.051532667899043
351	12.21989591947422
352	11.67074616766667
353	14.856670216777225
354	14.856670216777225
355	14.856670216777225
356	14.856670216777225
357	12.92643080752564
358	15.082248589710506
359	15.082248589710506
360	12.338993973610295
361	12.338993973610295
362	10.435644652446344
363	10.435644652446344
364	10.435644652446344
365	10.435644652446344
366	9.42325900903607
367	9.42325900903607
368	13.16746359316628
369	12.390571122944868
370	12.390571122944868
371	12.390571122944868
372	13.831510999023626
373	15.904757698430634
374	14.110153205695568
375	14.110153205695568
376	6.822872115451682
377	6.822872115451682
378	8.588596855069142
379	12.759854457667911
380	12.499058854616608
381	10.111996305560009
382	10.111996305560009
383	10.111996305560009
384	10.63299075094502
385	10.63299075094502
386	10.63299075094502
387	9.481881262434817
388	9.481881262434817
389	9.481881262434817
390	8.514041309791796
391	9.354537576533508
392	9.354537576533508
393	10.742180772409935
394	10.742180772409935
395	9.229860157722445
396	9.229860157722445
397	9.229860157722445
398	9.229860157722445
399	9.229860157722445
400	7.969844371600419
401	8.19450965647009
402	8.19450965647009
403	8.19450965647009
404	10.907480146061905
405	10.136795735800257
406	11.465977910789515
407	11.465977910789515
408	13.595040240209709
409	13.595040240209709
410	9.756109030096422
411	14.40409692842589
412	14.475892431184198
413	12.258905692684545
414	8.562910181008592
415	11.800333554271393
416	13.043909181068194
417	13.043909181068194
418	16.286106616890493
419	15.756392952201745
420	15.756392952201745
421	11.284708074206735
422	14.613676046501794
423	14.613676046501794
424	13.936622565834254
425	13.936622565834254
426	15.732817995446403
427	11.851009427650261
428	13.594930230389222
429	10.212458063337694
430	17.096264261833856
431	17.096264261833856
432	15.148528700662641
433	15.148528700662641
434	16.92119179285369
435	12.338628484601703
436	11.72043669268766
437	11.72043669268766
438	11.72043669268766
439	10.300782364409848
440	7.318595941216169
441	6.591478138312638
442	6.591478138312638
443	6.591478138312638
444	6.591478138312638
445	6.591478138312638
446	6.86461873037515
447	6.86461873037515
448	10.661930909312233
449	10.661930909312233
450	10.661930909312233
451	7.05503696856419
452	7.05503696856419
453	7.05503696856419
454	6.30812064882512
455	6.30812064882512
456	11.998707176249143
457	11.998707176249143
458	11.998707176249143
459	9.779232941414515
460	9.202626400247462
461	11.259903578529544
462	11.259903578529544
463	11.259903578529544
464	11.259903578529544
465	15.870395551766915
466	10.267977985267398
467	10.267977985267398
468	11.360207651767768
469	11.360207651767768
470	11.360207651767768
471	15.674429936025756
472	14.446934913491974
473	13.25262220666185
474	12.263733155824939
475	10.558186522351955
476	10.962589611237078
477	11.981299752935964
478	11.981299752935964
479	10.165927676089533
480	10.165927676089533
481	10.165927676089533
482	10.222914765634869
483	10.222914765634869
484	11.316257530701872
485	13.759723752033228
486	13.759723752033228
487	13.759723752033228
488	15.932965297469925
489	10.003045932151034
490	10.918189516808122
491	10.918189516808122
492	10.161609015164554
493	7.500539330120905
494	7.500539330120905
495	14.55917571172237
496	14.04239685770411
497	14.04239685770411
498	14.04239685770411
499	10.476555992827892
500	13.20806951278422
501	7.512101003894621
502	7.512101003894621
503	7.512101003894621
504	8.143250510028713
505	10.289015768594343
506	10.289015768594343
507	10.289015768594343
508	10.289015768594343
509	10.289015768594343
510	10.289015768594343
511	10.289015768594343
512	15.85521342284081
513	15.85521342284081
514	13.447801257284409
515	10.66769506385665
516	10.66769506385665
517	10.66769506385665
518	9.482102929461943
519	12.126935904962526
520	12.126935904962526
521	16.52449661114612
522	14.080132848894909
523	17.35251946574373
524	17.35251946574373
525	17.35251946574373
526	17.35251946574373
527	13.692081756279746
528	10.104835328233655
529	6.867780309122852
530	6.867780309122852
531	9.72161397558759
532	8.84016696664951
533	8.84016696664951
534	8.84016696664951
535	8.84016696664951
536	9.43325966985808
537	8.993583118585978
538	8.993583118585978
539	8.993583118585978
540	13.733138682077316
541	13.733138682077316
542	13.733138682077316
543	13.733138682077316
544	16.39154137668963
545	16.39154137668963
546	16.39154137668963
547	16.39154137668963
548	16.39154137668963
549	16.39154137668963
550	14.144058447971046
551	14.144058447971046
552	14.266399002687548
553	14.266399002687548
554	14.266399002687548
555	9.987213965162365
556	9.987213965162365
557	9.987213965162365
558	10.905718004047905
559	12.247158014266574
560	15.220254684342773
561	8.699508510530258
562	8.699508510530258
563	8.699508510530258
564	8.699508510530258
565	8.699508510530258
566	8.699508510530258
567	13.002684767248747
568	13.002684767248747
569	16.933701989293034
570	11.19992237282031
571	11.19992237282031
572	11.19992237282031
573	11.19992237282031
574	11.19992237282031
575	11.19992237282031
576	15.279990844164015
577	13.030982054564092
578	13.030982054564092
579	14.88638840119697
580	14.88638840119697
581	14.88638840119697
582	14.499249372796717
583	14.200369432703127
584	14.200369432703127
585	14.200369432703127
586	14.200369432703127
587	14.200369432703127
588	14.200369432703127
589	14.200369432703127
590	13.290277056719278
591	13.290277056719278
592	13.290277056719278
593	12.88330651151951
594	12.88330651151951
595	12.88330651151951
596	13.661592588243092
597	13.661592588243092
598	13.661592588243092
599	7.1636388697308195
600	8.316776725156705
601	8.316776725156705
602	8.316776725156705
603	8.316776725156705
604	13.727802263706032
605	11.230059072985997
606	14.672513484915626
607	15.834920828714377
608	15.834920828714377
609	15.834920828714377
610	15.834920828714377
611	15.834920828714377
612	15.834920828714377
613	15.834920828714377
614	8.90537429373437
615	7.92500198349818
616	11.037917221786772
617	11.037917221786772
618	11.037917221786772
619	6.554718145229343
620	14.131154916939508
621	11.98678957441602
622	14.843034467228495
623	15.966866640317548
624	16.59342104290985
625	16.13553665459396
626	16.13553665459396
627	16.13553665459396
628	16.13553665459396
629	12.0820653321077
630	20.00994822701789
631	10.538758597331208
632	9.810345217035248
633	9.810345217035248
634	9.810345217035248
635	9.810345217035248
636	9.810345217035248
637	10.869359356542477
638	10.869359356542477
639	10.869359356542477
640	10.869359356542477
641	13.402753948337402
642	13.402753948337402
643	13.402753948337402
644	16.09737317227912
645	10.581861641588187
646	10.581861641588187
647	10.581861641588187
648	10.581861641588187
649	8.01562762489001
650	8.01562762489001
651	8.01562762489001
652	13.538790647873546
653	13.359146782043648
654	13.359146782043648
655	13.359146782043648
656	13.359146782043648
657	18.0570138247609
658	18.0570138247609
659	18.0570138247609
660	16.919292691661145
661	13.868757433732737
662	12.964956446597132
663	12.964956446597132
664	12.964956446597132
665	17.03057720485944
666	17.03057720485944
667	17.03057720485944
668	17.03057720485944
669	8.218477701898454
670	8.218477701898454
671	11.440853788749262
672	11.440853788749262
673	9.125980964430699
674	9.125980964430699
675	5.724231392680765
676	5.724231392680765
677	5.724231392680765
678	8.873197506548024
679	10.78820248272825
680	10.78820248272825
681	9.210173405148973
682	14.678894839857335
683	14.678894839857335
684	12.539315008771439
685	12.539315008771439
686	12.539315008771439
687	12.539315008771439
688	12.539315008771439
689	13.545859401817706
690	15.680756107030652
691	15.680756107030652
692	15.680756107030652
693	15.680756107030652
694	15.680756107030652
695	12.711150066602999
696	13.126635463915516
697	13.126635463915516
698	13.258698127666852
699	14.583708577258728
700	12.087395179656868
701	12.087395179656868
702	12.087395179656868
703	12.087395179656868
704	17.99044955410053
705	17.99044955410053
706	17.99044955410053
707	12.782304943812491
708	11.188227637174842
709	11.188227637174842
710	13.00104447813132
711	13.00104447813132
712	13.00104447813132
713	7.152409035672984
714	8.738367065942771
715	12.098678461690904
716	11.370020690455775
717	9.235527627181124
718	9.235527627181124
719	9.235527627181124
720	14.025780881044485
721	14.025780881044485
722	9.741900222458487
723	9.741900222458487
724	9.741900222458487
725	9.741900222458487
726	9.741900222458487
727	13.744630966650512
728	7.7548233456975915
729	7.7548233456975915
730	13.605032439936188
731	13.605032439936188
732	8.046045775406897
733	8.046045775406897
734	8.046045775406897
735	12.150718761812607
736	5.997162067812556
737	8.131863777435848
738	8.131863777435848
739	7.843632578831479
740	7.843632578831479
741	7.843632578831479
742	7.843632578831479
743	12.739447936973985
744	15.627229081443557
745	11.588584785493431
746	11.588584785493431
747	11.588584785493431
748	8.843972549673621
749	8.100852183730009
750	8.100852183730009
751	8.100852183730009
752	8.100852183730009
753	10.722536137646912
754	10.722536137646912
755	18.226732241653117
756	18.226732241653117
757	18.226732241653117
758	18.226732241653117
759	18.226732241653117
760	18.226732241653117
761	14.310038890421685
762	14.67068505277288
763	14.67068505277288
764	14.67068505277288
765	15.63357853290196
766	15.63357853290196
767	15.63357853290196
768	16.169659294248483
769	16.169659294248483
770	15.358071187024251
771	12.990659380503605
772	15.4586207557971
773	15.4586207557971
774	15.4586207557971
775	15.4586207557971
776	12.976167310981083
777	12.976167310981083
778	12.976167310981083
779	12.976167310981083
780	10.864013847184445
781	10.864013847184445
782	10.864013847184445
783	10.138145505578748
784	10.138145505578748
785	9.685690871459657
786	12.860718088211886
787	16.902815432203276
788	9.349036029370655
789	11.237872949619204
790	12.759507611410655
791	14.202409830303605
792	11.791564858759111
793	11.791564858759111
794	8.450653525194072
795	10.171243121273804
796	10.171243121273804
797	13.44562456333797
798	14.120710133697447
799	14.120710133697447
800	11.383575648663673
801	11.898910529873717
802	12.454171064340029
803	11.881375743665878
804	12.950562090424485
805	12.950562090424485
806	14.427902730813264
807	14.427902730813264
808	14.427902730813264
809	14.427902730813264
810	14.427902730813264
811	18.119221056029794
812	13.284511880489514
813	13.284511880489514
814	13.284511880489514
815	19.13852831346246
816	9.564564600683536
817	9.564564600683536
818	9.564564600683536
819	9.564564600683536
820	11.852484350584689
821	11.852484350584689
822	13.120771617889712
823	9.218242799432389
824	9.218242799432389
825	9.218242799432389
826	9.218242799432389
827	9.218242799432389
828	9.218242799432389
829	9.218242799432389
830	8.613205924675396
831	9.537904650643203
832	9.537904650643203
833	10.80957773852566
834	10.80957773852566
835	10.80957773852566
836	15.560921354765169
837	15.560921354765169
838	16.537932288287944
839	12.192999301466685
840	12.192999301466685
841	12.192999301466685
842	11.01817579695198
843	13.392846061065518
844	13.392846061065518
845	12.615534697743165
846	14.187325795097628
847	14.187325795097628
848	10.40383260760043
849	11.41598400750277
850	11.41598400750277
851	15.12551978477476
852	15.12551978477476
853	15.12551978477476
854	15.12551978477476
855	15.12551978477476
856	15.12551978477476
857	10.217369174103297
858	8.740340562747154
859	8.740340562747154
860	11.976159301534363
861	11.976159301534363
862	11.976159301534363
863	11.976159301534363
864	11.976159301534363
865	11.976159301534363
866	11.976159301534363
867	13.483452276217823
868	13.483452276217823
869	13.483452276217823
870	8.662443256136829
871	14.941904510545312
872	14.941904510545312
873	16.899041277437718
874	12.13121153420741
875	10.104161737834545
876	10.104161737834545
877	12.307299660832625
878	12.307299660832625
879	12.307299660832625
880	10.165451651403849
881	10.165451651403849
882	10.165451651403849
883	10.165451651403849
884	12.674339522242786
885	17.480969410052836
886	14.271173508087077
887	14.271173508087077
888	10.383077138561028
889	10.383077138561028
890	14.669797193082438
891	7.474586128380458
892	8.087176100611535
893	10.569499196725921
894	10.569499196725921
895	10.569499196725921
896	7.724441368894294
897	7.724441368894294
898	7.724441368894294
899	7.724441368894294
900	10.394912422912403
901	10.394912422912403
902	7.209527563919549
903	7.254249818074636
904	8.14683566142287
905	6.914273421855648
906	6.914273421855648
907	7.768363479493738
908	7.907126341942373
909	7.907126341942373
910	7.907126341942373
911	7.173323881749864
912	7.173323881749864
913	11.43479786019172
914	11.43479786019172
915	14.901314275737574
916	10.391496240829294
917	8.248392695492008
918	8.248392695492008
919	8.248392695492008
920	8.248392695492008
921	15.279062044275719
922	15.279062044275719
923	11.965705051458347
924	8.307114193945594
925	9.444806185083976
926	9.501112685740571
927	9.501112685740571
928	9.501112685740571
929	9.501112685740571
930	9.501112685740571
931	9.501112685740571
932	11.481260637231149
933	9.101650684890714
934	8.61332764411077
935	8.61332764411077
936	9.667335096511835
937	13.940570429021122
938	13.940570429021122
939	13.940570429021122
940	13.940570429021122
941	13.940570429021122
942	13.940570429021122
943	14.103583110015085
944	14.103583110015085
945	14.103583110015085
946	14.103583110015085
947	12.757832102565876
948	12.262068195173276
949	12.262068195173276
950	9.53636851238071
951	9.53636851238071
952	9.53636851238071
953	9.53636851238071
954	13.59700799741801
955	13.59700799741801
956	11.116447829406813
957	11.116447829406813
958	11.116447829406813
959	11.116447829406813
960	11.010814097453725
961	7.692993395222806
962	7.692993395222806
963	8.485201372478292
964	8.485201372478292
965	8.53244768604463
966	8.53244768604463
967	13.092281642075468
968	13.092281642075468
969	13.092281642075468
970	9.73343376357758
971	9.73343376357758
972	9.73343376357758
973	9.73343376357758
974	9.73343376357758
975	9.73343376357758
976	9.73343376357758
977	11.246915870635306
978	11.246915870635306
979	5.908665689923101
980	5.908665689923101
981	5.908665689923101
982	5.908665689923101
983	5.908665689923101
984	5.908665689923101
985	8.80199542812597
986	11.372456875855056
987	11.372456875855056
988	13.8884945301853
989	14.49070488068752
990	14.49070488068752
991	14.49070488068752
992	10.44193853611898
993	10.44193853611898
994	10.44193853611898
995	9.243272990174418
996	9.243272990174418
997	6.519886286313296
998	6.519886286313296
999	9.490528417066704
1000	9.490528417066704
1001	9.490528417066704
1002	9.490528417066704
1003	9.490528417066704
1004	9.490528417066704
1005	9.490528417066704
1006	8.78794323395827
1007	8.78794323395827
1008	8.78794323395827
1009	8.78794323395827
1010	8.78794323395827
1011	8.78794323395827
1012	8.78794323395827
1013	9.139402421519458
1014	14.625862225886635
1015	14.625862225886635
1016	11.301602151235898
1017	7.465266305895175
1018	7.465266305895175
1019	9.014254242505054
1020	11.447003271901597
1021	15.564985546767824
1022	15.564985546767824
1023	15.564985546767824
1024	15.564985546767824
1025	14.001332910681153
1026	14.001332910681153
1027	14.001332910681153
1028	13.1117362235603
1029	13.1117362235603
1030	9.289877283119912
1031	9.289877283119912
1032	9.289877283119912
1033	11.036417488821138
1034	11.036417488821138
1035	11.90000941345097
1036	13.059937704042767
1037	13.059937704042767
1038	13.059937704042767
1039	13.059937704042767
1040	13.059937704042767
1041	11.449633163304437
1042	10.201427102961826
1043	10.201427102961826
1044	10.201427102961826
1045	10.201427102961826
1046	14.095841872271404
1047	14.095841872271404
1048	13.994178457972417
1049	13.994178457972417
1050	14.592190003203461
1051	14.592190003203461
1052	14.592190003203461
1053	14.592190003203461
1054	10.446081973587027
1055	13.968100441749996
1056	13.968100441749996
1057	13.872021860258618
1058	13.872021860258618
1059	11.300427077825931
1060	11.554932849594872
1061	11.953053114516313
1062	11.953053114516313
1063	11.953053114516313
1064	11.953053114516313
1065	14.382901594287151
1066	14.382901594287151
1067	14.382901594287151
1068	14.382901594287151
1069	15.772974809716478
1070	15.772974809716478
1071	15.772974809716478
1072	15.772974809716478
1073	13.251189808886426
1074	18.3468212008098
1075	18.3468212008098
1076	18.3468212008098
1077	18.3468212008098
1078	12.883894538968718
1079	12.883894538968718
1080	14.010601518306922
1081	11.059077616652
1082	11.059077616652
1083	11.059077616652
1084	12.694499066642964
1085	12.694499066642964
1086	12.790033792728234
1087	12.790033792728234
1088	16.109172224330372
1089	11.050177525929781
1090	11.050177525929781
1091	11.754330091864508
1092	10.353350693336546
1093	10.353350693336546
1094	10.353350693336546
1095	11.49197864715461
1096	9.299390864069753
1097	9.299390864069753
1098	11.346140482644728
1099	11.346140482644728
1100	13.173251513900459
1101	10.947323983254831
1102	10.947323983254831
1103	10.947323983254831
1104	11.115173708841688
1105	17.892378966252746
1106	17.892378966252746
1107	17.892378966252746
1108	17.892378966252746
1109	17.892378966252746
1110	8.37050678458574
1111	8.37050678458574
1112	8.37050678458574
1113	8.37050678458574
1114	8.37050678458574
1115	14.182950042456271
1116	14.182950042456271
1117	11.247053824073342
1118	10.410803913311701
1119	14.978415100089848
1120	14.978415100089848
1121	14.978415100089848
1122	14.289234898562441
1123	15.132649242601463
1124	13.447687351906366
1125	13.447687351906366
1126	13.447687351906366
1127	13.447687351906366
1128	11.000258575518668
1129	11.000258575518668
1130	11.121923799791478
1131	13.980599617077537
1132	16.280932994893224
1133	15.19994927486992
1134	15.19994927486992
1135	15.19994927486992
1136	15.19994927486992
1137	12.477902747110825
1138	10.625659297961775
1139	10.625659297961775
1140	12.793430458566611
1141	12.793430458566611
1142	15.29634231043342
1143	15.29634231043342
1144	15.29634231043342
1145	11.469978108430043
1146	11.469978108430043
1147	11.469978108430043
1148	15.003735804491601
1149	15.003735804491601
1150	15.402226298455613
1151	11.18452085710239
1152	11.18452085710239
1153	11.18452085710239
1154	13.283996156080775
1155	13.283996156080775
1156	10.902181106344806
1157	10.902181106344806
1158	10.902181106344806
1159	10.902181106344806
1160	10.902181106344806
1161	10.902181106344806
1162	10.902181106344806
1163	12.34196890048137
1164	12.34196890048137
1165	12.34196890048137
1166	12.34196890048137
1167	10.321715848659647
1168	10.321715848659647
1169	10.321715848659647
1170	7.877431005963708
1171	5.1138352374470095
1172	5.627428290217797
1173	5.627428290217797
1174	7.852709008556725
1175	9.64463463123488
1176	9.64463463123488
1177	8.959551891709893
1178	8.959551891709893
1179	8.911496824490614
1180	8.911496824490614
1181	10.958190961463169
1182	9.495452399252896
1183	9.495452399252896
1184	9.495452399252896
1185	9.398473615270483
1186	8.804973386822807
1187	7.894517181443307
1188	5.8600430116853754
1189	5.8600430116853754
1190	5.8600430116853754
1191	8.105725594162205
1192	8.105725594162205
1193	8.105725594162205
1194	9.796024146460502
1195	9.410507727839873
1196	9.406031869004375
1197	7.558275362181133
1198	7.558275362181133
1199	7.558275362181133
1200	6.993607939317362
1201	10.156758042224396
1202	12.947386072022324
1203	12.947386072022324
1204	13.219584483485002
1205	13.219584483485002
1206	13.219584483485002
1207	12.76089953632018
1208	12.76089953632018
1209	12.76089953632018
1210	15.474596820451843
1211	11.013443465281657
1212	11.013443465281657
1213	11.013443465281657
1214	11.89324655540465
1215	11.89324655540465
1216	11.657305179172754
1217	11.657305179172754
1218	11.657305179172754
1219	15.90375442134583
1220	15.90375442134583
1221	10.036186048388643
1222	10.036186048388643
1223	10.036186048388643
1224	11.499659520432312
1225	10.199304789592212
1226	10.199304789592212
1227	8.825403630573616
1228	8.825403630573616
1229	8.825403630573616
1230	10.340046764043795
1231	11.79538992926426
1232	12.876927687281396
1233	9.23439494538589
1234	11.234834165231183
1235	6.647799754680955
1236	6.647799754680955
1237	6.647799754680955
1238	6.647799754680955
1239	6.647799754680955
1240	12.15171471858409
1241	12.15171471858409
1242	14.363846630266393
1243	14.363846630266393
1244	10.266894888171484
1245	10.1527874706504
1246	12.714810948234744
1247	12.231564169829165
1248	12.231564169829165
1249	14.352858038964836
1250	14.352858038964836
1251	10.980470101671765
1252	10.980470101671765
1253	10.980470101671765
1254	15.678924517906289
1255	13.513811319018117
1256	13.513811319018117
1257	13.513811319018117
1258	14.302292264119153
1259	14.302292264119153
1260	14.302292264119153
1261	14.302292264119153
1262	14.302292264119153
1263	14.302292264119153
1264	14.302292264119153
1265	12.339156106007891
1266	12.339156106007891
1267	12.339156106007891
1268	14.663246220412411
1269	14.663246220412411
1270	14.663246220412411
1271	12.44447562351602
1272	14.74523516568554
1273	11.346893981618207
1274	11.346893981618207
1275	11.346893981618207
1276	11.346893981618207
1277	10.870216290864576
1278	10.982326792022853
1279	10.982326792022853
1280	10.982326792022853
1281	10.982326792022853
1282	8.658636016048202
1283	7.256333634808012
1284	9.982803050049501
1285	12.516516443996398
1286	10.696919212291078
1287	10.696919212291078
1288	6.7315223931617005
1289	13.142403619937483
1290	13.534639560397238
1291	13.677495975624055
1292	13.677495975624055
1293	15.23903728017674
1294	15.23903728017674
1295	15.23903728017674
1296	17.192719603973945
1297	11.72183056502304
1298	9.492321866822811
1299	9.492321866822811
1300	9.492321866822811
1301	10.645272915814026
1302	9.668098683103283
1303	9.668098683103283
1304	9.668098683103283
1305	9.668098683103283
1306	9.668098683103283
1307	9.668098683103283
1308	6.10693574289474
1309	7.953007285011377
1310	7.953007285011377
1311	7.953007285011377
1312	9.600724495536864
1313	7.666146860005545
1314	8.572657847664514
1315	12.559120002335215
1316	11.93058858619989
1317	11.93058858619989
1318	11.756094868868999
1319	15.338849976527651
1320	15.338849976527651
1321	15.338849976527651
1322	13.252105709752971
1323	9.969331341754378
1324	9.969331341754378
1325	9.969331341754378
1326	9.072905202831725
1327	9.072905202831725
1328	9.072905202831725
1329	6.654308919773429
1330	6.654308919773429
1331	15.6596649244215
1332	16.722789639873394
1333	16.722789639873394
1334	9.330175511152683
1335	9.330175511152683
1336	12.454275174062962
1337	8.092078447999327
1338	8.092078447999327
1339	12.334439979826122
1340	12.334439979826122
1341	12.334439979826122
1342	13.502342342921501
1343	11.211912426800355
1344	10.622430470828657
1345	10.622430470828657
1346	9.140397782851895
1347	13.268424479606953
1348	13.268424479606953
1349	13.268424479606953
1350	13.268424479606953
1351	13.268424479606953
1352	13.268424479606953
1353	13.031244332807514
1354	11.544318912822407
1355	16.18336134105991
1356	13.82749671327525
1357	13.82749671327525
1358	12.970914010524254
1359	12.074353877363361
1360	15.472611690502807
1361	15.472611690502807
1362	12.279850831576123
1363	8.984119288324877
1364	10.269840498773329
1365	9.754127952139195
1366	9.754127952139195
1367	9.754127952139195
1368	9.754127952139195
1369	11.520658404684662
1370	13.169953509985557
1371	6.410438654587564
1372	6.410438654587564
1373	11.166379653424928
1374	11.346466298257893
1375	11.346466298257893
1376	9.765171437787837
1377	11.994587210783308
1378	11.994587210783308
1379	11.994587210783308
1380	18.113281706634993
1381	15.034643463788212
1382	9.045736422442854
1383	9.045736422442854
1384	9.045736422442854
1385	9.045736422442854
1386	16.537233175266113
1387	12.748312824559216
1388	9.19140016222105
1389	9.19140016222105
1390	9.19140016222105
1391	10.279820991665844
1392	16.50550231782143
1393	12.778023273017881
1394	14.16070948775835
1395	14.16070948775835
1396	14.999655112245307
1397	14.999655112245307
1398	10.397373679826929
1399	10.397373679826929
1400	10.397373679826929
1401	12.099362385664692
1402	12.099362385664692
1403	8.858572057616533
1404	8.858572057616533
1405	8.858572057616533
1406	12.017749502260717
1407	12.37754196874024
1408	12.025032524576332
1409	11.876874532897332
1410	13.794528739999974
1411	12.977206227306418
1412	12.977206227306418
1413	12.977206227306418
1414	12.880037210236564
1415	14.86287681697838
1416	16.165756183827014
1417	16.165756183827014
1418	16.165756183827014
1419	16.165756183827014
1420	16.165756183827014
1421	14.822254803219945
1422	14.822254803219945
1423	9.273926565774854
1424	9.55628875769824
1425	9.55628875769824
1426	9.55628875769824
1427	12.331844927238844
1428	9.026388589852317
1429	9.026388589852317
1430	9.026388589852317
1431	9.026388589852317
1432	13.497476047110752
1433	13.497476047110752
1434	13.497476047110752
1435	12.957810203509512
1436	11.98947088176751
1437	17.797237994967563
1438	17.797237994967563
1439	14.243763420321185
1440	14.243763420321185
1441	14.788393904540667
1442	14.788393904540667
1443	12.494218733904276
1444	12.183947522381537
1445	12.183947522381537
1446	9.53754317849786
1447	9.53754317849786
1448	9.53754317849786
1449	9.53754317849786
1450	14.960729766995298
1451	14.960729766995298
1452	10.297483374643065
1453	9.877223458506185
1454	11.275764534153316
1455	11.275764534153316
1456	7.866176662613553
1457	7.866176662613553
1458	7.866176662613553
1459	7.866176662613553
1460	7.866176662613553
1461	14.157137774098553
1462	14.157137774098553
1463	14.157137774098553
1464	14.157137774098553
1465	14.157137774098553
1466	10.993758023054387
1467	10.993758023054387
1468	10.993758023054387
1469	11.213247349013264
1470	9.108972518701012
1471	8.504987649812941
1472	16.712688230596555
1473	16.712688230596555
1474	16.712688230596555
1475	12.922061146754173
1476	12.922061146754173
1477	11.791346711070767
1478	11.791346711070767
1479	11.791346711070767
1480	11.791346711070767
1481	11.791346711070767
1482	9.537035372015534
1483	10.45781327514685
1484	10.45781327514685
1485	10.45781327514685
1486	16.47208870607724
1487	16.47208870607724
1488	11.940154770631334
1489	12.263736987387219
1490	12.617300673849336
1491	12.617300673849336
1492	6.968453619568116
1493	6.968453619568116
1494	11.161291227295619
1495	10.687640583232488
1496	10.687640583232488
1497	14.014811832980062
1498	14.014811832980062
1499	14.014811832980062
1500	11.557142765006661
1501	11.557142765006661
1502	13.272046893026584
1503	13.272046893026584
1504	12.91954616568654
1505	12.91954616568654
1506	12.91954616568654
1507	16.070097584470492
1508	12.834658771733622
1509	6.575581078445701
1510	6.575581078445701
1511	6.575581078445701
1512	9.154709150293188
1513	9.154709150293188
1514	12.199781588433257
1515	13.938180779888924
1516	13.938180779888924
1517	13.938180779888924
1518	12.035353294883693
1519	12.035353294883693
1520	9.908526726206516
1521	9.908526726206516
1522	9.908526726206516
1523	9.908526726206516
1524	15.0405303881284
1525	15.0405303881284
1526	15.0405303881284
1527	10.74719228346798
1528	10.74719228346798
1529	15.654949672477679
1530	15.654949672477679
1531	14.087445207850402
1532	9.459600764909059
1533	9.459600764909059
1534	13.229541631950113
1535	13.229541631950113
1536	7.36674544000496
1537	7.36674544000496
1538	15.989620234834499
