0	4.995878252317077
1	4.995878252317077
2	4.995878252317077
3	6.6430741289636135
4	8.701719321987433
5	8.701719321987433
6	8.701719321987433
7	11.144681611727115
8	0.1
9	7.65727977850602
10	9.084338356043531
11	10.972357437287295
12	10.972357437287295
13	2.7374312137643817
14	2.7374312137643817
15	5.828619264719716
16	5.828619264719716
17	4.352203896276781
18	6.149522290353179
19	6.149522290353179
20	6.149522290353179
21	6.149522290353179
22	6.149522290353179
23	5.792724237194453
24	5.792724237194453
25	0.9918024555565621
26	0.9918024555565621
27	0.9918024555565621
28	5.589142091128662
29	4.538292449506172
30	4.538292449506172
31	4.538292449506172
32	5.9545568439053165
33	8.43188802858161
34	5.09468684408776
35	5.09468684408776
36	5.09468684408776
37	5.09468684408776
38	2.403959894142175
39	2.403959894142175
40	2.403959894142175
41	2.403959894142175
42	8.076461169756064
43	2.0111669071256584
44	2.7068263230318506
45	2.7068263230318506
46	11.914611941267415
47	11.914611941267415
48	11.914611941267415
49	7.924194920666625
50	7.924194920666625
51	6.929187159586626
52	6.000367886906916
53	6.000367886906916
54	6.000367886906916
55	6.000367886906916
56	6.000367886906916
57	4.2579837211894525
58	4.271101950005651
59	4.271101950005651
60	4.271101950005651
61	4.271101950005651
62	1.124483983461344
63	4.016857187184903
64	4.016857187184903
65	3.3641892336952237
66	0.8224873686063203
67	0.8224873686063203
68	0.8224873686063203
69	4.7841347703478885
70	4.7841347703478885
71	6.890140568037197
72	4.69680276365991
73	4.69680276365991
74	4.69680276365991
75	4.69680276365991
76	3.535994531345996
77	3.535994531345996
78	5.351835234717253
79	5.351835234717253
80	5.891162514362152
81	5.891162514362152
82	7.908508295228902
83	7.908508295228902
84	13.837937955583708
85	9.319830346893426
86	9.319830346893426
87	13.024182426501806
88	5.743198512135268
89	5.743198512135268
90	5.743198512135268
91	5.743198512135268
92	5.743198512135268
93	4.419580673565907
94	0.1
95	0.1
96	11.13448124526753
97	11.673612766386803
98	11.673612766386803
99	11.592614490728016
100	8.932777961180578
101	10.565474365146311
102	5.535597697920455
103	4.0256387239403715
104	7.061902067503524
105	7.061902067503524
106	7.898898356317417
107	8.946579772346901
108	7.101943762596221
109	7.800784455388671
110	8.727907328995549
111	11.58040588543189
112	11.58040588543189
113	7.980568200480144
114	7.980568200480144
115	7.980568200480144
116	7.980568200480144
117	9.091159649837595
118	3.6379121633838905
119	3.6379121633838905
120	3.6379121633838905
121	0.1
122	0.1
123	0.1
124	5.679964094711712
125	5.679964094711712
126	7.527759245404588
127	4.059847563851702
128	5.896618464528752
129	5.896618464528752
130	7.260230856514617
131	7.260230856514617
132	7.260230856514617
133	7.260230856514617
134	7.260230856514617
135	6.515902482705168
136	8.569741711103024
137	8.569741711103024
138	8.569741711103024
139	5.62264636050175
140	16.7291170476928
141	16.7291170476928
142	2.6664628828121755
143	4.866927576176922
144	4.866927576176922
145	4.866927576176922
146	4.866927576176922
147	7.85346468916997
148	7.85346468916997
149	9.63912724715952
150	9.63912724715952
151	9.63912724715952
152	6.963096280926625
153	6.963096280926625
154	6.963096280926625
155	7.948990778027536
156	7.948990778027536
157	6.392812328163664
158	6.392812328163664
159	0.1
160	4.809446920283886
161	4.809446920283886
162	3.4561529118619077
163	8.28315684822652
164	9.114632652837505
165	5.935090857792074
166	5.935090857792074
167	11.919934349811799
168	12.999772989489013
169	12.999772989489013
170	5.585057530718118
171	10.158179504601632
172	10.158179504601632
173	7.084869707066035
174	7.084869707066035
175	6.340805751422298
176	4.418543444200106
177	4.418543444200106
178	0.9308577428071709
179	0.9308577428071709
180	0.9308577428071709
181	0.8619453884606392
182	0.8619453884606392
183	0.8619453884606392
184	11.462807499239801
185	11.462807499239801
186	11.462807499239801
187	11.462807499239801
188	11.462807499239801
189	6.1156268138103655
190	6.1156268138103655
191	11.511114559387488
192	11.511114559387488
193	7.061944173540216
194	7.63727685268535
195	7.63727685268535
196	7.63727685268535
197	9.349007725560211
198	9.349007725560211
199	11.420530978535785
200	14.920923139265266
201	14.920923139265266
202	14.920923139265266
203	6.201926019682006
204	6.201926019682006
205	6.201926019682006
206	5.1693832706308855
207	10.548889483221753
208	10.548889483221753
209	10.548889483221753
210	9.0521574220441
211	7.001696487479553
212	2.7345623888525923
213	11.320980182753704
214	8.635348807584386
215	8.255853636291503
216	6.2634916028488865
217	8.189384093156523
218	8.189384093156523
219	7.760952937590223
220	7.760952937590223
221	7.760952937590223
222	3.9273011629402834
223	3.9273011629402834
224	3.9273011629402834
225	3.9273011629402834
226	4.586791754191409
227	4.586791754191409
228	1.8299453629698084
229	9.108694947930909
230	6.459332500388863
231	6.459332500388863
232	7.026170826459076
233	9.62871667422397
234	9.62871667422397
235	9.62871667422397
236	9.081761797896323
237	2.149152436253836
238	0.8595275346668494
239	0.8595275346668494
240	0.8595275346668494
241	2.232549477151574
242	5.751994392639796
243	2.5152953752953833
244	7.029132002182158
245	3.3055049773022693
246	8.91090915802915
247	10.723597123382312
248	10.221358486097841
249	10.221358486097841
250	10.221358486097841
251	10.221358486097841
252	10.221358486097841
253	6.28350580657749
254	1.8301827376734545
255	8.268965401600404
256	8.268965401600404
257	4.013924152137946
258	8.007016150125917
259	6.955501406581872
260	6.251911707698806
261	6.251911707698806
262	4.0986395953382715
263	7.311301153513993
264	17.298140388927976
265	17.298140388927976
266	17.298140388927976
267	17.298140388927976
268	17.298140388927976
269	9.485605545649902
270	9.485605545649902
271	9.485605545649902
272	6.3854980707509785
273	5.976057815876083
274	3.1844437950876543
275	3.1844437950876543
276	8.15721256668984
277	8.15721256668984
278	4.5519616720477405
279	4.736593563796431
280	4.736593563796431
281	4.736593563796431
282	4.736593563796431
283	4.736593563796431
284	5.003214233789735
285	8.83043729870312
286	8.83043729870312
287	8.83043729870312
288	8.83043729870312
289	8.83043729870312
290	15.247716114577935
291	6.26550450229287
292	9.606974212403264
293	5.815436860975974
294	8.84266193543479
295	8.84266193543479
296	8.84266193543479
297	4.901730784554079
298	8.426239442320524
299	8.426239442320524
300	8.426239442320524
301	8.426239442320524
302	9.536760711110723
303	9.536760711110723
304	4.5350062622352505
305	8.283952227437661
306	5.419521775035161
307	8.528963335867374
308	8.528963335867374
309	8.528963335867374
310	8.528963335867374
311	8.528963335867374
312	3.6419668484726295
313	6.307709513927479
314	6.307709513927479
315	6.392206954326454
316	6.605358439202858
317	6.605358439202858
318	6.664421144477551
319	6.664421144477551
320	5.541445720781874
321	5.541445720781874
322	5.541445720781874
323	3.5807537338618545
324	3.5807537338618545
325	3.5807537338618545
326	6.8954257834734936
327	3.8954273832471857
328	3.8954273832471857
329	6.6309510964896665
330	6.6309510964896665
331	5.373141033073603
332	5.373141033073603
333	6.909027814900872
334	6.909027814900872
335	5.5502777476611325
336	5.5502777476611325
337	9.761435540315045
338	7.1531670795588616
339	9.225495364672758
340	8.404021810538222
341	1.956861428193161
342	5.905055278831194
343	3.2986241167597186
344	3.2986241167597186
345	7.372624898231381
346	7.372624898231381
347	7.372624898231381
348	3.008722819869289
349	3.008722819869289
350	3.008722819869289
351	3.008722819869289
352	3.841017521228749
353	2.986653712263693
354	2.986653712263693
355	2.986653712263693
356	10.660328153931058
357	8.28426023587474
358	8.28426023587474
359	9.002008907923921
360	9.002008907923921
361	9.002008907923921
362	7.761721231947597
363	3.709303356086449
364	3.709303356086449
365	3.709303356086449
366	3.709303356086449
367	3.709303356086449
368	11.25889901629806
369	11.25889901629806
370	11.25889901629806
371	11.25889901629806
372	11.25889901629806
373	6.886646567444726
374	6.886646567444726
375	4.882381066250287
376	8.320910708649782
377	5.890032425258755
378	5.890032425258755
379	11.178369721566042
380	7.459294420405206
381	6.072312976465501
382	12.687723211314616
383	8.36533092775101
384	8.36533092775101
385	4.413140365335128
386	8.995861344809299
387	8.995861344809299
388	8.995861344809299
389	9.824307380170406
390	9.824307380170406
391	9.824307380170406
392	9.824307380170406
393	9.824307380170406
394	7.292484782735327
395	14.333784763310373
396	4.583521940009141
397	7.858412404528532
398	7.858412404528532
399	7.858412404528532
400	10.761351475619435
401	5.335962377044783
402	13.43986825037993
403	13.43986825037993
404	7.170254178131176
405	7.170254178131176
406	7.170254178131176
407	7.170254178131176
408	7.2788417076959355
409	7.2788417076959355
410	4.519092434217675
411	4.519092434217675
412	4.519092434217675
413	4.519092434217675
414	4.519092434217675
415	6.936561932060783
416	6.936561932060783
417	6.936561932060783
418	9.364883494759622
419	9.364883494759622
420	9.364883494759622
421	9.364883494759622
422	9.364883494759622
423	5.458422241157788
424	5.458422241157788
425	5.458422241157788
426	0.1
427	11.239900223061188
428	11.239900223061188
429	8.904121686900941
430	8.904121686900941
431	8.449772304725258
432	9.872258767044183
433	7.610010060525585
434	7.610010060525585
435	7.610010060525585
436	4.1101198562736805
437	0.30250516555639706
438	0.30250516555639706
439	0.1
440	0.1
441	0.1
442	8.755367188298843
443	8.755367188298843
444	6.708084340361329
445	4.627127163668908
446	4.627127163668908
447	4.627127163668908
448	4.627127163668908
449	4.627127163668908
450	5.480583892219148
451	5.480583892219148
452	2.5410373927937737
453	8.729484610245631
454	9.44060785841683
455	9.44060785841683
456	9.44060785841683
457	11.138991852445907
458	11.138991852445907
459	2.676044714602588
460	2.3105518465465056
461	6.627315326047348
462	6.627315326047348
463	6.627315326047348
464	6.627315326047348
465	6.627315326047348
466	7.067921361238336
467	7.067921361238336
468	5.948971432961871
469	5.948971432961871
470	5.948971432961871
471	4.681830362602336
472	4.681830362602336
473	6.599049061244852
474	1.654112990588433
475	7.155937191854163
476	7.155937191854163
477	7.155937191854163
478	7.155937191854163
479	7.155937191854163
480	5.4984572782988135
481	5.4984572782988135
482	7.094481572295101
483	7.094481572295101
484	7.094481572295101
485	7.094481572295101
486	6.435822987863421
487	6.435822987863421
488	15.361566055791329
489	15.361566055791329
490	10.807061414265267
491	16.978754304864378
492	6.708308745348934
493	6.708308745348934
494	4.612685369466664
495	4.294634787631857
496	8.43074779456132
497	4.5394485425620354
498	11.958113211542104
499	7.172401945247534
500	7.172401945247534
501	7.172401945247534
502	7.172401945247534
503	7.172401945247534
504	2.462538517307395
505	2.462538517307395
506	5.059578328970363
507	5.059578328970363
508	5.059578328970363
509	2.5217249574345315
510	2.5217249574345315
511	2.708932142014115
512	8.50872151375494
513	8.50872151375494
514	8.50872151375494
515	8.50872151375494
516	8.50872151375494
517	2.0688945766486135
518	11.46170659578678
519	4.20423091661036
520	4.20423091661036
521	4.20423091661036
522	4.20423091661036
523	4.20423091661036
524	8.700535353142488
525	8.700535353142488
526	5.8037539656198955
527	9.218333332373236
528	9.218333332373236
529	9.218333332373236
530	11.1340960293575
531	11.1340960293575
532	7.664298558301872
533	7.664298558301872
534	7.318553041863
535	9.548702570896193
536	9.548702570896193
537	9.548702570896193
538	8.158847118338914
539	8.158847118338914
540	8.158847118338914
541	8.158847118338914
542	7.9775488378768875
543	4.636997955330135
544	4.636997955330135
545	4.636997955330135
546	4.094858999929912
547	4.094858999929912
548	4.094858999929912
549	4.094858999929912
550	4.094858999929912
551	4.474509474705776
552	14.323801450893885
553	14.323801450893885
554	14.323801450893885
555	14.323801450893885
556	5.801401148969747
557	5.801401148969747
558	6.443304211344222
559	6.443304211344222
560	6.2660691395450465
561	9.118826445662917
562	7.1591019185206815
563	7.1591019185206815
564	8.418274384637314
565	8.418274384637314
566	8.418274384637314
567	8.418274384637314
568	8.488325167966929
569	3.8329734521749064
570	3.8329734521749064
571	5.103329598988555
572	5.103329598988555
573	7.513415972992985
574	4.620944477607933
575	4.620944477607933
576	4.620944477607933
577	4.620944477607933
578	4.620944477607933
579	15.428768086729075
580	8.480442650964875
581	8.480442650964875
582	9.709267998695065
583	9.709267998695065
584	9.709267998695065
585	9.709267998695065
586	7.658953090873751
587	2.2256522603290723
588	4.903409850751295
589	4.903409850751295
590	6.858693710482583
591	6.858693710482583
592	6.858693710482583
593	6.858693710482583
594	6.973038150051616
595	5.925883783560008
596	5.925883783560008
597	6.795163355390311
598	6.795163355390311
599	9.745569228712142
600	9.745569228712142
601	11.312092774266258
602	11.312092774266258
603	11.312092774266258
604	8.02666190777328
605	12.499369694816139
606	10.414184921304773
607	10.414184921304773
608	6.335239103981257
609	1.6927052611509885
610	1.6927052611509885
611	8.988419420303874
612	8.988419420303874
613	7.289411095638497
614	7.289411095638497
615	7.289411095638497
616	1.8015908137639975
617	1.8015908137639975
618	7.682628885428729
619	7.682628885428729
620	7.682628885428729
621	7.682628885428729
622	7.682628885428729
623	9.348550264650418
624	9.348550264650418
625	9.348550264650418
626	6.398556788316207
627	6.398556788316207
628	11.972927915182005
629	11.972927915182005
630	11.972927915182005
631	4.437470176826695
632	8.32738248967058
633	8.32738248967058
634	8.32738248967058
635	6.285527808587883
636	12.163082037626687
637	9.134550378732087
638	6.811744643144289
639	6.811744643144289
640	4.40640117177675
641	4.40640117177675
642	4.40640117177675
643	4.40640117177675
644	0.1
645	0.1
646	0.1
647	11.202941165414341
648	4.931382314872751
649	4.931382314872751
650	5.105092977837884
651	6.04857201768877
652	4.259936456483681
653	6.555061116177919
654	6.555061116177919
655	6.555061116177919
656	6.555061116177919
657	3.3374712690739905
658	3.3374712690739905
659	3.556821446851259
660	9.338185716186203
661	7.817773878750713
662	7.817773878750713
663	1.5714979290802678
664	12.89178797760466
665	0.262590768004455
666	0.262590768004455
667	5.834881227950156
668	2.8790396541337095
669	2.8790396541337095
670	6.450931287119916
671	6.450931287119916
672	6.450931287119916
673	9.029880758871865
674	2.4840220408150886
675	2.4840220408150886
676	2.4840220408150886
677	2.4840220408150886
678	2.4840220408150886
679	7.025025306759694
680	7.025025306759694
681	7.025025306759694
682	6.252417200049531
683	3.566901735901739
684	3.566901735901739
685	3.566901735901739
686	3.566901735901739
687	3.566901735901739
688	3.2219779832003805
689	3.2219779832003805
690	3.055001330215732
691	3.055001330215732
692	14.118189510955197
693	0.1
694	0.1
695	0.1
696	0.1
697	0.1
698	8.965441762653056
699	8.965441762653056
700	8.965441762653056
701	8.965441762653056
702	8.965441762653056
703	5.907017781013446
704	5.907017781013446
705	7.783614084916231
706	5.035354935824039
707	3.1349190060836074
708	16.228937332776475
709	16.228937332776475
710	16.228937332776475
711	7.874681239022571
712	7.874681239022571
713	7.874681239022571
714	7.874681239022571
715	7.874681239022571
716	8.401617911861972
717	8.401617911861972
718	8.401617911861972
719	8.401617911861972
720	7.008542219800909
721	11.99665602121761
722	10.368876417764163
723	3.2438477087825666
724	8.840657749119748
725	4.828176593750692
726	8.497477271880733
727	13.225533053481435
728	13.225533053481435
729	13.225533053481435
730	13.225533053481435
731	5.592531652810094
732	8.534032227433354
733	4.587828319121624
734	4.587828319121624
735	4.587828319121624
736	4.587828319121624
737	8.1883961152853
738	8.1883961152853
739	8.1883961152853
740	8.1883961152853
741	8.1883961152853
742	8.846686354393777
743	8.846686354393777
744	3.6721997470797176
745	3.6721997470797176
746	4.66773960311375
747	10.251556443186256
748	0.1
749	0.1
750	9.739885502225333
751	9.739885502225333
752	2.4363659039721424
753	6.57846839469648
754	6.57846839469648
755	6.57846839469648
756	7.73837665581625
757	7.216317986484607
758	9.743765388042961
759	9.743765388042961
760	9.743765388042961
761	9.541690418283324
762	9.541690418283324
763	0.32266789642482063
764	11.885126956633382
765	5.921887982731079
766	5.921887982731079
767	5.921887982731079
768	8.805601351236817
769	6.050536381078629
770	6.050536381078629
771	2.6922603616328793
772	3.0200140006141813
773	5.759866876827053
774	5.759866876827053
775	5.759866876827053
776	3.494165610527931
777	5.801786211703337
778	5.801786211703337
779	3.9696362491858714
780	3.9696362491858714
781	5.288376620695063
782	8.122223995447436
783	6.3488411845729145
784	5.691777113780706
785	5.192375742468315
786	12.551420287884943
787	12.551420287884943
788	12.551420287884943
789	5.74779230695684
790	5.74779230695684
791	6.063624481561292
792	5.650414906789028
793	7.532251223607436
794	8.623256064908658
795	8.623256064908658
796	8.08775077164455
797	2.4236096442492
798	6.652685698374235
799	5.415930377758831
800	5.415930377758831
801	5.726331144394582
802	7.16869034128271
803	4.500388320115708
804	5.866565505626982
805	4.998883929574721
806	4.76599650825855
807	4.76599650825855
808	4.76599650825855
809	9.291139953180439
810	9.291139953180439
811	1.5734250410291493
812	4.827838423416271
813	4.827838423416271
814	6.417541515448274
815	6.417541515448274
816	6.417541515448274
817	4.200018461941762
818	4.547980199979697
819	8.49263664204118
820	1.618118764969985
821	8.874959219145182
822	11.724657855408996
823	11.724657855408996
824	2.652384012168376
825	4.712945301887463
826	4.712945301887463
827	9.405642932711977
828	9.405642932711977
829	1.617155729144116
830	1.617155729144116
831	1.617155729144116
832	12.238080788206304
833	12.238080788206304
834	9.40465121433295
835	2.630296581239514
836	2.630296581239514
837	10.408515129114623
838	6.569410667996456
839	6.569410667996456
840	6.1211557338142795
841	6.1211557338142795
842	8.682533670810045
843	8.682533670810045
844	6.4723984106950185
845	6.4723984106950185
846	6.4723984106950185
847	5.158776499007571
848	5.158776499007571
849	5.158776499007571
850	5.158776499007571
851	4.387974575678442
852	4.387974575678442
853	5.768729076716086
854	5.768729076716086
855	6.601533000152277
856	10.129537683432272
857	6.2488848439972875
858	6.2488848439972875
859	6.2488848439972875
860	6.2488848439972875
861	6.2488848439972875
862	5.50451079056665
863	3.8276474231498376
864	3.492255778441807
865	3.492255778441807
866	3.492255778441807
867	11.465720170219797
868	3.9312668364816656
869	7.340276528230956
870	10.045321440184336
871	5.323963661596376
872	5.323963661596376
873	5.323963661596376
874	5.323963661596376
875	11.194756904949754
876	11.194756904949754
877	6.701683659798649
878	6.701683659798649
879	6.701683659798649
880	6.701683659798649
881	6.701683659798649
882	5.866651400092203
883	5.866651400092203
884	5.22800527444579
885	8.872671853804707
886	8.872671853804707
887	8.872671853804707
888	8.872671853804707
889	8.872671853804707
890	4.379258883966045
891	4.379258883966045
892	4.379258883966045
893	4.379258883966045
894	0.1
895	0.1
896	6.016737891719282
897	6.016737891719282
898	5.2492120953627
899	5.2492120953627
900	8.433916803258013
901	10.174587323278876
902	10.174587323278876
903	10.174587323278876
904	10.83425190134529
905	5.821021558215643
906	4.755319966273646
907	4.755319966273646
908	11.287484677628937
909	11.287484677628937
910	11.287484677628937
911	11.287484677628937
912	10.481778053907407
913	10.481778053907407
914	10.481778053907407
915	9.105311961593358
916	8.262329716625096
917	4.770435446498302
918	4.770435446498302
919	4.770435446498302
920	3.889132589138848
921	3.889132589138848
922	3.889132589138848
923	8.503263805957141
924	8.503263805957141
925	8.503263805957141
926	8.503263805957141
927	5.497344035075233
928	5.067651027843598
929	5.067651027843598
930	5.067651027843598
931	5.067651027843598
932	5.067651027843598
933	5.153743857508306
934	8.920830640820604
935	8.117052014745507
936	15.249450268837766
937	15.249450268837766
938	15.249450268837766
939	15.249450268837766
940	9.49792022286114
941	3.062004501814439
942	7.476488676314726
943	7.476488676314726
944	7.476488676314726
945	7.476488676314726
946	5.3828656135828625
947	5.096014042939868
948	6.0181497046446495
949	3.1372066315737674
950	3.1372066315737674
951	3.1372066315737674
952	3.1372066315737674
953	7.420476965574521
954	11.115541722279335
955	11.454966424395781
956	10.18590740394079
957	10.18590740394079
958	10.18590740394079
959	10.18590740394079
960	3.225078735235237
961	3.225078735235237
962	3.225078735235237
963	3.225078735235237
964	3.225078735235237
965	4.044295710958969
966	3.0396847194483385
967	3.0396847194483385
968	2.3945968482504276
969	6.605941922075277
970	4.275029725602031
971	4.275029725602031
972	6.295688561626612
973	6.385347765217386
974	6.385347765217386
975	5.350910818785028
976	11.045648518995415
977	11.045648518995415
978	11.045648518995415
979	11.045648518995415
980	11.045648518995415
981	7.027680490022493
982	8.943973274381165
983	5.805085167752181
984	4.51095969980996
985	4.51095969980996
986	4.43236221108992
987	4.43236221108992
988	4.43236221108992
989	1.419385284676633
990	1.419385284676633
991	5.265789880968547
992	5.265789880968547
993	5.1970394281420935
994	5.1970394281420935
995	5.1970394281420935
996	4.4061711179034155
997	6.784664075723192
998	6.784664075723192
999	6.784664075723192
1000	9.562001053866451
1001	8.43990872350583
1002	8.43990872350583
1003	5.802629108348765
1004	5.513686144979827
1005	10.377089546009778
1006	10.377089546009778
1007	10.377089546009778
1008	10.377089546009778
1009	10.377089546009778
1010	6.61422480112347
1011	15.858022602674009
1012	15.858022602674009
1013	15.858022602674009
1014	15.858022602674009
1015	7.307151597293099
1016	5.903713700769025
1017	2.0735173081072613
1018	2.0735173081072613
1019	0.44151618780550983
1020	3.6400678377606677
1021	3.4764412998609697
1022	7.461274883566102
1023	7.461274883566102
1024	7.461274883566102
1025	9.037692508946892
1026	2.5988486115697436
1027	7.113379912903561
1028	7.113379912903561
1029	7.113379912903561
1030	6.0411750832683815
1031	6.0411750832683815
1032	8.63391547419583
1033	8.63391547419583
1034	8.63391547419583
1035	8.63391547419583
1036	8.63391547419583
1037	5.382836124557571
1038	14.160563319646243
1039	14.160563319646243
1040	6.173983417106201
1041	6.173983417106201
1042	6.173983417106201
1043	9.813712797481713
1044	9.820915543751395
1045	9.820915543751395
1046	9.820915543751395
1047	8.763307914507505
1048	8.763307914507505
1049	4.790946540438144
1050	4.790946540438144
1051	10.903055277719483
1052	10.903055277719483
1053	15.67109629887105
1054	15.67109629887105
1055	10.539598225259523
1056	10.539598225259523
1057	10.539598225259523
1058	10.539598225259523
1059	8.617159549942249
1060	9.489301614528012
1061	9.929272382903356
1062	9.929272382903356
1063	11.223539113788362
1064	11.223539113788362
1065	9.003781099381849
1066	9.003781099381849
1067	4.586030403148643
1068	4.586030403148643
1069	4.586030403148643
1070	7.282199623239099
1071	7.282199623239099
1072	7.282199623239099
1073	7.282199623239099
1074	9.832804721259874
1075	9.832804721259874
1076	9.832804721259874
1077	10.133659814112722
1078	10.133659814112722
1079	6.934104065299613
1080	3.95263941152537
1081	3.4658106980608325
1082	3.4658106980608325
1083	3.4658106980608325
1084	10.976341483488874
1085	12.12945797951828
1086	12.12945797951828
1087	8.808750398796267
1088	8.808750398796267
1089	8.808750398796267
1090	2.758681753106366
1091	8.4135620848565
1092	5.776284432988004
1093	5.055163352610817
1094	6.689942521350116
1095	6.689942521350116
1096	6.689942521350116
1097	5.889687256685484
1098	5.889687256685484
1099	4.6793895234964555
1100	4.3986070603241965
1101	6.936682489504777
1102	6.936682489504777
1103	9.977397015649485
1104	11.96900344889066
1105	11.96900344889066
1106	11.96900344889066
1107	11.96900344889066
1108	6.190395437342739
1109	6.190395437342739
1110	6.190395437342739
1111	6.190395437342739
1112	6.190395437342739
1113	4.618366706069116
1114	6.364044477330683
1115	6.364044477330683
1116	6.364044477330683
1117	6.364044477330683
1118	11.182085409673366
1119	11.182085409673366
1120	11.182085409673366
1121	4.849686812962492
1122	4.849686812962492
1123	4.849686812962492
1124	4.849686812962492
1125	4.849686812962492
1126	12.5434110740763
1127	12.5434110740763
1128	4.931276682861912
1129	4.931276682861912
1130	4.931276682861912
1131	7.717146612380397
1132	7.717146612380397
1133	7.717146612380397
1134	7.717146612380397
1135	2.595936434553503
1136	6.797563347393856
1137	6.797563347393856
1138	7.6018947773877255
1139	10.60565606575566
1140	10.60565606575566
1141	10.60565606575566
1142	10.60565606575566
1143	10.60565606575566
1144	5.417326270341832
1145	5.417326270341832
1146	0.355322010504044
1147	4.199455261940033
1148	6.03337309639744
1149	6.03337309639744
1150	6.03337309639744
1151	6.03337309639744
1152	6.03337309639744
1153	3.4876759144312817
1154	0.974136327498746
1155	0.974136327498746
1156	3.6337206942482574
1157	2.835475632592768
1158	2.835475632592768
1159	6.760903475948385
1160	4.028616389595048
1161	7.267140718699548
1162	7.169120830427966
1163	7.169120830427966
1164	7.169120830427966
1165	7.169120830427966
1166	5.925625768128629
1167	6.573189002531741
1168	6.573189002531741
1169	6.573189002531741
1170	2.1616213044080883
1171	2.1616213044080883
1172	2.40652240548708
1173	10.435072204497462
1174	2.627499885846811
1175	8.006852420172711
1176	4.066737858426452
1177	4.066737858426452
1178	6.30179030909512
1179	5.611281137736397
1180	5.611281137736397
1181	14.926644801007948
1182	14.926644801007948
1183	4.965329343720059
1184	4.513976000877686
1185	4.513976000877686
1186	4.513976000877686
1187	6.667332472066171
1188	6.717521736428736
1189	6.717521736428736
1190	9.555667575294262
1191	0.1
1192	0.1
1193	0.1
1194	9.919476295424765
1195	4.9895652376727915
1196	4.9895652376727915
1197	4.9895652376727915
1198	5.050014866788629
1199	6.911198157653576
1200	6.911198157653576
1201	6.674769173107928
1202	6.674769173107928
1203	6.674769173107928
1204	6.466655767493935
1205	6.466655767493935
1206	6.466655767493935
1207	6.466655767493935
1208	5.135074261729579
1209	5.135074261729579
1210	6.745475160909367
1211	12.574571327745378
1212	12.574571327745378
1213	12.574571327745378
1214	12.574571327745378
1215	7.920204548074309
1216	7.920204548074309
1217	1.928433400617763
1218	1.928433400617763
1219	1.928433400617763
1220	7.309821354269439
1221	7.309821354269439
1222	6.136588827417507
1223	6.136588827417507
1224	5.998299583944864
1225	5.998299583944864
1226	3.599584871144177
1227	3.599584871144177
1228	3.599584871144177
1229	3.599584871144177
1230	3.599584871144177
1231	6.510159372150757
1232	6.510159372150757
1233	6.510159372150757
1234	6.510159372150757
1235	6.510159372150757
1236	10.25539278708688
1237	10.25539278708688
1238	11.00739940941593
1239	14.324027596194743
1240	8.601210826765152
1241	8.601210826765152
1242	8.361879721300067
1243	8.361879721300067
1244	14.120220939630695
1245	14.120220939630695
1246	14.120220939630695
1247	7.305190686336528
1248	7.305190686336528
1249	8.074919524821695
1250	12.977153160628655
1251	12.977153160628655
1252	6.538048837411466
1253	6.538048837411466
1254	6.538048837411466
1255	8.640925702284889
1256	1.6825025620747702
1257	1.6825025620747702
1258	6.194301495712129
1259	3.497383789270891
1260	2.5378887413479596
1261	2.5378887413479596
1262	2.5378887413479596
1263	9.045886045059579
1264	7.531695049228397
1265	7.531695049228397
1266	7.36908376612761
1267	7.36908376612761
1268	7.36908376612761
1269	7.36908376612761
1270	5.1711649144830805
1271	5.1711649144830805
1272	5.1711649144830805
1273	5.4136905587345225
1274	5.4136905587345225
1275	5.4136905587345225
1276	5.4136905587345225
1277	3.5319928223104347
1278	8.57360169533497
1279	8.57360169533497
1280	0.1
1281	0.1
1282	8.709784146862592
1283	8.709784146862592
1284	8.709784146862592
1285	8.709784146862592
1286	8.709784146862592
1287	4.908917525543429
1288	9.979054119456027
1289	9.979054119456027
1290	9.979054119456027
1291	9.979054119456027
1292	9.979054119456027
1293	9.322174591278294
1294	7.083440355650455
1295	4.436548090075313
1296	10.391369638985871
1297	10.391369638985871
1298	10.311487834868762
1299	8.719716326294664
1300	8.719716326294664
1301	8.719716326294664
1302	8.719716326294664
1303	4.587113641742311
1304	4.587113641742311
1305	13.655572416742515
1306	13.655572416742515
1307	13.655572416742515
1308	13.655572416742515
1309	3.6237512475427147
1310	3.6237512475427147
1311	3.6237512475427147
1312	3.6237512475427147
1313	3.6237512475427147
1314	5.251904476727562
1315	9.511745012963301
1316	6.44468471816454
1317	7.079892877786461
1318	8.625737894832051
1319	8.625737894832051
1320	8.625737894832051
1321	8.625737894832051
1322	8.625737894832051
1323	9.693978082069425
1324	10.13695229991735
1325	10.13695229991735
1326	10.201462542430471
1327	10.201462542430471
1328	12.77001941822424
1329	12.77001941822424
1330	10.24600100807233
1331	8.740092294253568
1332	9.596575104285844
1333	9.596575104285844
1334	9.596575104285844
1335	3.8388393296997547
1336	5.147053600921725
1337	4.4996174900197055
1338	4.4996174900197055
1339	6.247620166143223
1340	6.247620166143223
1341	3.6849782428379902
1342	3.6849782428379902
1343	3.6849782428379902
1344	2.677534951775024
1345	2.677534951775024
1346	2.677534951775024
1347	2.677534951775024
1348	3.022109443067688
1349	6.877946846415177
1350	6.877946846415177
1351	6.226641158535571
1352	4.203461379841773
1353	4.203461379841773
1354	4.203461379841773
1355	9.389784731286746
1356	9.389784731286746
1357	9.389784731286746
1358	9.389784731286746
1359	7.640068032458769
1360	8.108160896510494
1361	8.108160896510494
1362	1.6790451107682371
1363	1.6790451107682371
1364	1.6790451107682371
1365	1.6790451107682371
1366	1.6790451107682371
1367	2.3527782312288075
1368	2.3527782312288075
1369	12.921479632736634
1370	4.983921202772104
1371	6.0780786269793925
1372	6.0780786269793925
1373	6.0780786269793925
1374	12.329886147779483
1375	8.63008244241052
1376	8.63008244241052
1377	6.270535139328956
1378	6.270535139328956
1379	6.270535139328956
1380	6.270535139328956
1381	6.270535139328956
1382	5.584389891931236
1383	10.875180970067674
1384	3.44766152409396
1385	3.151623979222648
1386	7.302620460871263
1387	16.374381751558875
1388	8.297230517157075
1389	4.159189681061632
1390	7.408144221026059
1391	7.408144221026059
1392	10.431449953780868
1393	10.431449953780868
1394	6.249486099029721
1395	6.249486099029721
1396	6.249486099029721
1397	6.249486099029721
1398	5.623335222505608
1399	5.623335222505608
1400	5.069110035747689
1401	5.069110035747689
1402	6.550295934601869
1403	6.550295934601869
1404	6.550295934601869
1405	6.550295934601869
1406	9.516340631489669
1407	4.611430145682425
1408	4.611430145682425
1409	2.8760150609750488
1410	9.924737574563272
1411	9.550151265739405
1412	5.914645762362656
1413	10.09552120390158
1414	4.634839663826666
1415	4.634839663826666
1416	12.571958509371314
1417	15.033843187927323
1418	15.033843187927323
1419	9.257905635132275
1420	9.257905635132275
1421	9.257905635132275
1422	8.154523409812
1423	13.142859587936108
1424	8.559611957895397
1425	8.559611957895397
1426	8.559611957895397
1427	8.967163848132511
1428	9.629876592362688
1429	3.252977327282787
1430	3.252977327282787
1431	3.252977327282787
1432	3.252977327282787
1433	3.252977327282787
1434	6.583755393169847
1435	3.2801996077781554
1436	7.156284639780777
1437	15.111498162659004
1438	6.685409797462578
1439	5.41426816898395
1440	4.443498186916264
1441	6.6644037508709015
1442	6.6644037508709015
1443	4.986381251485666
1444	4.986381251485666
1445	4.986381251485666
1446	11.669748048445705
1447	8.315796119420096
1448	8.315796119420096
1449	8.315796119420096
1450	8.315796119420096
1451	7.582279419734633
1452	12.645876989009949
1453	14.68361717953333
1454	8.327320071850078
1455	8.327320071850078
1456	8.327320071850078
1457	5.932184824771234
1458	8.872480246058144
1459	10.154615504158091
1460	7.125445349198582
1461	7.125445349198582
1462	12.268968933782652
1463	12.268968933782652
1464	12.268968933782652
1465	10.989430192101336
1466	8.238383792734915
1467	9.673178497232897
1468	9.673178497232897
1469	2.586842140046005
1470	2.586842140046005
1471	2.586842140046005
1472	2.586842140046005
1473	2.586842140046005
1474	11.517008099342721
1475	11.517008099342721
1476	11.043281391739063
1477	5.1395806780975075
1478	5.180735446957293
1479	5.180735446957293
1480	5.180735446957293
1481	2.867449136438887
1482	9.166894132312043
1483	5.58159373378903
1484	5.58159373378903
1485	4.670988644908348
1486	4.670988644908348
1487	4.670988644908348
1488	7.786130009510314
1489	6.891771046804196
1490	3.0698866251969323
1491	3.0698866251969323
1492	8.767848627855718
1493	2.7903123733983257
1494	6.710260835949048
1495	4.468979745148939
1496	4.468979745148939
1497	4.468979745148939
1498	8.665850006161715
1499	8.665850006161715
1500	8.665850006161715
1501	2.901340259655089
1502	2.901340259655089
1503	0.1
1504	11.115994914797742
1505	11.115994914797742
1506	11.115994914797742
1507	11.115994914797742
1508	8.042527479636842
1509	8.042527479636842
1510	7.030124771910121
1511	7.030124771910121
1512	7.030124771910121
1513	7.030124771910121
1514	5.834229573533978
1515	3.107431189145868
1516	4.291643823477541
1517	4.291643823477541
1518	1.9165939158481482
1519	1.886115898520944
1520	10.381504706018266
1521	10.381504706018266
1522	10.381504706018266
1523	12.622441134314922
1524	2.259749387524657
1525	3.891577041385773
1526	3.891577041385773
1527	7.988517892624882
1528	7.988517892624882
1529	7.988517892624882
1530	7.988517892624882
1531	6.396509057107893
1532	13.945651324452548
1533	3.8592929674604033
1534	5.777685960714237
1535	5.777685960714237
1536	5.580605224415922
1537	4.056579118421968
1538	4.056579118421968
1539	4.056579118421968
1540	4.056579118421968
1541	4.056579118421968
1542	7.939602384761875
1543	7.939602384761875
1544	7.939602384761875
1545	8.554639379402966
1546	8.5370197106996
1547	8.5370197106996
1548	4.657533251264849
1549	14.843200014355013
1550	14.843200014355013
1551	7.049675724217616
1552	7.049675724217616
1553	7.049675724217616
1554	8.322908770696298
1555	4.533606344760436
1556	4.533606344760436
1557	3.662109494473853
1558	3.662109494473853
1559	3.662109494473853
1560	3.662109494473853
1561	3.662109494473853
1562	3.5600716078431778
1563	3.5600716078431778
1564	6.065289484457273
1565	6.065289484457273
1566	5.084218539358041
1567	5.084218539358041
1568	5.084218539358041
1569	5.465613093842686
1570	5.465613093842686
1571	5.767233687461014
1572	22.42326018099214
1573	22.42326018099214
1574	5.47478320015632
1575	5.47478320015632
1576	5.47478320015632
1577	5.47478320015632
1578	1.6363004428651537
1579	3.8646209218832803
1580	4.242731695231972
1581	4.242731695231972
1582	3.5554839782464565
1583	3.5554839782464565
1584	4.885719253486801
1585	5.293947372106312
1586	8.600780566265936
1587	8.600780566265936
1588	8.600780566265936
1589	7.735670763234024
1590	7.735670763234024
1591	7.735670763234024
1592	4.7206293722974815
1593	12.85342627496274
1594	4.1497558078223005
1595	4.1497558078223005
1596	4.050210513281521
1597	4.974456890555414
1598	4.974456890555414
1599	4.974456890555414
1600	4.974456890555414
1601	4.974456890555414
1602	5.628849394905156
1603	13.574127081669612
1604	13.574127081669612
1605	13.574127081669612
1606	15.485511671651324
1607	15.485511671651324
1608	15.485511671651324
1609	15.485511671651324
1610	15.485511671651324
1611	8.882683581384798
1612	8.882683581384798
1613	9.958370765709496
1614	9.958370765709496
1615	6.263855864208693
1616	0.7625090800601155
1617	0.7625090800601155
1618	4.692145457411714
1619	12.868371437724296
1620	5.286861383083871
1621	5.286861383083871
1622	7.4368924362486695
1623	7.4368924362486695
1624	5.952098067470679
1625	11.894044462493326
1626	5.2218239418775605
1627	5.2218239418775605
1628	0.29025852974339905
1629	0.29025852974339905
1630	11.723132456585695
1631	11.723132456585695
1632	11.262015617476855
1633	11.262015617476855
1634	11.262015617476855
1635	11.011109797773058
1636	4.565436802752316
1637	4.144462936871533
1638	4.144462936871533
1639	6.790108955816358
1640	6.790108955816358
1641	8.31288281912529
1642	8.31288281912529
1643	8.31288281912529
1644	8.31288281912529
1645	5.185346267542531
1646	5.185346267542531
1647	7.701384423748111
1648	7.701384423748111
1649	7.701384423748111
1650	7.701384423748111
1651	7.701384423748111
1652	3.4506220923743705
1653	3.4506220923743705
1654	3.4506220923743705
1655	2.685192287134422
1656	2.685192287134422
1657	2.685192287134422
1658	6.1578291181121445
1659	9.887162597290178
1660	9.887162597290178
1661	9.887162597290178
1662	9.887162597290178
1663	4.089578866356778
1664	4.089578866356778
1665	4.480944000247812
1666	4.480944000247812
1667	4.480944000247812
1668	4.480944000247812
1669	3.9480313056253387
1670	3.9480313056253387
1671	3.9480313056253387
1672	3.9480313056253387
1673	2.7613524104434246
1674	2.7613524104434246
1675	6.619425887584133
1676	6.619425887584133
1677	2.5641195068452367
1678	2.5641195068452367
1679	2.5641195068452367
1680	8.143482604348495
1681	8.143482604348495
1682	15.189933113961779
1683	7.644153605736477
1684	7.644153605736477
1685	7.644153605736477
1686	7.644153605736477
1687	7.644153605736477
1688	11.36876595847999
1689	4.112022075470641
1690	4.112022075470641
1691	8.109327511663047
1692	12.64104639661177
1693	12.64104639661177
1694	12.64104639661177
1695	12.64104639661177
1696	4.61647253393164
1697	9.348473064203011
1698	8.732834049366858
1699	8.732834049366858
1700	8.732834049366858
1701	4.824664182423237
1702	6.046605695650048
1703	7.432696039430411
1704	7.432696039430411
1705	7.432696039430411
1706	7.432696039430411
1707	5.596290810692566
1708	5.596290810692566
1709	4.026042477778867
1710	4.026042477778867
1711	4.7286880700963625
1712	4.7286880700963625
1713	4.7286880700963625
1714	6.505145659089493
1715	6.505145659089493
1716	6.355280852762058
1717	6.355280852762058
1718	6.355280852762058
1719	5.5474324457299895
1720	5.5474324457299895
1721	5.5474324457299895
1722	8.836275943094844
1723	4.2271114563011265
1724	4.514905187553389
1725	6.530114141384502
1726	6.530114141384502
1727	10.71640265003018
1728	10.71640265003018
1729	10.71640265003018
1730	8.31481466242513
1731	8.31481466242513
1732	8.31481466242513
1733	3.286428444336444
1734	3.286428444336444
1735	9.931313016518395
1736	9.931313016518395
1737	9.931313016518395
1738	9.931313016518395
1739	6.090049426344454
1740	2.90953840347514
1741	8.165509000700588
1742	3.509013451671801
1743	11.47828933077627
1744	1.6699265119732045
1745	1.6699265119732045
1746	8.225593142894457
1747	8.225593142894457
1748	3.523248328082623
1749	3.523248328082623
1750	3.523248328082623
1751	11.948035141272157
1752	11.948035141272157
1753	6.462893948179245
1754	6.462893948179245
1755	6.462893948179245
1756	7.198371776486187
1757	7.198371776486187
1758	7.198371776486187
1759	7.198371776486187
1760	7.644296531953737
1761	3.53831220124674
1762	3.53831220124674
1763	3.53831220124674
1764	4.263219070709836
1765	4.965370371773298
1766	4.133954218281841
1767	1.6295134200191952
1768	1.6295134200191952
1769	4.204481233600226
1770	4.204481233600226
1771	3.556588733816424
1772	3.556588733816424
1773	3.556588733816424
1774	4.25447036832918
1775	6.454865645166224
1776	6.454865645166224
1777	3.150850223739027
1778	3.150850223739027
1779	3.150850223739027
1780	3.150850223739027
1781	7.671898494738211
1782	7.671898494738211
1783	7.056486276667936
1784	5.275536857194181
1785	3.7994618598199157
1786	3.7994618598199157
1787	3.7994618598199157
1788	3.7994618598199157
1789	3.7994618598199157
1790	12.079367293221175
1791	7.010391156126283
1792	6.596984363436296
1793	7.622658928085821
1794	5.605359160513266
1795	6.394869171937871
1796	6.394869171937871
1797	4.87942062927593
1798	6.663985272352924
1799	6.663985272352924
1800	1.4871670476258445
1801	1.4871670476258445
1802	7.284204928022831
1803	7.585793031313441
1804	7.585793031313441
1805	7.585793031313441
1806	7.585793031313441
1807	7.585793031313441
1808	9.876298527044852
1809	9.876298527044852
1810	9.876298527044852
1811	2.4021697392647825
1812	2.4021697392647825
1813	2.4021697392647825
1814	2.015688694922812
1815	2.015688694922812
1816	2.015688694922812
1817	2.015688694922812
1818	8.705612476337121
1819	7.200987363466352
1820	3.1730149974116877
1821	3.1730149974116877
1822	9.585845408837999
1823	11.882790706208672
1824	2.776973237828355
1825	2.776973237828355
1826	2.776973237828355
1827	6.5691968988177765
1828	6.5691968988177765
1829	6.5691968988177765
1830	6.5691968988177765
1831	6.5691968988177765
1832	4.6433845694692355
1833	4.6433845694692355
1834	4.6433845694692355
1835	12.476018354713785
1836	6.185851234838299
1837	6.185851234838299
1838	6.185851234838299
1839	2.3147491320756783
1840	9.192599786327817
1841	8.532870372130155
1842	4.199722937664472
1843	3.750397849811529
1844	3.750397849811529
1845	3.750397849811529
1846	3.750397849811529
1847	8.386731092085181
1848	8.386731092085181
1849	8.386731092085181
1850	4.607699908750055
1851	4.607699908750055
1852	4.607699908750055
1853	4.607699908750055
1854	13.596672666969226
1855	13.596672666969226
1856	13.596672666969226
1857	13.596672666969226
1858	8.119217074072186
1859	4.494690947832174
1860	4.494690947832174
1861	4.494690947832174
1862	4.494690947832174
1863	8.075993888430807
1864	8.075993888430807
1865	8.075993888430807
1866	8.075993888430807
1867	3.005257599733103
1868	3.005257599733103
1869	7.735033887105327
1870	7.735033887105327
1871	3.5260534460354482
1872	3.5260534460354482
1873	3.5260534460354482
1874	3.5260534460354482
1875	3.5260534460354482
1876	5.505262675751221
1877	5.505262675751221
1878	5.505262675751221
1879	5.505262675751221
1880	7.712728617372163
1881	7.712728617372163
1882	7.712728617372163
1883	9.652158370850376
1884	9.652158370850376
1885	9.652158370850376
1886	7.672115866398643
1887	3.269552753491607
1888	3.269552753491607
1889	2.538540291725139
1890	2.538540291725139
1891	2.538540291725139
1892	9.872054822795237
1893	9.872054822795237
1894	5.800156847403961
1895	1.4398594850074562
1896	1.4398594850074562
1897	1.4398594850074562
1898	7.818027994624417
1899	7.818027994624417
1900	2.784904824911367
1901	2.784904824911367
1902	5.470993863839438
1903	5.2172779798793085
1904	5.2172779798793085
1905	5.2172779798793085
1906	5.2172779798793085
1907	5.570270199283966
1908	5.570270199283966
1909	5.570270199283966
1910	6.138033095146312
1911	6.894730985161533
1912	6.894730985161533
1913	3.050209025739277
1914	8.10380055870596
1915	8.10380055870596
1916	8.10380055870596
1917	8.10380055870596
1918	6.1007366800070955
1919	6.1007366800070955
1920	11.360019712576376
1921	9.503394542990424
1922	9.503394542990424
1923	9.503394542990424
1924	9.503394542990424
1925	7.213063966017518
1926	7.213063966017518
1927	0.914641039380137
1928	7.29611158233557
1929	7.29611158233557
1930	7.29611158233557
1931	5.322192004636911
1932	5.322192004636911
1933	2.8750109812852376
1934	2.8750109812852376
1935	2.8750109812852376
1936	2.8750109812852376
1937	8.28786346620221
1938	8.28786346620221
1939	8.28786346620221
1940	8.28786346620221
1941	8.28786346620221
1942	7.195244448095248
1943	8.443020182467103
1944	7.495070340546068
1945	7.495070340546068
1946	7.495070340546068
1947	9.631034118191096
1948	5.208739360561526
1949	5.208739360561526
1950	5.208739360561526
1951	5.208739360561526
1952	5.208739360561526
1953	3.501922110877974
1954	2.8608181747657904
1955	2.8608181747657904
1956	7.336665029502409
1957	5.119402615939637
1958	5.119402615939637
1959	8.871754977531072
1960	7.67263857373578
1961	6.5851558635683265
1962	7.541332844029351
1963	7.2140758931170526
1964	11.108414907040721
1965	6.459757816117135
1966	8.866256636974244
1967	5.542830456351075
1968	1.8810723055540852
1969	1.8810723055540852
1970	1.8810723055540852
1971	12.87635892631555
1972	12.87635892631555
1973	12.87635892631555
1974	2.8162513889733654
1975	2.8162513889733654
1976	3.489853775799931
1977	10.030691722242292
1978	7.372401522566651
1979	8.946422626040615
1980	6.784362881871893
1981	6.784362881871893
1982	6.784362881871893
1983	7.948733627664201
1984	13.584898682927882
1985	13.584898682927882
1986	13.584898682927882
1987	5.181491317876246
1988	3.483025711176117
1989	3.483025711176117
1990	5.964641675993344
1991	5.964641675993344
1992	5.964641675993344
1993	5.964641675993344
1994	6.787429216515724
1995	6.787429216515724
1996	7.198260492912614
1997	6.58635961636836
1998	6.58635961636836
1999	4.781322111949496
2000	4.781322111949496
2001	6.025923888110164
2002	6.025923888110164
2003	6.025923888110164
2004	7.329844705209763
2005	7.329844705209763
2006	7.329844705209763
2007	7.329844705209763
2008	6.747842296371318
2009	6.747842296371318
2010	6.747842296371318
2011	6.747842296371318
2012	6.747842296371318
2013	6.221004985466101
2014	6.221004985466101
2015	6.221004985466101
2016	6.274118392918394
2017	3.33846542666915
2018	8.357286963919345
2019	5.637592989204183
2020	5.127916621774715
2021	5.443387372991902
2022	8.164119322864028
2023	8.164119322864028
2024	9.442799710978774
2025	9.442799710978774
2026	6.676603746846705
2027	7.440921158225344
2028	7.440921158225344
2029	7.440921158225344
2030	7.440921158225344
2031	3.6631516043345016
2032	8.424285081668389
2033	6.923083387782172
2034	4.208947039190278
2035	3.1318543581408314
2036	3.1318543581408314
2037	3.1318543581408314
2038	8.733027423574041
2039	8.733027423574041
2040	12.390582956661532
2041	6.309158358135046
2042	6.309158358135046
2043	3.82696836007628
2044	5.202690325777664
2045	5.202690325777664
2046	5.202690325777664
2047	6.423615379089715
2048	6.423615379089715
2049	6.423615379089715
2050	5.460264558918488
2051	5.460264558918488
2052	5.764027797659496
2053	5.764027797659496
2054	5.183664066938778
2055	5.183664066938778
2056	6.522803824128157
2057	6.522803824128157
2058	6.522803824128157
2059	6.522803824128157
2060	7.49676711899391
2061	7.49676711899391
2062	2.4152097635605188
2063	2.4152097635605188
2064	2.4152097635605188
2065	2.4152097635605188
2066	2.4152097635605188
2067	4.039632215598716
2068	2.698017756012556
2069	2.698017756012556
2070	16.48869578157391
2071	7.451707271934037
2072	7.451707271934037
2073	4.773710870008776
2074	7.368431829174135
2075	7.368431829174135
2076	7.368431829174135
2077	7.368431829174135
2078	7.28090887370991
2079	3.4700883126118516
2080	3.4700883126118516
2081	3.4700883126118516
2082	4.742057291670697
2083	4.742057291670697
2084	4.742057291670697
2085	2.119786448958931
2086	9.105692239357863
2087	6.238189391995384
2088	6.448471254661949
2089	1.379231504998292
2090	1.379231504998292
2091	1.379231504998292
2092	1.379231504998292
2093	5.547596284742061
2094	5.547596284742061
2095	5.547596284742061
2096	8.444357992542997
2097	8.444357992542997
2098	0.1
2099	0.1
2100	7.509866257892931
2101	7.509866257892931
2102	7.509866257892931
2103	7.509866257892931
2104	2.7197769135290693
2105	2.991336835956459
2106	2.991336835956459
2107	2.991336835956459
2108	2.991336835956459
2109	2.991336835956459
2110	6.063596296626702
2111	8.002581755870501
2112	8.002581755870501
2113	3.4063327355438644
2114	3.4063327355438644
2115	3.4063327355438644
2116	3.4063327355438644
2117	3.4063327355438644
2118	4.975463790636282
2119	2.0126247502566468
2120	2.0126247502566468
2121	8.175016603403675
2122	8.556176953606883
2123	6.48004658223536
2124	6.48004658223536
2125	6.48004658223536
2126	10.457059073734259
2127	3.06894280601454
2128	3.06894280601454
2129	3.06894280601454
2130	3.06894280601454
2131	3.06894280601454
2132	2.356765105440732
2133	2.356765105440732
2134	2.356765105440732
2135	2.356765105440732
2136	8.800106898016374
2137	1.3761413863197305
2138	2.068044023119172
2139	2.068044023119172
2140	2.068044023119172
2141	3.9830927837549237
2142	5.384940818548325
2143	8.607621773031708
2144	4.514102479511254
2145	4.514102479511254
2146	4.514102479511254
2147	4.514102479511254
2148	13.321672644363758
2149	13.321672644363758
2150	4.747984489731749
2151	4.747984489731749
2152	9.052479011914008
2153	5.990986619189955
2154	5.990986619189955
2155	5.990986619189955
2156	5.990986619189955
2157	3.3275575930481787
2158	3.3275575930481787
2159	3.3275575930481787
2160	3.3275575930481787
2161	3.3275575930481787
2162	5.458075314274072
2163	5.458075314274072
2164	5.458075314274072
2165	6.114207539129794
2166	8.374859177069986
2167	6.750160863292272
2168	6.482691402868628
2169	6.482691402868628
2170	6.482691402868628
2171	6.482691402868628
2172	6.482691402868628
2173	8.707465081289032
2174	8.707465081289032
2175	8.707465081289032
2176	8.707465081289032
2177	8.707465081289032
2178	6.315092162651631
2179	6.315092162651631
2180	6.315092162651631
2181	3.4700161785897947
2182	3.4700161785897947
2183	4.463005322542576
2184	4.463005322542576
2185	4.463005322542576
2186	4.463005322542576
2187	4.463005322542576
2188	3.8345504884715913
2189	6.912802311001191
2190	4.140905678977759
2191	4.22096834236105
2192	8.876080529212834
2193	8.876080529212834
2194	10.749453177826314
2195	10.749453177826314
2196	6.3537244856788595
2197	6.3537244856788595
2198	6.3537244856788595
2199	1.6973190107875524
2200	1.6973190107875524
2201	10.641150590354613
2202	10.641150590354613
2203	10.641150590354613
2204	4.393005140859468
2205	4.7467532427419785
2206	5.673256154504253
2207	0.1
2208	6.817176016040271
2209	6.817176016040271
2210	6.817176016040271
2211	6.817176016040271
2212	9.454907553611054
2213	9.454907553611054
2214	9.454907553611054
2215	4.768929348695286
2216	6.017145139899157
2217	6.017145139899157
2218	10.658534016180306
2219	10.1948340062133
2220	10.1948340062133
2221	10.1948340062133
2222	10.1948340062133
2223	10.1948340062133
2224	3.438169195495323
2225	17.723118842125928
2226	6.622348544476388
2227	5.681528934869574
2228	5.681528934869574
2229	5.681528934869574
2230	7.998933951155629
2231	7.998933951155629
2232	7.998933951155629
2233	7.998933951155629
2234	10.25161929697428
2235	1.198359101655404
2236	11.319512304232905
2237	11.319512304232905
2238	1.8027959355507077
2239	1.8027959355507077
2240	1.8027959355507077
2241	6.0816132043227995
2242	4.001589557259818
2243	7.57632785778189
2244	7.57632785778189
2245	7.409421559127207
2246	7.480057055298014
2247	6.786650455294137
2248	5.069073226311587
2249	6.528165588772778
2250	6.528165588772778
2251	6.3138310506283055
2252	9.788906490693758
2253	3.1827165804534188
2254	5.354186061881033
2255	8.021051977926108
2256	7.502421267850233
2257	9.258902831500922
2258	9.258902831500922
2259	9.455671514716808
2260	6.221751661963446
2261	2.07166460569801
2262	2.07166460569801
2263	8.10694420856237
2264	6.317719464748844
2265	3.4437054605939226
2266	3.4437054605939226
2267	10.416939590164077
2268	10.416939590164077
2269	9.821802472058597
2270	9.821802472058597
2271	14.076012482953157
2272	14.076012482953157
2273	14.076012482953157
2274	14.076012482953157
2275	14.076012482953157
2276	8.039095782522672
2277	8.039095782522672
2278	8.039095782522672
2279	1.879695610295153
2280	6.410113151997228
2281	6.410113151997228
2282	3.300656793400009
2283	5.586136028993551
2284	5.586136028993551
2285	5.586136028993551
2286	5.338761563347245
2287	5.338761563347245
2288	5.338761563347245
2289	5.338761563347245
2290	5.338761563347245
2291	4.093335966424839
2292	6.550456052120136
2293	3.1704779271949755
2294	3.1704779271949755
2295	3.457651755040347
2296	9.95384216306238
2297	9.95384216306238
2298	9.95384216306238
2299	8.544153964755724
2300	6.552988548529968
2301	14.064958821265556
2302	14.064958821265556
2303	5.05021022824242
2304	12.775283961256733
2305	12.775283961256733
2306	12.775283961256733
2307	8.160011636116542
2308	0.1
2309	0.1
2310	9.672264961742204
2311	9.672264961742204
2312	9.672264961742204
2313	9.672264961742204
2314	9.672264961742204
2315	8.781958438256495
2316	4.6160605864719155
2317	4.6160605864719155
2318	4.6160605864719155
2319	5.742705218912948
2320	5.742705218912948
2321	5.742705218912948
2322	5.742705218912948
2323	6.4631756161249605
2324	6.4631756161249605
2325	8.484917841356895
2326	8.484917841356895
2327	8.484917841356895
2328	8.484917841356895
2329	12.935758231117552
2330	10.453567900092645
2331	10.453567900092645
2332	10.453567900092645
2333	8.24420133218073
2334	8.24420133218073
2335	8.24420133218073
2336	8.24420133218073
2337	8.24420133218073
2338	8.474288240951324
2339	4.497220639541149
2340	11.051502510481924
2341	10.788570666640565
2342	13.402476384659096
2343	4.017209887819886
2344	7.43845156944877
2345	7.43845156944877
2346	4.859852379128091
2347	4.859852379128091
2348	4.859852379128091
2349	3.306017934042073
2350	3.306017934042073
2351	6.5528985046530135
2352	8.907100306850172
2353	9.550791590113489
2354	9.550791590113489
2355	9.550791590113489
2356	8.877379101656473
2357	8.877379101656473
2358	8.877379101656473
2359	8.877379101656473
2360	1.7569347280222698
2361	5.320689821667829
2362	9.38624277477558
2363	6.376595851796452
2364	6.376595851796452
2365	6.652352982656748
2366	6.652352982656748
2367	6.652352982656748
2368	6.652352982656748
2369	9.401923062117216
2370	9.401923062117216
2371	8.193237905680089
2372	12.027712832217382
2373	12.027712832217382
2374	11.05446046409231
2375	8.101658490940114
2376	8.101658490940114
2377	8.101658490940114
2378	4.8983632348684
2379	6.984541169942518
2380	12.981088863533689
2381	7.261177868834425
2382	7.261177868834425
2383	7.261177868834425
2384	7.261177868834425
2385	7.261177868834425
