0	0.10017413147715137
1	0.10017413147715137
2	0.10017413147715137
3	0.5277872410258229
4	1.1220166215229963
5	1.1220166215229963
6	1.1220166215229963
7	0.5977451186093494
8	0.5977451186093494
9	0.5977451186093494
10	0.5977451186093494
11	0.5977451186093494
12	0.8999762995312868
13	0.8999762995312868
14	1.4978767927407821
15	0.3885786717708373
16	0.3885786717708373
17	0.3885786717708373
18	0.3885786717708373
19	0.3885786717708373
20	1.1645001031665703
21	0.8060869418678189
22	0.8060869418678189
23	0.6938590811892489
24	0.6938590811892489
25	0.38919685893728595
26	0.38919685893728595
27	0.38919685893728595
28	0.6164218667227482
29	0.1
30	0.4110101682964854
31	0.5634282599166751
32	0.5634282599166751
33	0.5634282599166751
34	0.5634282599166751
35	0.5634282599166751
36	0.1
37	0.8742708542748656
38	0.1
39	0.5629145251457058
40	1.1004535110302731
41	0.9287268591627403
42	0.3129379411171508
43	0.3129379411171508
44	0.5318165861258836
45	0.5318165861258836
46	0.5318165861258836
47	0.5318165861258836
48	0.5318165861258836
49	0.992945153845134
50	1.55164817539124
51	1.55164817539124
52	0.1
53	0.1
54	0.1
55	0.1
56	0.1
57	1.1439547034187725
58	0.41602439884406234
59	0.14421179202762652
60	0.14421179202762652
61	0.14421179202762652
62	0.14421179202762652
63	0.14421179202762652
64	0.18833027630506927
65	0.5238182671053734
66	0.19440168197595242
67	0.19440168197595242
68	0.19440168197595242
69	0.19440168197595242
70	0.3756458344501198
71	0.3756458344501198
72	0.3756458344501198
73	1.1770463933836226
74	1.1770463933836226
75	0.21850971331409463
76	0.21850971331409463
77	0.3427396793211497
78	0.3427396793211497
79	0.48891781772726817
80	0.48891781772726817
81	0.48891781772726817
82	0.48891781772726817
83	0.6239526086735492
84	0.5554183225030227
85	0.5554183225030227
86	0.6664122634091465
87	0.6263108691087995
88	0.6263108691087995
89	0.6464564387451296
90	0.6464564387451296
91	1.6433407033112273
92	1.6433407033112273
93	1.6433407033112273
94	1.6433407033112273
95	0.36022168956822564
96	0.36022168956822564
97	0.2113917522580251
98	0.2113917522580251
99	0.2113917522580251
100	0.7861953122094586
101	0.7861953122094586
102	0.7429627937073251
103	0.7429627937073251
104	0.44280672449614494
105	0.44280672449614494
106	0.44280672449614494
107	0.44280672449614494
108	1.1933873907272643
109	1.1933873907272643
110	0.7511772248220063
111	0.6835159049020947
112	0.6835159049020947
113	0.6835159049020947
114	0.512369585262145
115	0.46148851737350116
116	0.46148851737350116
117	0.5840585770193433
118	0.4753813040808194
119	0.4753813040808194
120	0.4878125880029298
121	0.4878125880029298
122	0.11415908393801585
123	0.11415908393801585
124	0.11415908393801585
125	0.11415908393801585
126	0.1
127	0.1
128	2.1962532920900095
129	2.1962532920900095
130	2.1962532920900095
131	2.1962532920900095
132	0.3643352645268434
133	0.3643352645268434
134	0.3643352645268434
135	0.1
136	0.9591060739006594
137	0.7523435654453147
138	0.7523435654453147
139	0.7523435654453147
140	0.5139875869617567
141	1.6793299086744482
142	0.6676535891440972
143	0.6676535891440972
144	1.3962171939839638
145	0.31384668655864867
146	0.31384668655864867
147	0.5409784131424757
148	0.28931121368946894
149	0.28931121368946894
150	0.28931121368946894
151	0.28931121368946894
152	0.28931121368946894
153	0.21320745935337793
154	0.21320745935337793
155	0.21320745935337793
156	0.21320745935337793
157	0.21320745935337793
158	0.3220995395883711
159	0.3220995395883711
160	0.42646120482844924
161	0.1
162	0.1
163	0.22613247117063645
164	0.3057856385139192
165	0.5026752756484288
166	1.4627351580432548
167	1.4627351580432548
168	1.4627351580432548
169	1.4627351580432548
170	1.0235694514339362
171	0.42557855518322757
172	0.42557855518322757
173	0.42557855518322757
174	0.42557855518322757
175	0.42557855518322757
176	0.5990729508817243
177	0.7011926716490333
178	0.9670204536963541
179	0.9670204536963541
180	1.0156778066762686
181	1.0156778066762686
182	1.0156778066762686
183	1.0156778066762686
184	0.13019373931094191
185	0.13019373931094191
186	0.13019373931094191
187	0.13019373931094191
188	1.0263018065207947
189	1.0263018065207947
190	1.3137602821518972
191	1.3137602821518972
192	1.3137602821518972
193	1.3137602821518972
194	1.3137602821518972
195	0.4804015137426687
196	0.7030898040097635
197	0.7030898040097635
198	0.7030898040097635
199	1.7223255667238222
200	1.7223255667238222
201	0.33217903644465785
202	0.33217903644465785
203	0.18089359595851806
204	0.18089359595851806
205	0.18089359595851806
206	0.18089359595851806
207	0.7544604666365946
208	0.8058840001044358
209	0.8058840001044358
210	0.8058840001044358
211	0.8058840001044358
212	0.8715729515154106
213	0.2801730189866856
214	0.2801730189866856
215	0.2801730189866856
216	0.2801730189866856
217	0.2801730189866856
218	0.9757670067678856
219	1.6600633352445304
220	0.34782260415783817
221	0.34782260415783817
222	1.0476377362100997
223	1.0476377362100997
224	1.0442647732064234
225	1.0442647732064234
226	1.0442647732064234
227	1.0442647732064234
228	1.5876534083359983
229	1.5876534083359983
230	1.5876534083359983
231	1.3191325134181686
232	0.24138561085942412
233	0.24138561085942412
234	0.24138561085942412
235	0.24138561085942412
236	0.24138561085942412
237	0.5091866513428737
238	0.5091866513428737
239	0.5091866513428737
240	0.6276561831449593
241	0.6276561831449593
242	0.6276561831449593
243	1.1191099382954461
244	1.1191099382954461
245	1.1191099382954461
246	0.8562108549073524
247	2.0400066994099344
248	2.0400066994099344
249	2.0400066994099344
250	0.42389332603187535
251	0.42389332603187535
252	0.42389332603187535
253	0.7635569558829269
254	1.1278291698880598
255	1.1278291698880598
256	1.1278291698880598
257	1.1278291698880598
258	0.6208972138871356
259	0.6208972138871356
260	0.6208972138871356
261	1.1262761050329277
262	1.1262761050329277
263	1.1262761050329277
264	0.5544341434382097
265	0.5544341434382097
266	0.5878006443857952
267	0.5878006443857952
268	0.5370681020707913
269	0.5370681020707913
270	0.27338967942363857
271	1.0733723379551425
272	1.0733723379551425
273	1.2264421819437774
274	1.2264421819437774
275	1.2273865538294844
276	1.2273865538294844
277	1.2273865538294844
278	1.2273865538294844
279	1.2273865538294844
280	0.895301839874965
281	0.895301839874965
282	0.895301839874965
283	0.895301839874965
284	1.5021646497827996
285	1.5021646497827996
286	1.5021646497827996
287	0.2562359930750865
288	0.1
289	0.1
290	0.1
291	0.1
292	0.1
293	1.2345512030323416
294	1.4352773440170887
295	0.6741034899257486
296	0.8571769942502243
297	0.8571769942502243
298	1.0472013000762086
299	1.5358056065846402
300	1.5358056065846402
301	1.5358056065846402
302	0.5620129743005537
303	0.1072965997907602
304	0.47473176871402667
305	0.47473176871402667
306	0.47473176871402667
307	0.7826269836221583
308	0.5989282310506587
309	0.5989282310506587
310	0.5989282310506587
311	0.5989282310506587
312	0.346031526625986
313	0.346031526625986
314	0.346031526625986
315	0.346031526625986
316	0.346031526625986
317	1.593972835543656
318	1.593972835543656
319	0.23052197567364896
320	0.5151273640487521
321	0.4565934151995214
322	0.34925382529287163
323	0.34925382529287163
324	0.5352750216355208
325	0.5352750216355208
326	0.536837244647291
327	0.536837244647291
328	0.536837244647291
329	0.536837244647291
330	0.6511550740378209
331	0.6511550740378209
332	0.6511550740378209
333	0.6511550740378209
334	0.6511550740378209
335	1.4718382535540049
336	1.4718382535540049
337	1.2726032451587335
338	0.8259148098555036
339	0.4342779751566841
340	0.45608869142112773
341	0.45608869142112773
342	0.45608869142112773
343	0.1
344	0.1
345	0.1
346	0.3625930666708278
347	0.6926656228465489
348	0.6926656228465489
349	0.6926656228465489
350	0.6926656228465489
351	0.5825379613619027
352	1.836835063578198
353	1.836835063578198
354	1.836835063578198
355	1.836835063578198
356	1.836835063578198
357	1.1469978028193397
358	1.1469978028193397
359	1.1469978028193397
360	0.6890086081554117
361	0.6890086081554117
362	0.2777738706088485
363	0.2777738706088485
364	0.2777738706088485
365	0.2777738706088485
366	1.0797657734984578
367	1.0797657734984578
368	1.0797657734984578
369	1.0797657734984578
370	1.0797657734984578
371	0.19871374622345916
372	0.19871374622345916
373	0.19871374622345916
374	1.0795430483431891
375	0.6010052845977015
376	1.5172813218780385
377	0.1
378	1.2560003607967667
379	0.5404697431169896
380	0.31659141329963625
381	0.31659141329963625
382	0.31659141329963625
383	0.31659141329963625
384	0.31659141329963625
385	0.12686381075561784
386	0.12686381075561784
387	0.48336497098727227
388	0.48336497098727227
389	0.1
390	0.1
391	1.004831374281579
392	0.6320300065257163
393	0.3176777160284601
394	0.3176777160284601
395	0.36269119096414587
396	1.0168953074356648
397	1.2184497095684805
398	0.6390399589971393
399	0.6390399589971393
400	0.6390399589971393
401	0.9465201944867189
402	0.7331324126572625
403	0.7331324126572625
404	0.7331324126572625
405	0.7331324126572625
406	1.520048210738556
407	0.7669118494180465
408	2.3593675418954847
409	2.3593675418954847
410	1.1721161510611464
411	0.7815410614081655
412	0.7144644800179543
413	0.7144644800179543
414	0.6323746619578597
415	0.3220190499615081
416	0.3220190499615081
417	0.7413724487250508
418	0.7413724487250508
419	0.7413724487250508
420	0.7413724487250508
421	0.7413724487250508
422	1.59967582378989
423	1.59967582378989
424	1.59967582378989
425	1.59967582378989
426	1.59967582378989
427	0.3154955158041931
428	0.3154955158041931
429	0.3154955158041931
430	0.3154955158041931
431	0.3154955158041931
432	0.7882395197025032
433	0.7882395197025032
434	0.7882395197025032
435	0.867891819714145
436	0.3141369285386583
437	0.1
438	0.1
439	1.0194734600904511
440	1.0194734600904511
441	1.221227836123421
442	1.221227836123421
443	1.221227836123421
444	1.221227836123421
445	1.221227836123421
446	0.4449823053060999
447	0.24141968690594637
448	0.1683876648809794
449	0.1683876648809794
450	0.9273807770065152
451	0.5700640222883693
452	0.5700640222883693
453	0.7848566223007497
454	0.6416885373334726
455	0.6416885373334726
456	0.6416885373334726
457	0.6416885373334726
458	0.21376872620843523
459	2.148372933143323
460	0.5083116880604533
461	0.3808613361104694
462	0.3808613361104694
463	0.3808613361104694
464	0.3808613361104694
465	0.7518390972951254
466	0.7518390972951254
467	0.7518390972951254
468	1.104417108475684
469	1.104417108475684
470	1.104417108475684
471	0.724074343717742
472	0.724074343717742
473	0.5034342348587288
474	0.5034342348587288
475	0.42482090037359904
476	0.34883210831958716
477	0.34883210831958716
478	0.34883210831958716
479	0.3667192214961974
480	0.3964654186985937
481	0.3303733081143039
482	0.22527432888151866
483	0.9435993854155369
484	0.9435993854155369
485	0.9435993854155369
486	0.9435993854155369
487	0.9541201080600554
488	0.9541201080600554
489	0.9541201080600554
490	0.9541201080600554
491	0.9541201080600554
492	0.6972205712595929
493	0.4763104819046494
494	0.4763104819046494
495	0.4763104819046494
496	0.4763104819046494
497	0.795000824743007
498	0.795000824743007
499	0.795000824743007
500	0.795000824743007
501	0.795000824743007
502	1.1622610065431644
503	1.3931736601849127
504	1.3931736601849127
505	0.3591600432132075
506	0.3591600432132075
507	0.1
508	0.21051408364187205
509	0.21051408364187205
510	0.21051408364187205
511	0.21051408364187205
512	0.21051408364187205
513	0.56367222247267
514	0.56367222247267
515	0.56367222247267
516	0.56367222247267
517	0.56367222247267
518	0.15485224007015128
519	0.15485224007015128
520	0.6270153797375145
521	0.6270153797375145
522	0.6270153797375145
523	0.7004100529185912
524	0.35621682083361195
525	1.5193878039167599
526	1.5193878039167599
527	0.1
528	0.1
529	0.20757809400207183
530	0.13921709005740135
531	0.7515830741432799
532	0.4870025052147372
533	1.531285423252737
534	1.531285423252737
535	1.531285423252737
536	1.531285423252737
537	0.5401576646561567
538	0.5401576646561567
539	0.496627243888994
540	0.3989774621842329
541	0.3989774621842329
542	0.3989774621842329
543	0.48851407913538913
544	0.48851407913538913
545	0.8130119029901546
546	0.8130119029901546
547	0.8130119029901546
548	0.8130119029901546
549	0.8130119029901546
550	1.034160849292538
551	1.034160849292538
552	1.034160849292538
553	0.724555855638934
554	0.8494261953321023
555	0.8494261953321023
556	0.8494261953321023
557	0.8494261953321023
558	0.8494261953321023
559	0.19795608258811817
560	0.19795608258811817
561	0.19795608258811817
562	0.35275917802621687
563	0.35275917802621687
564	0.35275917802621687
565	0.35275917802621687
566	0.35275917802621687
567	1.489402683615665
568	1.489402683615665
569	2.3205481375579193
570	2.3205481375579193
571	2.3205481375579193
572	0.9386975218798793
573	0.1
574	0.9458057819998837
575	0.9458057819998837
576	0.1
577	0.1
578	0.3317101641119101
579	0.5912237367141278
580	0.5912237367141278
581	0.5912237367141278
582	0.5912237367141278
583	0.5912237367141278
584	0.5497940858125434
585	0.5497940858125434
586	0.7911493023360159
587	1.2240061162272875
588	1.2240061162272875
589	1.2232016918341888
590	1.2232016918341888
591	0.9038084538448126
592	0.8078699412579043
593	0.26845311652212156
594	0.59210366562941
595	0.59210366562941
596	0.5419671841044988
597	0.5419671841044988
598	0.5419671841044988
599	0.5419671841044988
600	0.5419671841044988
601	0.6110385627206586
602	0.6110385627206586
603	0.6110385627206586
604	0.6110385627206586
605	0.6110385627206586
606	1.605797587087415
607	0.5728177357837443
608	0.5728177357837443
609	0.5728177357837443
610	0.4781289950008294
611	1.0265611310376683
612	0.9908544229728578
613	0.9908544229728578
614	0.9908544229728578
615	0.9908544229728578
616	1.147956015788541
617	1.147956015788541
618	1.1961208678239579
619	1.1961208678239579
620	0.18690449870026
621	0.18690449870026
622	0.18690449870026
623	0.18690449870026
624	0.18690449870026
625	1.1506364686552812
626	1.1506364686552812
627	1.1506364686552812
628	1.1506364686552812
629	1.1506364686552812
630	0.634758593202863
631	0.634758593202863
632	0.634758593202863
633	0.634758593202863
634	0.1973410622803878
635	0.1973410622803878
636	0.2742089822712094
637	0.8358659023921673
638	0.8358659023921673
639	0.8358659023921673
640	0.6894014684201657
641	0.6894014684201657
642	0.6894014684201657
643	0.6894014684201657
644	1.0179908967927822
645	1.0179908967927822
646	1.0179908967927822
647	1.0179908967927822
648	1.0179908967927822
649	0.7682177981230601
650	0.7682177981230601
651	0.7682177981230601
652	0.7682177981230601
653	0.7380159444235295
654	0.7380159444235295
655	0.7380159444235295
656	0.7380159444235295
657	0.3900984423924474
658	0.3900984423924474
659	0.3900984423924474
660	0.1
661	0.1
662	1.3651978727985785
663	1.3651978727985785
664	1.3651978727985785
665	0.20308573390364726
666	0.20308573390364726
667	0.20308573390364726
668	0.5729782776875841
669	0.49447578476365406
670	0.49447578476365406
671	0.49447578476365406
672	0.49447578476365406
673	0.49297508944921953
674	0.3395932085886414
675	0.6841486374397812
676	0.4078917068674893
677	0.4078917068674893
678	0.4078917068674893
679	0.4078917068674893
680	0.7134154106491718
681	0.7134154106491718
682	0.7134154106491718
683	0.7134154106491718
684	0.7134154106491718
685	0.1
686	0.1
687	0.1
688	0.1
689	0.1
690	0.8027607284437164
691	0.8027607284437164
692	0.8027607284437164
693	0.8027607284437164
694	1.6001083284975421
695	0.8096090006275062
696	0.8096090006275062
697	0.8096090006275062
698	0.8096090006275062
699	0.8096090006275062
700	0.9299792184148026
701	0.9299792184148026
702	0.9299792184148026
703	0.9299792184148026
704	0.9299792184148026
705	0.7609330540209294
706	1.3914537202704944
707	0.8283315114617877
708	0.7198362528844584
709	0.3345739009007763
710	0.3345739009007763
711	1.7478509123762387
712	1.7478509123762387
713	1.7478509123762387
714	1.3675795488956544
715	0.22836347232924514
716	0.22836347232924514
717	0.22836347232924514
718	0.22836347232924514
719	0.22836347232924514
720	0.42068839185190554
721	0.42068839185190554
722	0.6078206104489012
723	1.1449054815793531
724	1.1449054815793531
725	1.0904567740111162
726	1.0904567740111162
727	1.0904567740111162
728	0.13451773791176247
729	0.13451773791176247
730	0.13451773791176247
731	0.1
732	0.1
733	0.6005146203420465
734	0.8455881561385186
735	0.8455881561385186
736	0.1
737	0.1
738	0.1
739	0.1
740	0.1
741	0.8858271097915562
742	1.0251328599768783
743	1.0251328599768783
744	0.5400823854694341
745	0.5400823854694341
746	0.5400823854694341
747	0.1
748	0.1
749	0.1
750	0.1
751	0.4536872027239722
752	0.4536872027239722
753	0.1
754	0.1
755	1.8282875283644744
756	0.3864468106977401
757	0.7917095432522384
758	0.8720067028741603
759	0.8720067028741603
760	0.8720067028741603
761	0.8696907950057022
762	0.8696907950057022
763	0.8696907950057022
764	1.2445848478581247
765	1.2445848478581247
766	1.2445848478581247
767	1.4824697276223597
768	1.4824697276223597
769	1.4824697276223597
770	1.4824697276223597
771	0.349441592750444
772	0.13361882648145806
773	0.13361882648145806
774	0.8017804346232924
775	0.1761931213507748
776	0.6829470664071406
777	0.6829470664071406
778	0.4071739622858527
779	0.4071739622858527
780	0.46687152864064657
781	0.46687152864064657
782	0.46687152864064657
783	0.23664148447183797
784	0.23664148447183797
785	0.23664148447183797
786	0.23664148447183797
787	0.5817419185263877
788	0.5817419185263877
789	0.5817419185263877
790	0.5817419185263877
791	0.5817419185263877
792	0.918794621677214
793	0.918794621677214
794	0.657708570344921
795	0.657708570344921
796	0.657708570344921
797	0.12313319343532708
798	0.12313319343532708
799	0.1
800	0.4415868500087303
801	0.3787330401404318
802	0.5572943160631292
803	0.9360434701018446
804	1.9199928864351423
805	0.5467100467429259
806	0.5467100467429259
807	0.5467100467429259
808	0.5467100467429259
809	0.5467100467429259
810	0.6162519271938142
811	0.6162519271938142
812	0.6162519271938142
813	0.6162519271938142
814	0.4576031674215615
815	1.4199601353079818
816	0.6216751480180712
817	0.18191850747794144
818	0.18191850747794144
819	0.18191850747794144
820	0.1
821	0.1
822	0.1
823	0.1
824	0.3689597930283373
825	0.3689597930283373
826	0.3837139083958859
827	0.3837139083958859
828	0.3837139083958859
829	0.3837139083958859
830	0.3837139083958859
831	0.409292231965834
832	0.409292231965834
833	0.409292231965834
834	0.2823166580798376
835	0.2823166580798376
836	0.3608340742729692
837	0.3608340742729692
838	0.8825537908710046
839	0.8825537908710046
840	1.1630312021063887
841	1.1630312021063887
842	1.1630312021063887
843	0.1
844	0.1
845	0.7304722932612749
846	1.1436982583449937
847	1.1436982583449937
848	1.1436982583449937
849	1.1436982583449937
850	1.1442502702713908
851	1.1442502702713908
852	1.1442502702713908
853	1.3834752890780824
854	1.3834752890780824
855	1.80606791949642
856	1.80606791949642
857	0.3093552842833053
858	0.3093552842833053
859	0.5465132691924066
860	0.5465132691924066
861	0.5465132691924066
862	0.5465132691924066
863	0.5465132691924066
864	0.3634080586128534
865	0.3634080586128534
866	0.1
867	0.4134259588330338
868	0.4134259588330338
869	0.23443421438812723
870	0.33626076818682094
871	0.33626076818682094
872	0.33626076818682094
873	0.33626076818682094
874	0.33626076818682094
875	0.4161370742955339
876	0.4161370742955339
877	0.4161370742955339
878	1.3070136711090858
879	1.3070136711090858
880	0.1
881	0.6043220664943282
882	1.1116522640633242
883	0.8803528559604096
884	0.10895569425835328
885	1.829276528917957
886	0.3344775588887784
887	0.3344775588887784
888	0.3344775588887784
889	0.1
890	0.1
891	0.1
892	0.6826556370906929
893	0.6826556370906929
894	0.6826556370906929
895	0.5268492536839167
896	0.4680328588479122
897	0.2521651367572614
898	0.2521651367572614
899	0.2521651367572614
900	0.2521651367572614
901	0.2000440952963957
902	0.259413078903178
903	0.259413078903178
904	0.259413078903178
905	1.0282140386838199
906	0.9104684878891516
907	0.9104684878891516
908	1.8609322351608242
909	1.8609322351608242
910	1.8609322351608242
911	1.8609322351608242
912	1.8609322351608242
913	1.4960125675845868
914	0.20081865871068721
915	0.20081865871068721
916	0.2935309158925077
917	0.2935309158925077
918	0.2935309158925077
919	0.2935309158925077
920	0.5646568242651344
921	0.8235382884200025
922	0.8129348789625143
923	0.8129348789625143
924	0.893977887100396
925	0.827908828963055
926	0.827908828963055
927	0.827908828963055
928	1.0630196093864686
929	1.0630196093864686
930	1.1449714165551916
931	1.1449714165551916
932	1.1449714165551916
933	1.1449714165551916
934	1.1449714165551916
935	0.6300921218341915
936	0.6300921218341915
937	0.6300921218341915
938	0.6300921218341915
939	0.21569811081140358
940	0.4306456613754559
941	0.4306456613754559
942	0.1
943	0.8475952022306804
944	0.8475952022306804
945	0.43145346048893807
946	0.4745577055941958
947	0.9702067730990249
948	0.916436157435906
949	0.916436157435906
950	0.9856002047661703
951	0.7220970282639239
952	0.7220970282639239
953	0.7220970282639239
954	0.7220970282639239
955	0.7220970282639239
956	0.7877319426319713
957	0.7877319426319713
958	0.7877319426319713
959	0.7877319426319713
960	0.7877319426319713
961	0.14095564545382422
962	0.14095564545382422
963	1.4757737355572338
964	1.4757737355572338
965	1.4757737355572338
966	1.4757737355572338
967	1.4757737355572338
968	1.2521221539121827
969	1.2521221539121827
970	1.124985872739639
971	1.0671268157142266
972	1.0671268157142266
973	1.0671268157142266
974	1.6034833832845787
975	0.9611214819511571
976	1.014470293302746
977	0.7452948829849793
978	1.1403024467986544
979	1.1403024467986544
980	0.30663229663636077
981	0.30663229663636077
982	0.30663229663636077
983	0.30663229663636077
984	0.30663229663636077
985	0.7999352898876195
986	0.2893848796972544
987	0.2893848796972544
988	0.7771075816575634
989	0.36215039934117965
990	0.36215039934117965
991	0.36215039934117965
992	0.36215039934117965
993	1.1886935066701958
994	0.8163967358762106
995	0.8163967358762106
996	0.8163967358762106
997	0.4412627932605991
998	0.11065372487794847
999	0.11065372487794847
1000	0.8857950032858819
1001	0.8857950032858819
1002	0.7666252438963284
1003	0.7666252438963284
1004	0.5574080765941705
1005	0.5574080765941705
1006	0.12708178217120075
1007	0.9419810668555575
1008	1.1760904283229365
1009	1.1760904283229365
1010	1.1760904283229365
1011	1.1760904283229365
1012	1.1760904283229365
1013	1.4940547145779013
1014	1.1939949812274706
1015	1.1939949812274706
1016	1.1939949812274706
1017	1.7148740436178223
1018	0.7865898699814862
1019	0.1
1020	0.1
1021	0.1
1022	1.8857264928056816
1023	1.8857264928056816
1024	1.8332909520916143
1025	1.8332909520916143
1026	1.8332909520916143
1027	1.8332909520916143
1028	0.6767629988601376
1029	0.6767629988601376
1030	0.6767629988601376
1031	1.384167811060692
1032	1.384167811060692
1033	1.384167811060692
1034	1.384167811060692
1035	1.384167811060692
1036	2.2127812377207725
1037	2.2127812377207725
1038	2.2127812377207725
1039	0.33923746204626926
1040	0.45431654549250167
1041	0.45431654549250167
1042	0.45431654549250167
1043	1.1155933844115338
1044	1.4716872312705194
1045	0.5016130391565151
1046	0.5016130391565151
1047	0.5016130391565151
1048	0.5016130391565151
1049	0.5016130391565151
1050	0.2758344612456188
1051	0.4184205014198102
1052	0.4184205014198102
1053	0.4184205014198102
1054	0.4184205014198102
1055	0.5565283250445777
1056	0.5565283250445777
1057	0.20036868451498846
1058	0.20036868451498846
1059	0.20036868451498846
1060	0.1
1061	2.057098868406552
1062	2.057098868406552
1063	2.057098868406552
1064	2.057098868406552
1065	2.057098868406552
1066	1.4179251205774541
1067	1.4179251205774541
1068	1.4179251205774541
1069	1.2498316196512884
1070	1.0838049399905452
1071	1.0379949896194267
1072	0.9195259075170575
1073	0.9195259075170575
1074	0.15718434141672327
1075	0.33125194801995034
1076	0.33125194801995034
1077	0.33125194801995034
1078	0.33125194801995034
1079	0.33125194801995034
1080	0.1
1081	0.1
1082	0.5526196498555866
1083	0.5526196498555866
1084	0.5526196498555866
1085	0.5526196498555866
1086	0.5526196498555866
1087	0.7258029884015934
1088	0.475369735123969
1089	1.6067366346609058
1090	1.2220935449367145
1091	1.2220935449367145
1092	1.2220935449367145
1093	1.3025613933427975
1094	1.3025613933427975
1095	1.3025613933427975
1096	1.7473036383255172
1097	1.7473036383255172
1098	2.1126782971804783
1099	1.0365510348862614
1100	1.0365510348862614
1101	2.105796432684947
1102	2.105796432684947
1103	2.105796432684947
1104	0.1
1105	0.1
1106	0.1
1107	0.1
1108	0.44185596096045715
1109	0.44185596096045715
1110	1.00306826075022
1111	1.00306826075022
1112	1.00306826075022
1113	1.00306826075022
1114	1.00306826075022
1115	1.352037473076917
1116	1.352037473076917
1117	1.352037473076917
1118	1.352037473076917
1119	0.9016492046349041
1120	0.9016492046349041
1121	0.9016492046349041
1122	0.9016492046349041
1123	0.1
1124	0.25877146062193823
1125	0.25877146062193823
1126	0.25877146062193823
1127	0.25877146062193823
1128	0.25877146062193823
1129	0.6555624303642695
1130	0.5633375801918032
1131	0.5633375801918032
1132	0.5633375801918032
1133	0.8695709956446576
1134	0.8695709956446576
1135	0.8695709956446576
1136	1.4853000468754196
1137	1.4853000468754196
1138	0.43412929459733934
1139	0.39625049804963897
1140	0.4446902950134705
1141	0.4446902950134705
1142	0.222291102770911
1143	0.18229023015388784
1144	0.18229023015388784
1145	0.35564224718097603
1146	0.7746737679897678
1147	0.7746737679897678
1148	0.7746737679897678
1149	0.9700865286840229
1150	0.9700865286840229
1151	0.6847441268372402
1152	0.6847441268372402
1153	0.3542634566365022
1154	0.3542634566365022
1155	0.36379265623134516
1156	0.27001145473608024
1157	0.1
1158	0.37261132236064864
1159	0.37261132236064864
1160	0.1
1161	0.1
1162	0.1
1163	0.16882551051140765
1164	0.16882551051140765
1165	0.29294513017047985
1166	0.438675401591666
1167	0.438675401591666
1168	0.1
1169	0.1
1170	0.1160552538305572
1171	0.1160552538305572
1172	0.1160552538305572
1173	0.1160552538305572
1174	0.1160552538305572
1175	0.16381114508473799
1176	0.16381114508473799
1177	0.16381114508473799
1178	0.16381114508473799
1179	0.16381114508473799
1180	0.26728493807943815
1181	0.26728493807943815
1182	0.5239753685016761
1183	0.7940431385302611
1184	0.7940431385302611
1185	0.7940431385302611
1186	0.18018032470262935
1187	1.1803359168362226
1188	0.8211694945461487
1189	0.5384715409573184
1190	0.1
1191	0.1
1192	0.1
1193	0.1
1194	0.33121129410615757
1195	0.18752538384040376
1196	0.5250606745770644
1197	0.7396870651659908
1198	1.0778127733516147
1199	1.0778127733516147
1200	1.0778127733516147
1201	0.49174938191402773
1202	0.49174938191402773
1203	0.49174938191402773
1204	1.3846260162302233
1205	1.2715111233664296
1206	1.2715111233664296
1207	1.2715111233664296
1208	1.2715111233664296
1209	0.41449179203313363
1210	0.41449179203313363
1211	0.741293003101613
1212	0.741293003101613
1213	0.741293003101613
1214	0.741293003101613
1215	0.741293003101613
1216	0.4820763123784504
1217	0.4820763123784504
1218	0.4549232839866728
1219	0.5384344223445707
1220	0.5384344223445707
1221	0.5384344223445707
1222	1.683758588858263
1223	1.683758588858263
1224	1.7161308618876343
1225	1.7161308618876343
1226	1.7161308618876343
1227	1.7161308618876343
1228	1.7161308618876343
1229	0.1
1230	0.1
1231	0.1
1232	0.1
1233	0.1
1234	0.1
1235	0.1
1236	0.1
1237	0.1
1238	0.9366225876885722
1239	0.9366225876885722
1240	0.1
1241	1.4011726885225386
1242	1.4011726885225386
1243	1.4011726885225386
1244	1.4011726885225386
1245	1.4011726885225386
1246	0.8271972024568545
1247	0.1
1248	0.1
1249	1.5143264058226258
1250	0.3726402240471195
1251	0.3726402240471195
1252	0.3726402240471195
1253	0.3726402240471195
1254	0.3827917545485456
1255	0.3827917545485456
1256	0.59769610650765
1257	0.59769610650765
1258	0.6530419680053262
1259	0.6530419680053262
1260	0.15476793346261614
1261	0.5199549403252964
1262	0.412137837586405
1263	0.412137837586405
1264	0.412137837586405
1265	0.412137837586405
1266	0.1
1267	0.9540252804220546
1268	0.9540252804220546
1269	0.9540252804220546
1270	0.8298560140022638
1271	0.8298560140022638
1272	0.30824563749590406
1273	1.2022771365889937
1274	1.2022771365889937
1275	1.2022771365889937
1276	0.1
1277	0.1
1278	0.1
1279	0.5465907494345263
1280	0.5465907494345263
1281	0.40636381029920465
1282	1.4183379750418093
1283	1.4183379750418093
1284	0.65855106194929
1285	0.24861044269752
1286	0.24861044269752
1287	0.2139880279788937
1288	0.2139880279788937
1289	0.552762338549656
1290	0.552762338549656
1291	0.1
1292	0.1
1293	0.13994361777022152
1294	0.13994361777022152
1295	0.13994361777022152
1296	0.13994361777022152
1297	0.13994361777022152
1298	0.34822219523474923
1299	0.34822219523474923
1300	0.34822219523474923
1301	0.8686199057303096
1302	0.8686199057303096
1303	1.3594684758348414
1304	0.9764495310581597
1305	0.9764495310581597
1306	0.9764495310581597
1307	0.9764495310581597
1308	1.565856313189944
1309	1.565856313189944
1310	1.352212176660451
1311	1.352212176660451
1312	1.352212176660451
1313	1.7521810996240914
1314	1.7521810996240914
1315	1.7521810996240914
1316	1.7521810996240914
1317	0.6957386117469029
1318	0.6957386117469029
1319	0.6957386117469029
1320	0.6957386117469029
1321	0.11223502389586026
1322	1.167316207892875
1323	1.2918420221812674
1324	1.2918420221812674
1325	1.2918420221812674
1326	1.4096030759651519
1327	1.4096030759651519
1328	0.8143432383571303
1329	0.6144682866289881
1330	0.6144682866289881
1331	1.4688579703883078
1332	1.4688579703883078
1333	0.49734300805431514
1334	0.49734300805431514
1335	0.4078324313069642
1336	0.1
1337	0.5328967054367547
1338	0.1
1339	1.0354021364684847
1340	0.1
1341	0.1
1342	0.1
1343	0.4615921415749291
1344	1.196893233826812
1345	1.196893233826812
1346	0.1
1347	0.1
1348	0.1
1349	0.1088163623456504
1350	0.1088163623456504
1351	0.8011468862435259
1352	0.8011468862435259
1353	0.7744120298116334
1354	0.48375500942919364
1355	0.48375500942919364
1356	1.4727533903870982
1357	1.155208577779672
1358	1.155208577779672
1359	0.1
1360	0.1
1361	0.1
1362	0.1
1363	0.7748457691773293
1364	0.5188675607893297
1365	0.5188675607893297
1366	1.4708666661419565
1367	1.6439414854495076
1368	0.2347497603756148
1369	0.7071150821877862
1370	1.1296099836249587
1371	0.695088261468449
1372	0.695088261468449
1373	0.2881337900514224
1374	0.2881337900514224
1375	0.3028592543157618
1376	0.3028592543157618
1377	0.3028592543157618
1378	0.3028592543157618
1379	0.3028592543157618
1380	0.6023510544267592
1381	0.6023510544267592
1382	0.6023510544267592
1383	0.6023510544267592
1384	0.6023510544267592
1385	1.3018604370815856
1386	1.0512533863179518
1387	0.9313033184464609
1388	0.9313033184464609
1389	0.9313033184464609
1390	1.413890758042922
1391	1.413890758042922
1392	1.446536017499923
1393	1.446536017499923
1394	0.18513442797890678
1395	0.18513442797890678
1396	0.18513442797890678
1397	0.4735199243130052
1398	1.437128708995068
1399	1.437128708995068
1400	1.437128708995068
1401	0.39861011643042565
1402	0.637183570556756
1403	0.637183570556756
1404	0.637183570556756
1405	0.637183570556756
1406	0.5930619697511084
1407	0.5930619697511084
1408	0.5930619697511084
1409	0.5930619697511084
1410	0.5930619697511084
1411	0.2832235253937363
1412	0.5533969057417918
1413	0.5533969057417918
1414	0.5533969057417918
1415	0.5533969057417918
1416	0.5533969057417918
1417	0.47169796537938014
1418	0.2627939694581798
1419	0.2627939694581798
1420	0.2627939694581798
1421	0.1
1422	0.1
1423	0.40380928616537864
1424	0.2902851092068606
1425	0.2902851092068606
1426	0.2902851092068606
1427	0.23247097915379256
1428	0.30642662740537985
1429	1.1186702614619506
1430	1.1186702614619506
1431	1.7417242927786603
1432	0.6686880519439253
1433	0.6686880519439253
1434	0.6686880519439253
1435	0.6686880519439253
1436	0.5745593786488478
1437	1.0632928450371244
1438	1.0632928450371244
1439	1.0632928450371244
1440	0.2632788832761342
1441	0.2632788832761342
1442	0.4463741328824111
1443	0.4463741328824111
1444	0.4463741328824111
1445	0.4463741328824111
1446	0.535049694791923
1447	0.535049694791923
1448	0.2820208076551518
1449	0.22177541498347345
1450	0.22177541498347345
1451	0.22177541498347345
1452	0.22177541498347345
1453	0.2577050327696565
1454	0.2577050327696565
1455	1.0095475101072755
1456	1.0095475101072755
1457	1.0095475101072755
1458	1.0095475101072755
1459	0.394706729719577
1460	0.394706729719577
1461	0.8490043740491336
1462	0.7384492181773783
1463	0.443484272170913
1464	0.443484272170913
1465	0.443484272170913
1466	0.443484272170913
1467	0.443484272170913
1468	1.9511251573529194
1469	0.6872983962813805
1470	0.6872983962813805
1471	0.6872983962813805
1472	0.6872983962813805
1473	0.6872983962813805
1474	1.4017470555712346
1475	1.2525376371265424
1476	0.6597508226448736
1477	1.2479901511475238
1478	1.2479901511475238
1479	1.2479901511475238
1480	0.6268379915164951
1481	0.6268379915164951
1482	0.6268379915164951
1483	0.6268379915164951
1484	0.6268379915164951
1485	0.1905544087857965
1486	0.1905544087857965
1487	0.1905544087857965
1488	0.1905544087857965
1489	0.1905544087857965
1490	0.312749727855343
1491	0.312749727855343
1492	0.45462305246984225
1493	0.4435726614250505
1494	0.4435726614250505
1495	0.3532813293622018
1496	0.6705011276206292
1497	0.6705011276206292
1498	0.6705011276206292
1499	1.333805113357667
1500	1.333805113357667
1501	1.333805113357667
1502	0.369384343209762
1503	0.369384343209762
1504	0.2646567520484395
1505	0.6424784040562841
1506	0.6424784040562841
1507	0.6424784040562841
1508	0.8260031504190606
1509	0.8260031504190606
1510	0.8260031504190606
1511	0.1
1512	0.6698385585074167
1513	0.1
1514	0.16985500458374053
1515	0.16985500458374053
1516	0.16985500458374053
1517	0.16985500458374053
1518	0.16985500458374053
1519	1.4151869706670488
1520	1.4151869706670488
1521	0.9125938542409331
1522	0.9125938542409331
1523	0.9677410218587575
1524	0.9677410218587575
1525	2.3259912420581186
1526	2.3259912420581186
1527	2.3259912420581186
1528	2.3259912420581186
1529	1.0943070058450328
1530	1.1497040295459424
1531	1.4900087430905522
1532	0.2685488507613183
1533	1.6822330121976405
1534	1.292202370089697
1535	1.292202370089697
1536	1.14912262355841
1537	1.14912262355841
1538	1.14912262355841
1539	0.28338765378777764
1540	0.5651275517369582
1541	0.5614835843849777
1542	0.8727409000803035
1543	0.8727409000803035
1544	0.8727409000803035
1545	0.7153048392031273
1546	0.8970307360093849
1547	0.8970307360093849
1548	1.0208610860479281
1549	1.3963167885312546
1550	1.3963167885312546
1551	1.3963167885312546
1552	1.0271517569356579
1553	0.7838120414574873
1554	0.6385018808265527
1555	0.33842101673712777
1556	0.33842101673712777
1557	0.33842101673712777
1558	0.46499823664193396
1559	0.46499823664193396
1560	0.4720882170748798
1561	0.8619509870057263
1562	0.8619509870057263
1563	0.8619509870057263
1564	0.8619509870057263
1565	1.071992241361909
1566	0.6630326496163657
1567	0.6630326496163657
1568	0.6630326496163657
1569	0.6630326496163657
1570	0.8403959727729048
1571	1.0644074913619712
1572	0.9460442969440693
1573	0.5740242870001544
1574	0.33554272670787655
1575	0.6944686373013261
1576	0.6944686373013261
1577	0.6944686373013261
1578	1.3487127882227234
1579	0.15270945795787444
1580	0.15270945795787444
1581	0.15270945795787444
1582	0.5244454460148102
1583	0.5244454460148102
1584	0.37240743929154796
1585	0.4278696775153028
1586	0.7538651035903294
1587	0.7538651035903294
1588	0.7538651035903294
1589	0.182001860394568
1590	0.21550381837203808
1591	0.21550381837203808
1592	0.5713532016372581
1593	0.5713532016372581
1594	0.29481413631166775
1595	0.29481413631166775
1596	0.5443654319356442
1597	0.5443654319356442
1598	0.5443654319356442
1599	0.5134224200206194
1600	0.5134224200206194
1601	0.42643213645228706
1602	0.42643213645228706
1603	0.42643213645228706
1604	1.1947253509574713
1605	2.537199791973062
1606	1.7716606501222552
1607	1.7716606501222552
1608	1.7716606501222552
1609	1.7716606501222552
1610	1.7716606501222552
1611	0.49811858322972447
1612	0.6231325997457714
1613	0.6231325997457714
1614	0.5622166921455664
1615	0.5622166921455664
1616	0.11331766825296885
1617	0.11331766825296885
1618	0.28846720538682846
1619	0.3222096984243914
1620	0.7490631672730923
1621	0.7490631672730923
1622	0.7490631672730923
1623	0.7490631672730923
1624	0.7490631672730923
1625	1.4248255650010906
1626	1.4248255650010906
1627	1.4248255650010906
1628	1.4248255650010906
1629	1.1093340994135512
1630	1.1093340994135512
1631	1.1093340994135512
1632	1.1093340994135512
1633	1.3590286424067017
1634	1.3590286424067017
1635	1.70992588350087
1636	2.2179802420871404
1637	2.2179802420871404
1638	2.2179802420871404
1639	2.2179802420871404
1640	2.021061762325448
1641	2.021061762325448
1642	0.8045104639849547
1643	0.601068674699756
1644	0.601068674699756
1645	0.9575811834076375
1646	0.9575811834076375
1647	0.9575811834076375
1648	1.2481032281400815
1649	0.4053172990425141
1650	1.7900167062414416
1651	0.6723075283090759
1652	0.6723075283090759
1653	0.6723075283090759
1654	0.23454587149464515
1655	0.23454587149464515
1656	0.23454587149464515
1657	0.23454587149464515
1658	0.1
1659	0.1
1660	0.6965556909048235
1661	1.0735886719034538
1662	1.0735886719034538
1663	1.0735886719034538
1664	1.0735886719034538
1665	1.0735886719034538
1666	1.2614154935920283
1667	1.2614154935920283
1668	0.9667297500811319
1669	1.4199159484865582
1670	1.4199159484865582
1671	0.8074352280899839
1672	1.1940535683361335
1673	1.1940535683361335
1674	1.1940535683361335
1675	0.9833824596355163
1676	1.0472002736336843
1677	0.6932040564061869
1678	0.5267756158435826
1679	0.1
1680	0.1
1681	0.6365441058948518
1682	0.6365441058948518
1683	0.6365441058948518
1684	0.6365441058948518
1685	0.6365441058948518
1686	1.3276188127768793
1687	1.3276188127768793
1688	1.571220622336749
1689	0.3970361354614931
1690	0.3970361354614931
1691	0.9851870111582244
1692	0.9998292597557977
1693	0.5108839677164804
1694	1.9274326498278667
1695	1.9274326498278667
1696	1.9274326498278667
1697	1.6695498392726649
1698	1.6695498392726649
1699	0.7661855025708864
1700	0.7661855025708864
1701	0.1713754548846717
1702	0.1713754548846717
