0	1.0172156395838252
1	1.0172156395838252
2	1.0479362009553026
3	1.098517988638255
4	1.5894783189113582
5	1.8234710108222223
6	1.7633134325179354
7	1.7633134325179354
8	1.4485661266976233
9	1.7770481378119058
10	1.3961016755792288
11	1.3961016755792288
12	1.3961016755792288
13	1.0303524138245477
14	1.0303524138245477
15	1.260310604098178
16	1.657636264861047
17	1.657636264861047
18	1.657636264861047
19	1.657636264861047
20	1.7311117978982427
21	1.3339773204807337
22	1.3339773204807337
23	1.313734711310762
24	0.972894755400559
25	0.972894755400559
26	0.972894755400559
27	0.972894755400559
28	1.3396744814004236
29	1.3396744814004236
30	1.3396744814004236
31	1.3607574780423661
32	1.8109505021125152
33	1.8109505021125152
34	1.8109505021125152
35	1.8109505021125152
36	1.4834632981685596
37	1.078137174767414
38	1.078137174767414
39	1.0031754410089253
40	1.2812729074854963
41	1.2812729074854963
42	1.2812729074854963
43	1.2812729074854963
44	1.3440557571379372
45	1.7539739645710497
46	1.7539739645710497
47	1.7539739645710497
48	1.7539739645710497
49	1.6888040365036316
50	0.9645438914847436
51	0.9589664894980414
52	0.9589664894980414
53	0.9589664894980414
54	0.9589664894980414
55	0.7616016440439263
56	1.397626163025162
57	1.6241076980782507
58	1.2585260839405676
59	1.7591724391426673
60	1.2374600736062376
61	1.2374600736062376
62	1.2374600736062376
63	1.6533740854022339
64	1.745730872606161
65	1.745730872606161
66	1.745730872606161
67	1.745730872606161
68	1.6891211822525927
69	1.6891211822525927
70	1.6891211822525927
71	3.0612203679147414
72	1.4050388119885138
73	1.4050388119885138
74	1.4050388119885138
75	1.4050388119885138
76	1.4050855766323687
77	1.205918423371588
78	1.205918423371588
79	1.8260672666038595
80	1.8260672666038595
81	1.8260672666038595
82	1.8260672666038595
83	2.4961440327696898
84	2.4961440327696898
85	2.4961440327696898
86	2.4961440327696898
87	2.0765522422865224
88	1.9027440875882191
89	1.017087562524949
90	1.017087562524949
91	1.4461382350868157
92	1.4461382350868157
93	1.4461382350868157
94	1.4461382350868157
95	2.199101751024038
96	1.6226084701721086
97	2.647305194089565
98	2.432265892699804
99	2.5816895062671366
100	2.5816895062671366
101	2.5816895062671366
102	1.7508915589985332
103	2.290884135092555
104	2.284630045047821
105	2.284630045047821
106	2.2952997537779174
107	2.2952997537779174
108	1.4274490519832463
109	1.955355613286041
110	1.6300223715223634
111	1.0952294933450846
112	1.4027771347608964
113	2.0018274511674488
114	1.1984968204283162
115	1.772265431469454
116	1.772265431469454
117	1.772265431469454
118	1.772265431469454
119	1.1484854953124457
120	1.1484854953124457
121	1.1484854953124457
122	1.8431810408069151
123	1.8431810408069151
124	1.4829613966541952
125	2.3955746600116843
126	1.560402649465567
127	1.7233689582035068
128	1.7233689582035068
129	1.8422410542231782
130	1.8422410542231782
131	1.7899972991952489
132	1.7899972991952489
133	1.7899972991952489
134	1.7899972991952489
135	2.43531084931301
136	2.43531084931301
137	2.43531084931301
138	2.43531084931301
139	2.137682635630502
140	1.9373671653164217
141	1.9373671653164217
142	1.9373671653164217
143	2.4791566702596013
144	2.4791566702596013
145	1.815241754010994
146	1.7056784020632945
147	1.5828106644977307
148	1.8081518742826608
149	1.7837525523345208
150	1.7837525523345208
151	2.1762406905621035
152	1.8445578902321245
153	1.6308977066317
154	1.8785937553849148
155	1.6656824195563522
156	1.6656824195563522
157	1.6656824195563522
158	1.6656824195563522
159	2.0513646704547566
160	0.8898405244803742
161	1.1772729222101528
162	1.2981890653977795
163	1.2981890653977795
164	1.2981890653977795
165	1.2981890653977795
166	1.4377018395832755
167	1.4377018395832755
168	1.3631115754572363
169	1.3631115754572363
170	1.8338391665199518
171	0.8525046785429414
172	0.9245151733833904
173	0.7603917261418992
174	0.7603917261418992
175	2.4635961419551053
176	2.134044597101948
177	1.7262749231590562
178	1.6647640308762035
179	1.6647640308762035
180	1.1649038816954076
181	1.1649038816954076
182	0.9807993375692862
183	1.3260804899901144
184	1.2452309326934723
185	1.2452309326934723
186	1.6078008770475376
187	1.6078008770475376
188	1.6078008770475376
189	1.9224751818718653
190	1.9224751818718653
191	1.8883863189771453
192	1.7515288702108056
193	1.7515288702108056
194	1.7515288702108056
195	1.722536566124308
196	1.427012931665846
197	1.5021202984217972
198	1.5021202984217972
199	1.5021202984217972
200	1.306152444598007
201	1.9148993093915054
202	1.9148993093915054
203	1.9148993093915054
204	1.6037568320125133
205	1.6037568320125133
206	1.246608942033222
207	0.7672011737296685
208	1.0368746120808088
209	0.9893729550910935
210	0.9893729550910935
211	0.9893729550910935
212	0.9893729550910935
213	0.45291504532653526
214	0.45291504532653526
215	0.45291504532653526
216	0.45291504532653526
217	1.3899690438697785
218	0.33463650571459735
219	1.0709675420343232
220	1.0709675420343232
221	1.0709675420343232
222	1.0709675420343232
223	1.5941407755376067
224	1.5941407755376067
225	1.5941407755376067
226	1.7378402373054331
227	2.4133573284397936
228	1.4881317890193893
229	1.700578979413241
230	1.700578979413241
231	1.700578979413241
232	1.5072497788052368
233	2.505720579531589
234	1.2957616269428633
235	1.2957616269428633
236	2.054084801653983
237	1.9368859546072354
238	1.9368859546072354
239	1.9368859546072354
240	1.4285046299611455
241	1.4285046299611455
242	1.9132470637440484
243	1.6514327106826798
244	0.9069859556454218
245	1.1538625954222672
246	1.4724961347181025
247	1.301975324304014
248	2.4184414030660912
249	1.5330676338554359
250	1.468812928961719
251	0.9007293321063087
252	1.6796026737672187
253	1.0622322324739293
254	1.6621078455300837
255	1.534488330015332
256	1.6814020589141494
257	1.6814020589141494
258	1.6814020589141494
259	2.023380286633121
260	2.023380286633121
261	1.263537541704418
262	1.9233035506399472
263	2.3796221817466714
264	2.3796221817466714
265	2.8129016088093524
266	2.8129016088093524
267	2.8129016088093524
268	1.8905985627846589
269	1.928268097559815
270	1.928268097559815
271	2.3923227090573094
272	2.3923227090573094
273	2.3923227090573094
274	1.4274626694507004
275	0.8014695867406919
276	0.8014695867406919
277	1.082660916467169
278	1.082660916467169
279	1.2467757392652292
280	1.2467757392652292
281	1.2467757392652292
282	1.2467757392652292
283	1.357615139740386
284	1.357615139740386
285	1.357615139740386
286	1.357615139740386
287	1.627433901276312
288	1.3921541465606821
289	1.318915409932718
290	1.1355124106973298
291	1.1355124106973298
292	1.1355124106973298
293	1.3263552457581451
294	1.628894767562123
295	1.628894767562123
296	1.628894767562123
297	1.628894767562123
298	1.179335819752049
299	1.179335819752049
300	1.179335819752049
301	1.179335819752049
302	1.241112201561008
303	1.241112201561008
304	1.5274514362002902
305	1.5274514362002902
306	2.012641438443805
307	1.8641963692975485
308	1.3679831672403633
309	1.3679831672403633
310	1.3679831672403633
311	1.3561813821133224
312	1.3561813821133224
313	1.3561813821133224
314	1.4586316803483415
315	1.4586316803483415
316	1.4586316803483415
317	1.495117411223257
318	1.495117411223257
319	1.495117411223257
320	1.4682658502329422
321	1.4682658502329422
322	1.5657841320116936
323	2.3182416134704615
324	2.3182416134704615
325	2.3182416134704615
326	1.6660763026605514
327	1.6660763026605514
328	1.6660763026605514
329	1.6660763026605514
330	1.296341218505798
331	1.296341218505798
332	1.085106130305347
333	1.085106130305347
334	1.085106130305347
335	1.7380317630355653
336	1.6778132865224178
337	1.6778132865224178
338	1.7441215426204089
339	1.7441215426204089
340	1.7441215426204089
341	1.7203726765784308
342	2.03976710384018
343	2.03976710384018
344	2.03976710384018
345	2.03976710384018
346	1.36266230093727
347	1.9347220938637009
348	2.1768494906946354
349	2.1768494906946354
350	2.1768494906946354
351	2.539350836386153
352	2.539350836386153
353	1.3614177645183805
354	1.3614177645183805
355	2.9383793577706583
356	1.169788898520148
357	1.169788898520148
358	1.169788898520148
359	1.087602859252686
360	1.5562839046088397
361	0.49195258274678055
362	0.49195258274678055
363	0.49195258274678055
364	1.2381166165580402
365	1.2381166165580402
366	1.8490730380751463
367	1.8490730380751463
368	1.8591212171615101
369	1.4525942052228031
370	1.4525942052228031
371	1.0827774441270104
372	1.0827774441270104
373	1.0827774441270104
374	1.0827774441270104
375	1.4762212038934515
376	1.8841599618978242
377	1.8841599618978242
378	1.8841599618978242
379	1.409066062188188
380	1.1607149986057759
381	1.8863958719932115
382	1.8863958719932115
383	3.230162392477852
384	3.230162392477852
385	1.1766167410871562
386	1.115947685030135
387	0.9390188466146786
388	0.9390188466146786
389	0.6428376327358543
390	0.6428376327358543
391	1.0793399680893665
392	1.6458330963217997
393	1.4853514644900323
394	1.3251132643706793
395	1.6750511015107408
396	0.9934258343827922
397	0.9934258343827922
398	0.9934258343827922
399	1.3594017634256161
400	1.3594017634256161
401	1.6907850235351438
402	2.0779168608212273
403	2.0779168608212273
404	2.112345657331119
405	2.112345657331119
406	2.0666088573116466
407	1.8804966628210635
408	1.2200632547460626
409	1.2200632547460626
410	1.6101624155324805
411	1.572409876326528
412	1.572409876326528
413	2.150195453985934
414	2.150195453985934
415	2.467843260017322
416	2.354795591769144
417	1.6039863962045346
418	1.6039863962045346
419	1.6253573212906418
420	1.2484244392508281
421	1.2484244392508281
422	2.2391547596641836
423	2.2391547596641836
424	2.2391547596641836
425	2.2391547596641836
426	0.922907482885267
427	0.922907482885267
428	0.922907482885267
429	0.922907482885267
430	1.7737402237236823
431	1.7737402237236823
432	2.0061642767903547
433	2.0061642767903547
434	2.0061642767903547
435	2.0061642767903547
436	1.3592380218950981
437	1.3592380218950981
438	1.7341789209544118
439	1.7092452597985024
440	2.374824337188855
441	2.374824337188855
442	2.374824337188855
443	1.6809704760436126
444	1.6809704760436126
445	1.6809704760436126
446	1.3787064090261194
447	2.4658676186240496
448	2.4658676186240496
449	2.4658676186240496
450	2.3528333741622967
451	2.3528333741622967
452	2.1299388938155026
453	2.1299388938155026
454	1.3066085888196457
455	1.658569522360752
456	1.658569522360752
457	1.4927985052759447
458	1.4050341032523836
459	1.7710674589125668
460	1.7710674589125668
461	1.7710674589125668
462	1.7710674589125668
463	0.7500286307299548
464	0.7500286307299548
465	0.9200045595794869
466	0.9200045595794869
467	1.5772954375989887
468	1.5772954375989887
469	1.4103249053705864
470	1.5329803986069468
471	2.777631640658638
472	2.777631640658638
473	2.777631640658638
474	1.8129061267800122
475	1.4279668028323158
476	1.4279668028323158
477	1.6366017296959374
478	1.6366017296959374
479	2.1586622181480237
480	2.1586622181480237
481	1.6204058387569031
482	1.8836271781158884
483	1.0208782443377786
484	1.0208782443377786
485	1.0208782443377786
486	1.3200163321534581
487	1.3200163321534581
488	1.3200163321534581
489	1.3200163321534581
490	1.3473602195760654
491	1.3473602195760654
492	1.3473602195760654
493	1.1046628566201426
494	1.1046628566201426
495	1.1046628566201426
496	1.2412605048598178
497	1.2412605048598178
498	1.2412605048598178
499	1.170107161804433
500	1.170107161804433
501	1.170107161804433
502	1.170107161804433
503	0.9427097331803502
504	0.9427097331803502
505	0.9427097331803502
506	0.9427097331803502
507	1.1393979419273321
508	1.1393979419273321
509	1.1393979419273321
510	0.8857536830811577
511	1.813338780539535
512	1.813338780539535
513	1.1871441650538475
514	1.1871441650538475
515	2.2441702188393644
516	2.2441702188393644
517	2.2441702188393644
518	2.2441702188393644
519	1.7231869372294022
520	1.7231869372294022
521	1.7231869372294022
522	1.9330532321573635
523	1.9330532321573635
524	1.9330532321573635
525	1.9330532321573635
526	1.007759966191907
527	1.007759966191907
528	1.1428689136488512
529	1.1428689136488512
530	2.1341687143520143
531	1.5508223893643456
532	1.6564167232585385
533	1.6564167232585385
534	1.6564167232585385
535	1.5855838556582567
536	1.6583024442445273
537	1.6583024442445273
538	1.6583024442445273
539	2.2701184182883574
540	2.2701184182883574
541	2.2701184182883574
542	2.2701184182883574
543	1.436533762894216
544	1.436533762894216
545	1.436533762894216
546	2.4464568821884427
547	2.219752180651563
548	2.219752180651563
549	2.219752180651563
550	2.6337670943570015
551	2.6337670943570015
552	1.9150780945526515
553	1.9150780945526515
554	2.2212980979711965
555	2.2212980979711965
556	2.2212980979711965
557	2.2212980979711965
558	1.36147877018781
559	2.0208050175688372
560	1.3063703866755556
561	0.9445561576159949
562	1.3362339333080764
563	1.3362339333080764
564	1.3362339333080764
565	1.3550717104194479
566	1.3550717104194479
567	1.285501155168564
568	2.093155937578763
569	1.2833036118404406
570	1.2833036118404406
571	1.5656238323166347
572	1.3687614897083669
573	1.4727203406359761
574	1.4727203406359761
575	2.1122406332749213
576	2.1122406332749213
577	2.1122406332749213
578	2.1122406332749213
579	1.2514492231976548
580	1.0069184494701409
581	1.5694975785312595
582	1.5694975785312595
583	1.5694975785312595
584	1.5694975785312595
585	1.3130163192227517
586	1.0276274142568558
587	1.0276274142568558
588	1.0276274142568558
589	1.0276274142568558
590	1.3297266639183118
591	1.3297266639183118
592	1.3297266639183118
593	1.3297266639183118
594	1.2895560480958999
595	1.1180794247439048
596	1.4133280688758765
597	1.5351900444996236
598	1.5351900444996236
599	1.5351900444996236
600	1.5351900444996236
601	1.3731918692927962
602	2.4070618846050498
603	2.4070618846050498
604	1.7750756836595762
605	1.0342592458288913
606	1.0657695839954797
607	1.0657695839954797
608	2.1865056965970764
609	2.8335792342872197
610	2.055427738148636
611	2.055427738148636
612	2.055427738148636
613	2.1827375860086007
614	2.1827375860086007
615	2.398047396373355
616	2.398047396373355
617	2.2928070795115385
618	2.2928070795115385
619	1.7154031333084576
620	1.7154031333084576
621	1.7154031333084576
622	1.4658117136193862
623	1.6392649116961096
624	1.7397701517626203
625	1.7397701517626203
626	1.7397701517626203
627	1.165236752606779
628	1.5640169318073744
629	1.1691004294743452
630	1.1691004294743452
631	1.1691004294743452
632	1.1691004294743452
633	1.216459514724682
634	0.5024954058035912
635	0.5024954058035912
636	0.5024954058035912
637	0.5024954058035912
638	1.3661857875310885
639	1.3661857875310885
640	1.3661857875310885
641	1.042078611028015
642	1.042078611028015
643	1.042078611028015
644	1.042078611028015
645	2.037201171317373
646	1.390716843071452
647	1.390716843071452
648	1.3505076041387558
649	1.3505076041387558
650	1.3505076041387558
651	1.3505076041387558
652	1.2579654314147146
653	1.2579654314147146
654	1.2579654314147146
655	1.7107095505487433
656	0.8093822000203283
657	1.6706172168780244
658	1.6706172168780244
659	1.6706172168780244
660	1.6706172168780244
661	1.540117915551652
662	1.787174446128175
663	1.075915418794686
664	1.075915418794686
665	1.075915418794686
666	1.075915418794686
667	1.4567390006668053
668	1.4567390006668053
669	0.9621242845832209
670	0.8471097645726462
671	0.8471097645726462
672	0.8471097645726462
673	0.8471097645726462
674	1.7514551425005114
675	1.7514551425005114
676	1.7514551425005114
677	1.7514551425005114
678	1.2649358968706454
679	1.2649358968706454
680	1.4566322046398492
681	1.4566322046398492
682	1.4566322046398492
683	0.9847589585045828
684	0.9119080686222316
685	0.9119080686222316
686	1.4570695900573805
687	1.2986238554562155
688	1.2986238554562155
689	1.5381984311520782
690	1.6767358516830961
691	2.4790735445941245
692	0.7303734787018331
693	0.7303734787018331
694	2.0401474026583646
695	2.0401474026583646
696	2.0401474026583646
697	1.9551293696732528
698	1.9551293696732528
699	1.823846448139997
700	1.823846448139997
701	1.823846448139997
702	1.823846448139997
703	0.9497827208812417
704	1.8076706413312489
705	1.8076706413312489
706	1.5672073536599356
707	1.5672073536599356
708	1.5672073536599356
709	1.6718955060229206
710	1.3945825714386997
711	1.030675987898424
712	1.030675987898424
713	1.030675987898424
714	0.9525718601252552
715	1.4389233272217035
716	2.4227565930341486
717	1.4054744095414327
718	1.5425870531209573
719	1.5425870531209573
720	1.282421173098993
721	1.9947306396677216
722	1.9947306396677216
723	1.9947306396677216
724	0.7945448669714108
725	0.7945448669714108
726	1.599260734545313
727	1.805479211913274
728	1.805479211913274
729	1.9797377510692047
730	1.9797377510692047
731	1.9797377510692047
732	1.9797377510692047
733	1.5845261895553622
734	1.807483893974659
735	1.807483893974659
736	2.5177263606394495
737	2.5177263606394495
738	2.5177263606394495
739	2.5177263606394495
740	1.348638077011267
741	1.4108324034181479
742	2.429600492415575
743	2.429600492415575
744	2.429600492415575
745	2.429600492415575
746	1.9192981135864773
747	1.0814120173603852
748	0.8843558547869204
749	1.4135007011256664
750	1.141852690972129
751	1.4002695873320694
752	1.4002695873320694
753	1.4002695873320694
754	1.6524903777309423
755	1.8107478781981259
756	1.3055333414633545
757	1.0259360059718552
758	1.0259360059718552
759	1.3203998193661486
760	1.3203998193661486
761	1.3203998193661486
762	1.2078222730556396
763	1.3126406776835202
764	1.3126406776835202
765	1.7080106660496317
766	1.7080106660496317
767	1.3527797964970023
768	1.3905669472181121
769	1.221569577312205
770	1.221569577312205
771	1.221569577312205
772	1.434495475925191
773	1.4343116228406116
774	1.6797751151488736
775	1.1972514322941328
776	1.697387190880284
777	1.697387190880284
778	2.2786097322270686
779	2.2786097322270686
780	1.2957691853486326
781	1.2957691853486326
782	1.2957691853486326
783	2.099183394951839
784	1.0899784256585165
785	1.0899784256585165
786	1.0899784256585165
787	1.8904256891710922
788	1.8904256891710922
789	1.8904256891710922
790	2.031748565302921
791	2.031748565302921
792	1.3250721168370865
793	1.3250721168370865
794	1.2551757636197216
795	1.2551757636197216
796	1.2551757636197216
797	2.292922191009624
798	1.5455906043088348
799	1.6002272902562298
800	1.6002272902562298
801	1.887780343888102
802	1.9618316332157175
803	1.9618316332157175
804	1.9618316332157175
805	1.9618316332157175
806	1.9878868041521074
807	1.9878868041521074
808	1.90287476529886
809	1.7334607429373248
810	1.7334607429373248
811	2.9484434766683334
812	1.1700512224304533
813	1.1700512224304533
814	1.1700512224304533
815	1.1700512224304533
816	1.4466698101697255
817	1.2969937441501809
818	1.2969937441501809
819	1.2969937441501809
820	1.4535673825159585
821	1.2497730961565934
822	1.5234393368639079
823	0.9885026478079382
824	0.9885026478079382
825	0.9885026478079382
826	2.1266843912993654
827	2.1266843912993654
828	1.3128100974971015
829	1.3128100974971015
830	1.3128100974971015
831	1.3128100974971015
832	1.5387319979505156
833	1.319628668213236
834	1.319628668213236
835	1.406149355300148
836	1.406149355300148
837	1.406149355300148
838	1.1836135955847464
839	1.1836135955847464
840	0.9688523738084818
841	1.27544005986266
842	1.27544005986266
843	1.27544005986266
844	1.1633405502168466
845	1.33550934084899
846	0.9968494259447895
847	1.8134046246804436
848	1.3730959797361388
849	1.2609001853826922
850	1.6267609257856923
851	1.6267609257856923
852	1.6267609257856923
853	1.2555763058131986
854	1.847472432155532
855	1.7489991802128733
856	1.05811835272367
857	1.05811835272367
858	1.05811835272367
859	1.05811835272367
860	1.0085995221364121
861	1.0085995221364121
862	1.0085995221364121
863	1.0085995221364121
864	1.782357299992874
865	1.1298821544963467
866	1.1298821544963467
867	1.1298821544963467
868	1.2217353523651382
869	1.3968778373753112
870	1.823050347870512
871	2.0966857527549108
872	1.5233989105509431
873	2.6000170505204028
874	1.2377315872660914
875	1.2377315872660914
876	1.2377315872660914
877	1.2377315872660914
878	1.3397190670211006
879	1.297484346667845
880	1.297484346667845
881	1.297484346667845
882	1.8922643779835622
883	1.345351075313546
884	1.345351075313546
885	2.0029600681002164
886	1.1777226153273368
887	2.5698598864081217
888	2.5698598864081217
889	2.2867888012883615
890	2.2867888012883615
891	2.1648695093132564
892	1.7688966660774872
893	1.8177886722848713
894	1.8177886722848713
895	1.3608215502697114
896	1.3608215502697114
897	1.3608215502697114
898	1.3608215502697114
899	1.4785852208707482
900	1.4193585081847837
901	1.4193585081847837
902	1.1983763397368352
903	1.1983763397368352
904	1.1983763397368352
905	1.1983763397368352
906	1.052251824591619
907	1.052251824591619
908	1.052251824591619
909	1.821136089566262
910	1.1581106854578842
911	1.4667261912652507
912	1.1391295666899377
913	1.1391295666899377
914	1.1391295666899377
915	1.77473214413626
916	1.076275638965648
917	1.878296373957471
918	1.878296373957471
919	1.878296373957471
920	1.878296373957471
921	1.522210449240363
922	1.5658731923923295
923	1.5658731923923295
924	1.5658731923923295
925	1.5658731923923295
926	1.820844394432266
927	1.8348807608735156
928	1.8348807608735156
929	1.8348807608735156
930	1.8348807608735156
931	1.4452632826707394
932	1.4452632826707394
933	1.025175504515563
934	1.025175504515563
935	1.8683382215213362
936	1.6806178703534438
937	1.767769696637617
938	0.8335959777538383
939	0.8335959777538383
940	1.1501875719685313
941	1.5858529917407933
942	1.5858529917407933
943	1.5858529917407933
944	1.1020018433663585
945	1.1020018433663585
946	1.6285961704317415
947	1.741046871234931
948	1.741046871234931
949	1.741046871234931
950	1.308604464178727
951	0.8576458544723311
952	0.8576458544723311
953	0.8576458544723311
954	0.8576458544723311
955	1.0297660871867458
956	1.046247263055673
957	1.36328606203994
958	1.4616428410134252
959	2.069141791587963
960	1.3121238181763955
961	1.2494514579536367
962	1.2494514579536367
963	1.2494514579536367
964	1.2494514579536367
965	2.3773303689187113
966	2.3773303689187113
967	2.3773303689187113
968	2.3773303689187113
969	2.1531342177106243
970	1.8406227019915353
971	1.8406227019915353
972	1.8406227019915353
973	1.7897931647034575
974	1.2025012212261805
975	1.2025012212261805
976	1.9097910891695333
977	1.9097910891695333
978	1.8074773955487324
979	1.8074773955487324
980	1.8074773955487324
981	1.8074773955487324
982	1.0405994090664072
983	1.456016075529565
984	1.456016075529565
985	1.1256685936597894
986	1.1256685936597894
987	0.7319543073177048
988	0.7319543073177048
989	0.7319543073177048
990	0.7319543073177048
991	1.0907267424740836
992	1.0907267424740836
993	1.9900578144100938
994	1.9900578144100938
995	1.9900578144100938
996	1.9900578144100938
997	1.1888375084040916
998	2.0881713973274127
999	2.0881713973274127
1000	2.0881713973274127
1001	2.0881713973274127
1002	1.9190739363379485
1003	1.9190739363379485
1004	1.9190739363379485
1005	1.8768544813196797
1006	1.8768544813196797
1007	1.8768544813196797
1008	1.531690635666941
1009	1.4063988190465446
1010	1.4063988190465446
1011	1.4063988190465446
1012	2.2669015696082107
1013	2.2669015696082107
1014	2.287497246000068
1015	2.014507559443381
1016	2.014507559443381
1017	2.014507559443381
1018	2.1388277107677607
1019	2.1388277107677607
1020	2.1388277107677607
1021	2.1388277107677607
1022	1.7869676120893823
1023	1.7869676120893823
1024	1.2771334659115534
1025	1.2771334659115534
1026	2.360459019772669
1027	1.7129825484791905
1028	1.6324478128472542
1029	1.6324478128472542
1030	1.6324478128472542
1031	1.703925338528806
1032	1.494448609391895
1033	1.2875640895338485
1034	1.2875640895338485
1035	1.5238022965995934
1036	1.7299612807561853
1037	1.7299612807561853
1038	2.28130426557532
1039	2.28130426557532
1040	2.075136628995068
1041	2.075136628995068
1042	2.075136628995068
1043	2.075136628995068
1044	1.1014487049696364
1045	1.1014487049696364
1046	1.8821797012510861
1047	1.8821797012510861
1048	1.2272657039875288
1049	1.2272657039875288
1050	1.2272657039875288
1051	1.5852172562239664
1052	1.4511589589294849
1053	1.4511589589294849
1054	1.4511589589294849
1055	1.4080211160454774
1056	2.079621090214858
1057	2.079621090214858
1058	2.079621090214858
1059	1.941427929699401
1060	1.941427929699401
1061	1.941427929699401
1062	1.941427929699401
1063	1.152645612666563
1064	1.152645612666563
1065	1.152645612666563
1066	1.080748196076421
1067	1.5762383046906363
1068	1.5762383046906363
1069	1.5762383046906363
1070	1.5762383046906363
1071	1.5189373964420392
1072	1.5189373964420392
1073	1.6802159194334614
1074	1.6802159194334614
1075	1.506093974020891
1076	1.506093974020891
1077	2.073714910727556
1078	1.2247178033541868
1079	1.2247178033541868
1080	1.3977169630221222
1081	1.3977169630221222
1082	1.1300148774156002
1083	1.1300148774156002
1084	0.9218531621878139
1085	0.9218531621878139
1086	2.1428897189078855
1087	1.5912674380697407
1088	1.5912674380697407
1089	1.5912674380697407
1090	1.6168359106486647
1091	1.8822162877580295
1092	1.8822162877580295
1093	1.8822162877580295
1094	1.8822162877580295
1095	1.6358146413675974
1096	1.6358146413675974
1097	1.6358146413675974
1098	1.6358146413675974
1099	1.3572493435926025
1100	1.3572493435926025
1101	1.5220209345036206
1102	1.5220209345036206
1103	1.5220209345036206
1104	1.5220209345036206
1105	1.8006272228373135
1106	1.8268650253200422
1107	1.4286578734644104
1108	1.434322343560067
1109	1.434322343560067
1110	1.1703006414138128
1111	1.1703006414138128
1112	1.497004448129853
1113	0.884968668081483
1114	2.1329487320584675
1115	2.1329487320584675
1116	1.6558896384882478
1117	1.6558896384882478
1118	1.6558896384882478
1119	1.6558896384882478
1120	2.7338710935910804
1121	2.7338710935910804
1122	2.7338710935910804
1123	2.7338710935910804
1124	1.531870283678236
1125	1.531870283678236
1126	1.531870283678236
1127	1.531870283678236
1128	2.072168551550331
1129	2.072168551550331
1130	2.1909284109958573
1131	2.2498733555590014
1132	2.2498733555590014
1133	1.1791667305182283
1134	1.6648102180758615
1135	1.6648102180758615
1136	1.6648102180758615
1137	0.9089351485207472
1138	0.6316379377526862
1139	0.6316379377526862
1140	1.059262250321591
1141	1.059262250321591
1142	1.059262250321591
1143	1.3011987107663137
1144	1.3011987107663137
1145	1.3652103627385688
1146	0.9071044226863914
1147	0.9071044226863914
1148	0.9071044226863914
1149	1.488588300592558
1150	1.488588300592558
1151	1.488588300592558
1152	1.5642011525366066
1153	1.5642011525366066
1154	1.4974589237171325
1155	1.4974589237171325
1156	1.4974589237171325
1157	1.1250187930399467
1158	1.1250187930399467
1159	1.2731606219752836
1160	1.2731606219752836
1161	0.9530233226757368
1162	1.1757864285899076
1163	1.1757864285899076
1164	1.1757864285899076
1165	1.8197067282857196
1166	1.9798720017656801
1167	1.9798720017656801
1168	1.9798720017656801
1169	1.9798720017656801
1170	2.3344726649208916
1171	1.645562035942283
1172	1.645562035942283
1173	1.0304238113080144
1174	1.0304238113080144
1175	1.0304238113080144
1176	1.485303076211963
1177	1.485303076211963
1178	2.7668999550300883
1179	2.0570943456693334
1180	2.0570943456693334
1181	2.0570943456693334
1182	2.0570943456693334
1183	2.7922903285947545
1184	2.7922903285947545
1185	1.792747498654653
1186	1.4479377216741347
1187	0.9625626300507666
1188	1.9366205282138576
1189	1.9366205282138576
1190	1.4988517222565685
1191	1.4988517222565685
1192	2.591232415651776
1193	1.8246245949755864
1194	1.8246245949755864
1195	2.017388557793625
1196	2.017388557793625
1197	2.2956109063662327
1198	2.2956109063662327
1199	2.2277832978605527
1200	2.2277832978605527
1201	2.0502055695818213
1202	1.6145880059490865
1203	1.6145880059490865
1204	1.2356927888929805
1205	1.2356927888929805
1206	1.0345176400703069
1207	1.0345176400703069
1208	1.0345176400703069
1209	1.0345176400703069
1210	1.8137206335440834
1211	1.8137206335440834
1212	1.8137206335440834
1213	1.8137206335440834
1214	0.8637684644760225
1215	1.5863359050884294
1216	0.7108979347830373
1217	1.497158522257315
1218	1.497158522257315
1219	1.497158522257315
1220	1.497158522257315
1221	0.9654794889341428
1222	0.9654794889341428
1223	0.9654794889341428
1224	1.609346265381541
1225	1.3309102042137106
1226	1.3309102042137106
1227	1.3309102042137106
1228	1.2800307257095094
1229	1.2877856284996692
1230	1.2877856284996692
1231	1.5323001965649539
1232	2.5290808018237403
1233	2.5290808018237403
1234	2.0185647878106656
1235	2.0185647878106656
1236	2.0185647878106656
1237	2.0185647878106656
1238	1.5899064399030705
1239	1.938423004742694
1240	1.938423004742694
1241	1.8473897075030832
1242	1.4451581590789153
1243	1.4451581590789153
1244	1.4451581590789153
1245	1.4451581590789153
1246	1.8455392825258998
1247	1.187131876669524
1248	1.187131876669524
1249	1.187131876669524
1250	1.8259518578334117
1251	1.8259518578334117
1252	1.3451085543307462
1253	1.3451085543307462
1254	1.3451085543307462
1255	1.3451085543307462
1256	1.071418252729063
1257	1.071418252729063
1258	1.071418252729063
1259	1.9689164197628877
1260	0.849721154612907
1261	2.0400115770372307
1262	1.7108586012557647
1263	1.7108586012557647
1264	1.7108586012557647
1265	1.2165909675708255
1266	1.2165909675708255
1267	1.5739952567806732
1268	1.5739952567806732
1269	1.5739952567806732
1270	1.3678915499291417
1271	1.3678915499291417
1272	1.8805980363191974
1273	1.8805980363191974
1274	1.8805980363191974
1275	1.4105649000407032
1276	2.4048980110767615
1277	1.4055762007474255
1278	1.188161776836806
1279	1.188161776836806
1280	1.188161776836806
1281	1.188161776836806
1282	0.9248921886662839
1283	0.8427136627162384
1284	0.8427136627162384
1285	0.9340489044704813
1286	1.2186073684222498
1287	1.2186073684222498
1288	1.2186073684222498
1289	1.2186073684222498
1290	0.987895086190009
1291	0.9461654315641146
1292	1.7528012194681444
1293	1.2316783280392989
1294	1.2316783280392989
1295	1.2316783280392989
1296	1.590245527598782
1297	1.590245527598782
1298	1.1731024403942372
1299	1.0853873034991728
1300	1.0853873034991728
1301	1.0853873034991728
1302	1.75446160741033
1303	1.75446160741033
1304	1.75446160741033
1305	2.6078921898115413
1306	2.6078921898115413
1307	2.552222920689503
1308	2.552222920689503
1309	1.4883068576069944
1310	1.0043004559313111
1311	1.0043004559313111
1312	1.0043004559313111
1313	1.0043004559313111
1314	0.8977283037662707
1315	0.8977283037662707
1316	1.352841580186959
1317	1.352841580186959
1318	1.8906764565507368
1319	1.8906764565507368
1320	2.63322064106737
1321	1.3274026145868705
1322	1.3274026145868705
1323	1.3274026145868705
1324	1.6658570119806564
1325	1.2815114473365612
1326	1.572444403900131
1327	1.2830265227277822
1328	1.2830265227277822
1329	1.2830265227277822
1330	1.4545083476475045
1331	1.4545083476475045
1332	1.4545083476475045
1333	1.638672405613556
1334	2.594476606056083
1335	2.594476606056083
1336	2.594476606056083
1337	2.594476606056083
1338	1.9906929642078222
1339	1.9906929642078222
1340	1.9906929642078222
1341	1.9906929642078222
1342	2.406716581506217
1343	1.2622229258406388
1344	1.7321134759908892
1345	1.7321134759908892
1346	1.7321134759908892
1347	1.4333182195137422
1348	1.4333182195137422
1349	1.4333182195137422
1350	0.8945153141699647
1351	1.6987796014483385
1352	1.6987796014483385
1353	0.7003524256278433
1354	1.4352897554938373
1355	3.114438262001573
1356	3.114438262001573
1357	3.114438262001573
1358	1.8162290895761823
1359	1.8162290895761823
1360	1.8162290895761823
1361	1.8162290895761823
1362	2.2813781212661577
1363	2.2813781212661577
1364	2.2813781212661577
1365	2.2813781212661577
1366	1.439217066835396
1367	1.439217066835396
1368	1.3273097536412415
1369	1.5874012685447683
1370	1.138470066278022
1371	1.138470066278022
1372	1.1797007564267001
1373	1.4414075375356759
1374	1.270374114971171
1375	1.270374114971171
1376	2.019419365499988
1377	1.4709554094088808
1378	2.190335586591618
1379	1.781906105677258
1380	1.2752811433263072
1381	1.2752811433263072
1382	1.2752811433263072
1383	1.2752811433263072
1384	2.1820664448128118
1385	1.639919898458774
1386	1.1388844814714454
1387	1.1388844814714454
1388	1.9607936376777813
1389	1.9607936376777813
1390	2.562959562949724
1391	2.562959562949724
1392	2.562959562949724
1393	1.3320448912451104
1394	1.3320448912451104
1395	1.3320448912451104
1396	1.3320448912451104
1397	1.472269648480795
1398	1.0866139283009746
1399	1.0443140236236133
1400	1.028616305960597
1401	1.028616305960597
1402	1.6719930453506056
1403	1.6719930453506056
1404	1.165271519737961
1405	1.1926141795516652
1406	1.0455607462236116
1407	1.0455607462236116
1408	1.0455607462236116
1409	1.0455607462236116
1410	1.6190394468378642
1411	2.265381930724856
1412	2.1993773357119886
1413	2.1993773357119886
1414	2.1993773357119886
1415	1.834263401739236
1416	1.1649544694440694
1417	1.1649544694440694
1418	1.1649544694440694
1419	1.1649544694440694
1420	0.8069787320887478
1421	0.8069787320887478
1422	1.4486273281530382
1423	1.4486273281530382
1424	1.4486273281530382
1425	1.1839509059159645
1426	1.1839509059159645
1427	2.375957345108836
1428	2.0816442304929956
1429	2.0816442304929956
1430	2.844897184244793
1431	2.665382119416453
1432	2.1967523375790887
1433	2.1967523375790887
1434	2.1967523375790887
1435	1.433353437237326
1436	2.453472166240717
1437	2.453472166240717
1438	2.453472166240717
1439	2.453472166240717
1440	1.6792063332094425
1441	1.6792063332094425
1442	2.395158438938027
1443	2.395158438938027
1444	1.2046950833390053
1445	1.3560685770084622
1446	1.3560685770084622
1447	1.3560685770084622
1448	1.3560685770084622
1449	1.7829884731027483
1450	0.87796300507323
1451	1.3118512429365765
1452	1.8755289440726393
1453	1.870338684725278
1454	1.870338684725278
1455	1.4269798612965023
1456	1.1448612030760827
1457	1.2043805804796957
1458	1.2043805804796957
1459	1.5486783548202072
1460	1.5486783548202072
1461	1.5486783548202072
1462	1.839485689400027
1463	1.839485689400027
1464	1.3569845548589956
1465	1.3569845548589956
1466	1.3569845548589956
1467	0.9552854790407579
1468	1.6840190693437478
1469	1.6840190693437478
1470	1.932927554853523
1471	1.932927554853523
1472	2.1586633324863143
1473	2.1586633324863143
1474	1.5495071599866843
1475	2.155117103489429
1476	2.155117103489429
1477	2.155117103489429
1478	1.8259682075016577
1479	1.4484082431308252
1480	1.812588144950263
1481	1.812588144950263
1482	1.812588144950263
1483	1.812588144950263
1484	1.598811897028944
1485	1.9620618142147002
1486	1.9620618142147002
1487	1.815270392594279
1488	0.7247340019703994
1489	0.7247340019703994
1490	0.7247340019703994
1491	1.2475797719328203
1492	2.307842348167645
1493	1.4958484092547375
1494	1.4958484092547375
1495	0.9437206818020507
1496	0.8349761889917162
1497	0.8349761889917162
1498	1.0706504499454508
1499	1.604567947795335
1500	1.604567947795335
1501	1.604567947795335
1502	1.5345253311861144
1503	1.3080526972004773
1504	1.3080526972004773
1505	1.3080526972004773
1506	1.3080526972004773
1507	0.9522861362458312
1508	0.7877040478678827
1509	0.7877040478678827
1510	0.7877040478678827
1511	0.7877040478678827
1512	1.4439069235344704
1513	1.0991693790736283
1514	1.0991693790736283
1515	1.0991693790736283
1516	2.3559363107644686
1517	2.3559363107644686
1518	2.3559363107644686
1519	1.5616966341031087
1520	1.5616966341031087
1521	1.6178146348678697
1522	1.6178146348678697
1523	1.6178146348678697
1524	1.0364102113722287
1525	1.0364102113722287
1526	1.0364102113722287
1527	1.6415191758604877
1528	1.6415191758604877
1529	1.3027941599948527
1530	1.3027941599948527
1531	1.3027941599948527
1532	1.3027941599948527
1533	0.8673407864379403
1534	0.8673407864379403
1535	1.6152454466380064
1536	1.6152454466380064
1537	1.6152454466380064
1538	2.100079149892105
1539	1.4271088390261897
1540	1.4271088390261897
1541	1.8072568052193974
1542	0.9761020950013906
1543	0.9761020950013906
1544	2.0308789586439038
1545	0.8819823558968092
1546	0.8819823558968092
1547	2.0028481102358855
1548	2.0028481102358855
1549	2.0028481102358855
1550	1.4668879396722398
1551	2.3620741078792027
1552	2.3620741078792027
1553	1.1608278831879157
1554	0.5373306672236495
1555	0.5373306672236495
1556	1.2335831310789585
1557	1.2335831310789585
1558	1.3544472380904151
1559	1.6547330884572324
1560	1.6547330884572324
1561	1.6547330884572324
1562	0.779541827703086
1563	0.779541827703086
1564	0.9495077041375509
1565	0.9495077041375509
1566	1.0058026475919863
1567	1.0058026475919863
1568	1.184597547535731
1569	1.4510033371282307
1570	1.7659347967929928
1571	1.7659347967929928
1572	1.7659347967929928
1573	1.7659347967929928
1574	1.608966708622517
1575	2.1959820974747792
1576	2.2255895915591353
1577	1.2746302835888073
1578	1.2746302835888073
1579	1.2746302835888073
1580	1.7403735054491765
1581	1.7403735054491765
1582	1.7403735054491765
1583	2.3064099711034083
1584	0.8005502569802121
1585	0.8005502569802121
1586	1.2945720222785266
1587	1.2218486636861448
1588	1.2218486636861448
1589	0.965789787856028
1590	0.9498280972694539
1591	0.9498280972694539
1592	1.031419924211492
1593	1.6554215821306375
1594	1.9718952544457091
1595	1.9718952544457091
1596	1.9718952544457091
1597	1.6391553633330544
1598	1.4033796301780324
1599	1.4033796301780324
1600	1.7754008671848076
1601	1.6656085245540386
1602	1.6656085245540386
1603	1.6656085245540386
1604	1.539831093591215
1605	2.1752068688935653
1606	2.1752068688935653
1607	2.1752068688935653
1608	2.1752068688935653
1609	1.90724150389559
1610	1.6585984277420844
1611	1.962729955746076
1612	1.962729955746076
1613	2.0184589905159185
1614	1.7509014122795377
1615	1.7509014122795377
1616	1.7509014122795377
1617	1.7509014122795377
1618	1.4612033275019929
1619	1.4612033275019929
1620	1.916954492305587
1621	1.916954492305587
1622	1.916954492305587
1623	1.327074481401177
1624	1.327074481401177
1625	1.327074481401177
1626	1.327074481401177
1627	1.8507677021011653
1628	2.3209841927872366
1629	2.3209841927872366
1630	2.3209841927872366
1631	2.3209841927872366
1632	1.530955606279903
1633	1.530955606279903
1634	1.1217722662080147
1635	1.1217722662080147
1636	1.1217722662080147
1637	2.442478898667053
1638	2.442478898667053
1639	1.0607947781875406
1640	2.2553029013715182
1641	1.0014025781367843
1642	1.0014025781367843
1643	0.710108670456668
1644	1.4308905952288922
1645	1.4308905952288922
1646	1.4308905952288922
1647	1.4308905952288922
1648	2.2438193032854903
1649	1.7554907946169729
1650	1.7554907946169729
1651	1.7554907946169729
1652	1.8236101123348798
1653	0.9275944070324664
1654	1.1401990081711881
1655	1.1401990081711881
1656	1.3449583342307445
1657	0.7181538853417577
1658	0.7181538853417577
1659	0.7181538853417577
1660	0.7181538853417577
1661	1.4461004892421063
1662	1.4461004892421063
1663	1.5764416501889291
1664	1.534349983649978
1665	1.534349983649978
1666	1.534349983649978
1667	1.534349983649978
1668	1.1267193300343898
1669	1.9609186292702236
1670	1.7860332420550082
1671	1.7860332420550082
1672	1.7860332420550082
1673	1.3207454579368656
1674	1.3207454579368656
1675	1.3207454579368656
1676	1.3207454579368656
1677	1.2707022679349302
1678	2.103860117711538
1679	2.2886459797541785
1680	2.2886459797541785
1681	1.289851428001148
1682	1.2926185978291027
1683	1.2926185978291027
1684	0.746674208247146
1685	0.746674208247146
1686	0.746674208247146
1687	0.746674208247146
1688	0.44538900810252735
1689	1.361418518300344
1690	1.361418518300344
1691	1.361418518300344
1692	1.361418518300344
1693	1.280521617324892
1694	1.280521617324892
1695	1.5123505761856573
1696	1.5123505761856573
1697	1.5123505761856573
1698	1.5123505761856573
1699	2.257008232373629
1700	2.257008232373629
1701	1.9339800911176217
1702	1.4693007687511428
1703	1.4693007687511428
1704	0.878240250053784
1705	0.6394159985142217
1706	0.6394159985142217
1707	0.6394159985142217
1708	1.9507843802853553
1709	1.9507843802853553
1710	1.8987337314480344
1711	1.8987337314480344
1712	1.8987337314480344
1713	1.8987337314480344
1714	1.6584891560381192
1715	1.6584891560381192
1716	1.2957739158790098
1717	1.2957739158790098
1718	1.1302242387832513
1719	1.1302242387832513
1720	1.1302242387832513
1721	1.5888382303492805
1722	1.5888382303492805
1723	1.5888382303492805
1724	1.3121651880576968
1725	1.3121651880576968
1726	1.8595972516306674
1727	2.2940312094595465
1728	2.1572608549768435
1729	2.1572608549768435
1730	1.1141521194097614
1731	1.1141521194097614
1732	1.1141521194097614
1733	1.1141521194097614
1734	2.1164197933987543
1735	2.1164197933987543
1736	1.6648249275954161
1737	1.4981827761502406
1738	0.9478784281345318
1739	0.9478784281345318
1740	1.6893166126045087
1741	1.5239028370509045
1742	2.315275776455714
1743	2.329208291320539
1744	2.329208291320539
1745	1.8270289586314266
1746	1.8270289586314266
1747	1.8270289586314266
1748	1.8270289586314266
1749	1.0992226341723952
1750	1.4707696137343818
1751	0.8358625284322607
1752	0.8358625284322607
1753	0.8358625284322607
1754	2.427767511569306
1755	2.427767511569306
1756	2.1733527009766647
1757	2.1733527009766647
1758	1.1135775953230864
1759	1.1135775953230864
1760	1.1135775953230864
1761	1.1135775953230864
1762	1.0522391351326892
1763	1.1669672769006123
1764	1.1669672769006123
1765	1.1669672769006123
1766	1.8035117085538697
1767	1.5252962155166108
1768	1.6335924762697913
1769	1.6335924762697913
1770	1.6335924762697913
1771	1.6335924762697913
1772	1.616304394286621
1773	1.616304394286621
1774	1.616304394286621
1775	1.7463764959143981
1776	1.7463764959143981
1777	1.8900493053401615
1778	1.8900493053401615
1779	1.8900493053401615
1780	1.8900493053401615
1781	1.0260708240189769
1782	1.0260708240189769
1783	1.0260708240189769
1784	1.0260708240189769
1785	1.272166777568342
1786	1.272166777568342
1787	1.0476363040037644
1788	1.0476363040037644
1789	1.0476363040037644
1790	1.0476363040037644
1791	1.6935825999950223
1792	1.1308773250577315
1793	1.003124417712799
1794	1.003124417712799
1795	1.003124417712799
1796	1.003124417712799
1797	1.2393078805663842
1798	1.0088991033462316
1799	1.0088991033462316
1800	2.3675510400156563
1801	2.3675510400156563
1802	2.3675510400156563
1803	1.6913765158128593
1804	1.6692972555432575
1805	1.6692972555432575
1806	2.1894312879382225
1807	1.7830153847601409
1808	1.7830153847601409
1809	1.949637944885237
1810	1.949637944885237
1811	1.949637944885237
1812	1.6955437632594146
1813	1.6955437632594146
1814	1.6955437632594146
1815	1.6955437632594146
1816	1.0051007072883555
1817	1.0051007072883555
1818	1.490180466970759
1819	1.490180466970759
1820	1.4278379537180164
1821	0.8087455242284309
1822	0.8087455242284309
1823	1.840310100269635
1824	1.2352921462767326
1825	1.2352921462767326
1826	1.4668741857277432
1827	1.4668741857277432
1828	1.4668741857277432
1829	1.2537906169912225
1830	1.2537906169912225
1831	1.2537906169912225
1832	1.2537906169912225
1833	1.5348438511452933
1834	2.457352779602431
1835	1.8012191424208732
1836	1.8012191424208732
1837	1.8012191424208732
1838	1.2515525567774097
1839	1.2515525567774097
1840	1.2515525567774097
1841	1.2515525567774097
1842	1.0674940603482652
1843	1.4825536709491869
1844	1.4825536709491869
1845	1.4825536709491869
1846	1.3782205551045337
1847	1.3782205551045337
1848	1.585235470389397
1849	2.2283848951843157
1850	2.2283848951843157
1851	2.2283848951843157
1852	2.2283848951843157
1853	1.279617499918321
1854	1.279617499918321
1855	1.279617499918321
1856	1.279617499918321
1857	1.1841770176393964
1858	1.1841770176393964
1859	1.036328859126892
1860	1.036328859126892
1861	1.036328859126892
1862	1.036328859126892
1863	1.1218186493325124
1864	1.3324984697881117
1865	1.0569200541759405
1866	1.617351207029388
1867	1.617351207029388
1868	1.617351207029388
1869	1.617351207029388
1870	1.4300874333337508
1871	0.5951777486167816
1872	0.9419667735354644
1873	1.037642338340566
1874	0.8221560684668074
1875	0.8221560684668074
1876	0.8466129013444548
1877	0.8466129013444548
1878	1.232128497683728
1879	1.629829967402187
1880	1.629829967402187
1881	1.053117842694449
1882	1.053117842694449
1883	1.053117842694449
1884	1.053117842694449
1885	1.1258703534252616
1886	1.436660980054555
1887	0.8792236327114439
1888	0.8792236327114439
1889	0.8792236327114439
1890	0.8792236327114439
1891	0.9306513140478756
1892	0.9306513140478756
1893	0.8451583120634389
1894	1.2336062147519664
1895	1.13245641271337
1896	1.4937237204494391
1897	1.4937237204494391
1898	1.4937237204494391
1899	1.3649176834397934
1900	1.3649176834397934
1901	1.3649176834397934
1902	1.2865493701659423
1903	1.6181860869352551
1904	1.6181860869352551
1905	1.6181860869352551
1906	1.6181860869352551
1907	1.6657509067106124
1908	1.6657509067106124
1909	1.6657509067106124
1910	1.0018186144328338
1911	1.0018186144328338
1912	2.0352653632384614
1913	2.0352653632384614
1914	2.0352653632384614
1915	1.66085775381901
1916	1.5628461232954074
1917	1.5628461232954074
1918	1.5628461232954074
1919	1.443321613135358
1920	1.443321613135358
1921	1.8748815329974509
1922	1.8748815329974509
1923	1.8748815329974509
1924	1.7687274649597724
1925	2.3849172400758425
1926	2.3849172400758425
1927	1.4382132233486917
1928	1.7143484771277824
1929	0.8788324543635337
1930	0.8788324543635337
1931	1.8670631555599182
1932	1.3435375196376487
1933	1.3435375196376487
1934	1.6186886252222548
1935	1.6186886252222548
1936	1.6186886252222548
1937	1.6186886252222548
1938	1.7137630222476037
1939	1.7671708355062052
1940	1.7671708355062052
1941	1.6504482248133527
1942	0.8373298649348803
1943	1.0174811991271078
1944	2.428116787694903
1945	2.428116787694903
1946	1.3711661624447684
1947	1.3711661624447684
1948	1.3711661624447684
1949	1.3711661624447684
1950	1.4171264701466966
1951	1.2353638097143878
1952	1.2353638097143878
1953	1.533010994664881
1954	1.533010994664881
1955	1.533010994664881
1956	2.242711324747598
1957	2.212016950469986
1958	2.212016950469986
1959	2.212016950469986
1960	2.212016950469986
1961	2.210971726533451
1962	2.210971726533451
1963	1.8238085809765108
1964	1.8238085809765108
1965	1.8238085809765108
1966	1.8238085809765108
1967	1.6468352999657414
1968	1.6468352999657414
1969	1.6468352999657414
1970	1.4588432374379525
1971	0.9096547185638365
1972	1.771026184672173
1973	1.771026184672173
1974	1.5894489090619002
1975	1.5894489090619002
1976	1.7328963763159229
1977	2.0297347877170706
1978	2.0297347877170706
1979	0.6169789529243986
1980	0.6169789529243986
1981	1.2301821975227847
1982	1.0197443332217206
1983	1.0197443332217206
1984	1.0197443332217206
1985	1.2745224958459982
1986	1.2745224958459982
1987	1.9538761843673855
1988	2.2058645273876536
1989	2.2058645273876536
1990	1.5361336332813236
1991	1.1009458925025584
1992	1.1009458925025584
1993	1.1009458925025584
1994	2.1912195611132614
1995	1.1363357391182813
1996	1.5545058305833046
1997	1.2495276136198288
1998	1.2495276136198288
1999	1.2495276136198288
2000	1.2495276136198288
2001	1.5985750715908738
2002	1.2885394539370925
2003	1.2885394539370925
2004	1.2885394539370925
2005	1.2885394539370925
2006	1.4415641649462165
2007	1.4415641649462165
2008	2.252912011326471
2009	2.0554742968351825
2010	2.0554742968351825
2011	2.0554742968351825
2012	2.0554742968351825
2013	1.6051312516208203
2014	1.8495372382021051
2015	1.9502667133087073
2016	1.9502667133087073
2017	2.0100387540610254
2018	1.9349170783909928
2019	1.9935961091006726
2020	2.4726472040156695
2021	2.4726472040156695
2022	2.4726472040156695
2023	2.55379719705459
2024	1.7172763809466167
2025	1.7172763809466167
2026	1.7172763809466167
2027	2.345721544695175
2028	2.345721544695175
2029	2.345721544695175
2030	1.0888979846522409
2031	1.076537121245065
2032	1.076537121245065
2033	1.0798333340875672
2034	2.1659855747069696
2035	1.0922985307105593
2036	1.0922985307105593
2037	1.0922985307105593
2038	1.262245679959358
2039	1.262245679959358
2040	1.2267179139957722
2041	1.2267179139957722
2042	1.2267179139957722
2043	1.2267179139957722
2044	1.3880939726653019
2045	1.3880939726653019
2046	1.3880939726653019
2047	1.3880939726653019
2048	1.4463329845190676
2049	1.0144911766711666
2050	1.0465082235792613
2051	1.2415664378864364
2052	1.2415664378864364
2053	1.9287560087463613
2054	1.138672834605278
2055	1.2920448527143973
2056	1.2920448527143973
2057	2.187718168790716
2058	1.1566183196521567
2059	0.9043504085614107
2060	0.9043504085614107
2061	0.9043504085614107
2062	1.2404060313037475
2063	1.2917336017791674
2064	1.0054016509914558
2065	1.4573042297243632
2066	1.4573042297243632
2067	1.4573042297243632
2068	1.762062202998114
2069	1.1855859513917377
2070	0.9057870851089153
2071	1.0459868254210398
2072	0.9801362181853412
2073	1.0190400134838802
2074	1.0190400134838802
2075	1.459330720894094
2076	1.459330720894094
2077	1.459330720894094
2078	1.4033174522435015
2079	1.0497241726000863
2080	1.0497241726000863
2081	1.0497241726000863
2082	1.0497241726000863
2083	1.639989452539603
2084	1.639989452539603
2085	1.639989452539603
2086	1.639989452539603
2087	1.091795358663487
2088	1.091795358663487
2089	1.091795358663487
2090	1.0190897227278217
2091	1.6571244116633712
2092	1.6571244116633712
2093	1.6587174838646814
2094	1.0855452505629344
2095	1.0874358621556361
2096	1.3169578032988356
2097	1.8839963638310087
2098	1.8839963638310087
2099	1.8839963638310087
2100	0.9735979607916141
2101	1.3154859017433826
2102	0.7164829594388078
2103	0.7164829594388078
2104	1.7208994056327327
2105	1.7208994056327327
2106	1.5094701314094718
2107	1.5094701314094718
2108	1.5094701314094718
2109	0.9658947405422008
2110	0.9658947405422008
2111	1.665782691652586
2112	1.665782691652586
2113	1.9402540362836316
2114	1.0834091976583806
2115	1.0834091976583806
2116	1.1003294480179224
2117	1.2740895628584055
2118	1.2740895628584055
2119	1.2740895628584055
2120	1.2740895628584055
2121	1.2256622189705348
2122	1.2256622189705348
2123	1.2256622189705348
2124	1.2256622189705348
2125	0.676400579931468
2126	1.5547536743287313
2127	1.5547536743287313
2128	1.5547536743287313
2129	1.6593762976090682
2130	1.6593762976090682
2131	2.134534528657638
2132	1.9185282239190868
2133	1.3233843351430383
2134	1.904416402972648
2135	1.0886337717770314
2136	1.475284210244138
2137	1.475284210244138
2138	1.475284210244138
2139	1.475284210244138
2140	1.0556035294086155
2141	2.510692147359088
2142	1.7577981190478489
2143	1.7577981190478489
2144	2.1007222753591583
2145	2.1007222753591583
2146	2.1007222753591583
2147	2.1007222753591583
2148	1.544384645316361
2149	1.544384645316361
2150	0.8816174382953277
2151	0.8816174382953277
2152	0.8816174382953277
2153	0.8816174382953277
2154	1.8678713504530065
2155	1.6845314596237648
2156	1.6845314596237648
2157	1.6845314596237648
2158	2.003621470275378
2159	1.3366379657390708
2160	1.728056966721739
2161	1.728056966721739
2162	1.728056966721739
2163	1.8307907830074
2164	1.8307907830074
2165	1.8307907830074
2166	1.8307907830074
2167	1.203080246966606
2168	1.6074999780211738
2169	1.9949727590215636
2170	1.9949727590215636
2171	1.9949727590215636
2172	2.0612554338022697
2173	1.5585409238500145
2174	2.204134243720585
2175	1.8378149635586176
2176	1.3821156777573846
2177	1.3821156777573846
2178	1.3821156777573846
2179	2.1298451219834726
2180	2.1298451219834726
2181	0.9943962683533899
2182	1.4851847005788454
2183	1.4851847005788454
2184	1.5659907680339753
2185	1.5659907680339753
2186	1.5659907680339753
2187	2.2410339861469493
2188	2.2410339861469493
2189	1.650547198650947
2190	1.3086879523039523
2191	1.5519695691973387
2192	2.5003896284685565
2193	1.928035975029316
2194	1.928035975029316
2195	1.3526754957422076
2196	1.3526754957422076
2197	1.561093150333119
2198	1.561093150333119
2199	1.561093150333119
2200	1.238277175980364
2201	1.2614843828579112
2202	1.2614843828579112
2203	1.2614843828579112
2204	1.2614843828579112
2205	0.9851518157702196
2206	0.9851518157702196
2207	0.9851518157702196
2208	1.2153090572023557
2209	1.3667014834351692
2210	1.3667014834351692
2211	1.3667014834351692
2212	1.3667014834351692
2213	2.2684037909005017
2214	1.49355824020749
2215	1.192022244083282
2216	1.2736641662728905
2217	1.1751179350744396
2218	1.6542933587797912
2219	1.6542933587797912
2220	1.6542933587797912
2221	1.6542933587797912
2222	1.521298390454155
2223	1.521298390454155
2224	1.8549149845552924
2225	1.8549149845552924
2226	1.3907779757193914
2227	1.3907779757193914
2228	2.2849871922858704
2229	1.6670401091582854
2230	1.6670401091582854
2231	0.9626941565619038
2232	0.9626941565619038
2233	1.591604729911629
2234	1.591604729911629
2235	1.591604729911629
2236	0.9677548992913163
2237	0.9677548992913163
2238	0.9677548992913163
2239	0.9677548992913163
2240	1.3295830735289003
2241	1.3295830735289003
2242	1.3295830735289003
2243	1.3295830735289003
2244	1.4465231808438408
2245	1.7129043707355378
2246	1.7129043707355378
2247	1.7129043707355378
2248	2.049586624431992
2249	2.02057947666804
2250	1.692933746215267
2251	1.9131354287913505
2252	1.5311996461542072
2253	1.5311996461542072
2254	2.7091607663528996
2255	1.7311386204348707
2256	1.4801579814674748
2257	2.0955850281112114
2258	1.5816235267145546
2259	0.9160051828760147
2260	1.2329266837105963
2261	1.2329266837105963
2262	1.2329266837105963
2263	1.2329266837105963
2264	1.577127985267711
2265	1.577127985267711
2266	1.7029028750119257
2267	1.7029028750119257
2268	1.176646095638308
2269	2.0585016144262394
2270	2.039836888890689
2271	1.975904301937443
2272	1.975904301937443
2273	1.975904301937443
2274	1.975904301937443
2275	1.8114451264954674
2276	1.3342069738336408
2277	1.7207801375063752
2278	1.9417419072293427
2279	1.9417419072293427
2280	1.9417419072293427
2281	1.4464715503841306
2282	1.4464715503841306
2283	1.4464715503841306
2284	1.1004484598591664
2285	1.9526306988956792
2286	1.147254223373346
2287	1.147254223373346
2288	1.147254223373346
2289	1.147254223373346
2290	1.0846702235612984
2291	1.729201654632194
2292	1.729201654632194
2293	1.729201654632194
2294	2.0673630559527703
2295	2.0673630559527703
2296	2.0673630559527703
2297	2.1186974979972852
2298	2.1186974979972852
2299	1.214328029885977
2300	1.6802101617339082
2301	2.435605703526784
2302	2.435605703526784
2303	1.304417082752108
2304	1.7697638024792126
2305	1.7697638024792126
2306	1.7350471312265263
2307	0.7677359731891165
2308	1.7596452876316386
2309	1.049004459456798
2310	1.349967481542701
2311	1.349967481542701
2312	1.7667934799275349
2313	1.7667934799275349
2314	1.7667934799275349
2315	1.7667934799275349
2316	1.2729397701267466
2317	1.353700294365585
2318	1.353700294365585
2319	1.5195277766670479
2320	1.4413670768910587
2321	1.4413670768910587
2322	1.4413670768910587
2323	1.4413670768910587
2324	1.356336620662468
2325	1.4025150284156513
2326	1.115570842029294
2327	1.0597893440604687
2328	1.0597893440604687
2329	1.0597893440604687
2330	1.0597893440604687
2331	1.2612203626254466
2332	1.7822169565003465
2333	1.7822169565003465
2334	1.7822169565003465
2335	1.7822169565003465
2336	1.7697879509426666
2337	1.6399629345240345
2338	2.4038454392126227
2339	1.6924323053682588
2340	1.6924323053682588
2341	2.0294689508636004
2342	1.6195458052144456
2343	1.6195458052144456
2344	1.6195458052144456
2345	1.379343150905219
2346	1.379343150905219
2347	1.379343150905219
2348	2.115996411320362
2349	1.4350784226359061
2350	1.4350784226359061
2351	1.4350784226359061
2352	1.4350784226359061
2353	1.6178021130207783
2354	1.6178021130207783
2355	0.7758747738380359
2356	0.7758747738380359
2357	2.0302121435271885
2358	2.0302121435271885
2359	1.8902797034669212
2360	1.8902797034669212
2361	0.9235724870070489
2362	1.1906004616784291
2363	1.1906004616784291
2364	1.1906004616784291
2365	1.6710455802127806
2366	0.8047679572344162
2367	1.0420279921649906
2368	1.0420279921649906
2369	1.0420279921649906
2370	1.0420279921649906
2371	2.0563323975989847
2372	1.753684393243366
2373	1.753684393243366
2374	1.753684393243366
2375	1.753684393243366
2376	1.5170377237818609
2377	1.9571330111852896
2378	1.9571330111852896
2379	2.0518099819753877
2380	1.8486659956796694
2381	0.8904445956113868
2382	2.1379102423112593
2383	2.1379102423112593
2384	2.2171328450132135
2385	2.2171328450132135
2386	1.8051208582299898
2387	1.0246883934182411
2388	1.0246883934182411
2389	1.4046678712897758
2390	1.2794473785999216
2391	1.7260628570469743
2392	2.6489884269223456
2393	2.6489884269223456
2394	1.311157222900012
2395	1.311157222900012
2396	1.311157222900012
2397	1.4059539693302234
2398	1.4059539693302234
2399	1.2964279134188106
2400	1.3431739294337302
2401	1.3431739294337302
2402	1.3431739294337302
2403	1.0635459018672628
2404	1.238537435759304
2405	1.238537435759304
2406	2.1887411894503783
2407	2.1887411894503783
2408	2.1887411894503783
2409	2.1887411894503783
2410	1.8322691829914046
2411	1.8322691829914046
2412	1.4424759505477176
2413	1.4424759505477176
2414	1.4424759505477176
2415	1.4424759505477176
2416	1.320334353219104
2417	1.320334353219104
2418	1.4014397024719676
2419	1.4014397024719676
2420	1.4014397024719676
2421	1.6564578013603029
2422	1.6564578013603029
2423	1.6564578013603029
2424	1.6564578013603029
2425	1.459687876628243
2426	1.459687876628243
2427	1.459687876628243
2428	2.975712434269226
2429	1.2574302273900924
2430	1.8934320910838176
2431	1.2805355764186905
2432	0.7724321957700055
2433	0.7724321957700055
2434	1.2469030050688192
2435	1.2469030050688192
2436	1.0023757014338335
2437	1.0023757014338335
2438	1.9434365376706961
2439	1.9434365376706961
2440	1.9434365376706961
2441	1.9434365376706961
2442	1.2060417953677098
2443	1.2060417953677098
2444	2.0464274219498617
2445	2.0464274219498617
2446	2.1619429575399165
2447	2.1619429575399165
2448	2.3701326448778657
2449	2.3701326448778657
2450	2.3701326448778657
2451	2.3701326448778657
2452	0.871946875376351
2453	1.5627262960956625
2454	1.3446566515755871
2455	1.3446566515755871
2456	1.3446566515755871
2457	1.6932063703083045
2458	1.1390560966543462
2459	1.1390560966543462
2460	1.1390560966543462
2461	1.0682474664350856
2462	1.0682474664350856
2463	1.0682474664350856
2464	1.6582525604811396
2465	1.6582525604811396
2466	0.8663754874133176
2467	0.8663754874133176
2468	0.8663754874133176
2469	0.8663754874133176
2470	0.7289350474527541
2471	0.7289350474527541
2472	0.7289350474527541
2473	2.183403751986514
2474	1.4729888492768797
2475	1.1723883499685623
2476	2.258073180723128
2477	1.5490171016347667
2478	1.5490171016347667
2479	2.495605733288433
2480	2.495605733288433
2481	2.477249425491297
2482	2.477249425491297
2483	1.6344938269396612
2484	1.6344938269396612
2485	1.6344938269396612
2486	1.6344938269396612
2487	1.6119931367302396
2488	1.6119931367302396
2489	1.6119931367302396
2490	1.6119931367302396
2491	0.9163893683427351
2492	1.4309484628871787
2493	1.0378061144581576
2494	1.0378061144581576
2495	0.9779162126244574
2496	1.6844494017426819
2497	1.360882584191954
2498	0.5606856281175383
2499	0.5606856281175383
2500	0.5606856281175383
2501	0.5606856281175383
2502	1.2038916978264123
2503	1.3404156708771842
2504	1.3404156708771842
2505	0.45914346832683606
2506	1.1980675861971348
2507	1.1502330191666
2508	1.1502330191666
2509	0.9262643670985087
2510	0.9262643670985087
2511	0.9262643670985087
2512	0.9262643670985087
2513	1.3903346009923954
2514	1.4747233234002493
2515	1.8493284191710186
2516	1.2587771335048297
2517	1.495894808106399
2518	1.495894808106399
2519	1.4204527353633578
2520	1.4204527353633578
2521	1.4204527353633578
2522	1.4204527353633578
2523	1.8871818621530463
2524	1.8871818621530463
2525	1.8871818621530463
2526	1.8871818621530463
2527	1.355350868349535
2528	1.148855497753975
2529	1.148855497753975
2530	1.9682213001906783
2531	1.5749377932559097
2532	1.2449469345451354
2533	1.2449469345451354
2534	0.6484297923367612
2535	1.136286412361855
2536	1.136286412361855
2537	1.5386715842760512
2538	1.2559512724227146
2539	1.2464896700040933
2540	1.5591598164192673
2541	1.5591598164192673
2542	1.286522784145944
2543	1.2985525932884896
2544	1.611028793919394
2545	0.9358727589527462
2546	0.9358727589527462
2547	0.9358727589527462
2548	1.2784879050705111
2549	1.2784879050705111
2550	2.6823543598797377
2551	2.6823543598797377
2552	2.6823543598797377
2553	2.6823543598797377
2554	1.9042670520231884
2555	1.9042670520231884
2556	1.8769198268274274
2557	2.2927806818263625
2558	2.2927806818263625
2559	2.2927806818263625
2560	2.0578608938304535
2561	2.0578608938304535
2562	2.5031529887291692
2563	2.5031529887291692
2564	2.5031529887291692
2565	2.5031529887291692
2566	1.9976389959914826
2567	1.9976389959914826
2568	2.2228763455617018
2569	2.2198509173232237
2570	1.3320335027497694
2571	1.3644105555132615
2572	1.7392323960043292
2573	0.8775012473336434
2574	1.5897328797967958
2575	1.5897328797967958
2576	1.5897328797967958
2577	1.3555410784525799
2578	1.7953465502688055
2579	1.7953465502688055
2580	1.7953465502688055
2581	1.7953465502688055
2582	1.283172945824609
2583	1.4045624940140118
2584	1.4045624940140118
2585	1.4045624940140118
2586	1.4045624940140118
2587	1.3480399458457466
2588	1.3480399458457466
2589	1.3480399458457466
2590	0.9379824758215682
2591	0.9379824758215682
2592	0.9379824758215682
2593	0.9379824758215682
2594	1.4509933138988276
2595	1.4509933138988276
2596	1.4509933138988276
2597	1.4509933138988276
2598	1.7244071796135634
2599	1.2518021144379379
2600	1.2518021144379379
2601	1.2518021144379379
2602	2.05223091239578
2603	2.0334855632618387
2604	1.810896810684019
2605	1.997945371716516
2606	1.471285689893484
2607	1.2863699207443628
2608	1.480909307236159
2609	1.480909307236159
2610	1.480909307236159
2611	1.8108256466616834
2612	2.19529857140049
2613	2.217660859057195
2614	1.2496160972632189
2615	1.6846896400535525
2616	1.6846896400535525
2617	1.6846896400535525
2618	1.6846896400535525
2619	1.4953316576405358
2620	1.4953316576405358
2621	1.4953316576405358
2622	1.6964909267047423
2623	1.6964909267047423
2624	1.2808112801224567
2625	1.2808112801224567
2626	1.2808112801224567
2627	1.62103403011479
2628	1.2917898645268662
2629	1.2917898645268662
2630	1.2917898645268662
2631	1.2917898645268662
2632	1.6695118349141203
2633	1.6695118349141203
2634	1.6695118349141203
2635	1.6695118349141203
2636	0.9726907878678991
2637	1.3893161096399516
2638	1.3893161096399516
2639	1.1314915603889335
2640	1.1314915603889335
2641	2.2410586327040827
2642	1.6314507330201065
2643	1.6314507330201065
2644	1.6314507330201065
2645	1.8907551766117392
2646	1.7445017190532088
2647	1.7445017190532088
2648	2.0092008408729147
2649	2.0092008408729147
2650	1.648162388817387
2651	1.648162388817387
2652	1.648162388817387
2653	1.648162388817387
2654	1.9616844060429153
2655	1.6479249419818878
2656	0.8835220440938334
2657	0.8835220440938334
2658	0.8835220440938334
2659	0.8835220440938334
2660	1.1055957045313742
2661	1.1055957045313742
2662	1.1055957045313742
