0	15.646120882507674
1	16.153322492714565
2	8.978057274293526
3	6.794340367376665
4	6.794340367376665
5	2.382048429896513
6	15.164397545502776
7	12.911398080905132
8	15.261178395611568
9	13.686379028298918
10	16.082132547655068
11	16.082132547655068
12	10.442300391389097
13	10.442300391389097
14	7.651707807219797
15	7.651707807219797
16	7.651707807219797
17	8.550041576893694
18	10.691410024329995
19	10.691410024329995
20	14.809189040538872
21	14.809189040538872
22	17.153278549977333
23	8.498824748398127
24	17.556901223137583
25	0.1
26	0.1
27	0.1
28	0.1
29	0.1
30	4.3405211789920255
31	5.840555901575616
32	0.1
33	16.14069777749719
34	15.274646811553861
35	15.274646811553861
36	15.274646811553861
37	6.363175952388383
38	6.363175952388383
39	3.0638610873267655
40	13.203976290700384
41	13.203976290700384
42	13.203976290700384
43	5.800201105287824
44	8.799118505792672
45	8.799118505792672
46	7.244511329627665
47	7.244511329627665
48	0.1
49	0.1
50	0.1
51	0.1
52	16.575271367279527
53	2.5064386607556486
54	6.056706881968412
55	0.1
56	1.6279921244267115
57	1.6279921244267115
58	11.062700357731046
59	13.058100869292609
60	13.058100869292609
61	0.1
62	0.1
63	0.1
64	6.843870651399106
65	5.7288716598549385
66	5.7288716598549385
67	5.7288716598549385
68	13.197458487039329
69	13.197458487039329
70	18.45042283881013
71	14.680972056202215
72	14.680972056202215
73	14.680972056202215
74	3.7750518688616177
75	8.030496332791127
76	8.030496332791127
77	7.427692471575778
78	7.427692471575778
79	14.77611628968711
80	14.77611628968711
81	14.77611628968711
82	0.1
83	12.279779757315207
84	7.903028112446123
85	7.903028112446123
86	7.903028112446123
87	20.14647793028649
88	3.9508113703938346
89	3.9508113703938346
90	9.684265545312394
91	12.049539462653575
92	12.049539462653575
93	6.343842623866766
94	9.28924459905536
95	9.28924459905536
96	11.844271423663153
97	0.1
98	0.1
99	16.24025240862614
100	16.24025240862614
101	0.1
102	9.909070405929896
103	9.909070405929896
104	9.909070405929896
105	6.734309440489087
106	8.604706419378463
107	8.604706419378463
108	8.604706419378463
109	8.604706419378463
110	23.880054564500664
111	9.228603585863837
112	9.228603585863837
113	12.220780452474095
114	12.220780452474095
115	2.6310742796551603
116	2.6310742796551603
117	3.030238089772843
118	3.030238089772843
119	3.030238089772843
120	0.1
121	0.1
122	9.500669094549554
123	11.963738284809587
124	11.963738284809587
125	11.963738284809587
126	11.963738284809587
127	16.653706787248744
128	16.653706787248744
129	16.653706787248744
130	0.1
131	0.1
132	11.38430522310648
133	4.139915604674296
134	7.82105173340099
135	5.165189314235876
136	5.165189314235876
137	5.165189314235876
138	5.165189314235876
139	11.913441765934488
140	11.913441765934488
141	11.913441765934488
142	11.913441765934488
143	13.758292773258983
144	13.758292773258983
145	13.758292773258983
146	13.758292773258983
147	5.806018705039401
148	5.806018705039401
149	5.806018705039401
150	5.806018705039401
151	2.1109887952304778
152	2.1109887952304778
153	2.1109887952304778
154	2.1109887952304778
155	7.751841231774906
156	7.751841231774906
157	7.751841231774906
158	13.657292793561632
159	13.657292793561632
160	10.503738131026102
161	10.503738131026102
162	4.392397132897664
163	4.392397132897664
164	9.354094212488505
165	13.482622344640527
166	8.50983074721546
167	0.6967751769059483
168	3.7147579161578648
169	3.7147579161578648
170	3.7147579161578648
171	12.822404899756421
172	13.041511006737997
173	13.041511006737997
174	13.041511006737997
175	6.863698685944643
176	6.863698685944643
177	13.74110783163525
178	13.74110783163525
179	13.74110783163525
180	13.74110783163525
181	13.74110783163525
182	9.508689853538648
183	20.326014069078603
184	20.326014069078603
185	8.347759021012601
186	8.347759021012601
187	0.46224598646006143
188	0.46224598646006143
189	0.46224598646006143
190	5.874042534897751
191	5.874042534897751
192	23.87076791762786
193	23.87076791762786
194	23.87076791762786
195	23.87076791762786
196	4.371385837318329
197	4.371385837318329
198	4.988741340120332
199	4.988741340120332
200	4.988741340120332
201	4.988741340120332
202	22.664774704210743
203	22.664774704210743
204	22.664774704210743
205	5.546186846190596
206	5.546186846190596
207	5.546186846190596
208	5.546186846190596
209	5.546186846190596
210	5.546186846190596
211	5.546186846190596
212	10.745008044539656
213	10.745008044539656
214	10.745008044539656
215	9.098071466451175
216	9.098071466451175
217	9.098071466451175
218	9.098071466451175
219	14.277207776393466
220	14.277207776393466
221	4.126903223972206
222	8.037242729037084
223	5.191413927110236
224	5.191413927110236
225	16.538930079873563
226	2.0888590483248333
227	5.0985347127427705
228	8.87724205801492
229	11.507811044563397
230	11.507811044563397
231	8.156866520855514
232	9.127512227870968
233	9.127512227870968
234	9.127512227870968
235	9.127512227870968
236	15.282848055925143
237	15.282848055925143
238	13.089774070694315
239	6.279044082323299
240	7.9960983221613
241	9.297914411237603
242	7.12517494278275
243	7.12517494278275
244	7.12517494278275
245	10.208912596427513
246	10.208912596427513
247	10.208912596427513
248	15.766597542917555
249	4.469243192393147
250	4.469243192393147
251	10.77702503213974
252	10.77702503213974
253	10.77702503213974
254	10.77702503213974
255	12.454917628997025
256	7.176801061813006
257	7.176801061813006
258	7.176801061813006
259	10.750246902808522
260	16.646062272671983
261	16.646062272671983
262	16.646062272671983
263	6.678013232711674
264	6.678013232711674
265	14.14845793718067
266	14.14845793718067
267	0.6012187031681009
268	0.6012187031681009
269	0.6012187031681009
270	0.6012187031681009
271	16.705302631205893
272	0.1
273	1.346243966575594
274	0.1
275	11.378150374713986
276	11.378150374713986
277	14.284921494508941
278	14.284921494508941
279	9.266024781420779
280	9.219668613140069
281	8.656417908722279
282	7.185232506137329
283	7.185232506137329
284	7.185232506137329
285	7.185232506137329
286	7.185232506137329
287	5.656639719141749
288	0.6726846265853617
289	0.6726846265853617
290	0.6726846265853617
291	8.679429432014219
292	8.679429432014219
293	11.596558724263184
294	15.715747571788704
295	17.42181817120807
296	17.42181817120807
297	13.57695747348203
298	18.712002471122844
299	18.712002471122844
300	16.49538317630462
301	16.49538317630462
302	8.2274137119628
303	8.2274137119628
304	9.697480512233387
305	9.697480512233387
306	9.697480512233387
307	9.697480512233387
308	29.27254524453197
309	8.623930613006792
310	0.1
311	4.037809453967715
312	4.037809453967715
313	12.92510077737886
314	2.337892202417784
315	2.337892202417784
316	3.842056727113407
317	3.842056727113407
318	3.842056727113407
319	3.842056727113407
320	14.304526695586457
321	14.304526695586457
322	14.304526695586457
323	12.756967176189129
324	12.756967176189129
325	12.756967176189129
326	12.756967176189129
327	6.124219240747738
328	6.124219240747738
329	6.124219240747738
330	10.169634319769354
331	5.845092975410123
332	14.33241539476952
333	14.33241539476952
334	8.584880653252604
335	8.584880653252604
336	7.768856304314546
337	0.1
338	0.1
339	0.1
340	0.1
341	5.227423457081258
342	5.227423457081258
343	20.786067978733946
344	13.819245535525926
345	13.819245535525926
346	13.819245535525926
347	13.819245535525926
348	21.084696762738815
349	21.084696762738815
350	17.976898993079683
351	17.976898993079683
352	17.976898993079683
353	17.976898993079683
354	17.976898993079683
355	17.976898993079683
356	17.976898993079683
357	11.722910773341507
358	17.398233232505888
359	17.398233232505888
360	17.398233232505888
361	0.1
362	0.1
363	0.1
364	0.1
365	17.027478331847195
366	4.7231613228921665
367	14.58436203318012
368	14.58436203318012
369	14.58436203318012
370	14.58436203318012
371	14.58436203318012
372	6.598534260492026
373	6.598534260492026
374	9.530067512622418
375	9.530067512622418
376	23.933584675181386
377	14.508847501483787
378	14.508847501483787
379	1.2305879555064827
380	12.741962944653693
381	12.741962944653693
382	12.741962944653693
383	4.458380542548891
384	9.779700857915627
385	15.66942086288591
386	15.66942086288591
387	11.051144843688226
388	11.051144843688226
389	11.051144843688226
390	11.051144843688226
391	11.051144843688226
392	9.404491249493713
393	9.404491249493713
394	12.232940275317024
395	14.459702612009092
396	5.695693051365181
397	2.3652454200923048
398	12.608646412235505
399	6.986814087030984
400	10.334535666541816
401	10.334535666541816
402	15.933964777658607
403	15.933964777658607
404	15.933964777658607
405	5.015135958765704
406	5.015135958765704
407	13.454932321415514
408	13.454932321415514
409	0.1
410	0.1
411	10.196545822055953
412	15.230396124040489
413	15.230396124040489
414	3.6835841316131512
415	3.6835841316131512
416	3.6835841316131512
417	6.243985842581448
418	6.243985842581448
419	6.243985842581448
420	6.243985842581448
421	6.243985842581448
422	6.243985842581448
423	6.243985842581448
424	17.38003489503273
425	18.30796937625979
426	9.064915278910098
427	9.064915278910098
428	9.758676421754673
429	5.01019952448864
430	5.01019952448864
431	5.01019952448864
432	10.398026217477817
433	19.034577162420874
434	19.034577162420874
435	22.781612258201534
436	16.377557319359468
437	9.67871565693717
438	0.3835002133656875
439	10.274502247928623
440	16.944229214302425
441	16.944229214302425
442	16.944229214302425
443	16.944229214302425
444	16.944229214302425
445	16.944229214302425
446	0.1
447	14.485908092477574
448	7.373513441922469
449	17.97454379291237
450	17.97454379291237
451	17.97454379291237
452	17.97454379291237
453	17.97454379291237
454	12.813611760778507
455	6.7746370690768725
456	9.459081234649364
457	9.459081234649364
458	9.459081234649364
459	9.459081234649364
460	9.134532328208453
461	5.7430358517838345
462	6.84288146120578
463	6.84288146120578
464	8.476756593990192
465	5.823982795150531
466	5.823982795150531
467	5.823982795150531
468	5.337769498350957
469	5.337769498350957
470	5.337769498350957
471	0.5865308676586967
472	10.16037893923648
473	1.3921095699084116
474	7.715670172360688
475	20.932468827655406
476	20.932468827655406
477	20.932468827655406
478	11.170055972087072
479	0.1
480	5.691459644709195
481	5.691459644709195
482	10.486858266538064
483	0.1
484	17.819374017810073
485	6.454654322917168
486	6.454654322917168
487	6.454654322917168
488	10.498248740985085
489	10.498248740985085
490	10.498248740985085
491	10.747806026697297
492	1.4376403516136307
493	1.4376403516136307
494	1.4376403516136307
495	1.4376403516136307
496	1.4376403516136307
497	1.4376403516136307
498	3.831625758779982
499	3.831625758779982
500	4.730781954015256
501	4.730781954015256
502	3.339941011507114
503	3.339941011507114
504	3.339941011507114
505	3.339941011507114
506	3.339941011507114
507	16.71277324469499
508	16.71277324469499
509	16.71277324469499
510	16.71277324469499
511	16.71277324469499
512	7.306854324476525
513	7.306854324476525
514	7.306854324476525
515	7.306854324476525
516	7.306854324476525
517	7.306854324476525
518	7.306854324476525
519	11.372974758290265
520	13.348381159937642
521	1.9877549247122115
522	8.443233053751822
523	14.358231201580768
524	14.358231201580768
525	21.556721098467413
526	10.377719009589665
527	10.377719009589665
528	10.377719009589665
529	15.334655184842084
530	12.835940025115777
531	12.835940025115777
532	6.846076874040035
533	6.846076874040035
534	7.427306904455465
535	7.427306904455465
536	7.427306904455465
537	7.427306904455465
538	17.198977087708464
539	0.3409104267508454
540	0.3409104267508454
541	0.3409104267508454
542	0.3409104267508454
543	11.967205054476974
544	17.559307620345205
545	11.777708697266176
546	11.777708697266176
547	6.051253697494757
548	10.887249048108965
549	10.887249048108965
550	10.887249048108965
551	10.887249048108965
552	10.887249048108965
553	10.887249048108965
554	10.887249048108965
555	12.156014710348401
556	18.24461653566305
557	18.24461653566305
558	18.24461653566305
559	7.206047009720867
560	13.895608423082713
561	13.895608423082713
562	13.895608423082713
563	13.895608423082713
564	13.895608423082713
565	13.895608423082713
566	13.895608423082713
567	9.354296137708845
568	9.354296137708845
569	3.8671766882422682
570	14.147410477409348
571	10.802580800796521
572	10.802580800796521
573	10.802580800796521
574	10.802580800796521
575	10.802580800796521
576	6.619133045607363
577	6.619133045607363
578	6.619133045607363
579	3.6625599156715616
580	3.6625599156715616
581	3.6625599156715616
582	8.805256443279937
583	6.842994905838017
584	6.842994905838017
585	6.842994905838017
586	6.842994905838017
587	6.842994905838017
588	15.371122269924184
589	3.6622726297125174
590	6.810798949800405
591	6.810798949800405
592	14.853246428674915
593	14.853246428674915
594	14.853246428674915
595	10.892428968367163
596	10.892428968367163
597	0.1
598	0.1
599	0.1
600	9.407304423525895
601	9.721250036264516
602	9.721250036264516
603	12.113216926214848
604	12.113216926214848
605	3.0196470817390644
606	3.0196470817390644
607	3.0196470817390644
608	3.5093032534490964
609	4.468499659127665
610	12.184342170536674
611	12.184342170536674
612	12.184342170536674
613	13.633774449504443
614	13.633774449504443
615	7.370867353709938
616	7.370867353709938
617	7.370867353709938
618	7.370867353709938
619	10.870301230177004
620	10.870301230177004
621	23.379968484303554
622	8.828824438734891
623	5.339699013731355
624	5.339699013731355
625	5.339699013731355
626	5.339699013731355
627	5.339699013731355
628	5.339699013731355
629	5.339699013731355
630	4.036888450723985
631	14.462178707726174
632	14.462178707726174
633	14.462178707726174
634	14.462178707726174
635	14.462178707726174
636	10.424018457074157
637	6.8209903488828925
638	4.518974898109565
639	4.518974898109565
640	4.518974898109565
641	10.757086932802931
642	10.757086932802931
643	15.265656598353829
644	16.578880802596817
645	16.578880802596817
646	16.578880802596817
647	0.1
648	0.1
649	0.1
650	3.8990434399757863
651	3.8990434399757863
652	3.8990434399757863
653	3.8990434399757863
654	3.8990434399757863
655	3.8990434399757863
656	3.8990434399757863
657	7.704291006711131
658	10.347727658955272
659	13.154248054144343
660	13.154248054144343
661	5.38246064283968
662	5.38246064283968
663	5.38246064283968
664	5.38246064283968
665	5.38246064283968
666	14.769052638785332
667	14.769052638785332
668	4.436233911205063
669	4.436233911205063
670	6.66912139672198
671	6.66912139672198
672	18.47075550686897
673	19.2331850361009
674	9.00549964124315
675	9.00549964124315
676	9.00549964124315
677	9.00549964124315
678	9.00549964124315
679	9.00549964124315
680	6.265451324569291
681	10.292776703639575
682	10.292776703639575
683	10.292776703639575
684	10.292776703639575
685	10.292776703639575
686	10.292776703639575
687	10.292776703639575
688	9.327150436387933
689	4.355611063361629
690	4.355611063361629
691	7.554549426343336
692	7.554549426343336
693	10.414717954015362
694	10.414717954015362
695	6.958416568044186
696	6.958416568044186
697	8.35291148758624
698	8.35291148758624
699	5.351884845501369
700	5.351884845501369
701	5.351884845501369
702	5.351884845501369
703	16.328140871375428
704	6.300041932982692
705	6.300041932982692
706	6.300041932982692
707	5.568270837361102
708	11.549491404350224
709	2.1679032873597794
710	2.1679032873597794
711	2.1679032873597794
712	2.1679032873597794
713	7.737067716407896
714	10.36618827209634
715	15.86888031762561
716	15.86888031762561
717	9.374872148263945
718	9.374872148263945
719	9.374872148263945
720	9.374872148263945
721	9.374872148263945
722	9.630196664777849
723	17.487627303289365
724	17.487627303289365
725	10.130767603256125
726	19.840154215079497
727	23.61786879562343
728	23.61786879562343
729	11.810306713875887
730	0.1
731	22.447480401486914
732	22.447480401486914
733	22.447480401486914
734	22.447480401486914
735	11.778880455179756
736	1.730853132789294
737	1.730853132789294
738	3.7851228024080816
739	15.616096074846288
740	15.616096074846288
741	6.576018051983663
742	6.576018051983663
743	4.215541576840397
744	4.215541576840397
745	6.2811076912838235
746	6.2811076912838235
747	6.2811076912838235
748	6.2811076912838235
749	10.714205427641476
750	10.714205427641476
751	9.924870059043773
752	9.924870059043773
753	9.924870059043773
754	9.924870059043773
755	18.043607666462062
756	9.01297957669739
757	9.01297957669739
758	8.691158723050544
759	8.691158723050544
760	3.1345085566043016
761	10.654049850818659
762	10.654049850818659
763	10.654049850818659
764	10.654049850818659
765	15.92753530153325
766	15.78063807600999
767	13.217908668109622
768	13.217908668109622
769	16.19646033854267
770	16.19646033854267
771	16.19646033854267
772	16.19646033854267
773	16.19646033854267
774	16.19646033854267
775	23.080622184623184
776	23.080622184623184
777	12.343673573074918
778	12.343673573074918
779	10.842593681866584
780	10.842593681866584
781	10.842593681866584
782	10.842593681866584
783	3.0843010910268633
784	3.0555330047696563
785	3.0555330047696563
786	3.0555330047696563
787	3.0555330047696563
788	6.1264568764226315
789	6.1264568764226315
790	12.323558836647075
791	10.996297517206006
792	5.88694486675246
793	5.88694486675246
794	17.93355401511819
795	12.10832615995819
796	12.10832615995819
797	12.10832615995819
798	10.723336176529502
799	10.723336176529502
800	10.723336176529502
801	10.723336176529502
802	0.6530507787476445
803	0.6530507787476445
804	0.6530507787476445
805	0.1
806	0.1
807	0.1
808	0.1
809	0.1
810	0.1
811	0.1
812	0.1
813	0.1
814	0.1
815	0.1
816	13.851752448295498
817	12.934368758426869
818	4.8523303523917765
819	7.405664167626573
820	8.125517289968943
821	8.125517289968943
822	8.125517289968943
823	5.4045517824024
824	6.926100464794471
825	4.58715646797018
826	8.840361779216543
827	8.840361779216543
828	8.840361779216543
829	8.840361779216543
830	11.7345261078709
831	10.122648173698622
832	0.1
833	13.457428819336911
834	5.584172744724781
835	8.011128624585298
836	8.011128624585298
837	5.244574952519395
838	11.822000734510269
839	0.1
840	11.414934781126526
841	17.223906556239683
842	11.609162911579682
843	0.9213133483908944
844	15.003031804306083
845	15.003031804306083
846	8.115869096655807
847	11.673028954997408
848	11.673028954997408
849	2.025620593318542
850	7.62869756252781
851	7.62869756252781
852	7.62869756252781
853	7.62869756252781
854	20.68394792121883
855	7.87138050031973
856	7.87138050031973
857	15.263075787144249
858	7.752413901002012
859	21.003727384393315
860	21.003727384393315
861	21.003727384393315
862	21.003727384393315
863	21.003727384393315
864	14.415839198655519
865	14.415839198655519
866	14.415839198655519
867	15.974605427378538
868	15.974605427378538
869	15.974605427378538
870	0.1
871	0.1
872	3.4162545224082415
873	3.4162545224082415
874	10.746433618077825
875	10.746433618077825
876	8.70031673008985
877	8.70031673008985
878	8.70031673008985
879	8.70031673008985
880	8.70031673008985
881	8.70031673008985
882	8.70031673008985
883	7.10314061940739
884	7.10314061940739
885	16.054222627940707
886	16.054222627940707
887	16.054222627940707
888	16.91888631688639
889	16.91888631688639
890	16.91888631688639
891	16.91888631688639
892	16.91888631688639
893	22.30437850731791
894	22.30437850731791
895	11.054600608480502
896	11.054600608480502
897	11.973373830763451
898	6.140279008663387
899	7.951924258107454
900	7.951924258107454
901	7.951924258107454
902	6.572824920542991
903	6.572824920542991
904	6.572824920542991
905	5.487659076736489
906	10.366506544695332
907	10.366506544695332
908	5.057613644557994
909	19.362132987834222
910	19.674151293893974
911	1.9793063436414746
912	1.9793063436414746
913	10.767812496674608
914	5.2990264661335225
915	6.640310586932662
916	0.13363542337362055
917	19.89598773864906
918	1.8264528348004454
919	1.8264528348004454
920	1.8264528348004454
921	11.779174624421495
922	14.587167636598336
923	14.587167636598336
924	14.587167636598336
925	14.587167636598336
926	14.587167636598336
927	0.2187159725033272
928	7.475044404747582
929	7.475044404747582
930	7.475044404747582
931	7.475044404747582
932	7.475044404747582
933	15.268582298856257
934	15.268582298856257
935	15.338644621811971
936	5.020031817720565
937	10.245077970129245
938	10.245077970129245
939	10.245077970129245
940	10.245077970129245
941	10.245077970129245
942	10.245077970129245
943	10.245077970129245
944	10.112992715821422
945	10.112992715821422
946	10.112992715821422
947	10.572340721390248
948	10.572340721390248
949	6.441165359892498
950	11.65584087996682
951	11.65584087996682
952	7.822744562938255
953	7.822744562938255
954	7.822744562938255
955	14.076197303744562
956	14.076197303744562
957	14.076197303744562
958	9.397800380775811
959	3.013011112546902
960	3.013011112546902
961	3.013011112546902
962	0.1
963	18.23883182915442
964	18.23883182915442
965	18.23883182915442
966	13.62625324952977
967	13.62625324952977
968	9.599722501343946
969	6.933422489871553
970	6.933422489871553
971	6.933422489871553
972	6.933422489871553
973	6.933422489871553
974	6.933422489871553
975	11.224872962588133
976	11.224872962588133
977	15.26398189329471
978	15.26398189329471
979	15.26398189329471
980	9.470535038363952
981	0.33237134459809425
982	0.33237134459809425
983	12.832010991741818
984	12.832010991741818
985	17.699541989416325
986	17.699541989416325
987	17.699541989416325
988	17.699541989416325
989	23.312185419981805
990	23.312185419981805
991	15.53511418440741
992	15.53511418440741
993	15.53511418440741
994	15.53511418440741
995	15.53511418440741
996	15.53511418440741
997	0.9124343611633865
998	4.3439435043216434
999	4.3439435043216434
1000	15.53468412351506
1001	7.8362059261882155
1002	6.209181985116208
1003	6.690403837441662
1004	12.212465230181344
1005	12.212465230181344
1006	12.212465230181344
1007	12.212465230181344
1008	14.615199094375722
1009	14.615199094375722
1010	1.6781753878779586
1011	1.6781753878779586
1012	15.133502965393067
1013	15.133502965393067
1014	15.133502965393067
1015	15.133502965393067
1016	15.133502965393067
1017	6.562031189343201
1018	20.450372946780362
1019	2.6589260633986127
1020	4.754214436925766
1021	4.754214436925766
1022	10.972290301983332
1023	11.449302188328415
1024	6.94098296049139
1025	6.94098296049139
1026	11.816465704943443
1027	17.885510794711113
1028	17.885510794711113
1029	9.666657560625612
1030	9.666657560625612
1031	1.3632421324481392
1032	1.3632421324481392
1033	1.3632421324481392
1034	16.014436624879963
1035	16.014436624879963
1036	16.014436624879963
1037	16.014436624879963
1038	16.014436624879963
1039	25.6017165850091
1040	3.7745425849159355
1041	3.7745425849159355
1042	3.7745425849159355
1043	3.7745425849159355
1044	3.7745425849159355
1045	0.1
1046	11.587694818618825
1047	8.331877311941039
1048	8.012013492412777
1049	8.012013492412777
1050	8.012013492412777
1051	10.021564480349578
1052	10.021564480349578
1053	10.021564480349578
1054	10.021564480349578
1055	10.021564480349578
1056	10.021564480349578
1057	10.021564480349578
1058	10.30492925789702
1059	10.30492925789702
1060	9.214121207378046
1061	9.214121207378046
1062	9.214121207378046
1063	13.489785523321036
1064	13.489785523321036
1065	15.346209005237727
1066	15.346209005237727
1067	15.346209005237727
1068	13.033581041333992
1069	13.033581041333992
1070	7.644473920927046
1071	7.644473920927046
1072	7.644473920927046
1073	7.644473920927046
1074	7.644473920927046
1075	17.340081874594862
1076	17.340081874594862
1077	17.340081874594862
1078	17.340081874594862
1079	17.340081874594862
1080	12.71964524797139
1081	7.998466593915767
1082	8.152548195372784
1083	9.055343946835109
1084	10.510643262614526
1085	10.510643262614526
1086	10.510643262614526
1087	10.510643262614526
1088	10.510643262614526
1089	10.499512519482003
1090	8.425355884345219
1091	8.425355884345219
1092	8.425355884345219
1093	8.425355884345219
1094	13.995637765797689
1095	11.765941099815553
1096	11.765941099815553
1097	11.765941099815553
1098	11.765941099815553
1099	11.765941099815553
1100	11.765941099815553
1101	11.249996916185827
1102	0.1
1103	15.723461651357738
1104	16.32814361592594
1105	12.533085688108535
1106	12.533085688108535
1107	12.533085688108535
1108	7.710106639781775
1109	2.2895809038821886
1110	8.215726334659625
1111	8.215726334659625
1112	2.3131900821457094
1113	7.322686833951712
1114	7.322686833951712
1115	4.571690062841869
1116	7.873698851844084
1117	7.873698851844084
1118	5.699812696580276
1119	5.699812696580276
1120	11.633901541228443
1121	11.633901541228443
1122	11.633901541228443
1123	13.139208308887223
1124	13.139208308887223
1125	6.167879586352
1126	6.7589139413272745
1127	6.7589139413272745
1128	6.7589139413272745
1129	9.446367730334899
1130	6.117167096142651
1131	6.117167096142651
1132	20.378829931076105
1133	20.378829931076105
1134	8.166692968766087
1135	8.166692968766087
1136	8.166692968766087
1137	9.046749714835638
1138	10.459470837130233
1139	10.459470837130233
1140	10.459470837130233
1141	10.459470837130233
1142	10.459470837130233
1143	10.459470837130233
1144	14.379515891649907
1145	9.158100355174751
1146	19.381246541674322
1147	19.381246541674322
1148	1.628793286577844
1149	1.628793286577844
1150	1.628793286577844
1151	1.628793286577844
1152	25.016455335435914
1153	6.816829247396434
1154	6.816829247396434
1155	6.816829247396434
1156	0.1
1157	0.1
1158	0.1
1159	8.320370273326017
1160	8.320370273326017
1161	1.456064057098466
1162	1.456064057098466
1163	8.945456743503412
1164	14.276684774225771
1165	8.14394253941173
1166	8.14394253941173
1167	8.14394253941173
1168	8.14394253941173
1169	8.14394253941173
1170	8.14394253941173
1171	15.803832575653177
1172	15.803832575653177
1173	15.803832575653177
1174	15.803832575653177
1175	15.803832575653177
1176	7.763669247133537
1177	7.763669247133537
1178	1.7515069893096387
1179	1.7515069893096387
1180	0.1
1181	0.1
1182	0.1
1183	0.1
1184	0.1
1185	10.042835999659161
1186	13.833117530372391
1187	11.011181411870396
1188	14.610258747738198
1189	0.1
1190	0.1
1191	0.1
1192	0.1
1193	0.1
1194	5.34699919999617
1195	15.821385126243918
1196	24.474765364436855
1197	11.180062563636643
1198	11.180062563636643
1199	11.180062563636643
1200	11.180062563636643
1201	11.180062563636643
1202	11.180062563636643
1203	16.955790999408357
1204	13.64414270750864
1205	16.318856961295307
1206	16.318856961295307
1207	16.318856961295307
1208	16.318856961295307
1209	16.318856961295307
1210	16.318856961295307
1211	0.1
1212	0.1
1213	13.977448299464424
1214	11.391155156664015
1215	11.391155156664015
1216	11.391155156664015
1217	11.861353438058842
1218	7.208380746128516
1219	7.208380746128516
1220	12.051577965917158
1221	8.651373410372234
1222	8.651373410372234
1223	8.651373410372234
1224	16.525622566433785
1225	12.277871354894836
1226	12.277871354894836
1227	7.326337586097619
1228	0.1
1229	5.032588363017311
1230	0.1
1231	0.1
1232	12.932983630989018
1233	10.459169926934301
1234	14.324432964700783
1235	14.324432964700783
1236	6.648631245388209
1237	12.005897533464449
1238	12.005897533464449
1239	7.163831542208755
1240	7.163831542208755
1241	7.163831542208755
1242	16.716860239842376
1243	10.793967766412457
1244	10.793967766412457
1245	10.793967766412457
1246	10.793967766412457
1247	18.639045718993614
1248	5.898728239955251
1249	5.898728239955251
1250	5.898728239955251
1251	12.123697146972315
1252	15.729350716598468
1253	15.729350716598468
1254	15.729350716598468
1255	15.729350716598468
1256	3.3893375061013193
1257	4.9227645186860425
1258	4.9227645186860425
1259	4.9227645186860425
1260	3.822748161369949
1261	17.79227915762131
1262	18.95677249506949
1263	7.105920061813681
1264	5.707184241521622
1265	5.707184241521622
1266	5.707184241521622
1267	5.707184241521622
1268	5.707184241521622
1269	6.071524030538363
1270	6.071524030538363
1271	0.6511622268991051
1272	0.6511622268991051
1273	0.6511622268991051
1274	0.6511622268991051
1275	9.61265822265751
1276	11.16929471392658
1277	11.16929471392658
1278	6.41399501735678
1279	12.076219641569303
1280	1.1521212253555646
1281	1.1521212253555646
1282	1.1521212253555646
1283	1.1521212253555646
1284	10.703294469955068
1285	11.587391900869697
1286	3.4164197768733446
1287	3.4164197768733446
1288	3.4164197768733446
1289	20.45895262203006
1290	18.955991130658113
1291	18.955991130658113
1292	10.026338474727208
1293	9.950703502238355
1294	9.950703502238355
1295	9.950703502238355
1296	23.22596841494921
1297	23.22596841494921
1298	23.22596841494921
1299	23.22596841494921
1300	23.22596841494921
1301	23.22596841494921
1302	0.5247937526129913
1303	0.5247937526129913
1304	13.674263014585575
1305	13.674263014585575
1306	0.1
1307	0.1
1308	0.1
1309	0.1
1310	7.847318906558731
1311	3.91946662772553
1312	3.91946662772553
1313	3.91946662772553
1314	3.91946662772553
1315	13.592583255464532
1316	11.303514849381653
1317	4.246863603493447
1318	10.394951050070459
1319	13.425461410070277
1320	13.425461410070277
1321	13.425461410070277
1322	11.94727737280061
1323	11.94727737280061
1324	8.026007374658631
1325	0.1
1326	0.1
1327	0.1
1328	16.219733092943482
1329	16.219733092943482
1330	16.219733092943482
1331	16.219733092943482
1332	16.219733092943482
1333	16.219733092943482
1334	16.219733092943482
1335	4.3854905239930835
1336	5.794888553914472
1337	7.141242126208265
1338	7.141242126208265
1339	16.417019288674744
1340	14.552115447614398
1341	14.552115447614398
1342	6.564194160492466
1343	6.564194160492466
1344	14.688879908136116
1345	14.688879908136116
1346	10.669820037616978
1347	9.294728488890247
1348	14.550449093887199
1349	14.550449093887199
1350	14.550449093887199
1351	14.550449093887199
1352	10.914542065935375
1353	12.362030006463321
1354	12.362030006463321
1355	13.579116956086423
1356	0.1
1357	9.227182625134136
1358	9.227182625134136
1359	9.227182625134136
1360	7.598832350781426
1361	15.542194248189782
1362	15.542194248189782
1363	17.909937557448753
1364	17.909937557448753
1365	12.289915797907486
1366	5.998916750956154
1367	0.30761444761628276
1368	0.30761444761628276
1369	0.30761444761628276
1370	0.1
1371	0.1
1372	0.1
1373	15.471268696083577
1374	15.471268696083577
1375	15.471268696083577
1376	15.471268696083577
1377	2.7754430272791017
1378	2.7977078580226635
1379	21.64693216590369
1380	21.64693216590369
1381	3.8567324534004417
1382	19.848589490940466
1383	19.848589490940466
1384	12.545283492152674
1385	12.545283492152674
1386	12.545283492152674
1387	4.162178411698525
1388	0.9659589112417777
1389	21.406252666953613
1390	21.406252666953613
1391	21.406252666953613
1392	21.406252666953613
1393	21.406252666953613
1394	21.406252666953613
1395	21.406252666953613
1396	14.528241320457077
1397	14.528241320457077
1398	14.528241320457077
1399	14.528241320457077
1400	13.083409402832876
1401	13.083409402832876
1402	13.083409402832876
1403	13.083409402832876
1404	8.703303666581235
1405	8.703303666581235
1406	8.703303666581235
1407	8.703303666581235
1408	8.703303666581235
1409	2.6126783643262383
1410	5.878110543529651
1411	8.221125068965417
1412	8.221125068965417
1413	8.221125068965417
1414	23.569684950054707
1415	0.1
1416	3.1445692415823183
1417	8.124809979305427
1418	10.706343956146304
1419	10.921304326692095
1420	10.921304326692095
1421	1.9420749958816002
1422	1.9420749958816002
1423	0.1
1424	14.815841078587944
1425	2.2968145003580416
1426	10.55252545569881
1427	10.55252545569881
1428	10.55252545569881
1429	10.55252545569881
1430	10.55252545569881
1431	4.944817391881245
1432	4.944817391881245
1433	5.379735594320907
1434	15.39979926340875
1435	19.702496602922075
1436	19.702496602922075
1437	11.69521458810447
