0	19.509005610165875
1	19.509005610165875
2	19.509005610165875
3	19.509005610165875
4	19.509005610165875
5	19.509005610165875
6	19.509005610165875
7	19.509005610165875
8	32.13830204007342
9	0.1
10	0.1
11	17.51751075577282
12	16.78656246261197
13	12.956816910997775
14	12.956816910997775
15	17.394764620438423
16	2.9338791104088724
17	2.9338791104088724
18	2.9338791104088724
19	19.58208336056049
20	19.58208336056049
21	19.58208336056049
22	0.1
23	0.1
24	0.1
25	0.1
26	12.813592232765096
27	12.813592232765096
28	12.813592232765096
29	12.813592232765096
30	20.02713826951434
31	15.685862073630215
32	18.05199529595303
33	18.05199529595303
34	18.05199529595303
35	17.43479662533164
36	17.43479662533164
37	17.43479662533164
38	17.43479662533164
39	35.003976821588864
40	35.003976821588864
41	35.003976821588864
42	35.003976821588864
43	10.94632128880811
44	10.94632128880811
45	10.94632128880811
46	11.175467091141044
47	11.58103419991146
48	11.58103419991146
49	7.944377900714715
50	7.944377900714715
51	14.435213718343427
52	14.398121648770386
53	14.677712588374089
54	20.916157636488002
55	20.916157636488002
56	20.916157636488002
57	21.058769442298026
58	12.951361969556583
59	15.11120645153239
60	5.75511663417536
61	11.44025353850108
62	28.47220420920988
63	11.835572956461517
64	13.670675759412672
65	13.670675759412672
66	13.670675759412672
67	13.670675759412672
68	10.564240653600272
69	10.564240653600272
70	10.564240653600272
71	10.564240653600272
72	0.1
73	0.1
74	0.1
75	0.1
76	4.692876732795538
77	4.692876732795538
78	4.692876732795538
79	4.692876732795538
80	4.692876732795538
81	17.735809674060317
82	17.735809674060317
83	17.735809674060317
84	17.735809674060317
85	17.735809674060317
86	2.3503070502439343
87	2.3503070502439343
88	2.3503070502439343
89	2.3503070502439343
90	2.3503070502439343
91	16.758875067068402
92	16.758875067068402
93	15.767968768245682
94	15.767968768245682
95	15.767968768245682
96	13.5645757710557
97	13.5645757710557
98	13.5645757710557
99	13.5645757710557
100	13.5645757710557
101	13.5645757710557
102	15.076989875733634
103	14.854344046953615
104	14.854344046953615
105	14.854344046953615
106	8.282606459705818
107	8.282606459705818
108	9.801133857081417
109	9.801133857081417
110	9.801133857081417
111	9.801133857081417
112	0.1
113	5.083471318419752
114	5.083471318419752
115	5.083471318419752
116	5.083471318419752
117	5.083471318419752
118	5.083471318419752
119	23.325172275057824
120	23.325172275057824
121	23.325172275057824
122	23.325172275057824
123	6.363067075700486
124	18.02911239316607
125	18.02911239316607
126	0.1
127	0.1
128	0.1
129	0.1
130	11.28786307230036
131	11.28786307230036
132	11.28786307230036
133	18.79229404244491
134	18.79229404244491
135	8.260529801353627
136	8.260529801353627
137	8.260529801353627
138	14.67175516689741
139	3.255927630303301
140	3.255927630303301
141	4.69769052888717
142	37.624858184636466
143	20.0663035739357
144	20.0663035739357
145	17.0813625841647
146	17.0813625841647
147	17.0813625841647
148	17.0813625841647
149	17.0813625841647
150	7.398920027156259
151	2.890844957201523
152	2.890844957201523
153	2.890844957201523
154	2.890844957201523
155	2.890844957201523
156	18.37321398036965
157	18.37321398036965
158	18.37321398036965
159	9.246570334933185
160	22.061283284943137
161	22.061283284943137
162	18.440954984453192
163	6.155806503815091
164	6.155806503815091
165	6.155806503815091
166	6.155806503815091
167	20.628675964270762
168	22.891116275832665
169	22.891116275832665
170	12.659543224814833
171	7.543208767633391
172	7.543208767633391
173	7.543208767633391
174	7.543208767633391
175	7.543208767633391
176	26.089673969814477
177	24.016761661719492
178	24.016761661719492
179	24.016761661719492
180	0.1
181	17.284233067408543
182	17.284233067408543
183	1.7331412208183128
184	20.909468413458665
185	20.909468413458665
186	20.909468413458665
187	20.909468413458665
188	20.909468413458665
189	20.909468413458665
190	20.909468413458665
191	20.909468413458665
192	14.472387643616665
193	0.1
194	8.852908863556529
195	8.852908863556529
196	17.30165076047013
197	21.22356751869785
198	1.8870732191250976
199	20.72956806947593
200	24.27798367334621
201	24.27798367334621
202	24.27798367334621
203	24.27798367334621
204	24.27798367334621
205	12.49116516315229
206	31.17614810963279
207	31.17614810963279
208	31.17614810963279
209	14.97892646476306
210	16.378864926753725
211	12.07220942821362
212	1.7364843875322347
213	24.74349472758727
214	24.74349472758727
215	24.74349472758727
216	16.261965590259344
217	5.033669368913101
218	5.033669368913101
219	5.033669368913101
220	5.033669368913101
221	5.033669368913101
222	5.033669368913101
223	9.43472000398179
224	9.43472000398179
225	8.475359785282773
226	24.723245907310492
227	24.723245907310492
228	24.723245907310492
229	35.200223299443586
230	1.8014398459746648
231	9.668192783299471
232	9.668192783299471
233	9.668192783299471
234	9.668192783299471
235	21.49830390300027
236	21.49830390300027
237	21.49830390300027
238	13.490390655513618
239	13.490390655513618
240	4.6852018794261125
241	4.6852018794261125
242	4.6852018794261125
243	3.412122872803911
244	3.412122872803911
245	20.5149857900305
246	20.5149857900305
247	20.5149857900305
248	20.5149857900305
249	20.5149857900305
250	12.43187877005622
251	12.43187877005622
252	12.43187877005622
253	9.76870066535392
254	20.14175642141119
255	20.14175642141119
256	7.074761798049659
257	7.074761798049659
258	3.8254408108389324
259	10.35911237828675
260	10.35911237828675
261	10.35911237828675
262	4.56877906839801
263	4.56877906839801
264	9.408540748043063
265	9.408540748043063
266	9.408540748043063
267	9.408540748043063
268	9.408540748043063
269	17.09710043803649
270	23.956269983378448
271	23.956269983378448
272	23.956269983378448
273	13.178588753979032
274	13.178588753979032
275	13.178588753979032
276	13.178588753979032
277	13.178588753979032
278	13.178588753979032
279	11.77629376305845
280	11.77629376305845
281	10.508542244972686
282	10.508542244972686
283	10.508542244972686
284	10.508542244972686
285	10.508542244972686
286	10.508542244972686
287	10.508542244972686
288	15.50146109244509
289	15.945151645532146
290	15.945151645532146
291	20.07289114170369
292	2.643148782363207
293	2.643148782363207
294	2.643148782363207
295	2.643148782363207
296	12.986936745477562
297	12.986936745477562
298	12.986936745477562
299	12.986936745477562
300	8.164389197283175
301	0.10732295648401902
302	19.6388522373234
303	19.6388522373234
304	9.192181681335745
305	12.175442138386636
306	16.97027197075579
307	7.569275904662639
308	7.087984907230124
309	7.18542482884134
310	15.127971318440363
311	15.127971318440363
312	15.127971318440363
313	15.127971318440363
314	0.1
315	11.510788035875095
316	1.3440704536399615
317	13.679557007480447
318	20.83391660495991
319	20.83391660495991
320	14.473720589659278
321	32.25925881738212
322	9.029100689497962
323	9.029100689497962
324	3.285720452796845
325	17.81502907538487
326	17.81502907538487
327	2.639051599337698
328	2.639051599337698
329	0.1
330	18.257492090562845
331	2.640526747613679
332	0.5805770046737813
333	0.5805770046737813
334	0.5805770046737813
335	0.5805770046737813
336	0.6732864055016083
337	6.721311332155478
338	6.721311332155478
339	6.721311332155478
340	6.721311332155478
341	16.193572370493257
342	24.962506100381276
343	24.962506100381276
344	15.511076804605075
345	15.511076804605075
346	10.76766987904671
347	12.066805180847888
348	12.066805180847888
349	12.066805180847888
350	13.407460628885078
351	13.407460628885078
352	13.407460628885078
353	0.1
354	0.1
355	0.1
356	1.8033241471011898
357	1.8033241471011898
358	1.8033241471011898
359	21.074917197785034
360	21.074917197785034
361	0.1
362	0.1
363	0.1
364	0.1
365	6.76665880831341
366	31.952521751922887
367	31.952521751922887
368	10.331818666109303
369	10.331818666109303
370	10.331818666109303
371	10.331818666109303
372	10.331818666109303
373	14.337140518896447
374	14.337140518896447
375	11.61234499867945
376	11.61234499867945
377	13.90788133172441
378	13.90788133172441
379	0.1
380	0.1
381	0.1
382	7.144518001443528
383	23.400661370841547
384	23.400661370841547
385	23.400661370841547
386	23.400661370841547
387	23.400661370841547
388	17.766875264489364
389	19.45225499268491
390	19.45225499268491
391	13.20336482650227
392	24.03021206322408
393	24.03021206322408
394	24.03021206322408
395	19.58881410887732
396	19.58881410887732
397	19.58881410887732
398	19.61064888694937
399	30.323659527995815
400	30.323659527995815
401	9.159845654636648
402	15.617337193911608
403	15.617337193911608
404	15.617337193911608
405	15.617337193911608
406	15.617337193911608
407	4.510261946523638
408	4.510261946523638
409	13.086464719926694
410	27.2585906204756
411	27.2585906204756
412	19.434304914682606
413	19.434304914682606
414	19.434304914682606
415	19.434304914682606
416	19.434304914682606
417	21.05122912602319
418	7.139677657243217
419	2.3226568341580407
420	23.099094306319568
421	23.099094306319568
422	23.099094306319568
423	8.208060590338444
424	7.335381902989006
425	6.114049124755846
426	6.114049124755846
427	6.114049124755846
428	6.114049124755846
429	6.114049124755846
430	10.54904820921902
431	10.54904820921902
432	10.54904820921902
433	10.54904820921902
434	21.25152737981025
435	9.872439488550413
436	9.872439488550413
437	9.872439488550413
438	9.872439488550413
439	9.872439488550413
440	9.872439488550413
441	9.872439488550413
442	0.1
443	0.1
444	1.5110241518554979
445	1.5110241518554979
446	1.5110241518554979
447	1.5110241518554979
448	21.294818615721592
449	9.388840141272945
450	6.978943619008657
451	30.0890647847309
452	30.0890647847309
453	7.321262214095023
454	12.314289752930417
455	6.298609419964226
456	4.46747773647539
457	10.940483116148432
458	20.543288384374122
459	20.543288384374122
460	9.049699470563127
461	9.049699470563127
462	9.049699470563127
463	35.64887564228594
464	13.494708309516602
465	0.6877770617930121
466	25.103075962586814
467	10.150016132004232
468	9.666526637206323
469	9.666526637206323
470	9.666526637206323
471	9.666526637206323
472	6.70847734610952
473	13.487745379828342
474	19.072232444374286
475	32.303999913018515
476	32.303999913018515
477	32.303999913018515
478	5.3985526813247535
479	5.3985526813247535
480	5.3985526813247535
481	5.3985526813247535
482	12.909891700322666
483	12.909891700322666
484	16.22725118061944
485	13.872831269599136
486	13.872831269599136
487	2.7251633133218007
488	2.7251633133218007
489	2.7251633133218007
490	2.7251633133218007
491	2.7251633133218007
492	2.7251633133218007
493	32.299076922454454
494	5.8187302766752875
495	5.8187302766752875
496	24.194677589719255
497	24.194677589719255
498	24.194677589719255
499	17.796660084610366
500	17.796660084610366
501	17.796660084610366
502	17.796660084610366
503	22.21164913747304
504	22.21164913747304
505	22.21164913747304
506	22.21164913747304
507	11.338866313503939
508	9.044277043825343
509	8.657047682182908
510	8.657047682182908
511	8.657047682182908
512	23.060299374253837
513	23.060299374253837
514	23.060299374253837
515	23.060299374253837
516	23.060299374253837
517	19.206689043306113
518	19.206689043306113
519	18.871898067718377
520	18.871898067718377
521	18.871898067718377
522	18.871898067718377
523	9.670306487526883
524	29.16154826271725
525	10.0539817791499
526	10.0539817791499
527	16.937352031180733
528	16.937352031180733
529	16.937352031180733
530	5.995749190494022
531	8.460074928427474
532	8.460074928427474
533	7.536225827773065
534	1.972854023301867
535	5.713298360069992
536	12.63793587403046
537	21.93502822950116
538	21.93502822950116
539	21.93502822950116
540	11.994626258101354
541	11.994626258101354
542	16.359330680814693
543	16.359330680814693
544	3.900435277846194
545	3.900435277846194
546	3.900435277846194
547	3.900435277846194
548	21.10633807717963
549	16.608444735827433
550	23.858586949255365
551	23.858586949255365
552	6.127827323142984
553	6.127827323142984
554	6.127827323142984
555	9.718378520883956
556	9.718378520883956
557	9.718378520883956
558	9.718378520883956
559	9.718378520883956
560	18.000044182301473
561	13.67874219282659
562	13.67874219282659
563	13.67874219282659
564	13.67874219282659
565	6.600024719434593
566	6.600024719434593
567	6.600024719434593
568	7.747128717539701
569	7.747128717539701
570	7.747128717539701
571	7.747128717539701
572	7.747128717539701
573	4.084698189818237
574	4.084698189818237
575	4.084698189818237
576	19.607329224806925
577	19.607329224806925
578	6.460327727140246
579	6.460327727140246
580	6.460327727140246
581	6.460327727140246
582	20.294166152488476
583	20.294166152488476
584	9.733620683114081
585	9.733620683114081
586	5.679688862464897
587	5.679688862464897
588	5.679688862464897
589	5.679688862464897
590	5.679688862464897
591	5.679688862464897
592	5.679688862464897
593	5.679688862464897
594	22.802677383355856
595	22.802677383355856
596	0.24588970891105788
597	0.24588970891105788
598	0.24588970891105788
599	0.24588970891105788
600	0.24588970891105788
601	0.24588970891105788
602	8.374675486991396
603	8.374675486991396
604	8.374675486991396
605	8.374675486991396
606	11.293557618099493
607	11.293557618099493
608	11.293557618099493
609	11.293557618099493
610	5.233998791329096
611	5.233998791329096
612	9.071922818508856
613	9.071922818508856
614	9.071922818508856
615	12.7980634083653
616	0.1
617	21.744747083149452
618	10.430664331678447
619	10.430664331678447
620	6.485590801669949
621	6.485590801669949
622	6.798601194562971
623	6.798601194562971
624	6.798601194562971
625	6.798601194562971
626	6.798601194562971
627	17.35873154781813
628	10.678118882528246
629	10.678118882528246
630	10.678118882528246
631	10.678118882528246
632	10.678118882528246
633	10.678118882528246
634	26.017256747236388
635	11.42289896534581
636	11.42289896534581
637	11.37917067841291
638	11.37917067841291
639	11.37917067841291
640	13.042228267538823
641	13.042228267538823
642	13.042228267538823
643	13.042228267538823
644	13.042228267538823
645	13.042228267538823
646	13.042228267538823
647	13.042228267538823
648	23.518010617840872
649	18.835344678808983
650	18.835344678808983
651	18.835344678808983
652	18.835344678808983
653	16.833143856865604
654	13.171675043783743
655	7.743098317116824
656	27.571874940248463
657	11.505654719521615
658	11.505654719521615
659	11.505654719521615
660	11.505654719521615
661	11.505654719521615
662	9.772964471716499
663	9.772964471716499
664	9.772964471716499
665	6.25536081343048
666	21.08903791867268
667	3.4557046925032004
668	4.829121604238502
669	4.829121604238502
670	4.829121604238502
671	10.698241004822219
672	28.542724274802417
673	28.542724274802417
674	26.836024035714505
675	12.783173534770246
676	12.783173534770246
677	12.783173534770246
678	12.783173534770246
679	31.07342551975735
680	31.07342551975735
681	31.07342551975735
682	2.884854373333937
683	11.756851472859953
684	0.1
685	0.1
686	0.1
687	0.1
688	0.1
689	19.3360135833891
690	21.554098687144005
691	14.672354921603489
692	7.662565768848648
693	7.662565768848648
694	20.31200374310539
695	19.435907403081682
696	20.742874051793816
697	8.445141049065349
698	8.445141049065349
699	10.741537542714886
700	7.587992542083063
701	7.587992542083063
702	7.587992542083063
703	10.787575462880596
704	10.787575462880596
705	10.787575462880596
706	10.787575462880596
707	10.787575462880596
708	24.459335979288042
709	24.459335979288042
710	13.194254976036827
711	22.61101073517627
712	22.61101073517627
713	22.61101073517627
714	6.674385073731237
715	6.674385073731237
716	20.40112524387424
717	20.40112524387424
718	20.40112524387424
719	15.583255146349725
720	2.5340191847365094
721	2.5340191847365094
722	22.00900431499535
723	22.00900431499535
724	22.00900431499535
725	16.92062467896931
726	17.263300526059165
727	17.263300526059165
728	17.263300526059165
729	17.263300526059165
730	17.263300526059165
731	17.263300526059165
732	17.263300526059165
733	17.263300526059165
734	9.870652130083212
735	9.870652130083212
736	4.728761807855497
737	18.119832144111825
738	15.363019910582421
739	14.558449488906751
740	0.1
741	6.191263328735145
742	6.191263328735145
743	12.723914434585776
744	1.4906489949949755
745	26.592826040011616
746	22.92598546273213
747	22.92598546273213
748	22.92598546273213
749	8.722741794914635
750	8.722741794914635
751	8.722741794914635
752	8.722741794914635
753	20.186845586247415
754	20.186845586247415
755	3.8201060644094245
756	3.8201060644094245
757	31.43803024590153
758	17.988263826413434
759	17.405105308908297
760	6.845977862929473
761	11.73494278270909
762	11.73494278270909
763	11.73494278270909
764	11.577459831818711
765	17.312702836902645
766	27.367052067853663
767	15.078060416162783
768	15.078060416162783
769	15.078060416162783
770	11.558968804426366
771	11.558968804426366
772	11.558968804426366
773	20.94342913467205
774	12.859370523118924
775	12.859370523118924
776	15.960866294399327
777	15.960866294399327
778	15.332210814113855
779	22.644541383938154
780	22.644541383938154
781	22.644541383938154
782	22.644541383938154
783	22.644541383938154
784	7.19099847078656
785	7.19099847078656
786	17.702492117626786
787	17.702492117626786
788	17.702492117626786
789	13.54387635905912
790	13.54387635905912
791	13.54387635905912
792	13.54387635905912
793	10.221721739638964
794	25.5688647940956
795	25.5688647940956
796	25.5688647940956
797	25.5688647940956
798	16.336573093398545
799	25.737008047478792
800	9.931769204148013
801	0.1
802	17.32673883627907
803	17.32673883627907
804	17.32673883627907
805	17.32673883627907
806	17.32673883627907
807	17.32673883627907
808	17.32673883627907
809	21.208220948769714
810	21.208220948769714
811	21.208220948769714
812	21.208220948769714
813	21.208220948769714
814	21.208220948769714
815	21.208220948769714
816	21.208220948769714
817	18.964663425902987
818	18.964663425902987
819	18.964663425902987
820	22.330490297533878
821	15.018842561711933
822	15.018842561711933
823	16.324346982199142
824	7.78810032845865
825	7.78810032845865
826	0.1
827	0.1
828	11.797102926049297
829	11.797102926049297
830	11.797102926049297
831	11.797102926049297
832	11.797102926049297
833	11.797102926049297
834	28.98693522575907
835	3.656280650020223
836	3.656280650020223
837	3.656280650020223
838	20.74473871940512
839	17.077516098199403
840	17.077516098199403
841	10.390063544224875
842	12.034413062246125
843	27.69951276442965
844	0.1
845	0.1
846	25.908578256570173
847	25.908578256570173
848	8.969156412084713
849	8.969156412084713
850	8.969156412084713
851	8.969156412084713
852	7.223589006945547
853	7.223589006945547
854	7.223589006945547
855	19.931909311917853
856	18.013758988420072
857	17.579879013447414
858	12.199891048965302
859	12.199891048965302
860	11.184548841148306
861	10.344328553157863
862	17.103926219564137
863	4.684445423971555
864	10.925126759912146
865	10.50848579232375
866	8.492571923345729
867	8.42899633282422
868	8.42899633282422
869	29.69967489023457
870	1.859323543851767
871	22.499749878187217
872	37.582469694469346
873	23.866763389839555
874	23.866763389839555
875	23.866763389839555
876	29.128444349374057
877	16.1964162730838
878	16.1964162730838
879	25.11442222623618
880	25.11442222623618
881	25.11442222623618
882	25.11442222623618
883	15.788661341190505
884	15.788661341190505
885	16.28684853742357
886	27.12858870291089
887	27.12858870291089
888	7.389316527508065
889	7.389316527508065
890	7.389316527508065
891	7.389316527508065
892	18.3792466788234
893	18.3792466788234
894	0.1
895	23.246966091145516
896	23.246966091145516
897	23.246966091145516
898	13.795886968360586
899	4.78225827141579
900	4.78225827141579
901	4.78225827141579
902	4.78225827141579
903	4.78225827141579
904	4.78225827141579
905	4.78225827141579
906	4.78225827141579
907	15.30388278512011
908	36.53282517093723
909	36.53282517093723
910	9.294147186095786
911	36.29507209896289
912	36.29507209896289
913	36.29507209896289
914	0.1
915	0.1
916	21.48081438345864
917	21.48081438345864
918	11.040644457304818
919	11.040644457304818
920	11.040644457304818
921	18.006753400454585
922	18.006753400454585
923	19.246740725341795
924	13.548208003042323
925	2.4638973345623665
926	2.4638973345623665
927	2.4638973345623665
928	12.737320105507827
929	12.737320105507827
930	2.819001884494247
931	10.599048314180898
932	3.8735971973405583
933	7.871146002997202
934	7.871146002997202
935	7.836779171136111
936	19.910009206829177
937	19.910009206829177
938	19.910009206829177
939	9.775074712151424
940	9.775074712151424
941	7.411904543320766
942	16.66856732232016
943	16.349725050870493
944	16.349725050870493
945	10.434724735165505
946	10.434724735165505
947	20.028981614451844
948	26.03683371927986
949	26.03683371927986
950	15.91565634910446
951	15.91565634910446
952	11.427560436701226
953	11.427560436701226
954	2.691483456299352
955	14.9749576806561
956	14.9749576806561
957	36.40898407029558
958	36.40898407029558
959	4.042761931247719
960	4.042761931247719
961	21.046404775763524
962	20.356499911604235
963	21.203752499045212
964	21.203752499045212
965	21.203752499045212
966	15.243159147114728
967	0.1
968	21.049100254137745
969	21.049100254137745
970	21.049100254137745
971	21.049100254137745
972	21.049100254137745
973	21.049100254137745
974	16.88278573939597
975	29.14188228735692
976	10.978284761420287
977	14.994810688035583
978	14.994810688035583
979	14.160280421794585
980	14.160280421794585
981	14.160280421794585
982	14.160280421794585
983	14.160280421794585
984	9.218817269834151
985	15.924668593961904
986	0.1
987	11.656553887868135
988	11.656553887868135
989	11.656553887868135
990	11.656553887868135
991	11.656553887868135
992	11.656553887868135
993	11.656553887868135
994	9.678355858091283
995	9.678355858091283
996	9.678355858091283
997	9.678355858091283
998	9.678355858091283
999	9.678355858091283
1000	7.257488260389239
1001	17.148281212988234
1002	2.682745846867693
1003	2.682745846867693
1004	2.682745846867693
1005	2.682745846867693
1006	25.478407879848834
1007	25.478407879848834
1008	25.478407879848834
1009	13.618734646888447
1010	27.463941853782593
1011	27.463941853782593
1012	14.110980124391922
1013	29.66334274518471
1014	29.66334274518471
1015	29.66334274518471
1016	29.66334274518471
1017	29.66334274518471
1018	0.1
1019	0.1
1020	0.1
1021	0.1
1022	0.1
1023	0.1
1024	0.1
1025	0.1
1026	15.398944666630426
1027	15.398944666630426
1028	15.398944666630426
1029	15.398944666630426
1030	10.80655222918231
1031	10.80655222918231
1032	0.1
1033	0.1
1034	0.1
1035	0.1
1036	29.010103917797693
1037	5.111351912975483
1038	5.111351912975483
1039	5.111351912975483
1040	5.111351912975483
1041	5.111351912975483
1042	5.111351912975483
1043	5.111351912975483
1044	5.111351912975483
1045	4.521848392393313
1046	5.826490121248008
1047	5.826490121248008
1048	5.826490121248008
1049	20.97750102164551
1050	16.044947678116735
1051	16.044947678116735
1052	16.044947678116735
1053	16.044947678116735
1054	3.797799033158224
1055	3.797799033158224
1056	3.797799033158224
1057	18.681021853969526
1058	18.681021853969526
1059	25.561963549673912
1060	25.561963549673912
1061	25.635924665486286
1062	25.635924665486286
1063	25.635924665486286
1064	25.635924665486286
1065	25.635924665486286
1066	16.637732555967535
1067	16.637732555967535
1068	16.637732555967535
1069	14.914286880450112
1070	6.343964437143265
1071	17.300264020799254
1072	17.300264020799254
1073	11.274771134842231
1074	20.354933490777924
1075	20.354933490777924
1076	20.354933490777924
1077	10.382797157181459
1078	10.382797157181459
1079	10.382797157181459
1080	10.382797157181459
1081	20.77701850577172
1082	20.77701850577172
1083	19.987784670137348
1084	19.987784670137348
1085	19.987784670137348
1086	19.987784670137348
1087	15.605145052058118
1088	15.605145052058118
1089	22.079761761451977
1090	10.422190928814443
1091	22.306780047717375
1092	3.0623234647453206
1093	16.775324332167187
1094	10.242418098566445
1095	10.242418098566445
1096	10.242418098566445
1097	18.486596482961986
1098	19.165477271070348
1099	14.457389525530806
1100	8.66823679315774
1101	6.127335100947728
1102	6.127335100947728
1103	6.127335100947728
1104	6.127335100947728
1105	6.127335100947728
1106	0.1
1107	23.73455706858895
1108	4.525219235172173
1109	35.049925446645005
1110	35.049925446645005
1111	15.316718475849974
1112	15.316718475849974
1113	15.316718475849974
1114	8.27788834343958
1115	8.27788834343958
1116	8.27788834343958
1117	9.536604242249707
1118	10.801361880427926
1119	10.801361880427926
1120	16.14535575368909
1121	16.14535575368909
1122	14.267964922346225
1123	3.489016737130548
1124	3.489016737130548
1125	3.489016737130548
1126	3.489016737130548
1127	3.489016737130548
1128	14.438225786906616
1129	14.438225786906616
1130	12.29408989861976
1131	12.29408989861976
1132	12.29408989861976
1133	1.6044798861699938
1134	11.253574996728158
1135	11.253574996728158
1136	11.253574996728158
1137	9.207289258549231
1138	18.709209604504963
1139	11.152743780772237
1140	11.152743780772237
1141	10.611674758476662
1142	31.763664564030645
1143	31.763664564030645
1144	22.23031403608926
1145	27.1648577122491
1146	11.55871044050113
1147	23.29653589113714
1148	23.29653589113714
1149	23.29653589113714
1150	17.08611816968614
1151	1.9694636352164618
1152	1.9694636352164618
1153	1.9694636352164618
1154	1.9694636352164618
1155	1.9694636352164618
1156	1.9694636352164618
1157	1.9694636352164618
1158	1.9694636352164618
1159	22.99078996543389
1160	22.99078996543389
1161	11.312448198178343
1162	11.312448198178343
1163	11.312448198178343
1164	15.48531385980063
1165	15.48531385980063
1166	35.24126707391935
1167	18.887931025051277
1168	6.007544136487185
1169	6.007544136487185
1170	13.548785766000393
1171	13.548785766000393
1172	13.548785766000393
1173	13.548785766000393
1174	13.548785766000393
1175	10.118677956835691
1176	10.217195707872861
1177	6.631191218787724
1178	30.918015859262837
1179	30.918015859262837
1180	30.918015859262837
1181	30.918015859262837
1182	30.918015859262837
1183	10.336055362998088
1184	17.91211377871678
1185	14.773089555496858
1186	7.172351907724058
1187	0.1
1188	0.1
1189	22.537888887331196
1190	22.537888887331196
1191	14.169557480187471
1192	14.169557480187471
1193	14.169557480187471
1194	9.605702512909858
1195	14.378281024685933
1196	14.378281024685933
1197	15.081713408311442
1198	15.859969834608167
1199	15.859969834608167
1200	12.959057395517307
1201	12.959057395517307
1202	12.959057395517307
1203	12.959057395517307
1204	13.612804280031979
1205	21.803035947528436
1206	21.803035947528436
1207	0.963748018194936
1208	0.963748018194936
1209	4.5937453760074725
1210	4.5937453760074725
1211	4.5937453760074725
1212	4.5937453760074725
1213	35.20933010645484
1214	24.36429437997606
1215	24.36429437997606
1216	24.36429437997606
1217	0.1
1218	0.1
1219	0.1
1220	0.1
1221	12.85921000847092
1222	12.85921000847092
1223	28.65871611694356
1224	5.176865273942545
1225	18.523164391030207
1226	0.1
1227	15.893192874988078
1228	6.030453486729759
1229	6.030453486729759
1230	20.853113219951283
1231	24.83730018186087
1232	12.43754491928323
1233	12.43754491928323
1234	11.333587067685167
1235	11.333587067685167
1236	11.333587067685167
1237	11.333587067685167
1238	0.1
1239	13.17257579698339
1240	13.17257579698339
1241	13.17257579698339
1242	0.1
1243	0.1
1244	0.1
1245	0.1
1246	0.1
1247	0.1
1248	4.103133780339437
1249	4.103133780339437
1250	4.103133780339437
1251	11.766693382045608
1252	9.28124482892979
1253	10.958728965126664
1254	14.47393276945099
1255	0.1
1256	0.1
1257	11.901789726287983
1258	11.779764183396843
1259	11.779764183396843
1260	11.779764183396843
1261	11.779764183396843
1262	16.51647046780771
1263	0.409595160213847
1264	5.250928021334218
1265	2.3833134244005816
1266	2.3833134244005816
1267	2.3833134244005816
1268	2.3833134244005816
1269	9.583466204854776
1270	9.583466204854776
1271	34.73708440585344
1272	34.73708440585344
1273	34.73708440585344
1274	34.73708440585344
1275	34.73708440585344
1276	17.096342838156524
1277	17.096342838156524
1278	8.732451902530487
1279	23.148192845540052
1280	27.15593483684978
1281	27.15593483684978
1282	18.07815954547541
1283	18.07815954547541
1284	6.6306772250205785
1285	6.6306772250205785
1286	6.6306772250205785
1287	6.6306772250205785
1288	27.495320046095955
1289	12.771339225760602
1290	7.3395979548627235
1291	7.3395979548627235
1292	7.3395979548627235
1293	22.306235482355383
1294	6.987898118175831
1295	6.987898118175831
1296	15.439088502192828
1297	15.439088502192828
1298	19.823301005692095
1299	11.835229739520475
1300	11.835229739520475
1301	25.189063595934975
1302	19.71544217039707
1303	19.71544217039707
1304	15.431141979302376
1305	7.716858261790166
1306	7.716858261790166
1307	7.716858261790166
1308	7.716858261790166
1309	7.716858261790166
1310	7.716858261790166
1311	17.124591153063427
1312	17.124591153063427
1313	17.124591153063427
1314	0.1
1315	21.949918071827
1316	16.07881973721353
1317	16.07881973721353
1318	16.07881973721353
1319	16.07881973721353
1320	16.07881973721353
1321	16.07881973721353
1322	16.07881973721353
1323	24.877406934844366
1324	3.606770292865802
1325	33.01117096919954
1326	9.009022578697735
1327	9.009022578697735
1328	16.223906442128982
1329	16.223906442128982
1330	11.375849825630066
1331	11.375849825630066
1332	11.375849825630066
1333	11.375849825630066
1334	11.375849825630066
1335	11.375849825630066
1336	11.375849825630066
1337	0.1
1338	0.1
1339	13.464342157022072
1340	13.464342157022072
1341	13.464342157022072
1342	13.464342157022072
1343	11.549139614610302
1344	11.549139614610302
1345	11.549139614610302
1346	11.549139614610302
1347	12.493781830355573
1348	12.493781830355573
1349	11.843846545050864
1350	11.843846545050864
1351	27.561515144177815
1352	27.561515144177815
1353	27.561515144177815
1354	0.1
1355	0.1
1356	20.78146473806406
1357	26.395100470122912
1358	26.395100470122912
1359	22.120047156637444
1360	9.897576312811793
1361	9.897576312811793
1362	9.897576312811793
1363	10.00324306758113
1364	1.7876323612639755
1365	1.7876323612639755
1366	1.7876323612639755
1367	18.331368022187185
1368	18.331368022187185
1369	18.331368022187185
1370	18.331368022187185
1371	18.331368022187185
1372	18.331368022187185
1373	18.331368022187185
1374	9.457950335829596
1375	9.457950335829596
1376	9.457950335829596
1377	9.457950335829596
1378	9.457950335829596
1379	9.457950335829596
1380	27.61838594947205
1381	13.89088223187102
1382	13.89088223187102
1383	13.89088223187102
1384	6.4150065019149975
1385	6.4150065019149975
1386	6.4150065019149975
1387	6.4150065019149975
1388	6.4150065019149975
1389	12.8497593576282
1390	8.897867582843588
1391	8.897867582843588
1392	14.048318259707292
1393	27.38521785249727
1394	17.661747568029867
1395	9.019966404506672
1396	9.019966404506672
1397	9.019966404506672
1398	9.019966404506672
1399	9.019966404506672
1400	9.019966404506672
1401	9.019966404506672
1402	6.078958390949024
1403	26.237982428555753
1404	26.237982428555753
1405	26.237982428555753
1406	26.237982428555753
1407	26.237982428555753
1408	26.237982428555753
1409	26.237982428555753
1410	26.237982428555753
1411	27.77845079128675
1412	0.1
1413	19.146950278991127
1414	18.53569089957649
1415	18.53569089957649
1416	18.53569089957649
1417	18.53569089957649
1418	18.53569089957649
1419	18.53569089957649
1420	11.045340338262875
1421	11.045340338262875
1422	20.47380157243613
1423	20.47380157243613
1424	20.47380157243613
1425	19.114251166312926
1426	11.40642078093887
1427	11.243308433185987
1428	11.243308433185987
1429	11.243308433185987
1430	11.243308433185987
1431	11.243308433185987
1432	11.243308433185987
1433	11.243308433185987
1434	8.917842966049562
1435	8.917842966049562
1436	16.486282481370996
1437	16.486282481370996
1438	15.135058922560056
1439	19.072416658898177
1440	19.072416658898177
1441	19.072416658898177
1442	19.072416658898177
1443	19.072416658898177
1444	19.072416658898177
1445	19.072416658898177
1446	19.888549759319808
1447	19.888549759319808
1448	19.888549759319808
1449	19.888549759319808
1450	19.888549759319808
1451	18.952715715269036
1452	17.922211881432666
1453	17.922211881432666
1454	17.922211881432666
1455	24.291930574123104
1456	8.588120235000476
1457	8.588120235000476
1458	19.96667237362056
1459	19.96667237362056
1460	21.138166949879057
1461	17.563688364499733
1462	17.563688364499733
1463	17.563688364499733
1464	16.773221503929772
1465	22.131821138443286
1466	6.924395179659292
1467	26.62419383836123
1468	26.62419383836123
1469	27.341433589137274
1470	27.341433589137274
1471	27.341433589137274
1472	27.341433589137274
1473	27.341433589137274
1474	14.289233580189613
1475	14.289233580189613
1476	14.289233580189613
1477	14.289233580189613
1478	14.289233580189613
1479	1.5870865924824287
1480	1.5870865924824287
1481	1.5870865924824287
1482	1.5870865924824287
1483	19.248468632555067
1484	19.248468632555067
1485	19.248468632555067
1486	19.248468632555067
1487	15.157251649828645
1488	24.078544149864975
1489	7.053217525599963
1490	7.400148270292935
1491	8.56862946980262
1492	8.56862946980262
1493	8.56862946980262
1494	8.56862946980262
1495	8.56862946980262
1496	26.859818857298016
1497	13.489211312328923
1498	9.003549574189064
1499	12.437314663877128
1500	12.437314663877128
1501	12.437314663877128
1502	12.437314663877128
1503	12.437314663877128
1504	9.937926029271187
1505	9.937926029271187
1506	9.937926029271187
1507	19.29377943723143
1508	11.843952615641815
1509	12.036403602689532
1510	5.990727348760428
1511	7.7600297510638105
1512	7.7600297510638105
1513	7.7600297510638105
1514	19.944662529582768
1515	19.944662529582768
1516	19.944662529582768
1517	19.944662529582768
1518	19.944662529582768
1519	19.944662529582768
1520	22.106719554895363
1521	6.05765157457258
1522	6.05765157457258
1523	6.05765157457258
1524	6.05765157457258
1525	6.05765157457258
1526	9.627424461220777
1527	24.652397682452794
1528	24.652397682452794
1529	24.652397682452794
1530	24.652397682452794
1531	24.652397682452794
1532	15.864545443043186
1533	15.864545443043186
1534	15.864545443043186
1535	15.864545443043186
1536	15.40537956474334
1537	0.1
1538	0.1
1539	9.607632291062135
1540	9.607632291062135
1541	26.387907775255176
1542	21.21705363688008
1543	31.301767629866347
1544	31.301767629866347
1545	8.03203240946098
1546	8.03203240946098
1547	15.735759233801586
1548	15.735759233801586
1549	12.188181260616146
1550	14.64161308430844
1551	14.64161308430844
1552	14.64161308430844
1553	12.165074261298141
1554	12.165074261298141
1555	12.165074261298141
1556	3.0495190487732895
1557	3.0495190487732895
1558	23.883916302579273
1559	23.883916302579273
1560	23.883916302579273
1561	23.883916302579273
1562	23.883916302579273
1563	23.883916302579273
1564	23.883916302579273
1565	15.136280819434235
1566	15.824412133654032
1567	15.824412133654032
1568	15.824412133654032
1569	15.250447607835007
1570	15.250447607835007
1571	15.250447607835007
1572	20.92069630219401
1573	30.0407049856963
1574	8.048404341513509
1575	14.930342751800127
1576	14.930342751800127
1577	14.930342751800127
1578	14.930342751800127
1579	14.930342751800127
1580	14.930342751800127
1581	15.633471149192022
1582	18.505653155205753
1583	0.1
1584	0.1
1585	19.46272545305005
1586	24.666366234615907
1587	16.48123046442165
1588	16.48123046442165
1589	16.48123046442165
1590	1.7279699398852788
1591	1.7279699398852788
1592	24.640657126937874
1593	24.640657126937874
1594	22.528592386057433
1595	22.528592386057433
1596	22.528592386057433
1597	22.528592386057433
1598	22.528592386057433
1599	23.098111852817162
1600	23.098111852817162
1601	23.098111852817162
1602	23.098111852817162
1603	13.771928605151986
1604	5.425444322060901
1605	5.425444322060901
1606	5.425444322060901
1607	5.425444322060901
1608	5.425444322060901
1609	5.425444322060901
1610	8.944018990543075
1611	8.944018990543075
1612	23.91703554079293
1613	23.91703554079293
1614	23.91703554079293
1615	23.91703554079293
1616	0.1
1617	7.484758121329982
1618	7.484758121329982
1619	28.44219622997208
1620	28.44219622997208
1621	17.141009699790537
1622	8.884234766058801
1623	11.58671621486948
1624	11.58671621486948
1625	23.729995176758322
1626	23.729995176758322
1627	34.1588273548142
1628	34.1588273548142
1629	13.070487835925498
1630	13.070487835925498
1631	13.070487835925498
1632	13.070487835925498
1633	13.070487835925498
1634	13.070487835925498
1635	6.615952672853364
1636	6.615952672853364
1637	18.50563786387894
1638	18.50563786387894
1639	2.7308949102249827
1640	15.402418625343353
1641	15.402418625343353
1642	15.402418625343353
1643	15.402418625343353
1644	15.402418625343353
1645	15.402418625343353
1646	15.402418625343353
1647	15.402418625343353
1648	0.1
1649	0.1
1650	46.34259594553594
1651	46.34259594553594
1652	27.571869713374298
1653	27.571869713374298
1654	27.571869713374298
1655	36.87099673349111
1656	13.832251916941239
1657	13.832251916941239
1658	13.832251916941239
1659	13.832251916941239
1660	13.832251916941239
1661	17.656066703005468
1662	17.656066703005468
1663	17.656066703005468
1664	17.656066703005468
