0	3.608473895456884
1	3.608473895456884
2	3.483273616474956
3	3.483273616474956
4	3.483273616474956
5	5.51541378657394
6	7.422306502211148
7	7.422306502211148
8	7.422306502211148
9	7.422306502211148
10	7.422306502211148
11	2.6094664253936886
12	2.6094664253936886
13	10.489667447503859
14	10.489667447503859
15	10.489667447503859
16	10.489667447503859
17	10.489667447503859
18	10.489667447503859
19	7.754106710112771
20	7.754106710112771
21	7.754106710112771
22	3.6762754934985478
23	1.5790733998648383
24	1.5790733998648383
25	1.5790733998648383
26	4.8887687593320575
27	4.8887687593320575
28	9.822218220638506
29	9.769367417357293
30	9.769367417357293
31	9.769367417357293
32	9.769367417357293
33	3.199319996950814
34	20.7796931392735
35	20.7796931392735
36	9.862584258548454
37	14.227818226047663
38	8.339966153096105
39	10.156487887264802
40	10.156487887264802
41	3.8456260790441466
42	4.761548955860002
43	4.761548955860002
44	4.761548955860002
45	4.761548955860002
46	8.582512767952453
47	8.582512767952453
48	8.582512767952453
49	4.480891645066652
50	4.480891645066652
51	2.4878627331076437
52	2.4878627331076437
53	2.4878627331076437
54	3.004710738678127
55	3.004710738678127
56	3.004710738678127
57	4.530620623921569
58	4.530620623921569
59	4.530620623921569
60	2.039875927737843
61	2.039875927737843
62	2.039875927737843
63	2.039875927737843
64	4.168669439794802
65	4.168669439794802
66	4.168669439794802
67	3.112353385723876
68	3.9446287246093963
69	3.9446287246093963
70	3.9446287246093963
71	3.9446287246093963
72	2.9239102252659426
73	2.9239102252659426
74	2.9239102252659426
75	2.9239102252659426
76	2.6553258189741387
77	1.2113271183859569
78	9.52058774296752
79	11.534106116465594
80	15.459400794455227
81	4.925878204821893
82	1.7953139495802621
83	1.7953139495802621
84	1.7953139495802621
85	7.985456993778994
86	7.985456993778994
87	3.5547234347319145
88	7.499073597107109
89	8.117544933195909
90	1.623416324954455
91	1.623416324954455
92	2.2240214877486406
93	2.2240214877486406
94	4.036461245147128
95	1.181072698476302
96	2.403395959253987
97	2.403395959253987
98	5.398570799346576
99	5.398570799346576
100	4.632286486466377
101	4.485240599359798
102	0.1
103	0.1
104	2.0581572995802637
105	2.58868184447439
106	1.0468959334472634
107	4.356536038313228
108	3.050821433268239
109	3.050821433268239
110	3.584242306887198
111	3.584242306887198
112	14.352314339278267
113	14.352314339278267
114	7.006383183507826
115	7.006383183507826
116	7.006383183507826
117	4.108991914202422
118	4.108991914202422
119	5.614175704785851
120	1.4876663510904526
121	1.4876663510904526
122	1.0732817127845167
123	1.0732817127845167
124	5.0641223199125465
125	5.0641223199125465
126	3.8644822514470913
127	3.423883292079195
128	3.423883292079195
129	3.423883292079195
130	3.423883292079195
131	3.423883292079195
132	3.423883292079195
133	3.044901099842337
134	3.044901099842337
135	16.28019399957264
136	16.28019399957264
137	7.2277999707379506
138	5.576114253882919
139	10.146715330434096
140	9.815265064288782
141	1.2689312589792578
142	1.2689312589792578
143	0.8873975944281627
144	0.8873975944281627
145	0.8873975944281627
146	0.8873975944281627
147	0.8873975944281627
148	4.215004608706225
149	4.215004608706225
150	4.215004608706225
151	4.215004608706225
152	11.373405371039992
153	11.373405371039992
154	8.474711068206624
155	8.474711068206624
156	8.474711068206624
157	8.474711068206624
158	8.474711068206624
159	12.575611075230537
160	6.902072961938007
161	6.550470615703595
162	4.2663552401131355
163	6.216004116883678
164	6.3687859353085114
165	6.3687859353085114
166	4.359374578715255
167	4.359374578715255
168	4.797669922382157
169	4.2045332039255285
170	11.544888645912984
171	11.544888645912984
172	11.544888645912984
173	11.544888645912984
174	5.216269566340312
175	1.8203362041764342
176	1.8203362041764342
177	1.8203362041764342
178	4.060384391268935
179	2.982344248764605
180	1.2939295965979758
181	5.0571283579370006
182	10.153977146859772
183	10.153977146859772
184	7.052818445233701
185	7.052818445233701
186	6.530854001879883
187	6.530854001879883
188	6.805363641559637
189	5.2349829262220755
190	7.378160354984517
191	7.378160354984517
192	7.378160354984517
193	8.177265738088453
194	5.0243339268704545
195	7.68321715307109
196	7.68321715307109
197	7.68321715307109
198	7.68321715307109
199	19.365408340568855
200	10.946061173232135
201	10.310045992376782
202	9.371639997575393
203	9.371639997575393
204	6.223152134229582
205	6.223152134229582
206	6.223152134229582
207	6.223152134229582
208	6.739011648494062
209	6.630706984332957
210	6.630706984332957
211	11.925775439072012
212	11.925775439072012
213	5.289498435632386
214	4.225310724657531
215	6.671108227840701
216	11.779848580590283
217	10.188226437561113
218	10.281313015519459
219	10.281313015519459
220	10.281313015519459
221	10.281313015519459
222	2.537431518848832
223	6.729375828459322
224	1.449867261750092
225	11.070047912203659
226	11.070047912203659
227	11.070047912203659
228	3.365292563016825
229	5.743981915447247
230	7.595551074913845
231	8.398468305768906
232	8.398468305768906
233	8.398468305768906
234	3.368727677806233
235	3.368727677806233
236	3.368727677806233
237	13.5575065681376
238	12.763134467783306
239	12.763134467783306
240	12.34465828934156
241	8.143428098824865
242	6.608109408922582
243	6.608109408922582
244	4.781568131652762
245	1.9138992307105718
246	1.9138992307105718
247	1.9138992307105718
248	5.167646252440148
249	5.167646252440148
250	9.58970846773037
251	6.4962807922674255
252	6.4962807922674255
253	2.385351839950986
254	2.385351839950986
255	2.385351839950986
256	2.385351839950986
257	10.963664249333057
258	10.963664249333057
259	10.963664249333057
260	5.293443308342664
261	5.293443308342664
262	5.293443308342664
263	5.293443308342664
264	3.1440579884685196
265	3.1440579884685196
266	3.1440579884685196
267	6.264633756341326
268	3.437431752520225
269	0.6634674256998867
270	0.6634674256998867
271	0.6634674256998867
272	0.6634674256998867
273	1.2902405226136957
274	3.329409830352235
275	1.0779256886812638
276	1.0779256886812638
277	2.349649977441077
278	2.933362897286842
279	2.1508274178400986
280	2.1508274178400986
281	2.1508274178400986
282	2.1508274178400986
283	1.7505981838047524
284	4.152754865669798
285	6.9048583075366565
286	10.424240294019967
287	10.424240294019967
288	10.424240294019967
289	10.424240294019967
290	5.696468942828963
291	5.696468942828963
292	4.974287287442758
293	4.974287287442758
294	4.0004621489208265
295	7.415322269113167
296	8.423936359159411
297	4.780384586940276
298	14.360586472256713
299	14.360586472256713
300	2.968293733671345
301	2.968293733671345
302	2.968293733671345
303	2.968293733671345
304	2.968293733671345
305	2.968293733671345
306	3.551398880964053
307	3.551398880964053
308	3.551398880964053
309	3.0575413156627884
310	3.0575413156627884
311	3.0575413156627884
312	3.0575413156627884
313	0.21316243437358784
314	0.21316243437358784
315	3.3397007528066185
316	3.3397007528066185
317	3.3397007528066185
318	3.3397007528066185
319	3.054687453570291
320	3.054687453570291
321	8.070306859851803
322	8.780956210623518
323	8.780956210623518
324	9.662322322073027
325	8.23246603388494
326	8.23246603388494
327	5.674368830409549
328	5.674368830409549
329	11.0264675529085
330	4.319940393170187
331	4.319940393170187
332	4.319940393170187
333	4.319940393170187
334	3.8055590501182657
335	3.8055590501182657
336	3.8055590501182657
337	0.13019130574724969
338	4.754300424004093
339	6.299325536014646
340	7.095976724814763
341	7.095976724814763
342	2.7098563329530707
343	2.7098563329530707
344	2.7098563329530707
345	6.331225289090806
346	6.331225289090806
347	6.331225289090806
348	8.894202299557133
349	8.894202299557133
350	2.2814749101343166
351	2.2814749101343166
352	2.2814749101343166
353	3.1006636105006904
354	3.1006636105006904
355	3.1006636105006904
356	6.517268283347826
357	6.517268283347826
358	6.517268283347826
359	8.21821513542883
360	9.52098602351573
361	9.086817671042438
362	9.086817671042438
363	9.086817671042438
364	8.628792159898556
365	9.662833367949709
366	9.662833367949709
367	9.662833367949709
368	9.662833367949709
369	3.047222903380203
370	3.047222903380203
371	3.047222903380203
372	3.047222903380203
373	3.047222903380203
374	6.0311525155653465
375	6.0311525155653465
376	6.0311525155653465
377	6.0311525155653465
378	6.0311525155653465
379	5.654513311715
380	7.327751147528424
381	7.560688794821428
382	7.560688794821428
383	9.94164779324025
384	9.94164779324025
385	9.94164779324025
386	9.94164779324025
387	9.94164779324025
388	7.513671616423098
389	8.688145243648552
390	3.6419651178369614
391	3.6419651178369614
392	2.316314970691752
393	2.9809432483879865
394	2.9809432483879865
395	2.9809432483879865
396	3.0328354002222664
397	1.2174339873411455
398	11.703461944232767
399	11.703461944232767
400	7.908405918239261
401	4.898671429223175
402	4.065923593636167
403	2.4521041389821803
404	2.4521041389821803
405	2.4521041389821803
406	3.771197089881383
407	5.536341799134247
408	5.536341799134247
409	5.536341799134247
410	8.05984489250961
411	5.962465295618849
412	5.962465295618849
413	5.962465295618849
414	3.3973774590291708
415	3.3973774590291708
416	2.5074849201669247
417	2.5074849201669247
418	9.599929923942739
419	9.599929923942739
420	9.599929923942739
421	7.715974473030437
422	7.715974473030437
423	9.510009917969164
424	9.510009917969164
425	9.510009917969164
426	9.510009917969164
427	9.510009917969164
428	2.262806995562424
429	2.262806995562424
430	4.200193947099172
431	4.7492801214671765
432	4.7492801214671765
433	6.8970502830664016
434	10.255246569564138
435	10.255246569564138
436	10.255246569564138
437	10.255246569564138
438	10.255246569564138
439	8.119384172448155
440	11.465766486071029
441	14.758838611479678
442	14.758838611479678
443	14.758838611479678
444	8.848318205276472
445	8.180520500387273
446	7.904562440834046
447	2.218206507577655
448	7.842973265476432
449	2.829307339938352
450	2.829307339938352
451	2.829307339938352
452	4.699206010019737
453	3.233952732266945
454	3.233952732266945
455	3.233952732266945
456	3.233952732266945
457	3.233952732266945
458	3.233952732266945
459	0.1
460	0.1
461	0.1
462	0.1
463	3.4575180568171198
464	9.61152585280108
465	9.61152585280108
466	0.7923852469117028
467	0.7923852469117028
468	0.7923852469117028
469	0.7923852469117028
470	0.7923852469117028
471	0.7923852469117028
472	2.1624390133701703
473	2.1624390133701703
474	5.947960586658089
475	5.947960586658089
476	5.947960586658089
477	5.947960586658089
478	5.947960586658089
479	3.725202136473574
480	5.3667095800972024
481	5.838547550503875
482	3.179429242209786
483	3.8200493885231395
484	3.8200493885231395
485	1.4068444894766272
486	3.352574067221055
487	7.18529789706093
488	7.18529789706093
489	8.085415030999028
490	7.539358983532816
491	7.539358983532816
492	3.7230428884280053
493	2.6824825380758925
494	2.6824825380758925
495	2.6824825380758925
496	2.058262162053967
497	2.058262162053967
498	2.058262162053967
499	2.058262162053967
500	2.058262162053967
501	2.058262162053967
502	2.4834190234887776
503	2.4834190234887776
504	2.4834190234887776
505	4.512856994983327
506	5.637113505715858
507	4.610755141067998
508	1.981755414960446
509	1.981755414960446
510	1.981755414960446
511	1.981755414960446
512	1.981755414960446
513	2.059487486526871
514	7.935947687913076
515	7.935947687913076
516	5.017133393224746
517	5.017133393224746
518	1.9338295953403812
519	1.9338295953403812
520	6.359500126609724
521	6.359500126609724
522	3.5700513161560545
523	3.5700513161560545
524	4.198106463131678
525	10.566257177288579
526	10.566257177288579
527	6.659809977122355
528	7.24556951734288
529	7.24556951734288
530	7.24556951734288
531	7.24556951734288
532	7.24556951734288
533	6.920895893539057
534	5.120524115763997
535	13.023413129421886
536	13.023413129421886
537	6.993535679702894
538	6.993535679702894
539	6.993535679702894
540	10.123483237993062
541	4.961021308326143
542	7.142418985398809
543	7.142418985398809
544	3.874486999915307
545	3.636551469967447
546	3.636551469967447
547	0.8004274618244998
548	0.8004274618244998
549	3.0179933354380113
550	2.242415583360797
551	2.242415583360797
552	2.242415583360797
553	6.343459075539149
554	6.343459075539149
555	4.5890576360657045
556	12.664298992295162
557	6.6298523698689475
558	6.6298523698689475
559	2.1876703761617318
560	3.1183301591423267
561	3.1183301591423267
562	3.1183301591423267
563	3.1183301591423267
564	3.1183301591423267
565	10.906458697588665
566	10.906458697588665
567	10.906458697588665
568	10.906458697588665
569	10.906458697588665
570	10.906458697588665
571	4.818006957150241
572	7.368845672049344
573	7.368845672049344
574	10.521287832007314
575	10.521287832007314
576	7.778495180154697
577	7.778495180154697
578	7.346440524224188
579	9.850409109550009
580	6.914767756350431
581	6.541771964935441
582	6.541771964935441
583	2.989505198539443
584	2.989505198539443
585	2.670745878939324
586	3.087665151001729
587	3.087665151001729
588	3.087665151001729
589	2.1807552670708086
590	2.1807552670708086
591	2.1807552670708086
592	2.1807552670708086
593	2.1807552670708086
594	2.1807552670708086
595	2.5587378464060784
596	7.664710898712995
597	7.456974609899124
598	7.456974609899124
599	2.9250721925123817
600	2.9250721925123817
601	4.455337360768627
602	2.517412662752741
603	2.517412662752741
604	2.517412662752741
605	2.427159040727122
606	2.566656678558984
607	2.566656678558984
608	3.2647656173426673
609	1.6065527368039927
610	1.6065527368039927
611	1.6065527368039927
612	2.4116905685795524
613	2.4116905685795524
614	2.4116905685795524
615	5.286048038835165
616	5.286048038835165
617	4.573853045928128
618	1.1379926818021198
619	1.1379926818021198
620	1.1379926818021198
621	1.1379926818021198
622	1.1379926818021198
623	1.1379926818021198
624	7.6360286661840995
625	7.6360286661840995
626	7.6360286661840995
627	12.494103889578215
628	12.494103889578215
629	12.494103889578215
630	3.7850594732060565
631	1.2578288714465544
632	3.2330286940231856
633	1.3466637053182762
634	5.511927846523066
635	5.511927846523066
636	5.511927846523066
637	5.511927846523066
638	5.511927846523066
639	5.511927846523066
640	1.607186930454817
641	1.607186930454817
642	5.966168305944546
643	3.0512318158549605
644	0.8846639470332853
645	0.8846639470332853
646	7.899803281532103
647	7.899803281532103
648	7.225311528384071
649	6.579455489363241
650	6.579455489363241
651	6.579455489363241
652	15.445393820157477
653	15.445393820157477
654	5.448104953844872
655	5.448104953844872
656	5.448104953844872
657	8.682023407308352
658	8.682023407308352
659	8.682023407308352
660	8.682023407308352
661	4.82555960131832
662	4.82555960131832
663	4.82555960131832
664	15.1111662687568
665	0.44682264952492146
666	3.7535693864729733
667	3.7535693864729733
668	3.7535693864729733
669	3.7535693864729733
670	3.7535693864729733
671	3.7535693864729733
672	9.653144619226378
673	9.653144619226378
674	2.8050044482900907
675	2.8050044482900907
676	2.8050044482900907
677	16.17241541155294
678	16.17241541155294
679	16.17241541155294
680	16.17241541155294
681	2.248376895711319
682	2.248376895711319
683	2.248376895711319
684	2.248376895711319
685	2.248376895711319
686	2.248376895711319
687	16.119311727090064
688	11.569891315423327
689	1.207802037473062
690	7.971834895546922
691	7.971834895546922
692	7.971834895546922
693	7.971834895546922
694	7.971834895546922
695	6.322865894173035
696	0.6643340121689199
697	0.6643340121689199
698	0.6643340121689199
699	0.6643340121689199
700	2.2359479773149444
701	8.267180795778039
702	5.315906485824494
703	7.07960266869866
704	7.07960266869866
705	6.044263126742752
706	4.041097644221123
707	4.041097644221123
708	4.041097644221123
709	1.9867368175030395
710	2.513287531972355
711	2.1237812500037117
712	1.0415011582617226
713	7.038229716337378
714	7.038229716337378
715	7.038229716337378
716	7.038229716337378
717	7.038229716337378
718	7.038229716337378
719	4.770775374147329
720	4.770775374147329
721	1.2252138241647543
722	1.2252138241647543
723	1.2252138241647543
724	8.18155513167852
725	8.18155513167852
726	8.18155513167852
727	8.18155513167852
728	8.18155513167852
729	13.856891195608632
730	13.856891195608632
731	13.856891195608632
732	13.856891195608632
733	8.082584400546315
734	8.082584400546315
735	8.082584400546315
736	6.23784729677782
737	1.8643874616999092
738	1.8643874616999092
739	9.486747044742222
740	0.1
741	0.1
742	0.1
743	7.405499748240816
744	5.6892900195525655
745	12.456994851955766
746	9.922036057360387
747	9.922036057360387
748	9.922036057360387
749	2.1274526505976334
750	3.483455101684776
751	5.664728768881368
752	5.664728768881368
753	9.417842949771135
754	9.417842949771135
755	6.1899699982980145
756	6.1899699982980145
757	8.730359062970479
758	3.5288786425332077
759	3.5288786425332077
760	3.5288786425332077
761	3.5288786425332077
762	3.5288786425332077
763	0.6411230178466405
764	3.1536347000222507
765	3.1536347000222507
766	3.1536347000222507
767	3.1536347000222507
768	3.3863893028979732
769	3.3863893028979732
770	3.3863893028979732
771	3.0851406189799153
772	3.0851406189799153
773	8.363712773222243
774	7.278874599709633
775	7.278874599709633
776	5.573605305807073
777	5.573605305807073
778	5.95434168809309
779	5.95434168809309
780	9.716382822309077
781	9.716382822309077
782	4.197756366334904
783	4.197756366334904
784	6.209189271878105
785	5.5092208308205155
786	5.5092208308205155
787	5.5092208308205155
788	5.5092208308205155
789	5.5092208308205155
790	5.5092208308205155
791	7.760983774141051
792	7.760983774141051
793	8.85237921317305
794	8.85237921317305
795	8.85237921317305
796	2.258371962487323
797	14.459246359540751
798	4.439875335248791
799	3.316722289009246
800	3.316722289009246
801	3.504682647256389
802	3.504682647256389
803	3.504682647256389
804	4.685508009767547
805	4.685508009767547
806	4.685508009767547
807	4.685508009767547
808	4.685508009767547
809	4.685508009767547
810	4.42804194090067
811	3.4209406350850453
812	3.4209406350850453
813	8.813166119087985
814	8.813166119087985
815	8.813166119087985
816	8.813166119087985
817	8.813166119087985
818	11.66297972693668
819	9.493419195173697
820	9.493419195173697
821	9.493419195173697
822	9.493419195173697
823	9.493419195173697
824	7.275771878788932
825	7.275771878788932
826	7.275771878788932
827	2.4879822536461855
828	4.076781702994891
829	4.076781702994891
830	4.076781702994891
831	4.076781702994891
832	4.076781702994891
833	4.076781702994891
834	2.812139845425406
835	2.812139845425406
836	2.812139845425406
837	5.981029517998183
838	3.9353909650182017
839	1.9978061142145116
840	1.9978061142145116
841	9.560179754786299
842	9.560179754786299
843	2.2640959665735148
844	2.2640959665735148
845	1.3520302547807073
846	1.3520302547807073
847	1.3520302547807073
848	1.3520302547807073
849	5.206425330041802
850	5.206425330041802
851	2.1872928680169768
852	1.5458073462388802
853	1.5458073462388802
854	2.1169939850707338
855	2.0851761284684835
856	5.0622393633966
857	13.048909000361448
858	8.418369298932909
859	6.147786871723886
860	10.912307943180908
861	10.912307943180908
862	10.912307943180908
863	4.86346315198514
864	4.86346315198514
865	7.687163303669384
866	8.275711443719668
867	8.275711443719668
868	8.275711443719668
869	8.369639702397594
870	5.118918379719004
871	6.385802589726443
872	6.385802589726443
873	5.051918904747031
874	3.7091901287979656
875	8.239483019319545
876	8.239483019319545
877	8.239483019319545
878	8.239483019319545
879	8.239483019319545
880	8.239483019319545
881	4.521498533360534
882	4.521498533360534
883	4.521498533360534
884	4.521498533360534
885	4.401580648317822
886	4.401580648317822
887	4.401580648317822
888	3.0021134663660494
889	3.0021134663660494
890	7.184577364546723
891	7.184577364546723
892	2.2159535762775837
893	0.9523863006585067
894	0.1
895	0.1
896	0.1
897	0.1
898	0.1
899	0.1
900	8.484542568500569
901	9.719200336870617
902	9.719200336870617
903	9.719200336870617
904	12.043522229210694
905	8.665402631156825
906	1.620014283509068
907	1.620014283509068
908	1.620014283509068
909	1.620014283509068
910	8.664485658523356
911	15.088490155793412
912	3.484512967546439
913	7.982550494965735
914	7.982550494965735
915	7.982550494965735
916	8.941530639933356
917	5.804964926274254
918	5.952406085873432
919	5.952406085873432
920	6.568446354925431
921	5.87185514259481
922	4.224672558176321
923	0.9984287769190487
924	0.9984287769190487
925	0.9984287769190487
926	2.082464084365906
927	2.082464084365906
928	5.633967819889672
929	5.633967819889672
930	5.633967819889672
931	3.832144183793983
932	2.4886190426357437
933	1.8361724001643722
934	6.8705352636867865
935	5.631320147199343
936	5.631320147199343
937	5.653767991497364
938	5.653767991497364
939	5.653767991497364
940	1.7845909793968548
941	1.7845909793968548
942	1.7845909793968548
943	1.7845909793968548
944	1.7845909793968548
945	1.398626748139149
946	9.221630328754301
947	9.221630328754301
948	3.8544895571270232
949	3.8544895571270232
950	3.8544895571270232
951	3.113845171120219
952	3.113845171120219
953	4.411673422658618
954	2.607431763827943
955	2.607431763827943
956	2.607431763827943
957	2.607431763827943
958	4.628636051274879
959	4.628636051274879
960	4.628636051274879
961	4.79624644567105
962	4.79624644567105
963	4.79624644567105
964	4.79624644567105
965	11.256743403498358
966	2.1383538942437794
967	2.1383538942437794
968	2.1383538942437794
969	2.1383538942437794
970	2.1383538942437794
971	2.1383538942437794
972	7.986253794660469
973	7.986253794660469
974	2.54442561840138
975	2.54442561840138
976	2.54442561840138
977	7.354091005007744
978	7.354091005007744
979	3.7817010081400935
980	3.7817010081400935
981	5.521163968409769
982	8.92539443774746
983	8.92539443774746
984	8.92539443774746
985	8.92539443774746
986	8.92539443774746
987	5.692973042975943
988	5.692973042975943
989	6.720290363862373
990	8.661980886688522
991	9.434411325939998
992	9.434411325939998
993	9.434411325939998
994	0.9726597369522354
995	0.9726597369522354
996	0.9726597369522354
997	4.444931618227569
998	3.765393421492229
999	6.926767936982678
1000	1.3637385522200005
1001	1.3637385522200005
1002	0.1
1003	0.8990469969549829
1004	0.8990469969549829
1005	3.2718594636176337
1006	1.8940712419619854
1007	5.834477328456591
1008	4.269208427012663
1009	4.7845431906640705
1010	7.7447411245403135
1011	7.7447411245403135
1012	15.481751915731454
1013	6.870834803846133
1014	8.24198610709219
1015	8.24198610709219
1016	8.24198610709219
1017	6.1363282066824025
1018	6.1363282066824025
1019	4.934325603471923
1020	4.934325603471923
1021	4.934325603471923
1022	12.988716088289618
1023	2.269221711850612
1024	2.269221711850612
1025	2.1725711947298842
1026	2.1725711947298842
1027	2.1725711947298842
1028	11.630051349689397
1029	11.630051349689397
1030	11.446744259151574
1031	11.446744259151574
1032	11.446744259151574
1033	11.446744259151574
1034	7.121787845294888
1035	7.782837111594321
1036	7.782837111594321
1037	7.782837111594321
1038	1.7189535764717625
1039	2.2385615221266932
1040	2.2385615221266932
1041	2.2385615221266932
1042	2.613585598455586
1043	3.0986683729782403
1044	3.0986683729782403
1045	5.920200471832972
1046	5.920200471832972
1047	2.124500846450656
1048	6.480479904982294
1049	6.480479904982294
1050	8.248889277739078
1051	5.131256868734157
1052	6.042599821472734
1053	10.815395565551619
1054	4.475912771914862
1055	7.202999103693533
1056	7.202999103693533
1057	7.202999103693533
1058	7.202999103693533
1059	7.616916789387552
1060	6.625465674140042
1061	6.625465674140042
1062	4.659182520929479
1063	4.659182520929479
1064	3.932255203766546
1065	1.895648541533518
1066	1.895648541533518
1067	5.5079538141888005
1068	5.5079538141888005
1069	4.360991783578836
1070	8.176303113313034
1071	7.940003574231607
1072	7.940003574231607
1073	9.558865667462653
1074	9.558865667462653
1075	9.558865667462653
1076	6.0944935190058045
1077	4.722256268819706
1078	4.722256268819706
1079	7.395900544295234
1080	7.395900544295234
1081	10.914962615023653
1082	10.914962615023653
1083	6.685172964402047
1084	6.685172964402047
1085	6.685172964402047
1086	6.685172964402047
1087	5.062458074570593
1088	5.062458074570593
1089	6.947903477340053
1090	6.947903477340053
1091	0.7735173807817475
1092	4.442297067808511
1093	5.879710731548574
1094	5.879710731548574
1095	5.183126911752095
1096	5.183126911752095
1097	6.936494260708987
1098	6.936494260708987
1099	6.936494260708987
1100	1.7790171454640342
1101	1.8146131945635897
1102	1.8146131945635897
1103	2.129597459265659
1104	2.129597459265659
1105	2.2085532137324444
1106	2.2085532137324444
1107	6.43799517465344
1108	6.43799517465344
1109	0.1
1110	0.1
1111	11.211644189019209
1112	11.211644189019209
1113	11.211644189019209
1114	11.211644189019209
1115	11.211644189019209
1116	11.211644189019209
1117	15.845870791196617
1118	3.8789730667650866
1119	3.8789730667650866
1120	3.8789730667650866
1121	3.8789730667650866
1122	3.8789730667650866
1123	9.782192657496992
1124	4.879462519985992
1125	4.879462519985992
1126	6.388047539988611
1127	6.388047539988611
1128	9.323889037929415
1129	2.935161514907546
1130	2.935161514907546
1131	2.935161514907546
1132	10.541417019517889
1133	10.541417019517889
1134	10.541417019517889
1135	10.541417019517889
1136	10.541417019517889
1137	4.892815478891052
1138	9.001994040664245
1139	9.001994040664245
1140	9.001994040664245
1141	9.001994040664245
1142	6.854113501722535
1143	9.172450470179223
1144	9.172450470179223
1145	9.172450470179223
1146	9.172450470179223
1147	9.172450470179223
1148	9.172450470179223
1149	6.130352644732045
1150	6.004133634130983
1151	6.004133634130983
1152	6.004133634130983
1153	6.004133634130983
1154	13.080133310228488
1155	13.080133310228488
1156	7.538990318782549
1157	7.538990318782549
1158	4.083397780331696
1159	4.083397780331696
1160	4.731700563986227
1161	2.6011742987631923
1162	2.6011742987631923
1163	2.6011742987631923
1164	2.6011742987631923
1165	2.6011742987631923
1166	11.20683662940646
1167	11.20683662940646
1168	10.038996211732897
1169	10.038996211732897
1170	10.038996211732897
1171	6.819266653518348
1172	6.819266653518348
1173	6.819266653518348
1174	4.3200588147081405
1175	4.3200588147081405
1176	7.688197207734902
1177	9.664288343753576
1178	9.664288343753576
1179	9.664288343753576
1180	5.725864620129551
1181	5.725864620129551
1182	5.725864620129551
1183	5.876414816783531
1184	10.926521475745176
1185	3.114925335518427
1186	3.114925335518427
1187	3.114925335518427
1188	3.114925335518427
1189	3.114925335518427
1190	3.114925335518427
1191	3.3539071931296247
1192	3.3859855064789035
1193	3.3859855064789035
1194	5.409460987683541
1195	5.409460987683541
1196	5.409460987683541
1197	3.661433472100885
1198	3.661433472100885
1199	3.661433472100885
1200	3.661433472100885
1201	3.661433472100885
1202	1.936533505347914
1203	4.272903367422234
1204	4.272903367422234
1205	1.5619536788334747
1206	2.416806424351514
1207	11.099799029687134
1208	11.099799029687134
1209	11.099799029687134
1210	11.099799029687134
1211	11.099799029687134
1212	5.057788200752192
1213	5.057788200752192
1214	5.057788200752192
1215	11.946033968196904
1216	4.2295341999202964
1217	4.2295341999202964
1218	4.2295341999202964
1219	4.293816438120205
1220	4.293816438120205
1221	4.293816438120205
1222	4.293816438120205
1223	4.293816438120205
1224	2.252678485839784
1225	7.570259932101399
1226	7.570259932101399
1227	7.570259932101399
1228	7.570259932101399
1229	7.570259932101399
1230	2.244484193237006
1231	4.69798602190041
1232	4.69798602190041
1233	4.775950377040479
1234	6.468928085337788
1235	6.468928085337788
1236	6.468928085337788
1237	4.781127096740149
1238	4.0595190174579185
1239	3.664391451665948
1240	7.414660567096024
1241	7.414660567096024
1242	6.847324337041757
1243	13.620824772222887
1244	10.317450715170187
1245	5.431017272623799
1246	5.431017272623799
1247	5.431017272623799
1248	5.431017272623799
1249	5.375840030560148
1250	5.375840030560148
1251	9.199384388055682
1252	8.534202398982721
1253	8.534202398982721
1254	8.534202398982721
1255	7.383120182203904
1256	7.383120182203904
1257	7.954792728446675
1258	9.32908959836009
1259	3.1597788023033253
1260	3.1597788023033253
1261	3.1597788023033253
1262	3.1597788023033253
1263	1.7622798173269372
1264	1.7622798173269372
1265	1.8357714661839393
1266	3.716355187720871
1267	11.205455700700565
1268	11.205455700700565
1269	11.205455700700565
1270	11.205455700700565
1271	7.026271927366659
1272	8.682719845416646
1273	8.682719845416646
1274	8.682719845416646
1275	4.577413389897911
1276	4.577413389897911
1277	4.577413389897911
1278	4.577413389897911
1279	3.8940074904173714
1280	3.8940074904173714
1281	3.167580704225825
1282	3.167580704225825
1283	1.4870776741670388
1284	1.4870776741670388
1285	1.4870776741670388
1286	1.4870776741670388
1287	6.356946252314245
1288	6.356946252314245
1289	6.356946252314245
1290	6.356946252314245
1291	4.682259224663348
1292	4.6098549947562
1293	11.813384272786607
1294	11.813384272786607
1295	11.813384272786607
1296	11.813384272786607
1297	1.8812592356052167
1298	11.863012436978511
1299	11.900415186509306
1300	11.900415186509306
1301	9.768790008550415
1302	9.768790008550415
1303	9.858773603199324
1304	8.688012145252266
1305	8.688012145252266
1306	7.167836011008461
1307	2.8182525620900942
1308	2.8182525620900942
1309	9.781396659863011
1310	9.781396659863011
1311	4.392956936697039
1312	4.392956936697039
1313	4.392956936697039
1314	5.280378814579529
1315	5.280378814579529
1316	5.280378814579529
1317	5.280378814579529
1318	5.280378814579529
1319	5.280378814579529
1320	4.895731948108967
1321	4.895731948108967
1322	2.0792777713252426
1323	2.0792777713252426
1324	2.0792777713252426
1325	0.18114091751962613
1326	0.18114091751962613
1327	3.9361696515746893
1328	3.9361696515746893
1329	3.9361696515746893
1330	4.307047691953396
1331	4.307047691953396
1332	0.5417325047338148
1333	1.5502474214751443
1334	3.118890341175284
1335	5.969410164936818
1336	5.969410164936818
1337	5.969410164936818
1338	7.599852836382651
1339	7.599852836382651
1340	7.599852836382651
1341	8.488269465946114
1342	8.488269465946114
1343	3.4157138708138706
1344	4.046015463984559
1345	6.313404971943006
1346	6.313404971943006
1347	6.313404971943006
1348	6.313404971943006
1349	6.313404971943006
1350	6.313404971943006
1351	5.1689155795107204
1352	6.922539807232639
1353	0.8163645917759275
1354	4.504822253227282
1355	2.8580939055803207
1356	0.7635018016933228
1357	0.7635018016933228
1358	2.4492678282757216
1359	2.4492678282757216
1360	1.4924764212601613
1361	1.4924764212601613
1362	7.906357259045979
1363	7.906357259045979
1364	7.906357259045979
1365	7.1231310240854855
1366	7.856403128942533
1367	7.856403128942533
1368	7.856403128942533
1369	9.79822420543677
1370	9.79822420543677
1371	9.79822420543677
1372	2.3016451356783225
1373	2.3016451356783225
1374	2.3016451356783225
1375	0.6792478757097902
1376	0.6792478757097902
1377	0.6792478757097902
1378	10.648761099725597
1379	10.648761099725597
1380	10.648761099725597
1381	10.648761099725597
1382	10.648761099725597
1383	10.648761099725597
1384	11.07100929119187
1385	11.07100929119187
1386	11.07100929119187
1387	4.379700302970244
1388	7.2015610418785405
1389	1.981487973931626
1390	1.981487973931626
1391	1.981487973931626
1392	2.6672607978006653
1393	1.7188392154090555
1394	1.7188392154090555
1395	0.1
1396	0.9022766689930336
1397	7.734099638052868
1398	2.3855186494120435
1399	2.3855186494120435
1400	2.3855186494120435
1401	6.037335808651629
1402	7.374720378606894
1403	7.374720378606894
1404	7.374720378606894
1405	8.155351555486066
1406	8.155351555486066
1407	8.155351555486066
1408	8.155351555486066
1409	8.155351555486066
1410	3.2631538196930396
1411	1.6795826472926803
1412	1.916722363965756
1413	9.374913616592444
1414	9.374913616592444
1415	9.374913616592444
1416	9.374913616592444
1417	9.374913616592444
1418	9.374913616592444
1419	12.984059318096378
1420	12.984059318096378
1421	12.984059318096378
1422	0.7145642634060305
1423	7.646799144092967
1424	7.646799144092967
1425	7.646799144092967
1426	2.717975481241324
1427	2.717975481241324
1428	3.4388177969147558
1429	9.599643569044988
1430	9.599643569044988
1431	9.599643569044988
1432	9.599643569044988
1433	9.599643569044988
1434	9.599643569044988
1435	14.585621737272877
1436	14.585621737272877
1437	8.874704225417302
1438	8.874704225417302
1439	8.874704225417302
1440	8.874704225417302
1441	8.874704225417302
1442	10.451962928215242
1443	10.451962928215242
1444	7.110339457201759
1445	7.110339457201759
1446	7.110339457201759
1447	10.143011824159926
1448	4.933993870140863
1449	3.669424049281619
1450	7.221120354287687
1451	5.961810310114241
1452	3.738650690032276
1453	3.738650690032276
1454	3.738650690032276
1455	3.738650690032276
1456	3.738650690032276
1457	3.738650690032276
1458	2.0342685727040655
1459	5.9007317302284825
1460	5.9007317302284825
1461	4.246670132131425
1462	6.619159102784349
1463	1.1028440833370388
1464	2.902339200025996
1465	2.405066840589602
1466	3.039574261145215
1467	1.6600745990991235
1468	1.6600745990991235
1469	1.6600745990991235
1470	1.6600745990991235
1471	1.6600745990991235
1472	1.6600745990991235
1473	2.480270131598745
1474	2.480270131598745
1475	2.480270131598745
1476	4.815232160105266
1477	4.815232160105266
1478	4.815232160105266
1479	1.6906005447738934
1480	5.835055376479388
1481	5.835055376479388
1482	5.835055376479388
1483	5.835055376479388
1484	7.138187996367514
1485	1.4355714864304574
1486	4.400468267471836
1487	2.89208664833761
1488	3.69260997282938
1489	11.247236506148809
1490	12.123687137037416
1491	12.123687137037416
1492	12.123687137037416
1493	12.123687137037416
1494	9.636859637714608
1495	9.636859637714608
1496	11.720593900698209
1497	11.720593900698209
1498	3.6745919201627313
1499	5.48203294251396
1500	5.48203294251396
1501	5.48203294251396
1502	5.48203294251396
1503	9.634421460947756
1504	2.267667973074765
1505	2.267667973074765
1506	2.267667973074765
1507	3.7057546851391865
1508	5.206809121186184
1509	4.393149255681964
1510	9.907468951606786
1511	2.452217440615205
1512	1.3436960126291622
1513	1.3436960126291622
1514	1.3436960126291622
1515	1.3436960126291622
1516	0.5772565228357287
1517	0.5772565228357287
1518	2.159696540822195
1519	6.9277706922935165
1520	6.9277706922935165
1521	6.591310857048057
1522	6.591310857048057
1523	6.591310857048057
1524	2.4152209569992835
1525	6.140770017062353
1526	6.140770017062353
1527	5.059309439300096
1528	8.335524137746805
1529	8.335524137746805
1530	7.971344074240029
1531	7.971344074240029
1532	7.971344074240029
1533	1.4997036557807712
1534	13.025509962233354
1535	13.025509962233354
1536	13.025509962233354
1537	5.242844425658366
1538	5.242844425658366
1539	12.027533366344729
1540	12.027533366344729
1541	12.027533366344729
1542	12.027533366344729
1543	7.522903298583404
1544	7.522903298583404
1545	7.522903298583404
1546	7.522903298583404
1547	14.660850582604267
1548	14.660850582604267
1549	10.538061369865595
1550	10.538061369865595
1551	10.538061369865595
1552	10.538061369865595
1553	10.538061369865595
1554	10.538061369865595
1555	9.412784982184288
1556	9.412784982184288
1557	9.412784982184288
1558	2.82155858963685
1559	2.813889500289817
1560	2.0658527325484366
1561	5.651023001501521
1562	8.239239589290941
1563	8.239239589290941
1564	6.824565845828291
1565	6.824565845828291
1566	6.0260679700615265
1567	11.23855313753917
1568	11.23855313753917
1569	11.23855313753917
1570	13.256275975213843
1571	13.256275975213843
1572	2.2983224652684964
1573	3.5582145872754927
1574	6.603312014516629
1575	10.467886212419636
1576	9.461240666106146
1577	9.461240666106146
1578	7.369037821488465
1579	8.00249996487561
1580	8.00249996487561
1581	3.6490659098594005
1582	3.6466637942128908
1583	3.2723743491853803
1584	3.2723743491853803
1585	3.2723743491853803
1586	3.125551787776386
1587	5.214206850806634
1588	9.35283551846075
1589	9.35283551846075
1590	8.30440172090814
1591	0.8561997595699209
1592	4.6047300226543095
1593	4.6047300226543095
1594	4.6047300226543095
1595	0.9345962691851115
1596	0.9345962691851115
1597	3.0709172125227946
1598	3.0709172125227946
1599	8.16067974497582
1600	3.9665872394215893
1601	3.9665872394215893
1602	3.9665872394215893
1603	3.380354718369819
1604	3.380354718369819
1605	3.380354718369819
1606	0.1
1607	0.1
1608	4.251322880446191
1609	1.6178660087666104
1610	1.6178660087666104
1611	1.6178660087666104
1612	1.6178660087666104
1613	1.6178660087666104
1614	1.7922328766883178
1615	1.7922328766883178
1616	3.503710573906316
1617	3.503710573906316
1618	5.545576814591293
1619	5.545576814591293
1620	2.806219352681461
1621	2.806219352681461
1622	2.806219352681461
1623	2.806219352681461
1624	4.594223687047128
1625	4.594223687047128
1626	4.594223687047128
1627	4.013169725339035
1628	4.013169725339035
1629	4.013169725339035
1630	2.092268840691883
1631	2.092268840691883
1632	2.092268840691883
1633	6.677355561489957
1634	3.9435533705171086
1635	2.418843111743643
1636	2.418843111743643
1637	4.535034866728566
1638	3.95054051578699
1639	2.0327924789347405
1640	3.529030644150387
1641	3.529030644150387
1642	2.1680533949361322
1643	2.1680533949361322
1644	1.9289399553412174
1645	1.9289399553412174
1646	4.281531543208976
1647	6.434730774443337
1648	2.2590555553474543
1649	1.8172909911484356
1650	0.7857766556756771
1651	0.7857766556756771
1652	0.7857766556756771
1653	0.7857766556756771
1654	3.168253806120058
1655	3.8349221475905866
1656	3.8349221475905866
1657	10.225902971875641
1658	10.225902971875641
1659	10.225902971875641
1660	8.862934056925752
1661	3.5067054076591138
1662	2.3306684458209554
1663	2.821931062312057
1664	2.821931062312057
1665	2.821931062312057
1666	2.821931062312057
1667	2.821931062312057
1668	2.377602715469269
1669	5.3146007046615065
1670	2.498692638318607
1671	4.627264344931551
1672	4.627264344931551
1673	2.6406853638246313
1674	2.6406853638246313
1675	2.6406853638246313
1676	2.6406853638246313
1677	2.6406853638246313
1678	4.167471393943084
1679	2.4358766453577285
1680	9.271571802079436
1681	5.683772797753398
1682	4.378888759057558
1683	4.378888759057558
1684	4.378888759057558
1685	6.529290120541397
1686	6.529290120541397
1687	6.529290120541397
1688	5.749585471017923
1689	4.057297558208171
1690	4.057297558208171
1691	4.057297558208171
1692	1.1874756775128072
1693	1.1874756775128072
1694	1.1874756775128072
1695	1.1874756775128072
1696	4.311794417989753
1697	6.952635616583189
1698	6.952635616583189
1699	6.952635616583189
1700	13.955735292341224
1701	13.955735292341224
1702	2.4066147361197205
1703	7.278085734460879
1704	7.278085734460879
1705	12.349182837921644
1706	4.4272194508609966
1707	2.59568269808436
1708	2.1429001566577925
1709	3.122764963374657
1710	3.122764963374657
1711	4.685648887872135
1712	4.685648887872135
1713	4.685648887872135
1714	8.913707886704609
1715	6.619263198706615
1716	6.425266279093458
1717	6.425266279093458
1718	6.425266279093458
1719	3.133979118624417
1720	4.185272927632815
1721	4.185272927632815
1722	5.780744651411854
1723	7.343640879507289
1724	7.343640879507289
1725	3.549695668065062
1726	14.899225501012726
1727	6.774102990861349
1728	7.515048454382088
1729	7.515048454382088
1730	7.515048454382088
1731	2.62828235962555
1732	4.644516811176203
1733	4.644516811176203
1734	2.029819461176818
1735	2.029819461176818
1736	15.029814164731217
1737	8.981795839420554
1738	12.442665469703215
1739	12.442665469703215
1740	12.442665469703215
1741	6.169724171612458
1742	6.169724171612458
1743	6.169724171612458
1744	6.169724171612458
1745	9.436488018183384
1746	9.436488018183384
1747	9.189827729483515
1748	4.891853414608683
1749	9.509044597804184
1750	9.408876776754395
1751	6.0559285355767525
1752	12.724978522393513
1753	12.724978522393513
1754	7.813852171597016
1755	4.9562572134968175
1756	3.810294157824896
1757	3.810294157824896
1758	1.8774770030814774
1759	4.702856468566514
1760	4.147873289414446
1761	4.147873289414446
1762	9.679232182515127
1763	9.679232182515127
1764	9.679232182515127
1765	10.033744215132923
1766	4.351690258012676
1767	2.9204081210566173
1768	2.9204081210566173
1769	8.325018439705353
1770	8.325018439705353
1771	8.325018439705353
1772	8.325018439705353
1773	3.8297052044602804
1774	3.8297052044602804
1775	3.8297052044602804
1776	3.8297052044602804
1777	3.8297052044602804
1778	8.989568469037787
1779	8.989568469037787
1780	8.989568469037787
1781	8.989568469037787
1782	10.982294714227564
1783	10.982294714227564
1784	10.982294714227564
1785	10.98596058230744
1786	10.98596058230744
1787	7.292166760730089
1788	0.1793706077355992
1789	0.1793706077355992
1790	4.398768747045936
1791	4.398768747045936
1792	12.584784277947469
1793	12.584784277947469
1794	12.584784277947469
1795	7.893203761829817
1796	2.1430156748173594
1797	11.393804491543312
1798	11.393804491543312
1799	6.911504679568392
1800	6.911504679568392
1801	12.948016339295044
1802	12.948016339295044
1803	2.4050854944532447
1804	1.5991133479934083
1805	4.863505376339706
1806	4.863505376339706
1807	2.398143753027339
1808	2.398143753027339
1809	11.896984098101829
1810	7.3381562449333115
1811	2.8232048256009667
1812	2.651986301867601
1813	2.0158936080264893
1814	2.0158936080264893
1815	2.9871110228128153
1816	5.215561454450703
1817	5.215561454450703
1818	5.215561454450703
1819	9.083499913808646
1820	9.083499913808646
1821	9.083499913808646
1822	9.083499913808646
1823	9.083499913808646
1824	9.083499913808646
1825	9.242264549921547
1826	9.242264549921547
1827	7.191474984415105
1828	2.3009113827189434
1829	8.314414006526956
1830	6.3457120461450955
1831	6.3457120461450955
1832	5.072814913835344
1833	5.072814913835344
1834	11.202546148210144
1835	3.271287921645913
1836	3.271287921645913
1837	3.271287921645913
1838	2.6770396613109066
1839	2.6770396613109066
1840	2.6770396613109066
1841	3.3929050833052465
1842	3.3929050833052465
1843	3.3929050833052465
1844	3.3929050833052465
1845	8.174537618290675
1846	8.174537618290675
1847	8.174537618290675
1848	5.950445224220591
1849	5.950445224220591
1850	5.950445224220591
1851	5.950445224220591
1852	5.950445224220591
1853	6.71513454992468
1854	6.71513454992468
1855	6.71513454992468
1856	6.71513454992468
1857	5.104640559065882
1858	6.771578595053214
1859	6.771578595053214
1860	7.293492556258488
1861	7.293492556258488
1862	2.926374432540822
1863	2.926374432540822
1864	2.926374432540822
1865	2.926374432540822
1866	2.926374432540822
1867	2.926374432540822
1868	1.3379360496205335
1869	1.3379360496205335
1870	7.251544453378328
1871	5.550449910517756
1872	5.550449910517756
1873	5.550449910517756
1874	5.550449910517756
1875	5.550449910517756
1876	5.550449910517756
1877	4.816012978061723
1878	10.72182922965121
1879	6.956908291191446
1880	6.956908291191446
1881	3.0233647635176815
1882	3.0233647635176815
1883	3.0233647635176815
1884	3.984780745994845
1885	3.984780745994845
1886	3.984780745994845
1887	4.929756229800589
1888	4.929756229800589
1889	3.8997730033168576
1890	3.8997730033168576
1891	0.6458505117028208
1892	11.87814707569631
1893	11.87814707569631
1894	11.87814707569631
1895	11.87814707569631
1896	11.87814707569631
1897	11.87814707569631
1898	11.512183555343544
1899	11.512183555343544
1900	5.818565320167309
1901	5.818565320167309
1902	5.818565320167309
1903	6.632833199840119
1904	7.095579681217141
1905	2.940003898440036
1906	2.74085840753371
1907	2.769386366621954
1908	2.710817022139718
1909	5.168140267375447
1910	4.021117618212585
1911	4.021117618212585
1912	4.021117618212585
1913	1.976748719716635
1914	1.976748719716635
1915	9.162367794276307
1916	2.6575136343785175
1917	2.6575136343785175
1918	2.6575136343785175
1919	7.043601571128407
1920	11.914409876908396
1921	5.188303014394165
1922	4.313098996670227
1923	4.313098996670227
1924	6.5504934470004565
1925	2.399487758804005
1926	2.399487758804005
1927	13.497908885064035
1928	3.004144172116189
1929	3.004144172116189
1930	3.004144172116189
1931	3.004144172116189
1932	3.004144172116189
1933	7.460835293614511
1934	13.285563038160872
1935	13.285563038160872
1936	9.776540085155407
1937	9.776540085155407
1938	9.776540085155407
1939	11.259057725753893
1940	11.259057725753893
1941	14.521894827957512
1942	11.038403606633134
1943	4.220610904881865
1944	7.6534094317839925
1945	7.6534094317839925
1946	4.86935496849836
1947	7.383009418662568
1948	4.532724161410629
1949	4.532724161410629
1950	4.532724161410629
1951	4.532724161410629
1952	4.532724161410629
1953	4.532724161410629
1954	6.021505861790842
1955	6.021505861790842
1956	6.021505861790842
1957	4.523677175771233
1958	4.523677175771233
1959	4.724686562383483
1960	4.724686562383483
1961	4.724686562383483
1962	7.869317575798447
1963	7.2462248769284345
1964	7.2462248769284345
1965	7.2462248769284345
1966	6.1891397417675655
1967	6.1891397417675655
1968	6.862909976827613
1969	6.862909976827613
1970	5.3405796576806965
1971	9.251328769898745
1972	11.07601820621657
1973	8.734175719269581
1974	10.757090716948237
1975	10.757090716948237
1976	10.757090716948237
1977	10.379618818630409
1978	10.379618818630409
1979	10.379618818630409
1980	3.568900490881744
1981	3.568900490881744
1982	8.640238689060574
1983	14.483919723366519
1984	13.758576280501025
1985	13.758576280501025
1986	8.059489999069756
1987	8.059489999069756
1988	8.059489999069756
1989	8.059489999069756
1990	8.059489999069756
1991	8.059489999069756
1992	5.145499872719082
1993	8.541974909570525
1994	8.541974909570525
1995	8.541974909570525
1996	13.680630750464378
1997	9.17169139289204
1998	8.859750504643138
1999	11.893294764380355
2000	11.893294764380355
2001	11.893294764380355
2002	15.37248824992652
2003	0.1
2004	6.416371006094636
2005	6.304227093139921
2006	6.304227093139921
2007	4.307323632612677
2008	4.307323632612677
2009	4.307323632612677
2010	9.014106267259335
2011	3.407626274728635
2012	8.892402333612267
2013	2.0628565063516273
2014	3.587609115031786
2015	2.042396801849587
2016	3.245361691795326
2017	3.245361691795326
2018	3.245361691795326
2019	2.518926756348981
2020	2.518926756348981
2021	2.518926756348981
2022	9.71149243950957
2023	2.549231192666939
2024	5.0211647890864795
2025	5.1559805049299925
2026	5.1559805049299925
2027	5.0547255497869825
2028	5.0547255497869825
2029	5.0547255497869825
2030	5.0547255497869825
2031	5.0547255497869825
2032	2.4900778448418417
2033	2.4900778448418417
2034	4.927345096565117
2035	5.562764728996347
2036	5.562764728996347
2037	5.562764728996347
2038	5.562764728996347
2039	4.72927038748133
2040	10.275647454348448
2041	12.008628799891069
2042	12.008628799891069
2043	12.008628799891069
2044	7.152093194724421
2045	1.76680714507438
2046	7.799912028366526
2047	7.799912028366526
2048	7.799912028366526
2049	2.804055722165101
2050	2.1646578269905876
2051	2.1646578269905876
2052	0.1
2053	6.001432723436289
2054	6.001432723436289
2055	1.5370904580350326
2056	3.3347887714496056
2057	3.3347887714496056
2058	8.696731843831671
2059	8.896429681161518
2060	4.830253947370069
2061	13.930903724961542
2062	13.930903724961542
2063	7.523517351849555
2064	7.523517351849555
2065	9.148518415682725
2066	6.224361975145185
2067	6.224361975145185
2068	6.224361975145185
2069	6.224361975145185
2070	2.990395157140814
2071	2.990395157140814
2072	3.959305518926563
2073	3.2996151654504
2074	3.2996151654504
2075	3.2996151654504
2076	3.2996151654504
2077	7.948083482877518
2078	2.3500094529796645
2079	7.3277313648223155
2080	7.3277313648223155
2081	5.455062264328102
2082	13.848493291088072
2083	13.848493291088072
2084	13.848493291088072
2085	13.848493291088072
2086	13.848493291088072
2087	9.67306253694862
2088	7.100557272531917
2089	3.0423121097810193
2090	1.3585932319887064
2091	1.3585932319887064
2092	1.3585932319887064
2093	1.3585932319887064
2094	1.3585932319887064
2095	1.3585932319887064
2096	3.8360641622418976
2097	3.8360641622418976
2098	6.280157211697038
2099	6.280157211697038
2100	3.0609067499112177
2101	1.425333514429051
2102	5.999325802271091
2103	7.481004205669904
2104	7.481004205669904
2105	8.150525014497674
2106	8.150525014497674
2107	12.916520138561038
2108	7.617965582011771
2109	7.617965582011771
2110	7.617965582011771
2111	12.23405526351804
2112	12.23405526351804
2113	12.23405526351804
2114	12.23405526351804
2115	11.657322840102331
2116	11.657322840102331
2117	11.657322840102331
2118	11.657322840102331
2119	5.589540396819634
2120	7.13955391483503
2121	0.9060721324276845
2122	0.9060721324276845
2123	0.9060721324276845
2124	0.9060721324276845
2125	0.9060721324276845
2126	0.9060721324276845
2127	3.480372301412127
2128	3.93234257791664
2129	4.281677693760129
2130	4.281677693760129
2131	2.3741487303795994
2132	16.75571061801095
2133	16.75571061801095
2134	16.75571061801095
2135	6.425239085168477
2136	4.748639560994887
2137	4.748639560994887
2138	4.748639560994887
2139	10.174980216107981
2140	10.174980216107981
2141	10.174980216107981
2142	10.174980216107981
2143	10.174980216107981
2144	17.882585556400343
2145	8.997821688258394
2146	8.997821688258394
2147	8.997821688258394
2148	15.275455874168411
2149	15.275455874168411
2150	15.275455874168411
2151	10.122957154812376
2152	10.122957154812376
2153	16.29504896785362
2154	5.952692777995499
2155	5.952692777995499
2156	3.6145532514232652
2157	6.348318991442024
2158	6.348318991442024
2159	6.348318991442024
2160	6.348318991442024
2161	6.348318991442024
2162	6.348318991442024
2163	1.4394484596013737
2164	1.4394484596013737
2165	1.4394484596013737
2166	2.0629142513293823
2167	2.0629142513293823
2168	2.0629142513293823
2169	4.740655693295395
2170	5.009873401693095
2171	5.009873401693095
2172	1.2531631796199223
2173	8.798464131678813
2174	7.041065023840279
2175	4.1296381654271626
2176	3.6744560018531462
2177	1.416578034487612
2178	1.416578034487612
2179	1.416578034487612
2180	1.416578034487612
2181	2.089036732706101
2182	2.750758215612997
2183	2.750758215612997
2184	7.690975014987347
2185	7.690975014987347
2186	7.690975014987347
2187	6.794358358438181
2188	6.794358358438181
2189	6.794358358438181
2190	4.4789667616030435
2191	3.5634856323867643
2192	2.799901595791946
2193	2.799901595791946
2194	2.799901595791946
2195	3.2284293241254014
2196	3.2284293241254014
2197	2.1044622599318177
2198	2.1044622599318177
2199	13.917033202494302
2200	13.917033202494302
2201	6.222701624161264
2202	6.222701624161264
2203	3.090837515457594
2204	3.090837515457594
2205	4.081154818266316
2206	4.885671145948715
2207	4.885671145948715
2208	6.433708756267646
2209	6.433708756267646
2210	5.703683550327507
2211	5.084067153888237
2212	5.084067153888237
2213	5.084067153888237
2214	1.1020591243395876
2215	1.1020591243395876
2216	1.1020591243395876
2217	1.4950030380345978
2218	3.1649996923922292
2219	8.101855644778247
2220	9.273325463138995
2221	9.273325463138995
2222	7.65556725838043
2223	7.65556725838043
2224	9.12880060536759
2225	9.224674508760415
2226	3.287756747216191
2227	3.287756747216191
2228	3.287756747216191
2229	5.247534493488796
2230	7.545813200717499
2231	5.002409273823931
2232	5.002409273823931
2233	5.002409273823931
2234	5.002409273823931
2235	7.105878302153558
2236	11.798035488667399
2237	11.798035488667399
2238	8.237494255170752
2239	8.237494255170752
2240	6.625237070496679
2241	6.625237070496679
2242	15.211672225048677
2243	1.9181964690999287
2244	1.9181964690999287
2245	1.9181964690999287
2246	1.9181964690999287
2247	1.9181964690999287
2248	1.9181964690999287
2249	5.604591603739734
2250	3.1145576018340035
2251	3.1145576018340035
2252	3.547438479146738
2253	4.456059185190815
2254	4.456059185190815
2255	4.456059185190815
2256	5.4811700709332625
2257	5.4811700709332625
2258	5.4811700709332625
2259	5.4811700709332625
2260	9.083336047046846
2261	9.083336047046846
2262	0.1
2263	0.1
2264	5.523509107665143
2265	5.523509107665143
2266	5.523509107665143
2267	5.523509107665143
2268	5.523509107665143
2269	1.6193448950092977
2270	3.045581560371341
2271	2.3794660242602186
2272	2.825023685531794
2273	3.521780144827993
2274	0.48546378914250354
2275	10.40321003516529
2276	6.079414656891128
2277	5.794158666301986
2278	9.039994231945679
2279	9.039994231945679
2280	2.800884889103054
2281	5.182144095042018
2282	4.739241030398816
2283	4.739241030398816
2284	4.739241030398816
2285	8.911697096664579
2286	8.911697096664579
2287	9.593810606712623
2288	9.593810606712623
2289	9.593810606712623
2290	9.593810606712623
2291	9.593810606712623
2292	9.593810606712623
2293	5.557423862809474
2294	6.148756002552329
2295	6.148756002552329
2296	6.514150073993808
2297	7.947553259528063
2298	5.66384270651253
2299	5.66384270651253
2300	2.7072267946294373
2301	2.7072267946294373
2302	2.7072267946294373
2303	5.538302414364336
2304	3.2817205892957255
2305	7.1577242605512
2306	7.1577242605512
2307	7.1577242605512
2308	6.665795639873277
2309	3.829021809965183
2310	1.6628094800949622
2311	1.6628094800949622
2312	1.6628094800949622
2313	1.6628094800949622
2314	6.175819977102333
2315	9.836755926178414
2316	9.836755926178414
2317	1.5183762058350299
2318	1.5183762058350299
2319	9.242510978594272
2320	6.9469893011245185
2321	5.639275302183373
2322	4.6495335893124885
2323	4.6495335893124885
2324	4.6495335893124885
2325	4.6495335893124885
2326	6.103119163653319
2327	6.103119163653319
2328	6.103119163653319
2329	2.349366360939747
2330	2.349366360939747
2331	2.349366360939747
2332	5.069853618713385
2333	5.069853618713385
2334	5.790540732494145
2335	5.790540732494145
2336	5.790540732494145
2337	6.337891092680261
2338	6.337891092680261
2339	6.337891092680261
2340	7.402999979543232
2341	7.402999979543232
2342	13.179336951272784
2343	17.053834812289534
2344	8.271077388260776
2345	8.271077388260776
2346	8.271077388260776
2347	6.61649056391103
2348	9.581698845450907
2349	9.581698845450907
2350	9.581698845450907
2351	9.581698845450907
2352	9.581698845450907
2353	9.581698845450907
2354	11.85434101631842
2355	11.85434101631842
2356	11.85434101631842
2357	5.946344527409858
2358	0.868755086908549
2359	0.868755086908549
2360	0.868755086908549
2361	0.868755086908549
2362	0.868755086908549
2363	0.868755086908549
2364	4.836504875897884
2365	4.836504875897884
2366	4.836504875897884
2367	4.836504875897884
2368	0.42126609381714264
2369	0.42126609381714264
2370	0.42126609381714264
2371	4.283488786328296
2372	4.283488786328296
2373	4.283488786328296
2374	4.283488786328296
2375	4.283488786328296
2376	5.010333715615474
2377	5.010333715615474
2378	3.2819503086828457
2379	3.2819503086828457
2380	2.5153630298999627
2381	8.104214458763888
2382	9.918694617973006
2383	9.918694617973006
2384	9.918694617973006
2385	9.918694617973006
2386	9.918694617973006
2387	9.918694617973006
2388	10.69150959033239
2389	10.69150959033239
2390	10.69150959033239
2391	10.69150959033239
2392	6.065226789721781
2393	7.7826706593446815
2394	7.7826706593446815
2395	9.048693356853857
2396	9.048693356853857
2397	4.260817524715584
2398	4.260817524715584
2399	3.797129362168313
2400	3.797129362168313
2401	15.356163922566965
2402	3.222529653923163
2403	3.222529653923163
2404	3.222529653923163
2405	6.527185347888402
2406	6.527185347888402
2407	6.527185347888402
2408	6.527185347888402
2409	4.049845086705169
2410	4.049845086705169
2411	6.057731891013596
2412	6.057731891013596
2413	6.057731891013596
2414	1.3195602649302045
2415	1.3195602649302045
2416	1.3195602649302045
2417	8.183903944725838
2418	5.982733304653969
2419	5.982733304653969
2420	5.982733304653969
2421	9.393228008798744
2422	2.270146072514828
2423	2.270146072514828
2424	2.270146072514828
2425	2.270146072514828
2426	2.270146072514828
2427	8.824968652048131
2428	8.824968652048131
2429	8.824968652048131
2430	4.0721969267926035
2431	4.0721969267926035
2432	4.0721969267926035
2433	4.0721969267926035
2434	3.6458618793131135
2435	3.6458618793131135
2436	6.412073720215319
2437	6.412073720215319
2438	6.412073720215319
2439	6.502006724676717
2440	1.3907940685874642
2441	1.3907940685874642
2442	1.3907940685874642
2443	1.3907940685874642
2444	0.7996638127543951
2445	0.7996638127543951
2446	0.7996638127543951
2447	4.824000729138857
2448	9.412448646273532
2449	6.747099162432132
2450	2.4748494151943556
2451	2.4748494151943556
2452	4.475339099365775
2453	1.2806685465880916
2454	1.2806685465880916
2455	3.4970266303389947
2456	3.5968752559061987
2457	1.8186450053230265
2458	1.8186450053230265
2459	3.3325967839861357
2460	3.3325967839861357
2461	3.3325967839861357
2462	3.3325967839861357
2463	5.1118813575751965
2464	5.1118813575751965
2465	5.1118813575751965
2466	3.148146453934518
2467	3.148146453934518
2468	5.704335942080504
2469	5.704335942080504
2470	3.990648508832537
2471	3.990648508832537
2472	11.047455132377362
2473	9.506575023341128
2474	14.087182469637114
2475	14.087182469637114
2476	14.087182469637114
2477	14.087182469637114
2478	14.087182469637114
2479	13.127820876853502
2480	13.127820876853502
2481	6.933683587707548
2482	4.619542935617804
2483	4.619542935617804
2484	4.619542935617804
2485	4.619542935617804
2486	10.019922524753259
2487	10.019922524753259
2488	10.019922524753259
2489	10.019922524753259
2490	10.019922524753259
2491	10.019922524753259
2492	6.6299824817108295
2493	7.604381299034365
2494	7.604381299034365
2495	7.604381299034365
2496	7.604381299034365
2497	7.604381299034365
2498	7.604381299034365
2499	11.933160354599655
2500	7.797648146706859
2501	7.797648146706859
2502	7.797648146706859
2503	7.797648146706859
2504	4.861593375632674
2505	6.963447674326183
2506	6.963447674326183
2507	6.963447674326183
2508	6.963447674326183
2509	1.3662404829382755
2510	1.3662404829382755
2511	2.9459877543332205
2512	2.9459877543332205
2513	2.478104100795666
2514	1.5727219800482009
2515	1.5727219800482009
2516	5.075260353131593
2517	4.0815849668616435
2518	4.103992540831447
2519	4.103992540831447
2520	4.103992540831447
2521	4.103992540831447
2522	2.5982538440551517
2523	2.5982538440551517
2524	2.5982538440551517
2525	2.5982538440551517
2526	8.521824548471475
2527	8.521824548471475
2528	8.521824548471475
2529	8.521824548471475
2530	8.521824548471475
2531	8.521824548471475
2532	7.934747501245005
2533	7.934747501245005
2534	7.934747501245005
2535	7.934747501245005
2536	7.934747501245005
2537	7.934747501245005
2538	13.588172423641307
2539	9.386658663047507
2540	9.386658663047507
2541	19.585734788857742
2542	19.585734788857742
2543	19.585734788857742
2544	5.332532931527598
2545	5.332532931527598
2546	3.9028724608302383
2547	2.2818504613650217
2548	2.2818504613650217
2549	2.4140432170863506
2550	2.4140432170863506
2551	2.4140432170863506
2552	2.4140432170863506
2553	1.7771412994558446
2554	2.6540396108083657
2555	9.276986244512122
2556	6.602897473127459
2557	8.931388075837262
2558	7.911931199271309
2559	5.0128814144172935
2560	12.198735483599366
2561	12.198735483599366
2562	12.198735483599366
2563	12.198735483599366
2564	12.198735483599366
2565	10.521889951102814
2566	10.521889951102814
2567	10.521889951102814
2568	8.077199141813132
2569	8.077199141813132
2570	8.077199141813132
2571	3.921906872140526
2572	9.243644243412646
2573	9.243644243412646
2574	9.243644243412646
2575	9.243644243412646
2576	5.795019488174212
2577	5.45383279753682
2578	5.45383279753682
2579	5.45383279753682
2580	5.45383279753682
2581	1.9202694153343178
2582	1.9202694153343178
2583	1.9202694153343178
2584	6.454309146568084
2585	8.836169912960747
2586	8.836169912960747
2587	8.836169912960747
2588	5.042613425261891
2589	5.042613425261891
2590	5.042613425261891
2591	3.880292606799536
2592	5.182012361558039
2593	5.182012361558039
2594	5.182012361558039
2595	5.182012361558039
2596	5.182012361558039
2597	4.011559588241734
2598	5.015093992972493
2599	5.015093992972493
2600	0.1
2601	0.1
2602	5.60003396641803
2603	5.60003396641803
2604	7.439585095913591
2605	7.439585095913591
2606	7.439585095913591
2607	8.194657941294892
2608	8.194657941294892
2609	12.135362710876322
2610	12.135362710876322
2611	12.135362710876322
2612	11.32954645443819
2613	10.305335081541411
2614	6.116745179644607
2615	6.116745179644607
2616	6.116745179644607
2617	6.116745179644607
2618	6.179203426107492
2619	5.193851940004308
2620	5.193851940004308
2621	6.772319841499625
2622	6.772319841499625
2623	6.772319841499625
2624	9.11193065024678
2625	9.11193065024678
2626	9.11193065024678
2627	9.11193065024678
2628	4.097280973552008
2629	4.097280973552008
2630	11.529547003963529
2631	11.529547003963529
2632	3.676907163764836
2633	1.8187095330895031
2634	1.8187095330895031
2635	0.9715416261354193
2636	0.9715416261354193
2637	0.9715416261354193
2638	0.9715416261354193
2639	0.9715416261354193
2640	13.185438942879447
2641	5.474508006061746
2642	12.54465849675519
2643	9.183147848141548
2644	2.905436230926476
2645	2.905436230926476
2646	2.905436230926476
2647	2.905436230926476
2648	7.305425517959916
2649	7.305425517959916
2650	1.3680412524329562
2651	1.3680412524329562
2652	8.12229590657562
2653	8.12229590657562
2654	8.12229590657562
2655	8.12229590657562
2656	8.12229590657562
2657	6.210315131573111
2658	5.564246141607418
2659	5.564246141607418
2660	3.3994273431353923
2661	3.3994273431353923
2662	3.3994273431353923
2663	3.3994273431353923
2664	2.4010293591093674
2665	2.4010293591093674
2666	7.446595783447332
2667	2.7721403391309876
2668	2.7721403391309876
2669	2.3161525502431206
2670	2.3161525502431206
2671	2.3161525502431206
2672	2.3161525502431206
2673	2.3161525502431206
2674	2.3161525502431206
2675	1.3438027479764416
2676	1.7044773522440757
2677	2.6113693075230544
2678	2.5971017123911704
2679	4.044593554920426
2680	4.823077272721857
2681	3.55745652358692
2682	3.55745652358692
2683	3.55745652358692
2684	1.4268035493737454
2685	1.4268035493737454
2686	1.4268035493737454
2687	3.936631058283639
2688	1.4861329052422247
2689	3.891595297404277
2690	3.891595297404277
2691	3.891595297404277
2692	3.891595297404277
2693	3.127964349049268
2694	2.152711165670373
2695	2.152711165670373
2696	2.152711165670373
2697	3.3467279788162276
2698	2.495365132951768
2699	2.495365132951768
2700	8.860113659742336
2701	8.860113659742336
2702	8.860113659742336
2703	6.7487219314051075
2704	6.7487219314051075
2705	6.7487219314051075
2706	2.51236812461669
2707	2.51236812461669
2708	2.51236812461669
2709	2.51236812461669
2710	2.51236812461669
2711	2.51236812461669
2712	1.6607804989584471
2713	2.7881656693271633
2714	2.7881656693271633
2715	7.186005337604365
2716	7.186005337604365
2717	7.186005337604365
2718	7.186005337604365
2719	8.647011904778845
2720	8.647011904778845
2721	3.5932151403142067
2722	3.5932151403142067
2723	1.207788559538624
2724	1.207788559538624
2725	1.207788559538624
2726	1.207788559538624
2727	2.3351644159403135
2728	2.2792651519065403
2729	2.2792651519065403
2730	2.2792651519065403
2731	2.2792651519065403
2732	11.642662518525388
2733	4.667672527657031
2734	4.667672527657031
2735	4.667672527657031
2736	3.9592942024672206
2737	4.031752021558176
2738	3.162518018256156
2739	3.162518018256156
2740	3.162518018256156
2741	3.162518018256156
2742	9.284613008072293
2743	9.284613008072293
2744	7.715363508359664
2745	4.990817541528117
2746	4.990817541528117
2747	4.990817541528117
2748	4.990817541528117
2749	7.964016651588221
2750	7.964016651588221
2751	10.566454502702875
2752	3.2768251319210906
2753	3.2768251319210906
2754	3.2768251319210906
2755	4.393638660201579
2756	4.393638660201579
2757	4.393638660201579
2758	4.393638660201579
2759	3.621928729492865
2760	3.621928729492865
2761	2.8737948466293277
2762	4.374219897264885
2763	5.048797333541468
2764	7.270528411797898
2765	8.488746624696402
2766	2.744224155104045
2767	2.200224624101458
2768	1.4321177412680348
2769	1.7368630110365664
2770	1.818859363800598
2771	5.3665663230831635
2772	5.3665663230831635
2773	5.3665663230831635
2774	5.3665663230831635
2775	8.827238685772556
2776	8.827238685772556
2777	6.6113693243802985
2778	12.481724980476631
2779	12.481724980476631
2780	4.1849890392461635
2781	4.1849890392461635
2782	6.286826018861834
2783	6.286826018861834
2784	6.286826018861834
2785	6.286826018861834
2786	6.286826018861834
2787	8.708313410875741
2788	11.901144046850263
2789	11.901144046850263
2790	4.230927268026254
2791	5.238301728108756
2792	7.9361526915113165
2793	7.9361526915113165
2794	7.9361526915113165
2795	12.661476907049177
2796	12.661476907049177
2797	12.661476907049177
2798	12.661476907049177
2799	13.805094955735441
2800	13.805094955735441
2801	13.805094955735441
2802	4.00507414395161
2803	8.141710797014241
2804	8.020016852147128
2805	8.020016852147128
2806	8.020016852147128
2807	4.842397867171205
2808	1.9751861112810787
2809	1.9751861112810787
2810	4.362100987491932
2811	2.7710879423803645
2812	7.172692745162159
2813	5.713103542956917
2814	5.713103542956917
2815	5.966144910244815
2816	9.391552313003487
2817	9.391552313003487
2818	7.253282137580616
2819	7.253282137580616
2820	7.253282137580616
2821	11.303337302874949
2822	10.580008346606737
2823	10.580008346606737
2824	1.9628819607737955
2825	1.9628819607737955
2826	1.9628819607737955
2827	2.399503416681907
2828	2.0350996837450896
2829	2.0350996837450896
2830	2.0350996837450896
2831	2.0350996837450896
2832	1.1449644691971816
2833	1.1449644691971816
2834	1.1449644691971816
2835	1.1449644691971816
2836	1.1449644691971816
2837	2.8112251724228083
2838	2.8112251724228083
2839	2.8112251724228083
2840	2.8112251724228083
2841	2.8112251724228083
2842	2.4332326924417536
2843	6.357734921914998
2844	2.7902662815394006
2845	2.7902662815394006
2846	2.7902662815394006
2847	2.7902662815394006
2848	5.571950347754354
2849	4.875367331992436
2850	4.875367331992436
2851	6.6970837993869115
2852	4.538403445933513
2853	2.249841913465743
2854	2.249841913465743
2855	2.249841913465743
2856	2.249841913465743
2857	2.249841913465743
2858	2.249841913465743
2859	3.8239778040719488
2860	2.3735658197820877
2861	2.3735658197820877
2862	8.96369298380529
2863	1.2061369133996305
2864	1.2061369133996305
