0	7.722108779805948
1	5.044526614600842
2	5.044526614600842
3	5.044526614600842
4	5.044526614600842
5	5.044526614600842
6	4.961428146565065
7	4.961428146565065
8	4.961428146565065
9	5.419274646577605
10	5.419274646577605
11	6.086543264161899
12	7.688251333618936
13	6.925099702054904
14	6.2623507590025635
15	6.2623507590025635
16	6.2623507590025635
17	3.4339168694206093
18	3.4339168694206093
19	3.4339168694206093
20	3.4339168694206093
21	3.4339168694206093
22	4.114308590121428
23	4.114308590121428
24	8.227952013736354
25	8.227952013736354
26	8.227952013736354
27	8.227952013736354
28	7.852374525157597
29	5.693029433851756
30	5.693029433851756
31	3.3911095334363672
32	4.289515268823276
33	4.289515268823276
34	4.289515268823276
35	4.289515268823276
36	4.289515268823276
37	2.649680178445296
38	2.649680178445296
39	2.649680178445296
40	2.649680178445296
41	4.044589498868956
42	5.066276314841584
43	5.066276314841584
44	5.066276314841584
45	5.066276314841584
46	5.066276314841584
47	5.066276314841584
48	4.481971047802265
49	4.481971047802265
50	4.481971047802265
51	4.481971047802265
52	2.9614493380341287
53	2.9614493380341287
54	4.240135267073185
55	8.772677896496507
56	8.772677896496507
57	4.3936051741955815
58	4.3936051741955815
59	4.3936051741955815
60	6.853102126611596
61	6.853102126611596
62	5.805486860624649
63	5.6449302897054805
64	7.439773312901009
65	7.439773312901009
66	7.439773312901009
67	7.439773312901009
68	4.149730497841451
69	4.149730497841451
70	4.149730497841451
71	4.149730497841451
72	5.58810828663821
73	5.58810828663821
74	6.445258036274085
75	5.930499837327343
76	7.503218718128003
77	7.503218718128003
78	7.503218718128003
79	6.472217243016365
80	7.464021078865669
81	7.117791149633888
82	7.117791149633888
83	7.117791149633888
84	7.97631662888758
85	7.97631662888758
86	5.588023629353208
87	4.00206197472254
88	4.00206197472254
89	4.00206197472254
90	4.00206197472254
91	3.411793443537398
92	3.411793443537398
93	3.411793443537398
94	3.411793443537398
95	4.154584865030416
96	4.154584865030416
97	5.422172286335185
98	5.422172286335185
99	5.522921852917917
100	5.522921852917917
101	5.947498549367551
102	5.947498549367551
103	5.947498549367551
104	5.275715092264597
105	5.275715092264597
106	5.275715092264597
107	5.275715092264597
108	5.275715092264597
109	5.275715092264597
110	5.275715092264597
111	4.1517016450523405
112	4.1517016450523405
113	4.1517016450523405
114	4.1517016450523405
115	4.1517016450523405
116	7.865796378075116
117	7.865796378075116
118	7.865796378075116
119	7.865796378075116
120	7.865796378075116
121	6.633646032710907
122	6.633646032710907
123	6.633646032710907
124	4.490178544251881
125	4.405679604696799
126	6.840176845522142
127	6.840176845522142
128	6.840176845522142
129	6.840176845522142
130	6.840176845522142
131	6.840176845522142
132	6.840176845522142
133	3.0840562446152835
134	3.1061399136530943
135	3.1061399136530943
136	3.1061399136530943
137	3.1061399136530943
138	3.1061399136530943
139	3.1061399136530943
140	3.7189943121019313
141	2.744098563648516
142	2.744098563648516
143	2.744098563648516
144	2.744098563648516
145	3.8552914066138992
146	3.8552914066138992
147	3.8552914066138992
148	3.8552914066138992
149	3.8552914066138992
150	3.3834985886025413
151	3.3834985886025413
152	3.3834985886025413
153	3.3834985886025413
154	6.097094910855034
155	5.86217944447613
156	5.86217944447613
157	5.686895139845866
158	5.686895139845866
159	5.625497332963384
160	5.625497332963384
161	5.569002360066068
162	7.44613157691172
163	7.44613157691172
164	6.3058346238150955
165	6.3058346238150955
166	7.194507207546471
167	7.194507207546471
168	7.194507207546471
169	5.626982345684398
170	6.341380140583123
171	6.341380140583123
172	6.341380140583123
173	5.550902260375687
174	5.550902260375687
175	3.486445863807496
176	4.268536790381892
177	4.268536790381892
178	4.268536790381892
179	4.4196024195341606
180	4.765172975684284
181	4.765172975684284
182	4.765172975684284
183	4.765172975684284
184	4.765172975684284
185	5.437356232800843
186	5.437356232800843
187	4.160439841661027
188	6.150048772807027
189	6.150048772807027
190	7.855344608510381
191	5.249388047488525
192	3.8451059182724134
193	3.9117510883950533
194	5.128110935759795
195	6.0222921683903134
196	4.783907331578699
197	5.404963441433072
198	5.404963441433072
199	5.404963441433072
200	5.404963441433072
201	5.404963441433072
202	5.404963441433072
203	5.404963441433072
204	4.774252566886509
205	4.736454900774661
206	4.736454900774661
207	5.995891284753785
208	5.995891284753785
209	4.895337627739017
210	4.895337627739017
211	4.717174213152728
212	4.717174213152728
213	5.096676771548598
214	3.4211586017651214
215	6.437290349748869
216	6.437290349748869
217	3.0219399171024266
218	3.0219399171024266
219	3.0219399171024266
220	3.0219399171024266
221	4.660092502878412
222	4.851593348899988
223	4.851593348899988
224	4.851593348899988
225	3.6545592832730045
226	4.725024594593023
227	4.725024594593023
228	5.132661253749617
229	6.311234018314316
230	6.311234018314316
231	6.311234018314316
232	6.311234018314316
233	4.114810185723181
234	4.114810185723181
235	4.114810185723181
236	4.114810185723181
237	4.114810185723181
238	5.048589830026201
239	5.048589830026201
240	4.396221466306366
241	4.396221466306366
242	3.3612424809791444
243	5.650658401472013
244	5.650658401472013
245	5.650658401472013
246	5.650658401472013
247	2.9160558789659845
248	2.9160558789659845
249	2.9160558789659845
250	5.670117970102973
251	5.670117970102973
252	5.670117970102973
253	6.445788310534098
254	4.663179468384089
255	6.413194861987824
256	4.373674077970277
257	4.373674077970277
258	4.373674077970277
259	4.373674077970277
260	7.629962777750955
261	6.791939391935248
262	4.946276154455233
263	7.356643590716663
264	7.356643590716663
265	7.356643590716663
266	7.356643590716663
267	7.963877972362544
268	7.963877972362544
269	7.963877972362544
270	6.665096313024172
271	6.128606396021125
272	6.128606396021125
273	7.006836194112495
274	6.607092268102982
275	6.607092268102982
276	6.607092268102982
277	6.607092268102982
278	6.607092268102982
279	6.607092268102982
280	6.607092268102982
281	3.6899608413866396
282	3.6899608413866396
283	3.6899608413866396
284	3.6899608413866396
285	3.6899608413866396
286	3.6899608413866396
287	3.6899608413866396
288	6.267049637143357
289	6.267049637143357
290	5.484011199531522
291	6.648913484204161
292	4.41746525091353
293	4.601548124700051
294	4.601548124700051
295	4.601548124700051
296	4.601548124700051
297	4.477541556487798
298	3.8461835224399294
299	3.8461835224399294
300	4.250833955873926
301	4.250833955873926
302	5.844753557478743
303	4.05798430894695
304	4.05798430894695
305	5.524434335245098
306	5.524434335245098
307	5.406527281040219
308	5.406527281040219
309	3.907463814461075
310	3.907463814461075
311	4.6770764420380235
312	5.557916465938132
313	4.9239923709161255
314	4.98156425699628
315	4.98156425699628
316	4.98156425699628
317	4.604410058409135
318	7.621205405981021
319	7.621205405981021
320	7.621205405981021
321	7.621205405981021
322	9.010971315436398
323	6.168184424031759
324	6.168184424031759
325	6.168184424031759
326	5.1905990146519425
327	5.1905990146519425
328	3.8184024991013903
329	3.8184024991013903
330	3.8184024991013903
331	3.8184024991013903
332	3.8184024991013903
333	3.8184024991013903
334	3.451445504329687
335	3.7335532622793144
336	4.6595906444027415
337	4.6595906444027415
338	4.6595906444027415
339	4.6595906444027415
340	4.6595906444027415
341	4.6595906444027415
342	4.548597582689525
343	4.548597582689525
344	4.548597582689525
345	4.530836400543439
346	4.888606094091006
347	4.888606094091006
348	5.854275704959805
349	5.228143931472321
350	4.67097996467264
351	4.67097996467264
352	4.67097996467264
353	6.051720382876731
354	6.051720382876731
355	6.051720382876731
356	6.051720382876731
357	7.975141856707706
358	7.975141856707706
359	7.975141856707706
360	7.975141856707706
361	7.975141856707706
362	7.975141856707706
363	7.975141856707706
364	4.013423726276054
365	7.374662354552062
366	7.374662354552062
367	7.374662354552062
368	5.252394419706584
369	5.252394419706584
370	5.252394419706584
371	5.6571629387820055
372	5.6571629387820055
373	5.6571629387820055
374	8.742792538022014
375	6.449478863979676
376	6.449478863979676
377	6.449478863979676
378	6.449478863979676
379	6.449478863979676
380	5.155584528013015
381	5.155584528013015
382	6.247803071880086
383	5.571279397273272
384	5.571279397273272
385	5.571279397273272
386	4.242266860907876
387	4.242266860907876
388	4.242266860907876
389	3.929990556895549
390	3.929990556895549
391	3.929990556895549
392	4.9897778864666735
393	6.332251722580555
394	4.44857452470354
395	4.44857452470354
396	4.058496532616852
397	4.058496532616852
398	4.058496532616852
399	4.227680423469813
400	4.535201861216969
401	2.1379622382853776
402	2.1379622382853776
403	2.1379622382853776
404	2.1379622382853776
405	2.1379622382853776
406	2.1379622382853776
407	2.1379622382853776
408	4.8436996001919415
409	4.9219780758194585
410	4.9219780758194585
411	4.9219780758194585
412	4.9219780758194585
413	4.9219780758194585
414	4.9219780758194585
415	3.5722028422601984
416	4.096778144010199
417	4.535034969123429
418	4.507440503098019
419	4.507440503098019
420	4.507440503098019
421	7.448246702365019
422	7.448246702365019
423	7.448246702365019
424	7.448246702365019
425	5.4261366355346246
426	5.4261366355346246
427	5.643057034391468
428	5.643057034391468
429	6.578410044963709
430	4.740363019097588
431	4.740363019097588
432	4.708880959054503
433	4.952672253337352
434	4.952672253337352
435	3.819161829208904
436	5.01714861684089
437	5.01714861684089
438	5.01714861684089
439	5.970457355687056
440	5.970457355687056
441	6.083554715119469
442	6.083554715119469
443	6.083554715119469
444	6.083554715119469
445	6.083554715119469
446	5.317221559023869
447	8.050982493853676
448	6.60963195902119
449	6.60963195902119
450	5.882256532395575
451	4.6740208303503
452	4.6740208303503
453	4.6740208303503
454	4.6740208303503
455	4.6740208303503
456	4.6740208303503
457	4.5657595418269254
458	4.5657595418269254
459	3.3396641024535567
460	3.3396641024535567
461	3.895000473929472
462	3.895000473929472
463	3.895000473929472
464	5.38241682177654
465	5.38241682177654
466	5.38241682177654
467	5.38241682177654
468	5.254183838496929
469	5.4576531273909135
470	5.4576531273909135
471	5.4576531273909135
472	3.4498175119910295
473	4.218530686605128
474	4.218530686605128
475	4.218530686605128
476	4.218530686605128
477	4.543305040255429
478	4.365986545479198
479	5.148324999227207
480	5.148324999227207
481	4.110371864163103
482	3.270243401919496
483	3.270243401919496
484	3.270243401919496
485	3.270243401919496
486	4.878591668066393
487	4.878591668066393
488	4.878591668066393
489	5.529297106462769
490	5.529297106462769
491	5.529297106462769
492	5.529297106462769
493	5.529297106462769
494	5.529297106462769
495	5.529297106462769
496	6.7272375541300695
497	6.7272375541300695
498	6.7272375541300695
499	6.7272375541300695
500	6.149476755077462
501	4.6770114815657
502	4.6770114815657
503	4.6770114815657
504	4.6770114815657
505	3.7868388767365726
506	3.7868388767365726
507	5.760932724255222
508	5.256732652155711
509	6.578263318212599
510	7.172572187120103
511	7.172572187120103
512	7.172572187120103
513	7.172572187120103
514	4.6862223148839846
515	6.202125847319414
516	6.202125847319414
517	6.202125847319414
518	5.952956716727394
519	6.4406301934741865
520	6.709563643401192
521	6.709563643401192
522	6.709563643401192
523	5.817707436546492
524	5.845120597388577
525	5.845120597388577
526	5.245504153956119
527	6.18658238763161
528	5.7165172287205355
529	6.70609483365215
530	6.70609483365215
531	6.083969781708144
532	7.619993716041761
533	6.530613100018091
534	6.530613100018091
535	6.530613100018091
536	6.530613100018091
537	6.530613100018091
538	6.530613100018091
539	6.530613100018091
540	8.37048891733768
541	5.155840002394194
542	5.155840002394194
543	5.155840002394194
544	5.155840002394194
545	5.155840002394194
546	4.784506196792273
547	5.512784076532781
548	4.840087707883521
549	9.596608191651779
550	9.596608191651779
551	6.745748099127819
552	6.745748099127819
553	6.745748099127819
554	6.745748099127819
555	8.41383141594151
556	8.41383141594151
557	10.140594372188271
558	7.378220149524661
559	7.378220149524661
560	7.378220149524661
561	7.378220149524661
562	6.469670985911903
563	6.469670985911903
564	6.615310438298355
565	8.374163712582636
566	5.73568964360717
567	7.876020728932833
568	5.275362543474698
569	4.9522449044519945
570	4.9522449044519945
571	4.9522449044519945
572	7.587124249826036
573	5.131716566197102
574	5.131716566197102
575	6.167014582144276
576	6.167014582144276
577	6.167014582144276
578	6.167014582144276
579	5.477893943027607
580	5.477893943027607
581	8.335899805895458
582	9.020956287054833
583	9.020956287054833
584	9.020956287054833
585	7.480402371816267
586	7.480402371816267
587	7.480402371816267
588	7.480402371816267
589	5.0343641410053745
590	5.0343641410053745
591	5.0343641410053745
592	4.754466624461639
593	4.754466624461639
594	3.691489641161806
595	3.691489641161806
596	6.105442665289224
597	6.105442665289224
598	6.105442665289224
599	7.81779197107825
600	4.860901980970382
601	5.2819274904449385
602	5.2819274904449385
603	4.598340809770438
604	4.598340809770438
605	3.0237180241723456
606	3.12993181813823
607	2.7801119562488052
608	2.7801119562488052
609	2.7801119562488052
610	4.716580559096669
611	4.716580559096669
612	4.716580559096669
613	5.217807561119748
614	5.217807561119748
615	5.217807561119748
616	5.217807561119748
617	5.217807561119748
618	3.8929970912184535
619	4.18584266211827
620	4.18584266211827
621	6.9476863934334485
622	6.9476863934334485
623	6.9476863934334485
624	6.9476863934334485
625	4.524980792907518
626	7.810909994659603
627	7.810909994659603
628	7.810909994659603
629	7.810909994659603
630	6.937089946122129
631	6.937089946122129
632	3.8708878271906353
633	4.924010905897006
634	6.315298375972448
635	6.315298375972448
636	6.315298375972448
637	6.315298375972448
638	6.315298375972448
639	6.315298375972448
640	6.315298375972448
641	5.457741655060823
642	4.82307017792961
643	5.466130103494274
644	4.998735412472449
645	4.998735412472449
646	4.998735412472449
647	4.998735412472449
648	4.998735412472449
649	4.998735412472449
650	4.998735412472449
651	6.75028551493356
652	6.75028551493356
653	4.296642454737694
654	6.698492733397379
655	7.425984850476832
656	7.425984850476832
657	6.624274576923801
658	5.178309614485044
659	5.178309614485044
660	5.073243467074479
661	4.170338067790919
662	4.170338067790919
663	3.136199308583638
664	3.136199308583638
665	3.136199308583638
666	3.136199308583638
667	4.92914353876706
668	4.92914353876706
669	5.779384936106196
670	4.461151076456679
671	4.461151076456679
672	4.59042109461293
673	4.59042109461293
674	4.59042109461293
675	4.814612424192019
676	4.814612424192019
677	4.814612424192019
678	4.814612424192019
679	6.6860881445009355
680	5.801854509070166
681	5.801854509070166
682	6.15324674450836
683	6.15324674450836
684	6.15324674450836
685	6.15324674450836
686	6.15324674450836
687	6.15324674450836
688	6.15324674450836
689	4.399386916792957
690	4.399386916792957
691	4.399386916792957
692	4.399386916792957
693	4.130494423760387
694	3.9476410942362787
695	6.689156669596978
696	6.689156669596978
697	6.689156669596978
698	6.689156669596978
699	6.689156669596978
700	5.210263641536681
701	5.210263641536681
702	6.565615821820442
703	6.565615821820442
704	6.565615821820442
705	6.565615821820442
706	6.565615821820442
707	8.485155696893536
708	4.6157323032624245
709	4.6157323032624245
710	7.278110009325696
711	6.02868699003505
712	7.673508112363254
713	9.012909553384315
714	9.012909553384315
715	9.012909553384315
716	5.383407237776222
717	5.383407237776222
718	5.383407237776222
719	5.383407237776222
720	5.383407237776222
721	5.383407237776222
722	5.383407237776222
723	5.7559751514909445
724	5.7559751514909445
725	5.7559751514909445
726	7.3014347471151195
727	4.603361768006124
728	4.603361768006124
729	4.603361768006124
730	6.365761862398385
731	6.365761862398385
732	6.365761862398385
733	6.365761862398385
734	6.365761862398385
735	6.365761862398385
736	6.365761862398385
737	7.169364310540919
738	7.169364310540919
739	7.169364310540919
740	7.169364310540919
741	7.169364310540919
742	5.082498932784688
743	5.082498932784688
744	5.082498932784688
745	7.192583624125362
746	2.7258951286914397
747	2.7258951286914397
748	4.555324118537425
749	4.555324118537425
750	4.555324118537425
751	4.257843660479427
752	4.257843660479427
753	4.257843660479427
754	5.284776953415301
755	5.284776953415301
756	5.284776953415301
757	5.284776953415301
758	4.95378180134127
759	4.95378180134127
760	4.95378180134127
761	4.7658274708706205
762	4.7658274708706205
763	4.7658274708706205
764	3.1599726035226188
765	4.114448225224039
766	4.697215726923636
767	3.9844426717083925
768	3.9844426717083925
769	3.9844426717083925
770	4.554448098939195
771	8.185406898153117
772	8.185406898153117
773	8.185406898153117
774	8.638334249482757
775	8.638334249482757
776	8.638334249482757
777	6.865927175527537
778	5.870819331163964
779	5.870819331163964
780	4.460504038647407
781	4.460504038647407
782	2.4722742427549167
783	2.4722742427549167
784	2.4722742427549167
785	7.333875522323199
786	7.333875522323199
787	7.333875522323199
788	7.333875522323199
789	7.333875522323199
790	7.333875522323199
791	7.333875522323199
792	4.932708794035543
793	4.932708794035543
794	4.932708794035543
795	5.186254036218881
796	5.186254036218881
797	5.186254036218881
798	5.186254036218881
799	5.186254036218881
800	5.186254036218881
801	5.186254036218881
802	4.476488902969422
803	4.584189435964107
804	5.3984454432733795
805	6.9085471857926315
806	6.426442664543243
807	5.487490884711246
808	5.487490884711246
809	5.487490884711246
810	5.487490884711246
811	5.487490884711246
812	5.487490884711246
813	4.576665254499944
814	3.7995690160778794
815	3.7995690160778794
816	3.7995690160778794
817	3.7995690160778794
818	6.507279079693122
819	6.507279079693122
820	6.761688048831424
821	6.761688048831424
822	4.93518979752166
823	4.93518979752166
824	4.93518979752166
825	5.2811095896509075
826	3.530804486383097
827	6.066549145957577
828	6.066549145957577
829	4.624982861398027
830	4.576819265977357
831	4.576819265977357
832	4.576819265977357
833	4.508731713449328
834	4.508731713449328
835	4.508731713449328
836	7.903647994214779
837	7.903647994214779
838	7.903647994214779
839	7.903647994214779
840	9.845472892378416
841	7.842260148134393
842	7.057445527921499
843	6.463260078054039
844	5.8089458642592255
845	6.998341360524732
846	6.998341360524732
847	6.998341360524732
848	6.1354656970685895
849	6.1354656970685895
850	6.1354656970685895
851	6.1354656970685895
852	6.1354656970685895
853	6.1354656970685895
854	6.1354656970685895
855	4.462261721362523
856	4.462261721362523
857	5.765681478695049
858	6.681126135301501
859	6.681126135301501
860	6.681126135301501
861	6.681126135301501
862	5.80488586079346
863	4.7608938349027285
864	4.7608938349027285
865	5.3056702169899275
866	5.3056702169899275
867	5.3056702169899275
868	5.3056702169899275
869	7.682221489375362
870	7.682221489375362
871	7.682221489375362
872	7.563834253164154
873	8.733869479844595
874	8.733869479844595
875	8.733869479844595
876	8.733869479844595
877	8.733869479844595
878	9.102807616390194
879	9.102807616390194
880	9.102807616390194
881	9.102807616390194
882	6.527306175310521
883	6.527306175310521
884	6.721252607623711
885	4.542696999001166
886	4.542696999001166
887	7.329946903160596
888	7.329946903160596
889	7.329946903160596
890	6.62501783946285
891	6.62501783946285
892	6.62501783946285
893	6.62501783946285
894	6.62501783946285
895	5.207350851892506
896	5.668280377544399
897	5.668280377544399
898	7.569773988161151
899	7.569773988161151
900	5.093379915755951
901	5.1354144020004036
902	6.157969016301734
903	6.157969016301734
904	4.898508035435137
905	4.898508035435137
906	4.898508035435137
907	2.666171844407227
908	2.666171844407227
909	2.666171844407227
910	4.481490732216868
911	4.995944059042385
912	3.813212881741085
913	3.813212881741085
914	5.1577785774447795
915	5.666261656586854
916	6.177030301218325
917	6.177030301218325
918	6.177030301218325
919	6.177030301218325
920	6.177030301218325
921	6.177030301218325
922	6.177030301218325
923	5.5474261461337395
924	6.2459560752876
925	6.2459560752876
926	6.19477042125787
927	4.191576272219083
928	4.191576272219083
929	4.191576272219083
930	4.191576272219083
931	3.377611681972949
932	4.584409048909388
933	4.584409048909388
934	5.479647945777239
935	5.479647945777239
936	7.041027328841362
937	6.346273714636346
938	3.911377861884023
939	3.911377861884023
940	4.98576452428799
941	4.98576452428799
942	4.98576452428799
943	7.119608905830822
944	6.4308472081302455
945	4.694599150043069
946	5.707580355766858
947	4.359134540128186
948	4.359134540128186
949	4.359134540128186
950	4.359134540128186
951	4.359134540128186
952	5.5857979992202065
953	5.5857979992202065
954	5.5857979992202065
955	5.4766163027041035
956	5.4785000168467555
957	6.3122995524497
958	6.3122995524497
959	6.3122995524497
960	6.3122995524497
961	6.3122995524497
962	6.3122995524497
963	6.3122995524497
964	6.023501945339738
965	6.390438513044989
966	4.979568344791261
967	8.761491772732692
968	5.962455361094079
969	5.962455361094079
970	5.962455361094079
971	4.046751372401444
972	4.046751372401444
973	4.046751372401444
974	4.046751372401444
975	4.046751372401444
976	4.046751372401444
977	4.046751372401444
978	3.8360341594417577
979	5.955431396709117
980	5.617488933996736
981	6.706591451512978
982	7.142565321605732
983	7.142565321605732
984	7.142565321605732
985	6.5925934539207605
986	6.5925934539207605
987	4.6791106471642925
988	4.6791106471642925
989	4.6791106471642925
990	4.6791106471642925
991	4.6791106471642925
992	4.6791106471642925
993	5.6435882826419945
994	5.6435882826419945
995	5.6435882826419945
996	5.6435882826419945
997	5.6435882826419945
998	7.3276864314880505
999	7.3276864314880505
1000	7.006495741565012
1001	7.006495741565012
1002	5.118516712924302
1003	6.412754107941805
1004	6.819298973732794
1005	7.579962795453122
1006	7.579962795453122
1007	5.145604379155815
1008	5.145604379155815
1009	5.145604379155815
1010	5.145604379155815
1011	5.145604379155815
1012	5.145604379155815
1013	5.145604379155815
1014	7.3475165606549995
1015	7.982407389303475
1016	5.963718426597262
1017	4.8486161640082415
1018	4.8486161640082415
1019	4.440813099833177
1020	4.440813099833177
1021	4.440813099833177
1022	3.9841807891530374
1023	3.9841807891530374
1024	3.9841807891530374
1025	4.479484659334724
1026	4.45436508832989
1027	3.8480174580394957
1028	3.8480174580394957
1029	3.8480174580394957
1030	3.0968186291667372
1031	3.0968186291667372
1032	3.0968186291667372
1033	3.0968186291667372
1034	3.0968186291667372
1035	3.7525000173359526
1036	3.7525000173359526
1037	3.7525000173359526
1038	6.641010661502325
1039	6.598980153975419
1040	6.598980153975419
1041	6.400788645587747
1042	7.427317456097148
1043	8.681729739465831
1044	8.681729739465831
1045	5.726487028896762
1046	4.155023643991685
1047	5.533741299597039
1048	5.533741299597039
1049	5.533741299597039
1050	5.857097208450956
1051	5.857097208450956
1052	5.857097208450956
1053	6.276720334178259
1054	5.550739090793866
1055	8.359817385514866
1056	6.4202595557789754
1057	6.4202595557789754
1058	7.351786842690364
1059	7.351786842690364
1060	7.351786842690364
1061	6.697802917731801
1062	5.093779297948924
1063	6.35824481812386
1064	6.35824481812386
1065	6.35824481812386
1066	6.35824481812386
1067	5.821811579820072
1068	6.716781264471165
1069	6.716781264471165
1070	6.716781264471165
1071	7.144452817582188
1072	7.144452817582188
1073	7.811090170809376
1074	3.070792333357986
1075	3.070792333357986
1076	6.421119655958482
1077	6.421119655958482
1078	5.62693904698276
1079	8.4728869659771
1080	8.4728869659771
1081	5.158352668800379
1082	6.966856580061526
1083	6.966856580061526
1084	5.402550700160817
1085	5.402550700160817
1086	6.119605775119342
1087	6.119605775119342
1088	4.589405739113823
1089	7.563331304274081
1090	7.563331304274081
1091	7.563331304274081
1092	6.989270285696844
1093	6.989270285696844
1094	6.989270285696844
1095	6.989270285696844
1096	6.989270285696844
1097	6.544422562035791
1098	6.544422562035791
1099	6.544422562035791
1100	7.090866589911208
1101	7.090866589911208
1102	7.090866589911208
1103	5.903874072556418
1104	5.903874072556418
1105	5.903874072556418
1106	5.903874072556418
1107	5.903874072556418
1108	5.903874072556418
1109	5.903874072556418
1110	4.984710214198606
1111	4.984710214198606
1112	4.984710214198606
1113	4.984710214198606
1114	4.984710214198606
1115	8.61671958433441
1116	6.513818767446641
1117	6.513818767446641
1118	6.141770457739486
1119	6.141770457739486
1120	9.486263621043607
1121	9.486263621043607
1122	9.486263621043607
1123	9.486263621043607
1124	9.486263621043607
1125	6.576135938755996
1126	6.576135938755996
1127	6.576135938755996
1128	6.576135938755996
1129	3.577003658902091
1130	3.577003658902091
1131	8.014479624124965
1132	8.014479624124965
1133	8.409529867846363
1134	8.409529867846363
1135	8.409529867846363
1136	7.998947745794833
1137	7.998947745794833
1138	5.964705650620506
1139	5.964705650620506
1140	5.964705650620506
1141	8.479180975260972
1142	8.479180975260972
1143	8.479180975260972
1144	5.0649030048686186
1145	5.0649030048686186
1146	6.411076772038435
1147	6.108150968914884
1148	6.108150968914884
1149	7.641107091231278
1150	7.641107091231278
1151	5.932805838275853
1152	8.906227044870212
1153	8.906227044870212
1154	8.906227044870212
1155	8.906227044870212
1156	8.906227044870212
1157	8.906227044870212
1158	8.906227044870212
1159	7.688899406714525
1160	5.453463951788423
1161	5.946265785458767
1162	5.946265785458767
1163	5.946265785458767
1164	5.946265785458767
1165	7.3438212315088975
1166	7.3438212315088975
1167	6.737698242795961
1168	7.833833670434638
1169	4.785858327732489
1170	4.785858327732489
1171	5.0464878701396145
1172	5.0464878701396145
1173	5.0464878701396145
1174	5.0464878701396145
1175	5.0464878701396145
1176	5.0464878701396145
1177	5.0464878701396145
1178	6.775545237316599
1179	6.775545237316599
1180	6.1402602330400855
1181	6.541950440710704
1182	8.44992008977013
1183	6.742873753448458
1184	6.742873753448458
1185	5.658673270692999
1186	5.658673270692999
1187	5.618876862815978
1188	5.618876862815978
1189	6.746952345356155
1190	6.746952345356155
1191	6.746952345356155
1192	5.510092335153325
1193	5.510092335153325
1194	7.4093316506896745
1195	7.4093316506896745
1196	7.4093316506896745
1197	7.4093316506896745
1198	7.4093316506896745
1199	7.4093316506896745
1200	7.4093316506896745
1201	7.401762028447241
1202	7.435699578042039
1203	8.935494308662205
1204	8.935494308662205
1205	8.935494308662205
1206	7.431351997726622
1207	7.431351997726622
1208	7.431351997726622
1209	7.431351997726622
1210	7.431351997726622
1211	7.431351997726622
1212	7.431351997726622
1213	8.354254644690958
1214	9.267746985422395
1215	9.267746985422395
1216	9.267746985422395
1217	6.8640572382483445
1218	6.8640572382483445
1219	6.8640572382483445
1220	6.8640572382483445
1221	6.8640572382483445
1222	6.8640572382483445
1223	6.8640572382483445
1224	8.0600490244415
1225	8.0600490244415
1226	8.0600490244415
1227	8.0600490244415
1228	7.623601891845192
1229	7.623601891845192
1230	7.623601891845192
1231	8.210390793323116
1232	4.8463064679641095
1233	4.8463064679641095
1234	4.8463064679641095
1235	4.8463064679641095
1236	8.450113430433177
1237	8.450113430433177
1238	7.081132644524192
1239	5.546538097401627
1240	8.64892704590405
1241	8.64892704590405
1242	8.64892704590405
1243	8.64892704590405
1244	8.64892704590405
1245	6.235070444560932
1246	6.235070444560932
1247	6.235070444560932
1248	6.235070444560932
1249	8.648734860138617
1250	8.648734860138617
1251	8.648734860138617
1252	8.648734860138617
1253	6.164680355680666
1254	4.405276344066859
1255	4.710422390952557
1256	4.710422390952557
1257	4.425525952667014
1258	4.425525952667014
1259	5.500652533921269
1260	5.500652533921269
1261	5.500652533921269
1262	5.500652533921269
1263	5.500652533921269
1264	5.500652533921269
1265	5.500652533921269
1266	6.8196933154533825
1267	6.8196933154533825
1268	6.8196933154533825
1269	4.558401712549811
1270	4.558401712549811
1271	4.558401712549811
1272	4.558401712549811
1273	4.812763120644904
1274	8.43126198666585
1275	8.06856427302601
1276	8.06856427302601
1277	8.06856427302601
1278	8.06856427302601
1279	5.345180789922799
1280	5.345180789922799
1281	4.87372699995204
1282	4.87372699995204
1283	4.87372699995204
1284	7.6933235068147185
1285	4.032402728056235
1286	4.032402728056235
1287	4.032402728056235
1288	4.032402728056235
1289	6.028973558826568
1290	7.282958829512428
1291	6.158735456521493
1292	4.801956984889533
1293	4.801956984889533
1294	4.801956984889533
1295	5.933410278483444
1296	5.668641919688909
1297	6.077367516506428
1298	4.426374813509867
1299	4.426374813509867
1300	6.0631047330616425
1301	3.990639753055901
1302	3.990639753055901
1303	3.4330809160617113
1304	3.4330809160617113
1305	3.4330809160617113
1306	4.267853183856599
1307	3.71038921656677
1308	3.71038921656677
1309	2.741971746746942
1310	3.6756311057556035
1311	3.6756311057556035
1312	3.6756311057556035
1313	3.6756311057556035
1314	2.972628073367244
1315	2.972628073367244
1316	4.486569586122364
1317	4.486569586122364
1318	7.797825415512774
1319	3.679783441301642
1320	6.154198893245222
1321	6.154198893245222
1322	6.154198893245222
1323	6.154198893245222
1324	6.154198893245222
1325	6.154198893245222
1326	6.154198893245222
1327	4.482195427870696
1328	4.015456501895923
1329	4.347777927953385
1330	4.646681295782069
1331	4.646681295782069
1332	5.561967301936781
1333	4.281166127781818
1334	4.281166127781818
1335	4.281166127781818
1336	4.281166127781818
1337	4.281166127781818
1338	5.380983302514713
1339	5.380983302514713
1340	7.859871004220974
1341	7.40161850940448
1342	7.3805842472652765
1343	4.800678648616251
1344	4.800678648616251
1345	5.036041209563892
1346	5.036041209563892
1347	5.036041209563892
1348	5.036041209563892
1349	5.036041209563892
1350	5.036041209563892
1351	5.036041209563892
1352	3.899168353588279
1353	6.192107676190581
1354	6.192107676190581
1355	6.556663112410158
1356	5.832434541603133
1357	5.832434541603133
1358	7.9731399237745215
1359	7.9731399237745215
1360	7.9731399237745215
1361	6.378257105237235
1362	6.378257105237235
1363	6.378257105237235
1364	7.120512723622177
1365	7.120512723622177
1366	7.120512723622177
1367	7.120512723622177
1368	6.103884185049955
1369	6.103884185049955
1370	6.103884185049955
1371	6.103884185049955
1372	7.447539035052011
1373	7.447539035052011
1374	7.447539035052011
1375	7.447539035052011
1376	6.606800543382843
1377	6.606800543382843
1378	7.846553029486202
1379	7.846553029486202
1380	7.846553029486202
1381	5.0470899990954505
1382	5.412162089285604
1383	7.270613670156202
1384	7.270613670156202
1385	7.270613670156202
1386	7.270613670156202
1387	7.270613670156202
1388	5.551999936009968
1389	5.551999936009968
1390	5.551999936009968
1391	5.551999936009968
1392	5.551999936009968
1393	5.676968706380865
1394	6.0172526576340815
1395	6.0172526576340815
1396	6.0172526576340815
1397	6.0172526576340815
1398	6.0172526576340815
1399	3.213899859760928
1400	3.213899859760928
1401	5.512470221211791
1402	8.10184466130908
1403	5.005991643962693
1404	5.005991643962693
1405	9.169648760826528
1406	8.124967092449314
1407	8.124967092449314
1408	6.479148983435039
1409	4.684421275679259
1410	4.684421275679259
1411	4.684421275679259
1412	4.684421275679259
1413	5.073590679835067
1414	3.7352676543359236
1415	3.9386991154192024
1416	5.849167142455791
1417	6.11270028388516
1418	6.11270028388516
1419	6.471865181033886
1420	6.471865181033886
1421	6.471865181033886
1422	6.471865181033886
1423	2.8428256087629507
1424	2.8428256087629507
1425	2.8428256087629507
1426	2.8428256087629507
1427	2.8428256087629507
1428	5.233941511199101
1429	6.724384089498781
1430	4.6924930166024605
1431	6.864827394990159
1432	6.864827394990159
1433	5.289457412835432
1434	4.882435231059635
1435	4.882435231059635
1436	4.8321881609634625
1437	4.8321881609634625
1438	8.270405243497375
1439	6.85567174561409
1440	4.622221404598673
1441	4.622221404598673
1442	4.330836579378023
1443	6.273075757059805
1444	7.403958937781686
1445	5.884482451324738
1446	5.554079925581874
1447	5.554079925581874
1448	6.44192007062882
1449	6.44192007062882
1450	6.44192007062882
1451	5.909959124763299
1452	5.909959124763299
1453	6.462475959475502
1454	6.462475959475502
1455	4.735175705311143
1456	5.7628264799932465
1457	5.7628264799932465
1458	5.871201139642262
1459	5.871201139642262
1460	5.871201139642262
1461	5.871201139642262
1462	5.611215009114012
1463	6.653199858914109
1464	6.653199858914109
1465	6.653199858914109
1466	6.653199858914109
1467	6.653199858914109
1468	6.653199858914109
1469	6.653199858914109
1470	7.459954677236755
1471	7.459954677236755
1472	7.459954677236755
1473	7.459954677236755
1474	7.459954677236755
1475	6.107839134923272
1476	6.107839134923272
1477	6.725027585265903
1478	5.954495570747401
1479	5.954495570747401
1480	6.397586364804076
1481	4.6472595464077475
1482	4.70425077656874
1483	3.01273339421725
1484	3.66344629203895
1485	3.5688045431516953
1486	5.065748790824312
1487	6.691984283999245
1488	6.691984283999245
1489	4.624785382506454
1490	5.634853241713351
1491	6.009517473514319
1492	6.009517473514319
1493	4.54496548023209
1494	4.54496548023209
1495	4.54496548023209
1496	4.54496548023209
1497	4.54496548023209
1498	4.54496548023209
1499	4.54496548023209
1500	4.869526915033999
1501	6.284829747157273
1502	6.284829747157273
1503	6.284829747157273
1504	7.092997873426417
1505	7.092997873426417
1506	7.092997873426417
1507	3.930808915305805
1508	3.930808915305805
1509	3.930808915305805
1510	3.930808915305805
1511	5.682394440457601
1512	5.682394440457601
1513	5.255175792407878
1514	7.455952961527538
1515	7.455952961527538
1516	7.455952961527538
1517	7.455952961527538
1518	6.375342503542408
1519	6.375342503542408
1520	6.375342503542408
1521	6.375342503542408
1522	4.680683205244799
1523	6.534614969213511
1524	7.230620026249731
1525	7.230620026249731
1526	7.541806610296616
1527	7.541806610296616
1528	7.541806610296616
1529	7.3084036669616586
1530	7.3084036669616586
1531	5.988726152722965
1532	5.988726152722965
1533	5.988726152722965
1534	5.988726152722965
1535	5.988726152722965
1536	5.988726152722965
1537	5.988726152722965
1538	6.980740929503927
1539	6.980740929503927
1540	8.07540491251191
1541	8.07540491251191
1542	8.07540491251191
1543	8.07540491251191
1544	8.07540491251191
1545	8.07540491251191
1546	8.07540491251191
1547	9.785750526338754
1548	4.347287835928061
1549	4.347287835928061
1550	4.347287835928061
1551	4.347287835928061
1552	5.262633076523209
1553	5.262633076523209
1554	6.941338051700226
1555	6.941338051700226
1556	6.941338051700226
1557	6.941338051700226
1558	6.941338051700226
1559	5.512349868102912
1560	4.923494326110442
1561	4.923494326110442
1562	4.923494326110442
1563	4.837747831625814
1564	4.837747831625814
1565	7.297785937583617
1566	5.961171256639465
1567	5.961171256639465
1568	2.8983981072725284
1569	5.95857514294712
1570	5.95857514294712
1571	7.335485376471922
1572	6.5719301894730995
1573	6.5719301894730995
1574	5.814046677698185
1575	5.814046677698185
1576	5.084265405596756
1577	8.470511952772739
1578	8.738131922538248
1579	8.738131922538248
1580	8.738131922538248
1581	8.541748005692979
1582	8.541748005692979
1583	6.756032353010648
1584	6.756032353010648
1585	6.756032353010648
1586	7.154559601751718
1587	7.154559601751718
1588	7.154559601751718
1589	7.154559601751718
1590	7.154559601751718
1591	5.778746037010395
1592	5.778746037010395
1593	3.390311603245927
1594	5.548996838846964
1595	4.886721436043509
1596	4.11565691917168
1597	6.236328193607964
1598	4.451817394820362
1599	4.451817394820362
1600	5.834471673730291
1601	6.708115529733786
1602	7.038984532483798
1603	7.038984532483798
1604	7.038984532483798
1605	7.050440229222084
1606	7.050440229222084
1607	7.050440229222084
1608	7.050440229222084
1609	7.050440229222084
1610	7.050440229222084
1611	6.21452848185315
1612	6.21452848185315
1613	6.21452848185315
1614	6.21452848185315
1615	5.823992819434441
1616	5.843113073396852
1617	5.843113073396852
1618	6.440225096714575
1619	6.440225096714575
1620	6.9988884952072565
1621	6.9988884952072565
1622	6.9988884952072565
1623	6.9988884952072565
1624	6.9988884952072565
1625	6.9988884952072565
1626	6.9988884952072565
1627	4.56880343877016
1628	4.341651862556342
1629	4.341651862556342
1630	4.341651862556342
1631	7.6543042470865466
1632	8.188378122690635
1633	8.188378122690635
1634	8.188378122690635
1635	8.188378122690635
1636	4.365492284617774
1637	4.365492284617774
1638	4.365492284617774
1639	4.365492284617774
1640	4.603222475447627
1641	4.603222475447627
1642	4.603222475447627
1643	4.603222475447627
1644	4.603222475447627
1645	5.3817435902214426
1646	4.999258498592425
1647	4.999258498592425
1648	4.999258498592425
1649	4.999258498592425
1650	3.9371309713912073
1651	3.9371309713912073
1652	5.155251656268516
1653	4.84868344438908
1654	4.84868344438908
1655	4.225239788529957
1656	3.0855161346803874
1657	3.0855161346803874
1658	3.0855161346803874
1659	3.0855161346803874
1660	6.0910630177941565
1661	6.0910630177941565
1662	4.225873555681128
1663	4.225873555681128
1664	3.836157436023907
1665	3.836157436023907
1666	3.836157436023907
1667	3.9235604022174186
1668	3.9235604022174186
1669	4.844026210638962
1670	4.844026210638962
1671	4.844026210638962
1672	6.164156078534886
1673	6.164156078534886
1674	5.090814203848756
1675	6.15343583095066
1676	6.15343583095066
1677	6.15343583095066
1678	5.026143749854807
1679	5.026143749854807
1680	3.9270807102351064
1681	6.344004885451312
1682	6.344004885451312
1683	6.344004885451312
1684	6.344004885451312
1685	6.82191371821025
1686	6.82191371821025
1687	6.82191371821025
1688	6.82191371821025
1689	6.82191371821025
1690	6.82191371821025
1691	6.144016558086417
1692	5.27337297377836
1693	5.27337297377836
1694	8.915451838990156
1695	8.915451838990156
1696	5.072047216171632
1697	5.940410548059825
1698	4.89500225979242
1699	5.5257868427137735
1700	4.707600398314849
1701	4.707600398314849
1702	4.707495919257632
1703	4.707495919257632
1704	5.767784217673456
1705	5.767784217673456
1706	5.767784217673456
1707	5.767784217673456
1708	5.767784217673456
1709	5.767784217673456
1710	5.767784217673456
1711	4.656357237498834
1712	4.656357237498834
1713	6.83257260218664
1714	7.2123067324150085
1715	5.65546692746946
1716	5.65546692746946
1717	5.65546692746946
1718	5.873426902245015
1719	5.873426902245015
1720	5.873426902245015
1721	5.873426902245015
1722	5.873426902245015
1723	5.873426902245015
1724	5.873426902245015
1725	7.031314136226237
1726	7.031314136226237
1727	7.031314136226237
1728	7.031314136226237
1729	7.031314136226237
1730	7.031314136226237
1731	7.031314136226237
1732	4.985051340561473
1733	7.393392001994756
1734	6.735926074675589
1735	6.735926074675589
1736	5.097435414375877
1737	5.097435414375877
1738	7.189970676004969
1739	7.189970676004969
1740	4.72646182476418
1741	4.790172226976005
1742	4.790172226976005
1743	6.940415855100657
1744	6.940415855100657
1745	6.940415855100657
1746	6.940415855100657
1747	6.940415855100657
1748	6.940415855100657
1749	6.940415855100657
1750	6.185978567025708
1751	6.554656070162887
1752	6.31101026096952
1753	6.31101026096952
1754	4.709820563093754
1755	5.98913347990894
1756	5.98913347990894
1757	5.98913347990894
1758	5.98913347990894
1759	5.4565102748711665
1760	5.4565102748711665
1761	5.4565102748711665
1762	5.4565102748711665
1763	5.4565102748711665
1764	5.4565102748711665
1765	5.4565102748711665
1766	4.45316793415514
1767	8.05814944417621
1768	6.507575715079547
1769	6.507575715079547
1770	6.406558400222492
1771	6.406558400222492
1772	6.224484892333898
1773	6.224484892333898
1774	6.224484892333898
1775	5.7654345541811525
1776	7.8380176849417245
1777	7.8380176849417245
1778	6.685328666941877
1779	6.685328666941877
1780	7.075822742126121
1781	6.9646122475154595
1782	6.9646122475154595
1783	6.9646122475154595
1784	6.9646122475154595
1785	6.9646122475154595
1786	6.9646122475154595
1787	6.9646122475154595
1788	6.90069158355786
1789	8.242884269788135
1790	8.242884269788135
1791	8.242884269788135
1792	8.242884269788135
1793	6.315482778608107
1794	6.315482778608107
1795	6.315482778608107
1796	6.315482778608107
1797	6.5489512680452036
1798	6.360540326666618
1799	6.360540326666618
1800	6.360540326666618
1801	6.580447180972894
1802	7.480772630225942
1803	7.480772630225942
1804	7.480772630225942
1805	7.123076889578782
1806	7.123076889578782
1807	3.5298569848307118
1808	5.460201534404283
1809	5.460201534404283
1810	5.460201534404283
1811	6.848115276591499
1812	6.848115276591499
1813	6.848115276591499
1814	6.848115276591499
1815	5.139722190520272
1816	5.352555678233034
1817	3.948630964887382
1818	3.948630964887382
1819	5.3618708149876095
1820	3.4898464847676443
1821	3.4546227665931397
1822	3.4546227665931397
1823	3.363693025548662
1824	3.3244431121303357
1825	3.3244431121303357
1826	4.418778818518323
1827	4.005405654711199
1828	5.977528425699458
1829	7.8332232205260315
1830	5.932092993545375
1831	6.028539068846335
1832	6.028539068846335
1833	6.028539068846335
1834	6.1239251383949656
1835	6.1239251383949656
1836	6.1239251383949656
1837	6.1239251383949656
1838	6.1239251383949656
1839	6.1239251383949656
1840	6.1239251383949656
1841	6.605754183349243
1842	5.709869441127022
1843	5.808801932169749
1844	5.808801932169749
1845	5.808801932169749
1846	6.811066562145577
1847	6.811066562145577
1848	6.494525852755328
1849	6.064285584317442
1850	5.248098553340989
1851	4.737639707896857
1852	4.737639707896857
1853	4.737639707896857
1854	3.433058869949324
1855	4.99953086361335
1856	6.771979937513564
1857	6.771979937513564
1858	6.749185201867773
1859	3.4456130746291036
1860	5.9016754652199825
1861	5.9016754652199825
1862	5.9016754652199825
1863	5.9016754652199825
1864	4.101542623348495
1865	4.101542623348495
1866	4.101542623348495
1867	4.101542623348495
1868	5.419652818055951
1869	5.419652818055951
1870	4.319735439166865
1871	4.319735439166865
1872	4.319735439166865
1873	4.319735439166865
1874	4.319735439166865
1875	4.319735439166865
1876	4.319735439166865
1877	5.0081078947221025
1878	5.0081078947221025
1879	4.9381941257327355
1880	6.300619388323966
1881	6.300619388323966
1882	5.135564164714898
1883	5.135564164714898
1884	7.333963877375556
1885	7.333963877375556
1886	5.415880788281408
1887	5.415880788281408
1888	5.065047943709487
1889	5.065047943709487
1890	7.246122955425658
1891	7.246122955425658
1892	9.721261375815025
1893	9.721261375815025
1894	7.175603381866334
1895	3.232733941594631
1896	3.232733941594631
1897	3.232733941594631
1898	3.232733941594631
1899	3.232733941594631
1900	3.232733941594631
1901	3.232733941594631
1902	4.950382230781744
1903	6.857804615088877
1904	6.857804615088877
1905	6.857804615088877
1906	6.857804615088877
1907	6.0652492304320695
1908	5.574973792681471
1909	5.560631927918863
1910	5.560631927918863
1911	5.19770435307665
1912	5.19770435307665
1913	5.19770435307665
1914	3.495790484524087
1915	4.671951763290468
1916	6.49565466462803
1917	6.49565466462803
1918	4.762054582789254
1919	4.762054582789254
1920	4.762054582789254
1921	4.762054582789254
1922	6.306039030772359
1923	6.638913097986526
1924	6.638913097986526
1925	5.7738811091269
1926	5.875401390029503
1927	5.875401390029503
1928	5.875401390029503
1929	8.122514294134119
1930	9.901124708146318
1931	9.901124708146318
1932	5.7425766541957675
1933	5.7425766541957675
1934	5.406186207088003
1935	8.560268347479173
1936	8.560268347479173
1937	8.560268347479173
1938	8.560268347479173
1939	8.560268347479173
1940	8.560268347479173
1941	9.777045013450184
1942	7.644746092085356
1943	7.644746092085356
1944	7.644746092085356
1945	7.644746092085356
1946	7.644746092085356
1947	7.644746092085356
1948	7.421291956442302
1949	7.0814043507001125
1950	6.7517675951468
1951	6.7517675951468
1952	6.7517675951468
1953	5.915294344908891
1954	5.915294344908891
1955	5.915294344908891
1956	5.915294344908891
1957	5.915294344908891
1958	5.915294344908891
1959	3.2611009913997737
1960	4.370001362361031
1961	5.775270256134033
1962	5.7769276876925995
1963	5.7769276876925995
1964	6.544295004785868
1965	6.544295004785868
1966	5.705550494449457
1967	5.705550494449457
1968	5.705550494449457
1969	5.705550494449457
1970	5.705550494449457
1971	5.705550494449457
1972	8.42031778056655
1973	8.42031778056655
1974	7.476158122389607
1975	7.476158122389607
1976	7.492214900211753
1977	5.383397210786719
1978	5.383397210786719
1979	4.044642043634365
1980	3.346735738205205
1981	4.661373097402633
1982	4.045572643834479
1983	4.1886776716422585
1984	4.1886776716422585
1985	4.1886776716422585
1986	4.1886776716422585
1987	4.1886776716422585
1988	4.1886776716422585
1989	5.534043868767782
1990	4.518533456912525
1991	4.518533456912525
1992	4.518533456912525
1993	4.518533456912525
1994	7.962897401503226
1995	7.962897401503226
1996	7.962897401503226
1997	7.962897401503226
1998	7.154594257524623
1999	6.049320122067371
2000	7.926894687143318
2001	7.300313694815955
2002	6.53431038473522
2003	4.4241344014420685
2004	4.882014071938361
2005	4.882014071938361
2006	4.882014071938361
2007	6.3119848636308085
2008	6.893623372379812
2009	6.011353931052325
2010	6.011353931052325
2011	6.5566735428478395
2012	7.100511101992584
2013	7.100511101992584
2014	7.100511101992584
2015	7.100511101992584
2016	7.100511101992584
2017	7.100511101992584
2018	4.791123854375936
2019	5.436801741249722
2020	5.436801741249722
2021	8.56463314189996
2022	8.56463314189996
2023	6.885129547675763
2024	6.885129547675763
2025	5.816575684815162
2026	5.692464612640535
2027	4.313808867091446
2028	4.313808867091446
2029	4.313808867091446
2030	4.313808867091446
2031	4.313808867091446
2032	4.026394742584511
2033	4.026394742584511
2034	4.026394742584511
2035	4.444658061956581
2036	3.218223812289036
2037	5.506703728577969
2038	5.651274628180941
2039	5.651274628180941
2040	3.4600640773490423
2041	4.8212878779463475
2042	4.8212878779463475
2043	4.8212878779463475
2044	4.851156988976871
2045	4.851156988976871
2046	4.851156988976871
2047	4.851156988976871
2048	4.851156988976871
2049	3.5274038407234967
2050	4.7410049697589685
2051	4.5073107534610175
2052	4.5073107534610175
2053	4.5073107534610175
2054	4.5073107534610175
2055	3.59756715947692
2056	3.59756715947692
2057	3.59756715947692
2058	3.59756715947692
2059	3.59756715947692
2060	5.606397226989158
2061	5.606397226989158
2062	5.606397226989158
2063	4.499748499965929
2064	4.499748499965929
2065	4.499748499965929
2066	4.499748499965929
2067	6.664754804096731
