0	0.2276016134749019
1	0.2276016134749019
2	0.2276016134749019
3	0.2509030510646144
4	0.2509030510646144
5	0.2509030510646144
6	0.3500963819287776
7	0.3500963819287776
8	0.3500963819287776
9	0.18709854948270613
10	0.18709854948270613
11	0.18709854948270613
12	0.3186997770272211
13	0.3186997770272211
14	0.3186997770272211
15	0.3949878872525289
16	0.3949878872525289
17	0.3949878872525289
18	0.23353516791920778
19	0.23353516791920778
20	0.23353516791920778
21	0.3375365221090218
22	0.3375365221090218
23	0.3375365221090218
24	0.19186611657859237
25	0.19186611657859237
26	0.19186611657859237
27	0.3139904442787106
28	0.3139904442787106
29	0.3139904442787106
30	0.29540729187970016
31	0.29540729187970016
32	0.29540729187970016
33	0.13507995138846932
34	0.13507995138846932
35	0.13507995138846932
36	0.4
37	0.4
38	0.4
39	0.2874278409667679
40	0.2874278409667679
41	0.2874278409667679
42	0.35559180456237255
43	0.35559180456237255
44	0.35559180456237255
45	0.20271203088949488
46	0.20271203088949488
47	0.20271203088949488
48	0.30811009128951683
49	0.30811009128951683
50	0.30811009128951683
51	0.204110966879983
52	0.204110966879983
53	0.204110966879983
54	0.3290070625676565
55	0.3290070625676565
56	0.3290070625676565
57	0.27291804650295354
58	0.27291804650295354
59	0.27291804650295354
60	0.2888599226341969
61	0.2888599226341969
62	0.2888599226341969
63	0.4
64	0.4
65	0.4
66	0.4
67	0.4
68	0.4
69	0.2908987887023981
70	0.2908987887023981
71	0.2908987887023981
72	0.2094723297377166
73	0.2094723297377166
74	0.2094723297377166
75	0.2148152603784071
76	0.2148152603784071
77	0.2148152603784071
78	0.34308702101137106
79	0.34308702101137106
80	0.34308702101137106
81	0.2917466636749576
82	0.2917466636749576
83	0.2917466636749576
84	0.1739649841631437
85	0.1739649841631437
86	0.1739649841631437
87	0.2334132854212116
88	0.2334132854212116
89	0.2334132854212116
90	0.3838866573089466
91	0.3838866573089466
92	0.3838866573089466
93	0.24675275482444572
94	0.24675275482444572
95	0.24675275482444572
96	0.4
97	0.4
98	0.4
99	0.4
100	0.4
101	0.4
102	0.147663131284838
103	0.147663131284838
104	0.147663131284838
105	0.32787194335938086
106	0.32787194335938086
107	0.32787194335938086
108	0.3493799363899465
109	0.3493799363899465
110	0.3493799363899465
111	0.17608927960233964
112	0.17608927960233964
113	0.17608927960233964
114	0.4
115	0.4
116	0.4
117	0.4
118	0.4
119	0.4
120	0.4
121	0.4
122	0.4
123	0.4
124	0.4
125	0.4
126	0.4
127	0.4
128	0.4
129	0.3895495620793981
130	0.3895495620793981
131	0.3895495620793981
132	0.2439105266681963
133	0.2439105266681963
134	0.2439105266681963
135	0.1
136	0.1
137	0.1
138	0.25904513112407346
139	0.25904513112407346
140	0.25904513112407346
141	0.4
142	0.4
143	0.4
144	0.1
145	0.1
146	0.1
147	0.38502530917310357
148	0.38502530917310357
149	0.38502530917310357
150	0.22576459492979956
151	0.22576459492979956
152	0.22576459492979956
153	0.4
154	0.4
155	0.4
156	0.27927400912432016
157	0.27927400912432016
158	0.27927400912432016
159	0.35391736558035747
160	0.35391736558035747
161	0.35391736558035747
162	0.22963350188283727
163	0.22963350188283727
164	0.22963350188283727
165	0.4
166	0.4
167	0.4
168	0.39794083237176425
169	0.39794083237176425
170	0.39794083237176425
171	0.30304005356955566
172	0.30304005356955566
173	0.30304005356955566
174	0.2549025592486924
175	0.3834251697647954
176	0.3834251697647954
177	0.3834251697647954
178	0.2867057274120232
179	0.2867057274120232
180	0.2867057274120232
181	0.12809515895408521
182	0.12809515895408521
183	0.12809515895408521
184	0.31711283220133346
185	0.31711283220133346
186	0.31711283220133346
187	0.20414073082521833
188	0.20414073082521833
189	0.20414073082521833
190	0.39104432837654945
191	0.39104432837654945
192	0.39104432837654945
193	0.3550086164833193
194	0.3550086164833193
195	0.3550086164833193
196	0.4
197	0.4
198	0.4
199	0.4
200	0.4
201	0.4
202	0.2424716034499374
203	0.2424716034499374
204	0.2424716034499374
205	0.28874947466014694
206	0.28874947466014694
207	0.28874947466014694
208	0.4
209	0.4
210	0.4
211	0.33635571771769285
212	0.33635571771769285
213	0.33635571771769285
214	0.3372477663251547
215	0.3372477663251547
216	0.3372477663251547
217	0.1
218	0.1
219	0.4
220	0.4
221	0.4
222	0.3448423878955903
223	0.3448423878955903
224	0.3448423878955903
225	0.13435759267189268
226	0.13435759267189268
227	0.13435759267189268
228	0.4
229	0.4
230	0.4
231	0.4
232	0.4
233	0.4
234	0.4
235	0.4
236	0.4
237	0.38156007433391403
238	0.38156007433391403
239	0.38156007433391403
240	0.2268275946369769
241	0.2268275946369769
242	0.2268275946369769
243	0.31075588824140166
244	0.31075588824140166
245	0.31075588824140166
246	0.4
247	0.4
248	0.4
249	0.1
250	0.1
251	0.1
252	0.2730249544965291
253	0.2730249544965291
254	0.2730249544965291
255	0.18718553408561428
256	0.18718553408561428
257	0.18718553408561428
258	0.4
259	0.4
260	0.4
261	0.3816472149730702
262	0.3816472149730702
263	0.3816472149730702
264	0.4
265	0.4
266	0.4
267	0.4
268	0.4
269	0.4
270	0.3652233621353156
271	0.3652233621353156
272	0.3652233621353156
273	0.4
274	0.4
275	0.4
276	0.3439310697021117
277	0.3439310697021117
278	0.3439310697021117
279	0.22766911190866335
280	0.22766911190866335
281	0.22766911190866335
282	0.4
283	0.4
284	0.4
285	0.2479723854335722
286	0.2479723854335722
287	0.2479723854335722
288	0.30049975411941265
289	0.30049975411941265
290	0.30049975411941265
291	0.4
292	0.4
293	0.4
294	0.35083436012477237
295	0.35083436012477237
296	0.35083436012477237
297	0.4
298	0.4
299	0.4
300	0.17825062056071023
301	0.17825062056071023
302	0.17825062056071023
303	0.24053723133860272
304	0.24053723133860272
305	0.24053723133860272
306	0.4
307	0.4
308	0.4
309	0.4
310	0.4
311	0.4
312	0.20856935855345202
313	0.20856935855345202
314	0.20856935855345202
315	0.1849482293036844
316	0.4
317	0.4
318	0.4
319	0.15787910491437246
320	0.15787910491437246
321	0.15787910491437246
322	0.4
323	0.4
324	0.4
325	0.4
326	0.4
327	0.4
328	0.2634965696457173
329	0.2634965696457173
330	0.2634965696457173
331	0.37075239816256256
332	0.37075239816256256
333	0.37075239816256256
334	0.4
335	0.4
336	0.4
337	0.4
338	0.4
339	0.4
340	0.4
341	0.4
342	0.4
343	0.32527090683151705
344	0.32527090683151705
345	0.32527090683151705
346	0.4
347	0.4
348	0.4
349	0.33617012766317095
350	0.33617012766317095
351	0.33617012766317095
352	0.3817822382898856
353	0.3817822382898856
354	0.3817822382898856
355	0.4
356	0.4
357	0.4
358	0.4
359	0.4
360	0.4
361	0.3729867909793834
362	0.3729867909793834
363	0.3729867909793834
364	0.4
365	0.4
366	0.4
367	0.27563103680975615
368	0.27563103680975615
369	0.27563103680975615
370	0.1688735168600925
371	0.1688735168600925
372	0.1688735168600925
373	0.2806675097467718
374	0.2806675097467718
375	0.2806675097467718
376	0.12146618691513206
377	0.12146618691513206
378	0.12146618691513206
379	0.2818129622029488
380	0.2818129622029488
381	0.2818129622029488
382	0.2972690469690965
383	0.2972690469690965
384	0.2972690469690965
385	0.4
386	0.4
387	0.4
388	0.4
389	0.4
390	0.4
391	0.4
392	0.4
393	0.4
394	0.2730933324706111
395	0.2730933324706111
396	0.2730933324706111
397	0.4
398	0.4
399	0.4
400	0.1
401	0.1
402	0.1
403	0.15987173865608012
404	0.15987173865608012
405	0.15987173865608012
406	0.4
407	0.4
408	0.4
409	0.4
410	0.4
411	0.4
412	0.15227063337745148
413	0.15227063337745148
414	0.15227063337745148
415	0.29912963379039537
416	0.29912963379039537
417	0.29912963379039537
418	0.30744607828741854
419	0.30744607828741854
420	0.30744607828741854
421	0.25974950631624205
422	0.25974950631624205
423	0.25974950631624205
424	0.28066425097936987
425	0.28066425097936987
426	0.28066425097936987
427	0.15672855863683566
428	0.15672855863683566
429	0.15672855863683566
430	0.4
431	0.4
432	0.4
433	0.2267303730305835
434	0.2267303730305835
435	0.2267303730305835
436	0.1361872941042832
437	0.1361872941042832
438	0.1361872941042832
439	0.18706684357218425
440	0.18706684357218425
441	0.18706684357218425
442	0.2895120520860549
443	0.2895120520860549
444	0.2895120520860549
445	0.4
446	0.4
447	0.4
448	0.4
449	0.4
450	0.4
451	0.35791306076907137
452	0.35791306076907137
453	0.35791306076907137
454	0.24855662403770973
455	0.24855662403770973
456	0.24855662403770973
457	0.4
458	0.4
459	0.4
460	0.4
461	0.4
462	0.4
463	0.4
464	0.4
465	0.4
466	0.4
467	0.4
468	0.4
469	0.4
470	0.4
471	0.4
472	0.4
473	0.4
474	0.4
475	0.4
476	0.3878895155721742
477	0.3878895155721742
478	0.3878895155721742
479	0.25112481832847666
480	0.25112481832847666
481	0.25112481832847666
482	0.24957471337628356
483	0.24957471337628356
484	0.24957471337628356
485	0.1
486	0.1
487	0.1
488	0.4
489	0.4
490	0.4
491	0.4
492	0.4
493	0.4
494	0.2927180983852252
495	0.2927180983852252
496	0.2927180983852252
497	0.30959858307812194
498	0.30959858307812194
499	0.30959858307812194
500	0.19814422856144706
501	0.19814422856144706
502	0.19814422856144706
503	0.4
504	0.4
505	0.4
506	0.30268126921189653
507	0.30268126921189653
508	0.30268126921189653
509	0.28432798104134394
510	0.28432798104134394
511	0.28432798104134394
512	0.2619138717507335
513	0.2619138717507335
514	0.2619138717507335
515	0.3309569527686334
516	0.3309569527686334
517	0.3309569527686334
518	0.16750587719748927
519	0.16750587719748927
520	0.16750587719748927
521	0.20789388706860518
522	0.20789388706860518
523	0.20789388706860518
524	0.4
525	0.4
526	0.4
527	0.4
528	0.4
529	0.4
530	0.4
531	0.4
532	0.4
533	0.3134430158520256
534	0.3134430158520256
535	0.3134430158520256
536	0.3881979417366419
537	0.3881979417366419
538	0.3881979417366419
539	0.3356548576319822
540	0.3356548576319822
541	0.3356548576319822
542	0.24828855762593083
543	0.24828855762593083
544	0.24828855762593083
545	0.1542341269803969
546	0.1542341269803969
547	0.1542341269803969
548	0.242969012693698
549	0.242969012693698
550	0.242969012693698
551	0.38072342654177627
552	0.38072342654177627
553	0.38072342654177627
554	0.3225736201053681
555	0.3225736201053681
556	0.3225736201053681
557	0.4
558	0.4
559	0.4
560	0.34728886933775766
561	0.34728886933775766
562	0.34728886933775766
563	0.3565101431798555
564	0.3565101431798555
565	0.3565101431798555
566	0.3835816498270528
567	0.3835816498270528
568	0.3835816498270528
569	0.3569057062883544
570	0.3569057062883544
571	0.3569057062883544
572	0.4
573	0.4
574	0.4
575	0.2424144346606736
576	0.2424144346606736
577	0.2424144346606736
578	0.4
579	0.4
580	0.4
581	0.11080538975513826
582	0.11080538975513826
583	0.11080538975513826
584	0.29629189285729907
585	0.29629189285729907
586	0.29629189285729907
587	0.4
588	0.4
589	0.4
590	0.36786713286568673
591	0.36786713286568673
592	0.36786713286568673
593	0.4
594	0.4
595	0.4
596	0.4
597	0.4
598	0.4
599	0.4
600	0.4
601	0.4
602	0.4
603	0.4
604	0.4
605	0.20017001280604202
606	0.20017001280604202
607	0.20017001280604202
608	0.4
609	0.4
610	0.4
611	0.36090704930329603
612	0.36090704930329603
613	0.36090704930329603
614	0.4
615	0.4
616	0.4
617	0.1776273915337584
618	0.1776273915337584
619	0.1776273915337584
620	0.3139634468710623
621	0.3139634468710623
622	0.3139634468710623
623	0.4
624	0.4
625	0.4
626	0.2622667844095766
627	0.2622667844095766
628	0.2622667844095766
629	0.4
630	0.4
631	0.4
632	0.38323872927737124
633	0.38323872927737124
634	0.38323872927737124
635	0.35464829971672784
636	0.35464829971672784
637	0.35464829971672784
638	0.3007011806142602
639	0.3007011806142602
640	0.3007011806142602
641	0.4
642	0.4
643	0.4
644	0.3389257399343194
645	0.3389257399343194
646	0.3389257399343194
647	0.30077829862211564
648	0.30077829862211564
649	0.30077829862211564
650	0.4
651	0.4
652	0.4
653	0.4
654	0.4
655	0.4
656	0.13866911389513295
657	0.13866911389513295
658	0.13866911389513295
659	0.4
660	0.4
661	0.4
662	0.19908442663609205
663	0.19908442663609205
664	0.19908442663609205
665	0.26845073599495417
666	0.26845073599495417
667	0.26845073599495417
668	0.27834805015097197
669	0.27834805015097197
670	0.27834805015097197
671	0.4
672	0.4
673	0.4
674	0.4
675	0.4
676	0.4
677	0.21837668928609996
678	0.21837668928609996
679	0.21837668928609996
680	0.2877470491682561
681	0.2877470491682561
682	0.2877470491682561
683	0.4
684	0.4
685	0.4
686	0.2964135182012353
687	0.2964135182012353
688	0.2964135182012353
689	0.4
690	0.4
691	0.4
692	0.4
693	0.4
694	0.4
695	0.3975975963946312
696	0.3975975963946312
697	0.3975975963946312
698	0.4
699	0.4
700	0.4
701	0.327205982086739
702	0.327205982086739
703	0.327205982086739
704	0.4
705	0.4
706	0.4
707	0.4
708	0.4
709	0.4
710	0.33152846140524117
711	0.33152846140524117
712	0.33152846140524117
713	0.4
714	0.4
715	0.4
716	0.4
717	0.4
718	0.4
719	0.34750818760625907
720	0.34750818760625907
721	0.34750818760625907
722	0.21904035923491624
723	0.21904035923491624
724	0.21904035923491624
725	0.3911482540916509
726	0.3911482540916509
727	0.3911482540916509
728	0.4
729	0.4
730	0.4
731	0.26542432826050255
732	0.26542432826050255
733	0.26542432826050255
734	0.4
735	0.4
736	0.4
737	0.16913848697138134
738	0.16913848697138134
739	0.16913848697138134
740	0.23005801141344273
741	0.23005801141344273
742	0.23005801141344273
743	0.35360869872579126
744	0.35360869872579126
745	0.35360869872579126
746	0.3535363442463192
747	0.3535363442463192
748	0.3535363442463192
749	0.31961988908526806
750	0.31961988908526806
751	0.31961988908526806
752	0.4
753	0.4
754	0.4
755	0.4
756	0.4
757	0.4
758	0.4
759	0.4
760	0.4
761	0.4
762	0.4
763	0.4
764	0.28415540986051346
765	0.28415540986051346
766	0.28415540986051346
767	0.33047977780950955
768	0.33047977780950955
769	0.33047977780950955
770	0.36162480755586707
771	0.36162480755586707
772	0.36162480755586707
773	0.4
774	0.4
775	0.4
776	0.14305852871876337
777	0.14305852871876337
778	0.14305852871876337
779	0.2551602624594264
780	0.2551602624594264
781	0.2551602624594264
782	0.2815543535288391
783	0.2815543535288391
784	0.2815543535288391
785	0.3158862170786727
786	0.3158862170786727
787	0.3158862170786727
788	0.1590132328164603
789	0.1590132328164603
790	0.1590132328164603
791	0.4
792	0.4
793	0.4
794	0.136492997506635
795	0.136492997506635
796	0.136492997506635
797	0.12160729659531955
798	0.12160729659531955
799	0.12160729659531955
800	0.2986725735733025
801	0.2986725735733025
802	0.2986725735733025
803	0.4
804	0.4
805	0.4
806	0.4
807	0.4
808	0.4
809	0.4
810	0.4
811	0.4
812	0.24634968930010517
813	0.24634968930010517
814	0.24634968930010517
815	0.4
816	0.4
817	0.4
818	0.4
819	0.4
820	0.4
821	0.4
822	0.4
823	0.4
824	0.11977409841969344
825	0.11977409841969344
826	0.11977409841969344
827	0.2525499195655013
828	0.2525499195655013
829	0.2525499195655013
830	0.3891909093900147
831	0.3891909093900147
832	0.3891909093900147
833	0.29486198221326426
834	0.29486198221326426
835	0.29486198221326426
836	0.4
837	0.4
838	0.4
839	0.3433743255983275
840	0.3433743255983275
841	0.3433743255983275
842	0.4
843	0.4
844	0.4
845	0.3136395548417002
846	0.3136395548417002
847	0.3136395548417002
848	0.4
849	0.4
850	0.4
851	0.4
852	0.4
853	0.4
854	0.3106633188604631
855	0.3106633188604631
856	0.3106633188604631
857	0.2460042918849849
858	0.2460042918849849
859	0.2460042918849849
860	0.14630730721073845
861	0.14630730721073845
862	0.14630730721073845
863	0.11820574373076548
864	0.11820574373076548
865	0.11820574373076548
866	0.29958359206264673
867	0.29958359206264673
868	0.29958359206264673
869	0.3033823284884285
870	0.3033823284884285
871	0.3033823284884285
872	0.1918301923665428
873	0.1918301923665428
874	0.1918301923665428
875	0.4
876	0.4
877	0.4
878	0.4
879	0.4
880	0.4
881	0.4
882	0.4
883	0.4
884	0.3909743794574793
885	0.3909743794574793
886	0.3909743794574793
887	0.4
888	0.4
889	0.4
890	0.18202919066994186
891	0.18202919066994186
892	0.18202919066994186
893	0.4
894	0.4
895	0.4
896	0.4
897	0.4
898	0.4
899	0.4
900	0.4
901	0.4
902	0.4
903	0.4
904	0.4
905	0.4
906	0.4
907	0.4
908	0.2892217727766946
909	0.2892217727766946
910	0.2892217727766946
911	0.18848011785309882
912	0.18848011785309882
913	0.18848011785309882
914	0.3423011938475695
915	0.3423011938475695
916	0.3423011938475695
917	0.31469751444368516
918	0.31469751444368516
919	0.31469751444368516
920	0.4
921	0.4
922	0.2672666667313904
923	0.2672666667313904
924	0.2672666667313904
925	0.32301956960129086
926	0.32301956960129086
927	0.32301956960129086
928	0.381923752106128
929	0.381923752106128
930	0.381923752106128
931	0.39764787898801374
932	0.39764787898801374
933	0.39764787898801374
934	0.4
935	0.4
936	0.4
937	0.4
938	0.4
939	0.4
940	0.3687507238506167
941	0.3687507238506167
942	0.3687507238506167
943	0.21062220298790707
944	0.21062220298790707
945	0.21062220298790707
946	0.4
947	0.4
948	0.4
949	0.4
950	0.4
951	0.4
952	0.4
953	0.4
954	0.4
955	0.4
956	0.4
957	0.4
958	0.4
959	0.4
960	0.4
961	0.26988085337151146
962	0.26988085337151146
963	0.26988085337151146
964	0.4
965	0.4
966	0.4
967	0.32592931982392515
968	0.32592931982392515
969	0.32592931982392515
970	0.23317848620209297
971	0.23317848620209297
972	0.23317848620209297
973	0.3064969457000599
974	0.3064969457000599
975	0.3064969457000599
976	0.3900813569532626
977	0.3900813569532626
978	0.3900813569532626
979	0.1
980	0.1
981	0.1
982	0.3029991954622771
983	0.3029991954622771
984	0.3029991954622771
985	0.20651012852315573
986	0.20651012852315573
987	0.20651012852315573
988	0.4
989	0.4
990	0.4
991	0.4
992	0.4
993	0.4
994	0.4
995	0.4
996	0.4
997	0.39809425569189083
998	0.39809425569189083
999	0.39809425569189083
1000	0.4
1001	0.4
1002	0.4
1003	0.2216300213960013
1004	0.2216300213960013
1005	0.2216300213960013
1006	0.4
1007	0.4
1008	0.4
1009	0.16549699855255035
1010	0.16549699855255035
1011	0.16549699855255035
1012	0.4
1013	0.4
1014	0.4
1015	0.3723881556400691
1016	0.3723881556400691
1017	0.3723881556400691
1018	0.33473448796976185
1019	0.33473448796976185
1020	0.33473448796976185
1021	0.33916073505054745
1022	0.33916073505054745
1023	0.33916073505054745
1024	0.27151616544495916
1025	0.27151616544495916
1026	0.27151616544495916
1027	0.2767205590684521
1028	0.2767205590684521
1029	0.2767205590684521
1030	0.4
1031	0.4
1032	0.4
1033	0.4
1034	0.4
1035	0.4
1036	0.29066041643524254
1037	0.29066041643524254
1038	0.29066041643524254
1039	0.38860704082093217
1040	0.38860704082093217
1041	0.38860704082093217
1042	0.35674795950697574
1043	0.35674795950697574
1044	0.35674795950697574
1045	0.4
1046	0.4
1047	0.4
1048	0.4
1049	0.4
1050	0.4
1051	0.4
1052	0.4
1053	0.4
1054	0.27187221430884034
1055	0.27187221430884034
1056	0.27187221430884034
1057	0.4
1058	0.4
1059	0.4
1060	0.2301115381919758
1061	0.2301115381919758
1062	0.2301115381919758
1063	0.4
1064	0.4
1065	0.4
1066	0.2781420104094206
1067	0.2781420104094206
1068	0.2781420104094206
1069	0.2541232367781604
1070	0.2541232367781604
1071	0.2541232367781604
1072	0.4
1073	0.4
1074	0.4
1075	0.1
1076	0.1
1077	0.1
1078	0.4
1079	0.4
1080	0.4
1081	0.11686824263526807
1082	0.11686824263526807
1083	0.11686824263526807
1084	0.20390887941127803
1085	0.20390887941127803
1086	0.20390887941127803
1087	0.3754637155650482
1088	0.3754637155650482
1089	0.3754637155650482
1090	0.4
1091	0.4
1092	0.4
1093	0.3471241117975703
1094	0.3471241117975703
1095	0.3471241117975703
1096	0.4
1097	0.4
1098	0.4
1099	0.2632454326783412
1100	0.2632454326783412
1101	0.2632454326783412
1102	0.4
1103	0.4
1104	0.4
1105	0.4
1106	0.4
1107	0.4
1108	0.4
1109	0.4
1110	0.4
1111	0.24246489876854482
1112	0.24246489876854482
1113	0.24246489876854482
1114	0.3759248949783616
1115	0.3759248949783616
1116	0.3759248949783616
1117	0.33654521025142764
1118	0.33654521025142764
1119	0.33654521025142764
1120	0.33683853805218134
1121	0.33683853805218134
1122	0.33683853805218134
1123	0.30642808374613323
1124	0.30642808374613323
1125	0.30642808374613323
1126	0.4
1127	0.4
1128	0.4
1129	0.2601974818628305
1130	0.2601974818628305
1131	0.2601974818628305
1132	0.4
1133	0.4
1134	0.4
1135	0.2627316907872417
1136	0.2627316907872417
1137	0.2627316907872417
1138	0.2727210031018986
1139	0.2727210031018986
1140	0.2727210031018986
1141	0.3025185917066379
1142	0.3025185917066379
1143	0.3025185917066379
1144	0.4
1145	0.4
1146	0.4
1147	0.17679600155964856
1148	0.17679600155964856
1149	0.17679600155964856
1150	0.4
1151	0.4
1152	0.4
1153	0.4
1154	0.4
1155	0.4
1156	0.4
1157	0.4
1158	0.4
1159	0.4
1160	0.4
1161	0.4
1162	0.4
1163	0.4
1164	0.4
1165	0.29835664430082864
1166	0.29835664430082864
1167	0.29835664430082864
1168	0.3736796963819112
1169	0.3736796963819112
1170	0.3736796963819112
1171	0.33996052240000096
1172	0.33996052240000096
1173	0.33996052240000096
1174	0.30742221153053373
1175	0.30742221153053373
1176	0.30742221153053373
1177	0.3304263418463286
1178	0.3304263418463286
1179	0.3304263418463286
1180	0.36320876510388095
1181	0.36320876510388095
1182	0.36320876510388095
1183	0.3448663438183945
1184	0.3448663438183945
1185	0.3448663438183945
1186	0.4
1187	0.4
1188	0.4
1189	0.4
1190	0.4
1191	0.4
1192	0.2623782806875985
1193	0.2623782806875985
1194	0.2623782806875985
1195	0.2495436234599735
1196	0.2495436234599735
1197	0.2495436234599735
1198	0.38117287318121984
1199	0.38117287318121984
1200	0.38117287318121984
1201	0.38617386069786436
1202	0.38617386069786436
1203	0.38617386069786436
1204	0.4
1205	0.4
1206	0.4
1207	0.4
1208	0.4
1209	0.4
1210	0.23982005328301417
1211	0.23982005328301417
1212	0.23982005328301417
1213	0.18040003112618377
1214	0.18040003112618377
1215	0.18040003112618377
1216	0.2081720974709779
1217	0.2081720974709779
1218	0.2081720974709779
1219	0.20687787170648678
1220	0.20687787170648678
1221	0.20687787170648678
1222	0.3818684132954322
1223	0.3818684132954322
1224	0.3818684132954322
1225	0.4
1226	0.4
1227	0.4
1228	0.24768644436510578
1229	0.24768644436510578
1230	0.24768644436510578
1231	0.11343534331138527
1232	0.11343534331138527
1233	0.11343534331138527
1234	0.27502059796065803
1235	0.27502059796065803
1236	0.27502059796065803
1237	0.4
1238	0.4
1239	0.4
1240	0.4
1241	0.4
1242	0.23750189119288811
1243	0.23750189119288811
1244	0.23750189119288811
1245	0.32634349434084675
1246	0.32634349434084675
1247	0.32634349434084675
1248	0.2707593878083801
1249	0.2707593878083801
1250	0.2707593878083801
1251	0.37694072514177424
1252	0.37694072514177424
1253	0.37694072514177424
1254	0.4
1255	0.4
1256	0.4
1257	0.1
1258	0.1
1259	0.1
1260	0.3335486410386924
1261	0.3335486410386924
1262	0.3335486410386924
1263	0.4
1264	0.4
1265	0.4
1266	0.2936757516401889
1267	0.2936757516401889
1268	0.2936757516401889
1269	0.1739985690219478
1270	0.1739985690219478
1271	0.1739985690219478
1272	0.15702104011516016
1273	0.15702104011516016
1274	0.15702104011516016
1275	0.1
1276	0.1
1277	0.1
1278	0.3852591453813344
1279	0.3852591453813344
1280	0.3852591453813344
1281	0.4
1282	0.4
1283	0.4
1284	0.4
1285	0.4
1286	0.4
1287	0.29897571785777777
1288	0.29897571785777777
1289	0.29897571785777777
1290	0.3971255537389019
1291	0.3971255537389019
1292	0.3971255537389019
1293	0.33043666271601924
1294	0.33043666271601924
1295	0.33043666271601924
1296	0.2814912825796348
1297	0.2814912825796348
1298	0.2814912825796348
1299	0.4
1300	0.4
1301	0.4
1302	0.4
1303	0.4
1304	0.4
1305	0.35691023215809164
1306	0.35691023215809164
1307	0.35691023215809164
1308	0.25394171984029773
1309	0.25394171984029773
1310	0.25394171984029773
1311	0.4
1312	0.4
1313	0.4
1314	0.3177967386884735
1315	0.3177967386884735
1316	0.3177967386884735
1317	0.39929505080852323
1318	0.39929505080852323
1319	0.39929505080852323
1320	0.4
1321	0.4
1322	0.4
1323	0.1827125722706904
1324	0.1827125722706904
1325	0.1827125722706904
1326	0.21144265305872786
1327	0.21144265305872786
1328	0.21144265305872786
1329	0.3918691000586464
1330	0.3918691000586464
1331	0.3918691000586464
1332	0.23771613882953704
1333	0.23771613882953704
1334	0.23771613882953704
1335	0.15149769435752547
1336	0.15149769435752547
1337	0.15149769435752547
1338	0.4
1339	0.4
1340	0.4
1341	0.3741435905519782
1342	0.3741435905519782
1343	0.3741435905519782
1344	0.3797812971912991
1345	0.3797812971912991
1346	0.3797812971912991
1347	0.2887099813960887
1348	0.2887099813960887
1349	0.2887099813960887
1350	0.2656789351599758
1351	0.2656789351599758
1352	0.2656789351599758
1353	0.35231185537049
1354	0.35231185537049
1355	0.35231185537049
1356	0.3484697517389294
1357	0.3484697517389294
1358	0.3484697517389294
1359	0.4
1360	0.4
1361	0.4
1362	0.4
1363	0.4
1364	0.4
1365	0.4
1366	0.4
1367	0.4
1368	0.36802444987429117
1369	0.36802444987429117
1370	0.36802444987429117
1371	0.3181936143564045
1372	0.3181936143564045
1373	0.3181936143564045
1374	0.20148731876399942
1375	0.20148731876399942
1376	0.20148731876399942
1377	0.4
1378	0.4
1379	0.4
1380	0.332330815692982
1381	0.332330815692982
1382	0.332330815692982
1383	0.1
1384	0.1
1385	0.1
1386	0.28605935546159433
1387	0.28605935546159433
1388	0.28605935546159433
1389	0.4
1390	0.4
1391	0.4
1392	0.39648619439393545
1393	0.39648619439393545
1394	0.39648619439393545
1395	0.4
1396	0.4
1397	0.4
1398	0.29363712124962427
1399	0.29363712124962427
1400	0.29363712124962427
1401	0.35577886815860443
1402	0.35577886815860443
1403	0.35577886815860443
1404	0.22249759784972942
1405	0.22249759784972942
1406	0.22249759784972942
1407	0.4
1408	0.4
1409	0.4
1410	0.4
1411	0.4
1412	0.4
1413	0.25968254905112154
1414	0.25968254905112154
1415	0.25968254905112154
1416	0.4
1417	0.4
1418	0.4
1419	0.2791941045142887
1420	0.2791941045142887
1421	0.2791941045142887
1422	0.37793302979289045
1423	0.37793302979289045
1424	0.37793302979289045
1425	0.2130264499936693
1426	0.2130264499936693
1427	0.2130264499936693
1428	0.1252083310118905
1429	0.1252083310118905
1430	0.1252083310118905
1431	0.4
1432	0.4
1433	0.4
1434	0.3911978280598058
1435	0.3911978280598058
1436	0.3911978280598058
1437	0.4
1438	0.4
1439	0.4
1440	0.23732810181575142
1441	0.23732810181575142
1442	0.23732810181575142
1443	0.4
1444	0.4
1445	0.4
1446	0.4
1447	0.4
1448	0.4
1449	0.4
1450	0.4
1451	0.4
1452	0.2704470056976097
1453	0.2704470056976097
1454	0.2704470056976097
1455	0.37506230050628236
1456	0.37506230050628236
1457	0.37506230050628236
1458	0.4
1459	0.4
1460	0.4
1461	0.4
1462	0.4
1463	0.4
1464	0.15207336967332163
1465	0.15207336967332163
1466	0.15207336967332163
1467	0.33260875114644106
1468	0.33260875114644106
1469	0.33260875114644106
1470	0.30972160320474007
1471	0.30972160320474007
1472	0.30972160320474007
1473	0.3573941670259242
1474	0.3573941670259242
1475	0.3573941670259242
1476	0.37043249309641174
1477	0.37043249309641174
1478	0.37043249309641174
1479	0.35406916113920295
1480	0.35406916113920295
1481	0.35406916113920295
1482	0.1815492558107997
1483	0.1815492558107997
1484	0.1815492558107997
1485	0.31885994085086145
1486	0.31885994085086145
1487	0.31885994085086145
1488	0.4
1489	0.4
1490	0.4
1491	0.4
1492	0.4
1493	0.4
1494	0.4
1495	0.4
1496	0.4
1497	0.4
1498	0.4
1499	0.4
1500	0.13075083309407337
1501	0.13075083309407337
1502	0.13075083309407337
1503	0.4
1504	0.4
1505	0.4
1506	0.4
1507	0.4
1508	0.4
1509	0.22430848565710226
1510	0.22430848565710226
1511	0.22430848565710226
1512	0.2800400506085153
1513	0.2800400506085153
1514	0.2800400506085153
1515	0.28961532058477685
1516	0.28961532058477685
1517	0.28961532058477685
1518	0.10380536538417479
1519	0.10380536538417479
1520	0.10380536538417479
1521	0.3120686655368114
1522	0.3120686655368114
1523	0.3120686655368114
1524	0.4
1525	0.4
1526	0.4
1527	0.322763955808278
1528	0.322763955808278
1529	0.322763955808278
1530	0.2475508697576343
1531	0.2475508697576343
1532	0.2475508697576343
1533	0.27234883711191105
1534	0.27234883711191105
1535	0.27234883711191105
1536	0.4
1537	0.4
1538	0.4
1539	0.3881875647109336
1540	0.3881875647109336
1541	0.3881875647109336
1542	0.21239194624483873
1543	0.21239194624483873
1544	0.21239194624483873
1545	0.3058076620350649
1546	0.3058076620350649
1547	0.3058076620350649
1548	0.10311437510570359
1549	0.10311437510570359
1550	0.10311437510570359
1551	0.19945892027182033
1552	0.19945892027182033
1553	0.19945892027182033
1554	0.4
1555	0.4
1556	0.4
1557	0.2902072389478701
1558	0.2902072389478701
1559	0.2902072389478701
1560	0.3691168085263784
1561	0.3691168085263784
1562	0.3691168085263784
1563	0.4
1564	0.4
1565	0.4
1566	0.4
1567	0.4
1568	0.4
1569	0.3539521203460747
1570	0.3539521203460747
1571	0.3539521203460747
1572	0.4
1573	0.4
1574	0.4
1575	0.3166561106057513
1576	0.3166561106057513
1577	0.3166561106057513
1578	0.2779843150131893
1579	0.2779843150131893
1580	0.2779843150131893
1581	0.37009209500345663
1582	0.37009209500345663
1583	0.37009209500345663
1584	0.31787591485153716
1585	0.31787591485153716
1586	0.31787591485153716
1587	0.1
1588	0.1
1589	0.1
1590	0.34232970120478984
1591	0.34232970120478984
1592	0.34232970120478984
1593	0.38722409872652347
1594	0.38722409872652347
1595	0.38722409872652347
1596	0.3803745988610204
1597	0.3803745988610204
1598	0.3803745988610204
1599	0.2843999230295032
1600	0.2843999230295032
1601	0.2843999230295032
1602	0.4
1603	0.4
1604	0.4
1605	0.24757812383996797
1606	0.24757812383996797
1607	0.24757812383996797
1608	0.4
1609	0.4
1610	0.23476259574310868
1611	0.23476259574310868
1612	0.23476259574310868
1613	0.4
1614	0.4
1615	0.4
1616	0.4
1617	0.4
1618	0.4
1619	0.22898567648224177
1620	0.22898567648224177
1621	0.22898567648224177
1622	0.37508366598998466
1623	0.37508366598998466
1624	0.37508366598998466
1625	0.3736531122051846
1626	0.3736531122051846
1627	0.3736531122051846
1628	0.1387912231279719
1629	0.1387912231279719
1630	0.1387912231279719
1631	0.3752705955661846
1632	0.3752705955661846
1633	0.3752705955661846
1634	0.4
1635	0.4
1636	0.4
1637	0.2290625875948176
1638	0.2290625875948176
1639	0.2290625875948176
1640	0.4
1641	0.4
1642	0.4
1643	0.4
1644	0.4
1645	0.4
1646	0.31500357785780625
1647	0.31500357785780625
1648	0.31500357785780625
1649	0.4
1650	0.4
1651	0.4
1652	0.361661897511289
1653	0.361661897511289
1654	0.361661897511289
1655	0.3753473271694471
1656	0.3753473271694471
1657	0.3753473271694471
1658	0.2455917385011069
1659	0.2455917385011069
1660	0.2455917385011069
1661	0.1870251743102969
1662	0.1870251743102969
1663	0.1870251743102969
1664	0.4
1665	0.4
1666	0.4
1667	0.4
1668	0.4
1669	0.4
1670	0.3884543834706192
1671	0.3884543834706192
1672	0.3884543834706192
1673	0.23570868627898833
1674	0.23570868627898833
1675	0.23570868627898833
1676	0.3367604074706878
1677	0.3367604074706878
1678	0.3367604074706878
1679	0.19036840910408193
1680	0.19036840910408193
1681	0.19036840910408193
1682	0.3687805291017878
1683	0.3687805291017878
1684	0.3687805291017878
1685	0.2815372555718906
1686	0.2815372555718906
1687	0.2815372555718906
1688	0.4
1689	0.4
1690	0.4
1691	0.4
1692	0.4
1693	0.4
1694	0.3911488701704381
1695	0.3911488701704381
1696	0.3911488701704381
1697	0.3364354257340581
1698	0.3364354257340581
1699	0.3364354257340581
1700	0.21884589748093164
1701	0.21884589748093164
1702	0.21884589748093164
1703	0.4
1704	0.4
1705	0.4
1706	0.1
1707	0.1
1708	0.1
1709	0.4
1710	0.4
1711	0.4
1712	0.4
1713	0.4
1714	0.4
1715	0.25429687993859196
1716	0.25429687993859196
1717	0.25429687993859196
1718	0.4
1719	0.4
1720	0.4
1721	0.4
1722	0.4
1723	0.4
1724	0.2727801548625075
1725	0.2727801548625075
1726	0.2727801548625075
1727	0.26813013349995424
1728	0.26813013349995424
1729	0.26813013349995424
1730	0.28664707414379115
1731	0.28664707414379115
1732	0.27116327989835465
1733	0.27116327989835465
1734	0.27116327989835465
1735	0.32778739132971246
1736	0.32778739132971246
1737	0.32778739132971246
1738	0.26037063013540174
1739	0.26037063013540174
1740	0.26037063013540174
1741	0.4
1742	0.4
1743	0.4
1744	0.4
1745	0.4
1746	0.4
1747	0.1
1748	0.1
1749	0.1
1750	0.4
1751	0.4
1752	0.4
1753	0.4
1754	0.4
1755	0.4
1756	0.4
1757	0.4
1758	0.4
1759	0.3841405222210269
1760	0.3841405222210269
1761	0.3841405222210269
1762	0.4
1763	0.4
1764	0.4
1765	0.2340372352698561
1766	0.2340372352698561
1767	0.2340372352698561
1768	0.4
1769	0.4
1770	0.4
1771	0.19149238400865048
1772	0.19149238400865048
1773	0.19149238400865048
1774	0.26678281974321666
1775	0.26678281974321666
1776	0.26678281974321666
1777	0.3306908865985405
1778	0.3306908865985405
1779	0.3306908865985405
1780	0.4
1781	0.4
1782	0.4
1783	0.18000964424564467
1784	0.18000964424564467
1785	0.18000964424564467
1786	0.4
1787	0.4
1788	0.4
1789	0.4
1790	0.4
1791	0.4
1792	0.4
1793	0.4
1794	0.4
1795	0.27483459947002725
1796	0.27483459947002725
1797	0.27483459947002725
1798	0.18305091657864989
1799	0.18305091657864989
1800	0.18305091657864989
1801	0.4
1802	0.4
1803	0.4
1804	0.3110734193464381
1805	0.3110734193464381
1806	0.3110734193464381
1807	0.4
1808	0.4
1809	0.4
1810	0.4
1811	0.4
1812	0.4
1813	0.37102146770457267
1814	0.37102146770457267
1815	0.37102146770457267
1816	0.4
1817	0.4
1818	0.4
1819	0.22596433832682405
1820	0.22596433832682405
1821	0.22596433832682405
1822	0.33912068570952936
1823	0.33912068570952936
1824	0.33912068570952936
1825	0.21406705725146127
1826	0.21406705725146127
1827	0.21406705725146127
1828	0.4
1829	0.4
1830	0.4
1831	0.4
1832	0.4
1833	0.4
1834	0.2089383478597289
1835	0.2089383478597289
1836	0.2089383478597289
1837	0.4
1838	0.4
1839	0.4
1840	0.24151480344174409
1841	0.24151480344174409
1842	0.24151480344174409
1843	0.3095262913795031
1844	0.3095262913795031
1845	0.3095262913795031
1846	0.4
1847	0.4
1848	0.4
1849	0.4
1850	0.4
1851	0.4
1852	0.4
1853	0.4
1854	0.4
1855	0.3681084589178343
1856	0.3681084589178343
1857	0.3681084589178343
1858	0.4
1859	0.4
1860	0.4
1861	0.3339391353191601
1862	0.3339391353191601
1863	0.3339391353191601
1864	0.4
1865	0.4
1866	0.4
1867	0.3645896953396619
1868	0.3645896953396619
1869	0.3645896953396619
1870	0.2692172877753692
1871	0.2692172877753692
1872	0.2692172877753692
1873	0.12343047243149041
1874	0.12343047243149041
1875	0.12343047243149041
1876	0.4
1877	0.4
1878	0.4
1879	0.4
1880	0.4
1881	0.4
1882	0.4
1883	0.4
1884	0.4
1885	0.4
1886	0.4
1887	0.4
1888	0.4
1889	0.4
1890	0.4
1891	0.2530528949824402
1892	0.2530528949824402
1893	0.2530528949824402
1894	0.2576093246391261
1895	0.2576093246391261
1896	0.2576093246391261
1897	0.4
1898	0.4
1899	0.4
1900	0.4
1901	0.4
1902	0.4
1903	0.4
1904	0.4
1905	0.4
1906	0.4
1907	0.4
1908	0.4
1909	0.3887571364359049
1910	0.3887571364359049
1911	0.3887571364359049
1912	0.39145193529468114
1913	0.39145193529468114
1914	0.39145193529468114
1915	0.4
1916	0.4
1917	0.4
1918	0.4
1919	0.4
1920	0.4
1921	0.18974606111153802
1922	0.18974606111153802
