0	1.2631389519266396
1	1.2631389519266396
2	1.2631389519266396
3	1.291744296013814
4	1.291744296013814
5	1.291744296013814
6	1.3334733966208285
7	1.3334733966208285
8	1.3334733966208285
9	1.2699600016298518
10	1.2699600016298518
11	1.2699600016298518
12	1.3245245491417876
13	1.3245245491417876
14	1.3245245491417876
15	1.300499851064342
16	1.300499851064342
17	1.300499851064342
18	1.2973222169140506
19	1.2973222169140506
20	1.2973222169140506
21	1.286584732421848
22	1.286584732421848
23	1.286584732421848
24	1.2672931099797402
25	1.2672931099797402
26	1.2672931099797402
27	1.3316935103746157
28	1.3316935103746157
29	1.3316935103746157
30	1.3286399921103043
31	1.3286399921103043
32	1.3286399921103043
33	1.33017713081449
34	1.33017713081449
35	1.33017713081449
36	1.2946183491773664
37	1.2946183491773664
38	1.2946183491773664
39	1.3329828008975997
40	1.3329828008975997
41	1.3329828008975997
42	1.310903534639415
43	1.310903534639415
44	1.310903534639415
45	1.302872858301553
46	1.302872858301553
47	1.302872858301553
48	1.3079657165445069
49	1.3079657165445069
50	1.3079657165445069
51	1.2736487447581157
52	1.2736487447581157
53	1.2736487447581157
54	1.350662657478377
55	1.350662657478377
56	1.350662657478377
57	1.3101000339339404
58	1.3101000339339404
59	1.3101000339339404
60	1.3067270243979223
61	1.3067270243979223
62	1.3067270243979223
63	1.2739055126285819
64	1.2739055126285819
65	1.2739055126285819
66	1.2912177079067813
67	1.2912177079067813
68	1.2912177079067813
69	1.2793311473994355
70	1.2793311473994355
71	1.2793311473994355
72	1.3409964135394579
73	1.3409964135394579
74	1.3409964135394579
75	1.2878709138890738
76	1.2878709138890738
77	1.2878709138890738
78	1.3023319815453256
79	1.3023319815453256
80	1.3023319815453256
81	1.3208481943351704
82	1.3208481943351704
83	1.3208481943351704
84	1.3118892858937485
85	1.3118892858937485
86	1.3118892858937485
87	1.300323056615574
88	1.300323056615574
89	1.300323056615574
90	1.3362997052216028
91	1.3362997052216028
92	1.3362997052216028
93	1.3346403044036743
94	1.3346403044036743
95	1.3346403044036743
96	1.3065509006079652
97	1.3065509006079652
98	1.3065509006079652
99	1.3255139822912958
100	1.3255139822912958
101	1.3255139822912958
102	1.3073187135017772
103	1.3073187135017772
104	1.3073187135017772
105	1.3203740029260678
106	1.3203740029260678
107	1.3203740029260678
108	1.279232563658764
109	1.279232563658764
110	1.279232563658764
111	1.2771534271858853
112	1.2771534271858853
113	1.2771534271858853
114	1.2653596482550356
115	1.2653596482550356
116	1.2653596482550356
117	1.3494252445723283
118	1.3494252445723283
119	1.3494252445723283
120	1.308227293225215
121	1.308227293225215
122	1.308227293225215
123	1.3031909392120937
124	1.3031909392120937
125	1.3031909392120937
126	1.3213977690703393
127	1.3213977690703393
128	1.3213977690703393
129	1.2609058146258387
130	1.2609058146258387
131	1.2609058146258387
132	1.3419271750785144
133	1.3419271750785144
134	1.3419271750785144
135	1.2997288264732958
136	1.2997288264732958
137	1.2997288264732958
138	1.3118488132454953
139	1.3118488132454953
140	1.3118488132454953
141	1.2817659697690496
142	1.2817659697690496
143	1.2817659697690496
144	1.3307998608153238
145	1.3307998608153238
146	1.3307998608153238
147	1.2887762949784145
148	1.2887762949784145
149	1.2887762949784145
150	1.2952474743079951
151	1.2952474743079951
152	1.2952474743079951
153	1.333224002407328
154	1.333224002407328
155	1.333224002407328
156	1.3020583694946526
157	1.3020583694946526
158	1.3020583694946526
159	1.301370716156836
160	1.301370716156836
161	1.301370716156836
162	1.300582285284061
163	1.300582285284061
164	1.300582285284061
165	1.2821776242533367
166	1.2821776242533367
167	1.2821776242533367
168	1.3012598300267508
169	1.3012598300267508
170	1.3012598300267508
171	1.3146949873629359
172	1.3146949873629359
173	1.3146949873629359
174	1.2783453169691008
175	1.2783453169691008
176	1.2783453169691008
177	1.3217779443767892
178	1.3217779443767892
179	1.3217779443767892
180	1.2771746534875787
181	1.2771746534875787
182	1.2771746534875787
183	1.3148818457093765
184	1.3148818457093765
185	1.3148818457093765
186	1.2766279519055101
187	1.2766279519055101
188	1.2766279519055101
189	1.3038832709242194
190	1.3038832709242194
191	1.3038832709242194
192	1.3160398657827441
193	1.3160398657827441
194	1.3160398657827441
195	1.2693136220422814
196	1.2693136220422814
197	1.2693136220422814
198	1.2552246769770854
199	1.2552246769770854
200	1.2552246769770854
201	1.3166071538242188
202	1.3166071538242188
203	1.3166071538242188
204	1.2965510184359152
205	1.2965510184359152
206	1.2965510184359152
207	1.2760809318748019
208	1.2760809318748019
209	1.2760809318748019
210	1.3512684351821367
211	1.3512684351821367
212	1.3512684351821367
213	1.2819690331609288
214	1.2819690331609288
215	1.2819690331609288
216	1.32250631835186
217	1.32250631835186
218	1.32250631835186
219	1.3330403111196492
220	1.3330403111196492
221	1.3330403111196492
222	1.3011564826514597
223	1.3011564826514597
224	1.3011564826514597
225	1.2885973416755714
226	1.2885973416755714
227	1.2885973416755714
228	1.3332099746515171
229	1.3332099746515171
230	1.3332099746515171
231	1.3099838794680931
232	1.3099838794680931
233	1.3099838794680931
234	1.277605572995626
235	1.277605572995626
236	1.277605572995626
237	1.325265642736322
238	1.325265642736322
239	1.325265642736322
240	1.3381596515894132
241	1.3381596515894132
242	1.3381596515894132
243	1.3072962046307144
244	1.3072962046307144
245	1.3072962046307144
246	1.3083690018181235
247	1.3083690018181235
248	1.3083690018181235
249	1.309295265150234
250	1.309295265150234
251	1.309295265150234
252	1.327797220251718
253	1.327797220251718
254	1.327797220251718
255	1.2725446158730258
256	1.2725446158730258
257	1.2725446158730258
258	1.285610632784756
259	1.285610632784756
260	1.285610632784756
261	1.3189324205794812
262	1.3189324205794812
263	1.3189324205794812
264	1.299980555957589
265	1.299980555957589
266	1.299980555957589
267	1.282349336571036
268	1.282349336571036
269	1.282349336571036
270	1.29691562277252
271	1.29691562277252
272	1.29691562277252
273	1.3095140157341612
274	1.3095140157341612
275	1.3095140157341612
276	1.2919131576650917
277	1.2919131576650917
278	1.2919131576650917
279	1.3160344991204065
280	1.3160344991204065
281	1.3160344991204065
282	1.3135262698554
283	1.3135262698554
284	1.3135262698554
285	1.2982562906844037
286	1.2982562906844037
287	1.2982562906844037
288	1.34721089334644
289	1.34721089334644
290	1.34721089334644
291	1.3349201934271038
292	1.3349201934271038
293	1.3349201934271038
294	1.3344482201761318
295	1.3344482201761318
296	1.3344482201761318
297	1.2970199373172027
298	1.2970199373172027
299	1.2970199373172027
300	1.3383648679733984
301	1.3383648679733984
302	1.3383648679733984
303	1.3075916859679448
304	1.3075916859679448
305	1.3075916859679448
306	1.2878756228977737
307	1.2878756228977737
308	1.2878756228977737
309	1.3396432252443655
310	1.3396432252443655
311	1.3396432252443655
312	1.3164682381043504
313	1.3164682381043504
314	1.3164682381043504
315	1.3029280256978701
316	1.3029280256978701
317	1.3029280256978701
318	1.28478456490196
319	1.28478456490196
320	1.28478456490196
321	1.3010025644230352
322	1.3010025644230352
323	1.3010025644230352
324	1.2915145316171905
325	1.2915145316171905
326	1.2915145316171905
327	1.2901762348390955
328	1.2901762348390955
329	1.2901762348390955
330	1.2958729324576665
331	1.2958729324576665
332	1.2958729324576665
333	1.3099975367343268
334	1.3099975367343268
335	1.3099975367343268
336	1.304974864605408
337	1.304974864605408
338	1.304974864605408
339	1.3407004687347335
340	1.3407004687347335
341	1.3407004687347335
342	1.307368763793746
343	1.307368763793746
344	1.307368763793746
345	1.307240811853782
346	1.307240811853782
347	1.307240811853782
348	1.272314029427913
349	1.272314029427913
350	1.272314029427913
351	1.3012343373518114
352	1.3012343373518114
353	1.3012343373518114
354	1.3467226635797216
355	1.3467226635797216
356	1.3467226635797216
357	1.298465580797702
358	1.298465580797702
359	1.298465580797702
360	1.3252013847483053
361	1.3252013847483053
362	1.3252013847483053
363	1.3337934656106614
364	1.3337934656106614
365	1.3337934656106614
366	1.2927842849687883
367	1.2927842849687883
368	1.2927842849687883
369	1.3013443523447088
370	1.3013443523447088
371	1.3013443523447088
372	1.331496930121264
373	1.331496930121264
374	1.331496930121264
375	1.3064507780967884
376	1.3064507780967884
377	1.3064507780967884
378	1.3060277872909622
379	1.3060277872909622
380	1.3060277872909622
381	1.283505986647764
382	1.283505986647764
383	1.283505986647764
384	1.3105456227249315
385	1.3105456227249315
386	1.3105456227249315
387	1.294371893522004
388	1.294371893522004
389	1.294371893522004
390	1.291576578053373
391	1.291576578053373
392	1.291576578053373
393	1.31493625057468
394	1.31493625057468
395	1.31493625057468
396	1.3062464935608802
397	1.3062464935608802
398	1.3062464935608802
399	1.3110945493211446
400	1.3110945493211446
401	1.3110945493211446
402	1.2843989385240921
403	1.2843989385240921
404	1.2843989385240921
405	1.2908185593604102
406	1.2908185593604102
407	1.2908185593604102
408	1.3416611374636063
409	1.3416611374636063
410	1.3416611374636063
411	1.3061694170452585
412	1.3061694170452585
413	1.3061694170452585
414	1.3204496488164437
415	1.3204496488164437
416	1.3204496488164437
417	1.3431760710674878
418	1.3431760710674878
419	1.3431760710674878
420	1.2864834271071468
421	1.2864834271071468
422	1.2864834271071468
423	1.3078170497144057
424	1.3078170497144057
425	1.3078170497144057
426	1.3470414226502214
427	1.3470414226502214
428	1.3470414226502214
429	1.3009084110855536
430	1.3009084110855536
431	1.3009084110855536
432	1.3084163909169202
433	1.3084163909169202
434	1.3084163909169202
435	1.2987294125922302
436	1.2987294125922302
437	1.2987294125922302
438	1.2816654901037414
439	1.2816654901037414
440	1.2816654901037414
441	1.2929212576839035
442	1.2929212576839035
443	1.2929212576839035
444	1.3176237213364426
445	1.3176237213364426
446	1.3176237213364426
447	1.2704336138747219
448	1.2704336138747219
449	1.2704336138747219
450	1.3411951793017558
451	1.3411951793017558
452	1.3411951793017558
453	1.2864789171183026
454	1.2864789171183026
455	1.2864789171183026
456	1.3027892789172975
457	1.3027892789172975
458	1.3027892789172975
459	1.295160105101518
460	1.295160105101518
461	1.295160105101518
462	1.3155343313042056
463	1.3155343313042056
464	1.3155343313042056
465	1.3361649369319017
466	1.3361649369319017
467	1.3361649369319017
468	1.308205926466468
469	1.308205926466468
470	1.308205926466468
471	1.3020682668617747
472	1.3020682668617747
473	1.3020682668617747
474	1.3163685417365465
475	1.3163685417365465
476	1.3163685417365465
477	1.2852278663170362
478	1.2852278663170362
479	1.2852278663170362
480	1.3094747880031326
481	1.3094747880031326
482	1.3094747880031326
483	1.3070745802965922
484	1.3070745802965922
485	1.3070745802965922
486	1.312471644582815
487	1.312471644582815
488	1.312471644582815
489	1.3406226214230414
490	1.3406226214230414
491	1.3406226214230414
492	1.270599594625439
493	1.270599594625439
494	1.270599594625439
495	1.3227803207028694
496	1.3227803207028694
497	1.3227803207028694
498	1.2896838780286382
499	1.2896838780286382
500	1.2896838780286382
501	1.308886614476214
502	1.308886614476214
503	1.308886614476214
504	1.3092445698177868
505	1.3092445698177868
506	1.3092445698177868
507	1.3030986172752221
508	1.3030986172752221
509	1.3030986172752221
510	1.3137651286641543
511	1.3137651286641543
512	1.3137651286641543
513	1.3347119177051217
514	1.3347119177051217
515	1.3347119177051217
516	1.2902470835390523
517	1.2902470835390523
518	1.2902470835390523
519	1.3268689860857188
520	1.3268689860857188
521	1.3268689860857188
522	1.275126791826079
523	1.275126791826079
524	1.275126791826079
525	1.307082395349102
526	1.307082395349102
527	1.307082395349102
528	1.3043242079289759
529	1.3043242079289759
530	1.3043242079289759
531	1.31268782861261
532	1.31268782861261
533	1.31268782861261
534	1.3072300758223967
535	1.3072300758223967
536	1.3072300758223967
537	1.3009919536081445
538	1.3009919536081445
539	1.3009919536081445
540	1.3137192849237878
541	1.3137192849237878
542	1.3137192849237878
543	1.2958799868522615
544	1.2958799868522615
545	1.2958799868522615
546	1.277210801558191
547	1.277210801558191
548	1.277210801558191
549	1.308256658361277
550	1.308256658361277
551	1.308256658361277
552	1.338007444503187
553	1.338007444503187
554	1.338007444503187
555	1.2792717594004548
556	1.2792717594004548
557	1.2792717594004548
558	1.3215194798119472
559	1.3215194798119472
560	1.3215194798119472
561	1.3226665478915292
562	1.3226665478915292
563	1.3226665478915292
564	1.3191083941617243
565	1.3191083941617243
566	1.3191083941617243
567	1.325963694492372
568	1.362003287012757
569	1.362003287012757
570	1.362003287012757
571	1.3534509389135887
572	1.3534509389135887
573	1.3534509389135887
574	1.3777767067538176
575	1.3777767067538176
576	1.3777767067538176
577	1.3376601128276364
578	1.3376601128276364
579	1.3376601128276364
580	1.3982304011682727
581	1.3982304011682727
582	1.3982304011682727
583	1.3573762271884373
584	1.3573762271884373
585	1.3573762271884373
586	1.3786959601247852
587	1.3786959601247852
588	1.3786959601247852
589	1.3664086864643321
590	1.3664086864643321
591	1.3664086864643321
592	1.3481752762236032
593	1.3481752762236032
594	1.3481752762236032
595	1.3513791791715601
596	1.3513791791715601
597	1.3513791791715601
598	1.3274685120914302
599	1.3274685120914302
600	1.3274685120914302
601	1.376380962133882
602	1.376380962133882
603	1.376380962133882
604	1.3719620680687068
605	1.3719620680687068
606	1.3719620680687068
607	1.321259290202463
608	1.321259290202463
609	1.321259290202463
610	1.341716113024431
611	1.341716113024431
612	1.341716113024431
613	1.3095672069079871
614	1.3095672069079871
615	1.3095672069079871
616	1.350221847712581
617	1.350221847712581
618	1.350221847712581
619	1.3603630296420521
620	1.3603630296420521
621	1.3603630296420521
622	1.3753126029812601
623	1.3753126029812601
624	1.3753126029812601
625	1.3514795818279786
626	1.3514795818279786
627	1.3514795818279786
628	1.3497307861001095
629	1.3497307861001095
630	1.3497307861001095
631	1.3421575029834127
632	1.3421575029834127
633	1.3421575029834127
634	1.3823068600882011
635	1.3823068600882011
636	1.3823068600882011
637	1.3317341248489718
638	1.3317341248489718
639	1.3317341248489718
640	1.344069213106104
641	1.344069213106104
642	1.344069213106104
643	1.3826923781281693
644	1.3826923781281693
645	1.3826923781281693
646	1.3746886357871717
647	1.3746886357871717
648	1.3746886357871717
649	1.3392208457408066
650	1.3392208457408066
651	1.3392208457408066
652	1.3592850139974009
653	1.3592850139974009
654	1.3592850139974009
655	1.39889862737389
656	1.39889862737389
657	1.39889862737389
658	1.3299341291275582
659	1.3299341291275582
660	1.3299341291275582
661	1.3329859984958414
662	1.3329859984958414
663	1.3329859984958414
664	1.3670480118678208
665	1.3670480118678208
666	1.3670480118678208
667	1.3666418410983394
668	1.3666418410983394
669	1.3666418410983394
670	1.3587204919316573
671	1.3587204919316573
672	1.3587204919316573
673	1.3676601683161917
674	1.3676601683161917
675	1.3676601683161917
676	1.2930069295919964
677	1.2930069295919964
678	1.2930069295919964
679	1.333096116524507
680	1.333096116524507
681	1.333096116524507
682	1.364895274191415
683	1.364895274191415
684	1.364895274191415
685	1.3702440144899937
686	1.3702440144899937
687	1.3702440144899937
688	1.3652338969357949
689	1.3652338969357949
690	1.3652338969357949
691	1.3686020559072583
692	1.3686020559072583
693	1.3686020559072583
694	1.3203314622874516
695	1.3203314622874516
696	1.3203314622874516
697	1.3602776153006655
698	1.3602776153006655
699	1.3602776153006655
700	1.3464498678717929
701	1.3464498678717929
702	1.3464498678717929
703	1.3617523815887878
704	1.3617523815887878
705	1.3617523815887878
706	1.3626533831771843
707	1.3626533831771843
708	1.3626533831771843
709	1.4154935572146627
710	1.4154935572146627
711	1.4154935572146627
712	1.4019864275902156
713	1.4019864275902156
714	1.4019864275902156
715	1.372449095578217
716	1.372449095578217
717	1.372449095578217
718	1.3849063368708383
719	1.3849063368708383
720	1.3849063368708383
721	1.362246838059608
722	1.362246838059608
723	1.362246838059608
724	1.3365683534329655
725	1.3365683534329655
726	1.3365683534329655
727	1.3094481984444335
728	1.3094481984444335
729	1.3094481984444335
730	1.373151978760001
731	1.373151978760001
732	1.373151978760001
733	1.3864078858807152
734	1.3864078858807152
735	1.3864078858807152
736	1.328678428516146
737	1.328678428516146
738	1.328678428516146
739	1.356048913715865
740	1.356048913715865
741	1.356048913715865
742	1.3409920756341744
743	1.3409920756341744
744	1.3409920756341744
745	1.3985367585022654
746	1.3985367585022654
747	1.3985367585022654
748	1.3844781807028639
749	1.3844781807028639
750	1.3844781807028639
751	1.3610576927740146
752	1.3610576927740146
753	1.3610576927740146
754	1.3526948066468323
755	1.3526948066468323
756	1.3526948066468323
757	1.3730941632905174
758	1.3730941632905174
759	1.3730941632905174
760	1.3632698771977823
761	1.3632698771977823
762	1.3632698771977823
763	1.3867506525036175
764	1.3867506525036175
765	1.3867506525036175
766	1.3428420279366255
767	1.3428420279366255
768	1.3428420279366255
769	1.3492252443217176
770	1.3492252443217176
771	1.3492252443217176
772	1.3276277261566174
773	1.3276277261566174
774	1.3276277261566174
775	1.3737536430825932
776	1.3737536430825932
777	1.3737536430825932
778	1.3860556102586856
779	1.3860556102586856
780	1.3860556102586856
781	1.346118096325581
782	1.346118096325581
783	1.346118096325581
784	1.350081085848016
785	1.350081085848016
786	1.350081085848016
787	1.3500260104242667
788	1.3500260104242667
789	1.3500260104242667
790	1.3883137117052369
791	1.3883137117052369
792	1.3883137117052369
793	1.3739364548017077
794	1.3739364548017077
795	1.3739364548017077
796	1.345325101080118
797	1.345325101080118
798	1.345325101080118
799	1.340942373132526
800	1.340942373132526
801	1.340942373132526
802	1.3230794108501651
803	1.3230794108501651
804	1.3230794108501651
805	1.3223972879879402
806	1.3223972879879402
807	1.3223972879879402
808	1.4012301151903186
809	1.4012301151903186
810	1.4012301151903186
811	1.3658421387502366
812	1.3658421387502366
813	1.3658421387502366
814	1.375402753804794
815	1.375402753804794
816	1.375402753804794
817	1.3767572886938035
818	1.3767572886938035
819	1.3767572886938035
820	1.3433205707527556
821	1.3433205707527556
822	1.3433205707527556
823	1.3427634382226383
824	1.3427634382226383
825	1.3427634382226383
826	1.309465282527894
827	1.309465282527894
828	1.309465282527894
829	1.345192207326026
830	1.345192207326026
831	1.345192207326026
832	1.3433345576233235
833	1.3433345576233235
834	1.3433345576233235
835	1.3624314265288215
836	1.3624314265288215
837	1.3624314265288215
838	1.3962045261784555
839	1.3962045261784555
840	1.3962045261784555
841	1.3234980822807625
842	1.3234980822807625
843	1.3234980822807625
844	1.3567334620141915
845	1.3567334620141915
846	1.3567334620141915
847	1.353611951469757
848	1.353611951469757
849	1.353611951469757
850	1.3359839441779997
851	1.3359839441779997
852	1.3359839441779997
853	1.3368673600242247
854	1.3368673600242247
855	1.3368673600242247
856	1.343153990795422
857	1.343153990795422
858	1.343153990795422
859	1.3786869888379334
860	1.3786869888379334
861	1.3786869888379334
862	1.361180683389868
863	1.361180683389868
864	1.361180683389868
865	1.3427762881145555
866	1.3427762881145555
867	1.3427762881145555
868	1.3650288757141837
869	1.3650288757141837
870	1.3650288757141837
871	1.3870584486577744
872	1.3870584486577744
873	1.3870584486577744
874	1.3472783428131958
875	1.3472783428131958
876	1.3472783428131958
877	1.3426463189037332
878	1.3426463189037332
879	1.3426463189037332
880	1.3810894891857026
881	1.3810894891857026
882	1.3810894891857026
883	1.3215037995101133
884	1.3215037995101133
885	1.3215037995101133
886	1.3444759656952097
887	1.3444759656952097
888	1.3444759656952097
889	1.3276480395496955
890	1.3276480395496955
891	1.3276480395496955
892	1.3496234367824715
893	1.3496234367824715
894	1.3496234367824715
895	1.356470185833022
896	1.356470185833022
897	1.356470185833022
898	1.3091230617995975
899	1.3091230617995975
900	1.3091230617995975
901	1.3682520438301402
902	1.3682520438301402
903	1.3682520438301402
904	1.3298234232751172
905	1.3298234232751172
906	1.3298234232751172
907	1.3445334431127163
908	1.3445334431127163
909	1.3445334431127163
910	1.3317874057614711
911	1.3317874057614711
912	1.3317874057614711
913	1.3445225602236301
914	1.3445225602236301
915	1.3445225602236301
916	1.3491677179965453
917	1.3491677179965453
918	1.3491677179965453
919	1.365035992705199
920	1.365035992705199
921	1.365035992705199
922	1.3545704626221933
923	1.3545704626221933
924	1.3545704626221933
925	1.322086149546042
926	1.322086149546042
927	1.322086149546042
928	1.3358247181519636
929	1.3358247181519636
930	1.3358247181519636
931	1.3221979535010129
932	1.3221979535010129
933	1.3221979535010129
934	1.3707259795082525
935	1.3707259795082525
936	1.3707259795082525
937	1.3532803590306743
938	1.3532803590306743
939	1.3532803590306743
940	1.353747562392519
941	1.353747562392519
942	1.353747562392519
943	1.3249629961136709
944	1.3249629961136709
945	1.3249629961136709
946	1.3095053365339875
947	1.3095053365339875
948	1.3095053365339875
949	1.3494004235887433
950	1.3494004235887433
951	1.3494004235887433
952	1.411036606489718
953	1.411036606489718
954	1.411036606489718
955	1.3572516585568326
956	1.3572516585568326
957	1.3572516585568326
958	1.371034318026293
959	1.371034318026293
960	1.371034318026293
961	1.3992541105194671
962	1.3992541105194671
963	1.3992541105194671
964	1.30051820939245
965	1.30051820939245
966	1.30051820939245
967	1.373447583683559
968	1.373447583683559
969	1.373447583683559
970	1.3912853843040416
971	1.3912853843040416
972	1.3912853843040416
973	1.3445156981874975
974	1.3445156981874975
975	1.3445156981874975
976	1.3355501061909543
977	1.3355501061909543
978	1.3355501061909543
979	1.3875644867854806
980	1.3875644867854806
981	1.3875644867854806
982	1.3499011339070093
983	1.3499011339070093
984	1.3499011339070093
985	1.4061125374030923
986	1.4061125374030923
987	1.4061125374030923
988	1.3529800703272556
989	1.3529800703272556
990	1.3529800703272556
991	1.3262234838823903
992	1.3262234838823903
993	1.3262234838823903
994	1.338185752378751
995	1.338185752378751
996	1.338185752378751
997	1.380497539429782
998	1.380497539429782
999	1.380497539429782
1000	1.353961515690171
1001	1.353961515690171
1002	1.353961515690171
1003	1.3766460075127849
1004	1.3766460075127849
1005	1.3766460075127849
1006	1.355509887635925
1007	1.355509887635925
1008	1.355509887635925
1009	1.3267054558744984
1010	1.3267054558744984
1011	1.3267054558744984
1012	1.3580228861005126
1013	1.3580228861005126
1014	1.3580228861005126
1015	1.3342055784087594
1016	1.3342055784087594
1017	1.3342055784087594
1018	1.3148935719100638
1019	1.3148935719100638
1020	1.3148935719100638
1021	1.361495327126928
1022	1.361495327126928
1023	1.4142682482825732
1024	1.4142682482825732
1025	1.4142682482825732
1026	1.4153131686494957
1027	1.4153131686494957
1028	1.4153131686494957
1029	1.3766864612397007
1030	1.3766864612397007
1031	1.3766864612397007
1032	1.3786473880192316
1033	1.3786473880192316
1034	1.3786473880192316
1035	1.4096344532338576
1036	1.4096344532338576
1037	1.4096344532338576
1038	1.3655908713369773
1039	1.3655908713369773
1040	1.3655908713369773
1041	1.4059511515010759
1042	1.4059511515010759
1043	1.4059511515010759
1044	1.4172226076033128
1045	1.4172226076033128
1046	1.4172226076033128
1047	1.378590202063636
1048	1.378590202063636
1049	1.378590202063636
1050	1.384388401579149
1051	1.384388401579149
1052	1.384388401579149
1053	1.4178899905132423
1054	1.4178899905132423
1055	1.4178899905132423
1056	1.380421573262167
1057	1.380421573262167
1058	1.380421573262167
1059	1.42693550247061
1060	1.42693550247061
1061	1.42693550247061
1062	1.4194659870241435
1063	1.4194659870241435
1064	1.4194659870241435
1065	1.4150926446835295
1066	1.4150926446835295
1067	1.4150926446835295
1068	1.421379709882136
1069	1.421379709882136
1070	1.421379709882136
1071	1.3789171910246287
1072	1.3789171910246287
1073	1.3789171910246287
1074	1.3827655782134662
1075	1.3827655782134662
1076	1.3827655782134662
1077	1.4285034320610945
1078	1.4285034320610945
1079	1.4285034320610945
1080	1.4278445309097572
1081	1.4278445309097572
1082	1.4278445309097572
1083	1.4387563613275416
1084	1.4387563613275416
1085	1.4387563613275416
1086	1.4043965253778519
1087	1.4043965253778519
1088	1.4043965253778519
1089	1.4088044010916432
1090	1.4088044010916432
1091	1.4088044010916432
1092	1.395791590462064
1093	1.395791590462064
1094	1.395791590462064
1095	1.3677951153348131
1096	1.3677951153348131
1097	1.3677951153348131
1098	1.3941821658107287
1099	1.3941821658107287
1100	1.3941821658107287
1101	1.369626564597971
1102	1.369626564597971
1103	1.369626564597971
1104	1.427534285047769
1105	1.427534285047769
1106	1.427534285047769
1107	1.4004223759636898
1108	1.4004223759636898
1109	1.4004223759636898
1110	1.4301128862291423
1111	1.4301128862291423
1112	1.4301128862291423
1113	1.403177669730453
1114	1.403177669730453
1115	1.403177669730453
1116	1.3716413365437445
1117	1.3716413365437445
1118	1.3716413365437445
1119	1.4175290948127954
1120	1.4175290948127954
1121	1.4175290948127954
1122	1.4037348578513529
1123	1.4037348578513529
1124	1.4037348578513529
1125	1.4100838251669547
1126	1.4100838251669547
1127	1.4100838251669547
1128	1.414661250055424
1129	1.414661250055424
1130	1.414661250055424
1131	1.4158549415622934
1132	1.4158549415622934
1133	1.4158549415622934
1134	1.4092019864565468
1135	1.4092019864565468
1136	1.4092019864565468
1137	1.3947785778268382
1138	1.3947785778268382
1139	1.3947785778268382
1140	1.4211149349725747
1141	1.4211149349725747
1142	1.4211149349725747
1143	1.3799049374949135
1144	1.3799049374949135
1145	1.3799049374949135
1146	1.3979726551206906
1147	1.3979726551206906
1148	1.3979726551206906
1149	1.399275472709031
1150	1.399275472709031
1151	1.399275472709031
1152	1.3847261411015686
1153	1.3847261411015686
1154	1.3847261411015686
1155	1.3991964566970652
1156	1.3991964566970652
1157	1.3991964566970652
1158	1.3694987769641835
1159	1.3694987769641835
1160	1.3694987769641835
1161	1.384686653489492
1162	1.384686653489492
1163	1.384686653489492
1164	1.3844154974592373
1165	1.3844154974592373
1166	1.3844154974592373
1167	1.3837559393920045
1168	1.3837559393920045
1169	1.3837559393920045
1170	1.4016093010855055
1171	1.4016093010855055
1172	1.4016093010855055
1173	1.4123140929050264
1174	1.4123140929050264
1175	1.4123140929050264
1176	1.3404236726626748
1177	1.3404236726626748
1178	1.3404236726626748
1179	1.3943238106935445
1180	1.3943238106935445
1181	1.3943238106935445
1182	1.3769926039705587
1183	1.3769926039705587
1184	1.3769926039705587
1185	1.4261519401007092
1186	1.4261519401007092
1187	1.4261519401007092
1188	1.3886584366925152
1189	1.3886584366925152
1190	1.3886584366925152
1191	1.3757683750938634
1192	1.3757683750938634
1193	1.3757683750938634
1194	1.4075981225545382
1195	1.4075981225545382
1196	1.4075981225545382
1197	1.4005039177166307
1198	1.4005039177166307
1199	1.4005039177166307
1200	1.3639537440202252
1201	1.3639537440202252
1202	1.3639537440202252
1203	1.4295170428760444
1204	1.4295170428760444
1205	1.4295170428760444
1206	1.3733643371619209
1207	1.3733643371619209
1208	1.3733643371619209
1209	1.431606707092437
1210	1.431606707092437
1211	1.431606707092437
1212	1.4031883536208265
1213	1.4031883536208265
1214	1.4031883536208265
1215	1.3872915017411422
1216	1.3872915017411422
1217	1.3872915017411422
1218	1.383147584409101
1219	1.383147584409101
1220	1.383147584409101
1221	1.3992324924547035
1222	1.3992324924547035
1223	1.3992324924547035
1224	1.3723448312734383
1225	1.3723448312734383
1226	1.3723448312734383
1227	1.3741928855454677
1228	1.3741928855454677
1229	1.3741928855454677
1230	1.3714791942372895
1231	1.3714791942372895
1232	1.3714791942372895
1233	1.401646866709601
1234	1.401646866709601
1235	1.401646866709601
1236	1.395987790929229
1237	1.395987790929229
1238	1.395987790929229
1239	1.4046163566223278
1240	1.4046163566223278
1241	1.4046163566223278
1242	1.3752366862138563
1243	1.3752366862138563
1244	1.3752366862138563
1245	1.4185044188070108
1246	1.4185044188070108
1247	1.4185044188070108
1248	1.4031969201133088
1249	1.4031969201133088
1250	1.4031969201133088
1251	1.3731109572135503
1252	1.3731109572135503
1253	1.3731109572135503
1254	1.3804800003516013
1255	1.3804800003516013
1256	1.3804800003516013
1257	1.391161470226917
1258	1.391161470226917
1259	1.391161470226917
1260	1.3778080019609438
1261	1.3778080019609438
1262	1.3778080019609438
1263	1.4260518995899603
1264	1.4260518995899603
1265	1.4260518995899603
1266	1.4042917826767505
1267	1.4042917826767505
1268	1.4042917826767505
1269	1.389699315245598
1270	1.389699315245598
1271	1.389699315245598
1272	1.4316226173789521
1273	1.4316226173789521
1274	1.4316226173789521
1275	1.4056339654263945
1276	1.4056339654263945
1277	1.4056339654263945
1278	1.4108831170046803
1279	1.4108831170046803
1280	1.4108831170046803
1281	1.3935311846698564
1282	1.3935311846698564
1283	1.3935311846698564
1284	1.3606081433250743
1285	1.3606081433250743
1286	1.3606081433250743
1287	1.389855272895226
1288	1.389855272895226
1289	1.389855272895226
1290	1.3911304639616517
1291	1.3911304639616517
1292	1.3911304639616517
1293	1.3918256382744423
1294	1.3918256382744423
1295	1.3918256382744423
1296	1.4575928170778627
1297	1.4575928170778627
1298	1.4575928170778627
1299	1.3887808695922743
1300	1.3887808695922743
1301	1.3887808695922743
1302	1.3944508726786866
1303	1.3944508726786866
1304	1.3944508726786866
1305	1.4092211532089254
1306	1.4092211532089254
1307	1.4092211532089254
1308	1.410032420490791
1309	1.410032420490791
1310	1.410032420490791
1311	1.3508144533033994
1312	1.3508144533033994
1313	1.3508144533033994
1314	1.4011161546196755
1315	1.4011161546196755
1316	1.2837972582843862
1317	1.2837972582843862
1318	1.2837972582843862
1319	1.2880623045840447
1320	1.2880623045840447
1321	1.2880623045840447
1322	1.2967058301693721
1323	1.2967058301693721
1324	1.2967058301693721
1325	1.3096319731357566
1326	1.3096319731357566
1327	1.3096319731357566
1328	1.281269851224076
1329	1.281269851224076
1330	1.281269851224076
1331	1.2999810252511488
1332	1.2999810252511488
1333	1.2999810252511488
1334	1.266969238562985
1335	1.266969238562985
1336	1.266969238562985
1337	1.301762178038652
1338	1.301762178038652
1339	1.301762178038652
1340	1.3160175674341945
1341	1.3160175674341945
1342	1.3160175674341945
1343	1.3374435945899186
1344	1.3374435945899186
1345	1.3374435945899186
1346	1.2897394456305542
1347	1.2897394456305542
1348	1.2897394456305542
1349	1.2959808600414886
1350	1.2959808600414886
1351	1.2959808600414886
1352	1.3156151566018703
1353	1.3156151566018703
1354	1.3156151566018703
1355	1.2728278698851097
1356	1.2728278698851097
1357	1.2728278698851097
1358	1.3145755834647745
1359	1.3145755834647745
1360	1.3145755834647745
1361	1.2976401536686895
1362	1.2976401536686895
1363	1.2976401536686895
1364	1.3020476173478266
1365	1.3020476173478266
1366	1.3020476173478266
1367	1.288857473123761
1368	1.288857473123761
1369	1.288857473123761
1370	1.3221642601389583
1371	1.3221642601389583
1372	1.3221642601389583
1373	1.2562687727282291
1374	1.2562687727282291
1375	1.2562687727282291
1376	1.2919525753480854
1377	1.2919525753480854
1378	1.2919525753480854
1379	1.2779997873314848
1380	1.2779997873314848
1381	1.2779997873314848
1382	1.2957209887875307
1383	1.2957209887875307
1384	1.2957209887875307
1385	1.315196264442669
1386	1.315196264442669
1387	1.315196264442669
1388	1.2902365468947155
1389	1.2902365468947155
1390	1.2902365468947155
1391	1.284607122666924
1392	1.284607122666924
1393	1.284607122666924
1394	1.3280784020924261
1395	1.3280784020924261
1396	1.3280784020924261
1397	1.339057636822558
1398	1.339057636822558
1399	1.339057636822558
1400	1.2970862446933544
1401	1.2970862446933544
1402	1.2970862446933544
1403	1.2904351648442738
1404	1.2904351648442738
1405	1.2904351648442738
1406	1.3006591037951174
1407	1.3006591037951174
1408	1.3006591037951174
1409	1.271002352027704
1410	1.271002352027704
1411	1.271002352027704
1412	1.3105014506455903
1413	1.3105014506455903
1414	1.3105014506455903
1415	1.2742283085221093
1416	1.2742283085221093
1417	1.2742283085221093
1418	1.3094590549126086
1419	1.3094590549126086
1420	1.3094590549126086
1421	1.2874440220596683
1422	1.2874440220596683
1423	1.2874440220596683
1424	1.3306219919624205
1425	1.3306219919624205
1426	1.3306219919624205
1427	1.3264234709780538
1428	1.3264234709780538
1429	1.3264234709780538
1430	1.3240963647849904
1431	1.3240963647849904
1432	1.3240963647849904
1433	1.2897423441943676
1434	1.2897423441943676
1435	1.2897423441943676
1436	1.288450912138471
1437	1.288450912138471
1438	1.288450912138471
1439	1.3267303265611299
1440	1.3267303265611299
1441	1.3267303265611299
1442	1.3057426755627506
1443	1.3057426755627506
1444	1.3057426755627506
1445	1.3279669445387126
1446	1.3279669445387126
1447	1.3279669445387126
1448	1.3348506274634584
1449	1.3348506274634584
1450	1.3348506274634584
1451	1.3567621064044104
1452	1.3567621064044104
1453	1.3567621064044104
1454	1.2868741201414269
1455	1.2868741201414269
1456	1.2868741201414269
1457	1.2518605512421093
1458	1.2518605512421093
1459	1.2518605512421093
1460	1.300240755962313
1461	1.300240755962313
1462	1.300240755962313
1463	1.2769444259839595
1464	1.2769444259839595
1465	1.2769444259839595
1466	1.2438689172367117
1467	1.2438689172367117
1468	1.2438689172367117
1469	1.2254079133168703
1470	1.2254079133168703
1471	1.2254079133168703
1472	1.2292580823200534
1473	1.2292580823200534
1474	1.2292580823200534
1475	1.2836165798886974
1476	1.2836165798886974
1477	1.2836165798886974
1478	1.2790140135958925
1479	1.2790140135958925
1480	1.2790140135958925
1481	1.26567965398151
1482	1.26567965398151
1483	1.26567965398151
1484	1.259461782977669
1485	1.259461782977669
1486	1.259461782977669
1487	1.24987959449021
1488	1.24987959449021
1489	1.24987959449021
1490	1.2744369443313737
1491	1.2744369443313737
1492	1.2744369443313737
1493	1.2691721709522041
1494	1.2691721709522041
1495	1.2691721709522041
1496	1.2417670972796044
1497	1.2417670972796044
1498	1.2417670972796044
1499	1.2760463552343184
1500	1.2760463552343184
1501	1.2760463552343184
1502	1.2661970738657813
1503	1.2661970738657813
1504	1.2661970738657813
1505	1.2655797322859477
1506	1.2655797322859477
1507	1.2655797322859477
1508	1.254842726605604
1509	1.254842726605604
1510	1.254842726605604
1511	1.2776412755524311
1512	1.2776412755524311
1513	1.2776412755524311
1514	1.2483799759092054
1515	1.2483799759092054
1516	1.2483799759092054
1517	1.2576070641797676
1518	1.2576070641797676
1519	1.2576070641797676
1520	1.2903366296568222
1521	1.2903366296568222
1522	1.2903366296568222
1523	1.2599034008758088
1524	1.2599034008758088
1525	1.2599034008758088
1526	1.2165009134253189
1527	1.2165009134253189
1528	1.2165009134253189
1529	1.2059280447646437
1530	1.2059280447646437
1531	1.2059280447646437
1532	1.2272249757043203
1533	1.2272249757043203
1534	1.2272249757043203
1535	1.2476506006376744
1536	1.2476506006376744
1537	1.2476506006376744
1538	1.2520739304526933
1539	1.2520739304526933
1540	1.2520739304526933
1541	1.27343259376417
1542	1.27343259376417
1543	1.27343259376417
1544	1.245260680628396
1545	1.245260680628396
1546	1.245260680628396
1547	1.261723222602311
1548	1.261723222602311
1549	1.261723222602311
1550	1.2612184951651544
1551	1.2612184951651544
1552	1.2612184951651544
1553	1.2722603059264042
1554	1.2722603059264042
1555	1.2722603059264042
1556	1.2582037584542833
1557	1.2582037584542833
1558	1.2582037584542833
1559	1.2433628311179488
1560	1.2433628311179488
1561	1.2433628311179488
1562	1.2565527942477301
1563	1.2565527942477301
1564	1.2565527942477301
1565	1.2673283251991019
1566	1.2673283251991019
1567	1.2673283251991019
1568	1.2760247004485632
1569	1.2760247004485632
1570	1.2760247004485632
1571	1.2395241384418687
1572	1.2395241384418687
1573	1.2395241384418687
1574	1.2464692746353845
1575	1.2464692746353845
1576	1.2464692746353845
1577	1.2427062817796644
1578	1.2427062817796644
1579	1.2427062817796644
1580	1.2481020929200168
1581	1.2481020929200168
1582	1.2481020929200168
1583	1.213999081809984
1584	1.213999081809984
1585	1.213999081809984
1586	1.2414073241851853
1587	1.2414073241851853
1588	1.2414073241851853
1589	1.2523465889776195
1590	1.2523465889776195
1591	1.2523465889776195
1592	1.2129664330501424
1593	1.2129664330501424
1594	1.2129664330501424
1595	1.2967104819986044
1596	1.2967104819986044
1597	1.2967104819986044
1598	1.2494962423879503
1599	1.2494962423879503
1600	1.2494962423879503
1601	1.2677328478877283
1602	1.2677328478877283
1603	1.2677328478877283
1604	1.2268450159081223
1605	1.2268450159081223
1606	1.2268450159081223
1607	1.273378707824988
1608	1.273378707824988
1609	1.273378707824988
1610	1.2315890889078307
1611	1.2315890889078307
1612	1.2315890889078307
1613	1.2548567758461928
1614	1.2548567758461928
1615	1.2548567758461928
1616	1.2347604497451616
1617	1.2347604497451616
1618	1.2347604497451616
1619	1.2536812151820869
1620	1.2536812151820869
1621	1.2536812151820869
1622	1.2408260618525113
1623	1.2408260618525113
1624	1.2408260618525113
1625	1.2571166033425127
1626	1.2571166033425127
1627	1.2571166033425127
1628	1.267662287387774
1629	1.267662287387774
1630	1.267662287387774
1631	1.2732567727131252
1632	1.2732567727131252
1633	1.2732567727131252
1634	1.2692459593260021
1635	1.2692459593260021
1636	1.2692459593260021
1637	1.2428817072376608
1638	1.2428817072376608
1639	1.2428817072376608
1640	1.2205136964762155
1641	1.2205136964762155
1642	1.2205136964762155
1643	1.2351443318344935
1644	1.2351443318344935
1645	1.2351443318344935
1646	1.2416544206671052
1647	1.2416544206671052
1648	1.2416544206671052
1649	1.2684652047507132
1650	1.2684652047507132
1651	1.2684652047507132
1652	1.2481030306350773
1653	1.2481030306350773
1654	1.2481030306350773
1655	1.2509545601885068
1656	1.2509545601885068
1657	1.2509545601885068
1658	1.2461039538498482
1659	1.2461039538498482
1660	1.2461039538498482
1661	1.309080042036024
1662	1.309080042036024
1663	1.309080042036024
1664	1.2585847083915853
1665	1.2585847083915853
1666	1.2585847083915853
1667	1.2645788214934381
1668	1.2645788214934381
1669	1.2645788214934381
1670	1.2188894247552935
1671	1.2188894247552935
1672	1.2188894247552935
1673	1.2884496198380075
1674	1.2884496198380075
1675	1.2884496198380075
1676	1.2747484833724703
1677	1.2747484833724703
1678	1.2747484833724703
1679	1.2640760646669382
1680	1.2640760646669382
1681	1.2640760646669382
1682	1.2292320907829248
1683	1.2292320907829248
1684	1.2292320907829248
1685	1.225530158279825
1686	1.225530158279825
1687	1.225530158279825
1688	1.257490773724452
1689	1.257490773724452
1690	1.257490773724452
1691	1.2468542107215022
1692	1.2468542107215022
1693	1.2468542107215022
1694	1.2942267153400222
1695	1.2942267153400222
1696	1.2942267153400222
1697	1.260749091231546
1698	1.260749091231546
1699	1.260749091231546
1700	1.255567762705228
1701	1.255567762705228
1702	1.255567762705228
1703	1.2303960504588705
1704	1.2303960504588705
1705	1.2303960504588705
1706	1.2553469532967443
1707	1.2553469532967443
1708	1.2553469532967443
1709	1.2360588738542648
1710	1.2360588738542648
1711	1.2360588738542648
1712	1.2558629952337856
1713	1.2558629952337856
1714	1.2558629952337856
1715	1.2649305765095782
1716	1.2649305765095782
1717	1.2649305765095782
1718	1.2806923518478
1719	1.2806923518478
1720	1.2806923518478
1721	1.252181306829062
1722	1.252181306829062
1723	1.252181306829062
1724	1.2496945218322686
1725	1.2496945218322686
1726	1.2496945218322686
1727	1.2619284319133681
1728	1.2619284319133681
1729	1.2619284319133681
1730	1.2753625931199
1731	1.2753625931199
1732	1.2753625931199
1733	1.2633074839603144
1734	1.2633074839603144
1735	1.2633074839603144
1736	1.2825476033952836
1737	1.2825476033952836
1738	1.2825476033952836
1739	1.2760065806502212
1740	1.2760065806502212
1741	1.2760065806502212
1742	1.280959717629016
1743	1.280959717629016
1744	1.280959717629016
1745	1.266640753377479
1746	1.266640753377479
1747	1.266640753377479
1748	1.2819037333075143
1749	1.2819037333075143
1750	1.2819037333075143
1751	1.2991535298515926
1752	1.2991535298515926
1753	1.2991535298515926
1754	1.2662777852799711
1755	1.2662777852799711
1756	1.2662777852799711
1757	1.290092810833649
1758	1.290092810833649
1759	1.290092810833649
1760	1.254207672089324
1761	1.254207672089324
1762	1.254207672089324
1763	1.2747494901399488
1764	1.2747494901399488
1765	1.2747494901399488
1766	1.2352551423713327
1767	1.2352551423713327
1768	1.2352551423713327
1769	1.261043926177674
1770	1.261043926177674
1771	1.261043926177674
1772	1.2471931186151608
1773	1.2471931186151608
1774	1.2471931186151608
1775	1.274839386267731
1776	1.274839386267731
1777	1.274839386267731
1778	1.2220775177052485
1779	1.2220775177052485
1780	1.2220775177052485
1781	1.1991257866499059
1782	1.1991257866499059
1783	1.1991257866499059
1784	1.2298731582695401
1785	1.2298731582695401
1786	1.2298731582695401
1787	1.2430667745000008
1788	1.2430667745000008
1789	1.2430667745000008
1790	1.2388599427843514
1791	1.2388599427843514
1792	1.2388599427843514
1793	1.267573606161
1794	1.267573606161
1795	1.267573606161
1796	1.253201692698962
1797	1.253201692698962
1798	1.253201692698962
1799	1.2541711470754058
1800	1.2541711470754058
1801	1.2541711470754058
1802	1.262662932553217
1803	1.262662932553217
1804	1.262662932553217
1805	1.261834496416046
1806	1.261834496416046
1807	1.261834496416046
1808	1.278978599474769
1809	1.278978599474769
1810	1.278978599474769
1811	1.2551909254643077
1812	1.2551909254643077
1813	1.2551909254643077
1814	1.2600893782580362
1815	1.2600893782580362
1816	1.2600893782580362
1817	1.2239766791278286
1818	1.2239766791278286
1819	1.2239766791278286
1820	1.2504245827164704
1821	1.2504245827164704
1822	1.2504245827164704
1823	1.237879936271102
1824	1.237879936271102
1825	1.237879936271102
1826	1.2436797902357453
1827	1.2436797902357453
1828	1.2436797902357453
1829	1.2325923420894485
1830	1.2325923420894485
1831	1.2325923420894485
1832	1.269896806487753
1833	1.269896806487753
1834	1.269896806487753
1835	1.241214963474908
1836	1.241214963474908
1837	1.241214963474908
1838	1.2635619211931308
1839	1.2635619211931308
1840	1.2635619211931308
1841	1.237627293528442
1842	1.237627293528442
1843	1.237627293528442
1844	1.245279400647738
1845	1.245279400647738
1846	1.245279400647738
1847	1.2521793877361025
1848	1.2521793877361025
1849	1.2521793877361025
1850	1.255709356002832
1851	1.255709356002832
1852	1.255709356002832
1853	1.321395976633656
1854	1.321395976633656
1855	1.321395976633656
1856	1.2434986373095147
1857	1.2434986373095147
1858	1.2434986373095147
1859	1.2327134958750723
1860	1.2327134958750723
1861	1.2327134958750723
1862	1.2776942822794912
1863	1.2776942822794912
1864	1.2776942822794912
1865	1.2949429599698208
1866	1.2949429599698208
1867	1.2949429599698208
1868	1.2717004638310387
1869	1.2717004638310387
1870	1.2717004638310387
1871	1.2501784536196734
1872	1.2501784536196734
1873	1.2501784536196734
1874	1.2330159182169005
1875	1.2330159182169005
1876	1.2330159182169005
1877	1.2550585278011617
1878	1.2550585278011617
1879	1.2550585278011617
1880	1.241961545758566
1881	1.241961545758566
1882	1.241961545758566
1883	1.2703750684639452
1884	1.2703750684639452
1885	1.2703750684639452
1886	1.2511394395101796
1887	1.2511394395101796
1888	1.2511394395101796
1889	1.233074145756544
1890	1.233074145756544
1891	1.233074145756544
1892	1.3016171867618527
1893	1.3016171867618527
1894	1.3016171867618527
1895	1.266763019942071
1896	1.266763019942071
1897	1.266763019942071
1898	1.267744813864968
1899	1.267744813864968
1900	1.267744813864968
1901	1.2601676396321442
1902	1.2601676396321442
1903	1.2601676396321442
1904	1.2545411121873484
1905	1.2545411121873484
1906	1.2545411121873484
1907	1.2801406329892746
1908	1.2801406329892746
1909	1.2801406329892746
1910	1.2933688368410554
1911	1.2933688368410554
1912	1.2933688368410554
1913	1.2499708743710873
1914	1.2499708743710873
1915	1.2499708743710873
1916	1.2582465836459595
1917	1.2582465836459595
1918	1.2582465836459595
1919	1.1947735067035168
1920	1.1947735067035168
1921	1.1947735067035168
1922	1.23765127091589
1923	1.23765127091589
1924	1.23765127091589
1925	1.2690446637064705
1926	1.2690446637064705
1927	1.2690446637064705
1928	1.267083649454042
1929	1.267083649454042
1930	1.267083649454042
1931	1.24244126042673
1932	1.24244126042673
1933	1.24244126042673
1934	1.2432693042916891
1935	1.2432693042916891
1936	1.2432693042916891
1937	1.2496898507823622
1938	1.2496898507823622
1939	1.2496898507823622
1940	1.3150306113975692
1941	1.3150306113975692
1942	1.3150306113975692
1943	1.221762431472729
1944	1.221762431472729
1945	1.221762431472729
1946	1.2557529713880224
1947	1.2557529713880224
1948	1.2557529713880224
1949	1.2626152369683563
1950	1.2626152369683563
1951	1.3647865907242864
1952	1.3647865907242864
1953	1.3647865907242864
1954	1.365861580878931
1955	1.365861580878931
1956	1.365861580878931
1957	1.3186226173240398
1958	1.3186226173240398
1959	1.3186226173240398
1960	1.367562880615344
1961	1.367562880615344
1962	1.367562880615344
1963	1.3663020227142761
1964	1.3663020227142761
1965	1.3663020227142761
1966	1.3010145514865894
1967	1.3010145514865894
1968	1.3010145514865894
1969	1.3538435750866322
1970	1.3538435750866322
1971	1.3538435750866322
1972	1.3496462288117352
1973	1.3496462288117352
1974	1.3496462288117352
1975	1.3723745611691767
1976	1.3723745611691767
1977	1.3723745611691767
1978	1.3727232599464227
1979	1.3727232599464227
1980	1.3727232599464227
1981	1.365273634631172
1982	1.365273634631172
1983	1.365273634631172
1984	1.3524766137022624
1985	1.3524766137022624
1986	1.3524766137022624
1987	1.3735697947095222
1988	1.3735697947095222
1989	1.3735697947095222
1990	1.331666626822736
1991	1.331666626822736
1992	1.331666626822736
1993	1.346894353757316
1994	1.346894353757316
1995	1.346894353757316
