0	1.319963039103266
1	1.319963039103266
2	1.319963039103266
3	1.357860756815642
4	1.357860756815642
5	1.357860756815642
6	1.3572671148127466
7	1.3572671148127466
8	1.3572671148127466
9	1.303250793416464
10	1.303250793416464
11	1.303250793416464
12	1.48064958868293
13	1.48064958868293
14	1.48064958868293
15	1.4514894280327086
16	1.4514894280327086
17	1.4514894280327086
18	1.1820557610861875
19	1.1820557610861875
20	1.1820557610861875
21	1.270078646980007
22	1.270078646980007
23	1.270078646980007
24	1.2520761458028808
25	1.2520761458028808
26	1.2520761458028808
27	1.2922858351519964
28	1.2922858351519964
29	1.2922858351519964
30	1.2098432626602567
31	1.2098432626602567
32	1.2098432626602567
33	1.2782873983073517
34	1.2782873983073517
35	1.2782873983073517
36	1.2934926120049817
37	1.2934926120049817
38	1.2934926120049817
39	1.2563648037690214
40	1.2563648037690214
41	1.2563648037690214
42	1.2280222446174003
43	1.2280222446174003
44	1.2280222446174003
45	1.252111005842395
46	1.252111005842395
47	1.252111005842395
48	1.307968524457868
49	1.307968524457868
50	1.307968524457868
51	1.269594891677591
52	1.269594891677591
53	1.269594891677591
54	1.2980081795722747
55	1.2980081795722747
56	1.2980081795722747
57	1.486121796392851
58	1.486121796392851
59	1.486121796392851
60	1.5288482292402281
61	1.5288482292402281
62	1.5288482292402281
63	1.5409212572082864
64	1.5409212572082864
65	1.5409212572082864
66	1.4611888810594613
67	1.4611888810594613
68	1.4611888810594613
69	1.537405234860389
70	1.537405234860389
71	1.537405234860389
72	1.5877498184276322
73	1.5877498184276322
74	1.5877498184276322
75	1.5853633361233987
76	1.5853633361233987
77	1.5853633361233987
78	1.546873061980383
79	1.546873061980383
80	1.546873061980383
81	1.5461041267627191
82	1.5461041267627191
83	1.5461041267627191
84	1.5637160740375111
85	1.5637160740375111
86	1.5637160740375111
87	1.4925984996070008
88	1.4925984996070008
89	1.4925984996070008
90	1.458755492036199
91	1.458755492036199
92	1.458755492036199
93	1.4633766129032235
94	1.4633766129032235
95	1.4633766129032235
96	1.4674357830785059
97	1.4674357830785059
98	1.4674357830785059
99	1.4301515470717252
100	1.4301515470717252
101	1.4301515470717252
102	1.42068279638502
103	1.42068279638502
104	1.42068279638502
105	1.5213594408996944
106	1.5213594408996944
107	1.5213594408996944
108	1.5292107114168512
109	1.5292107114168512
110	1.5292107114168512
111	1.5812994735232433
112	1.5812994735232433
113	1.4678075547417695
114	1.4678075547417695
115	1.4678075547417695
116	1.4603597196289235
117	1.4603597196289235
118	1.4603597196289235
119	1.4102260323950169
120	1.4102260323950169
121	1.4102260323950169
122	1.5018393016412994
123	1.5018393016412994
124	1.5018393016412994
125	1.4759962655665797
126	1.4759962655665797
127	1.4759962655665797
128	1.428979222468464
129	1.428979222468464
130	1.428979222468464
131	1.3911339488516479
132	1.3911339488516479
133	1.3911339488516479
134	1.36969833483179
135	1.36969833483179
136	1.36969833483179
137	1.4404014273976382
138	1.4404014273976382
139	1.4404014273976382
140	1.3935614717719231
141	1.3935614717719231
142	1.3935614717719231
143	1.4158137299340616
144	1.1949775739793722
145	1.1949775739793722
146	1.1949775739793722
147	1.3398242548609651
148	1.3398242548609651
149	1.3398242548609651
150	1.2522275469438888
151	1.509511591191169
152	1.509511591191169
153	1.509511591191169
154	1.4139761335875691
155	1.4139761335875691
156	1.4139761335875691
157	1.3732626262898022
158	1.3732626262898022
159	1.3732626262898022
160	1.4010376552905406
161	1.4010376552905406
162	1.4010376552905406
163	1.3781359279784544
164	1.3781359279784544
165	1.3781359279784544
166	1.4337350023988924
167	1.4337350023988924
168	1.4337350023988924
169	1.4444317932880293
170	1.4444317932880293
171	1.4444317932880293
172	1.3701261932779734
173	1.3701261932779734
174	1.3701261932779734
175	1.451424266058707
176	1.451424266058707
177	1.451424266058707
178	1.4376273765149716
179	1.4376273765149716
180	1.4376273765149716
181	1.496822690304222
182	1.496822690304222
183	1.496822690304222
184	1.4925525991845323
185	1.4925525991845323
186	1.4925525991845323
187	1.1564315296172907
188	1.1564315296172907
189	1.1564315296172907
190	1.0762960941256778
191	1.0762960941256778
192	1.0762960941256778
193	1.0807241912508192
194	1.0807241912508192
195	1.0807241912508192
196	1.1122097884320608
197	1.1122097884320608
198	1.1122097884320608
199	1.0897377190580453
200	1.0897377190580453
201	1.0897377190580453
202	1.125821318697548
203	1.125821318697548
204	1.125821318697548
205	1.1356416520273684
206	1.1356416520273684
207	0.9823897460312508
208	0.9823897460312508
209	0.9823897460312508
210	0.970971037970377
211	0.970971037970377
212	0.970971037970377
213	1.0097170525373975
214	1.0097170525373975
215	1.0097170525373975
216	1.0161391177048564
217	1.0161391177048564
218	1.0161391177048564
219	1.0492239341563672
220	1.0492239341563672
221	1.0492239341563672
222	0.9208723497107848
223	0.9208723497107848
224	0.9208723497107848
225	0.9799859031244699
226	0.9799859031244699
227	0.9799859031244699
228	0.9624336749375402
229	0.9624336749375402
230	0.9624336749375402
231	0.9957889389302402
232	0.9957889389302402
233	0.9957889389302402
234	1.023950609056166
235	1.023950609056166
236	1.023950609056166
237	1.004788736578783
238	1.004788736578783
239	1.004788736578783
240	1.0187408330351686
241	1.0187408330351686
242	1.0187408330351686
243	0.9254392706168828
244	0.9254392706168828
245	0.9254392706168828
246	1.0471495605815004
247	1.0471495605815004
248	1.0471495605815004
249	0.9856391174361977
250	0.9856391174361977
251	0.9856391174361977
252	1.1386035638704965
253	1.1386035638704965
254	1.1973398396538013
255	1.1973398396538013
256	1.1973398396538013
257	1.1731386302508726
258	1.1731386302508726
259	1.1731386302508726
260	1.2777037217733862
261	1.2777037217733862
262	1.2777037217733862
263	1.2298953206878023
264	1.2298953206878023
265	1.2298953206878023
266	1.227425699989852
267	1.227425699989852
268	1.227425699989852
269	1.2449735609875061
270	1.2449735609875061
271	1.2449735609875061
272	1.288366071170332
273	1.288366071170332
274	1.288366071170332
275	1.3015594010625868
276	1.3015594010625868
277	1.3015594010625868
278	1.2880766769696148
279	1.2880766769696148
280	1.2880766769696148
281	1.2811429230873517
282	1.2811429230873517
283	1.2811429230873517
284	1.3327652371295031
285	1.3327652371295031
286	1.3327652371295031
287	1.373550512689787
288	1.373550512689787
289	1.373550512689787
290	1.2461733218319466
291	1.2461733218319466
292	1.2461733218319466
293	1.2261789854979217
294	1.2261789854979217
295	1.2261789854979217
296	1.217506136199802
297	1.217506136199802
298	1.217506136199802
299	1.3028010032472495
300	1.3028010032472495
301	1.3028010032472495
302	1.3315208123022149
303	1.3315208123022149
304	1.3315208123022149
305	1.2788246948756983
306	1.2788246948756983
307	1.2788246948756983
308	1.2553284562395477
309	1.2553284562395477
310	1.2553284562395477
311	1.1486951351539694
312	1.1486951351539694
313	1.1486951351539694
314	1.242293327924115
315	1.242293327924115
316	1.242293327924115
317	1.1776623160943196
318	1.1776623160943196
319	1.1776623160943196
320	1.2665183856270499
321	1.2665183856270499
322	1.2665183856270499
323	1.3187063362157678
324	1.3187063362157678
325	1.3187063362157678
326	1.296624170481705
327	1.296624170481705
328	1.296624170481705
329	1.2984668225451519
330	1.2984668225451519
331	1.2984668225451519
332	1.3431635630663428
333	1.3431635630663428
334	1.3431635630663428
335	0.9760705170064069
336	0.9760705170064069
337	0.9760705170064069
338	0.9742256088912329
339	1.128616123053613
340	1.128616123053613
341	1.128616123053613
342	1.1547506126242986
343	1.1547506126242986
344	1.1547506126242986
345	1.0957980942273124
346	1.0957980942273124
347	1.0957980942273124
348	1.145345356871353
349	1.145345356871353
350	1.145345356871353
351	1.15795689999492
352	1.15795689999492
353	1.15795689999492
354	1.1223906669489552
355	1.1223906669489552
356	1.1223906669489552
357	1.124290540980948
358	1.124290540980948
359	1.124290540980948
360	1.117625829505664
361	1.117625829505664
362	1.117625829505664
363	1.1460336205994557
364	1.1460336205994557
365	1.1460336205994557
366	1.141101665061838
367	1.141101665061838
368	1.141101665061838
369	1.1208458178099787
370	1.1208458178099787
371	1.1208458178099787
372	1.1423010359401824
373	1.1423010359401824
374	1.1423010359401824
375	1.1355665978765022
376	1.1355665978765022
377	1.1355665978765022
378	1.1756846723915897
379	1.1756846723915897
380	1.1756846723915897
381	1.1044133279326378
382	1.1044133279326378
383	1.1044133279326378
384	1.0512734897715967
385	1.0512734897715967
386	1.0512734897715967
387	1.0853619221207487
388	1.0853619221207487
389	1.0853619221207487
390	1.0759494886570804
391	1.0759494886570804
392	1.0759494886570804
393	1.076755979147687
394	1.076755979147687
395	1.076755979147687
396	1.2015169921307223
397	1.2015169921307223
398	1.2015169921307223
399	1.1658323733072045
400	1.1658323733072045
401	1.1658323733072045
402	1.0863771378152638
403	1.0863771378152638
404	1.0863771378152638
405	1.143175194834515
406	1.143175194834515
407	1.143175194834515
408	1.2020342566566473
409	1.2020342566566473
410	1.2020342566566473
411	1.1096551597638409
412	1.1096551597638409
413	1.1096551597638409
414	1.0802875924011808
415	1.0802875924011808
416	1.0802875924011808
417	1.1726444862140033
418	1.1726444862140033
419	1.1726444862140033
420	1.1306164500519649
421	1.1306164500519649
422	1.1306164500519649
423	1.098288114675359
424	1.098288114675359
425	1.098288114675359
426	1.1154247821958765
427	1.1154247821958765
428	1.1154247821958765
429	1.2311873041817452
430	1.2311873041817452
431	1.2311873041817452
432	0.8605457307800789
433	0.8605457307800789
434	0.8605457307800789
435	0.8895991065439348
436	0.8895991065439348
437	0.8895991065439348
438	0.8431897133855085
439	0.8431897133855085
440	0.8431897133855085
441	0.9906582142568685
442	0.9906582142568685
443	0.9906582142568685
444	1.005790804376884
445	1.005790804376884
446	1.005790804376884
447	1.0364738273671366
448	1.0364738273671366
449	1.0364738273671366
450	1.010119481251439
451	1.010119481251439
452	1.010119481251439
453	0.9874892824143694
454	0.9874892824143694
455	0.9874892824143694
456	0.967768195769615
457	0.967768195769615
458	0.967768195769615
459	0.8824316030137186
460	0.8824316030137186
461	0.8824316030137186
462	1.0384028743352125
463	1.0384028743352125
464	1.0384028743352125
465	1.2304510619482205
466	1.2304510619482205
467	1.2304510619482205
468	1.3164001229941162
469	1.3164001229941162
470	1.3164001229941162
471	1.307612092476404
472	1.307612092476404
473	1.307612092476404
474	1.285238767601891
475	1.285238767601891
476	1.285238767601891
477	1.3067316447336934
478	1.3067316447336934
479	1.3067316447336934
480	1.2021917940622389
481	1.2021917940622389
482	1.2021917940622389
483	1.245630586711898
484	1.245630586711898
485	1.245630586711898
486	1.2590540645025299
487	1.2590540645025299
488	1.2590540645025299
489	1.2900350408462224
490	1.2900350408462224
491	1.2900350408462224
492	1.226955287855022
493	1.226955287855022
494	1.226955287855022
495	1.2097854225943014
496	1.2097854225943014
497	1.2097854225943014
498	1.274365128877453
499	1.274365128877453
500	1.274365128877453
501	1.230915559144715
502	1.2117176691624283
503	1.2117176691624283
504	1.2117176691624283
505	1.1356003938039436
506	1.1356003938039436
507	1.1356003938039436
508	1.0903107099352847
509	1.0903107099352847
510	1.0903107099352847
511	1.2495717445797259
512	1.2495717445797259
513	1.2495717445797259
514	1.235684886590053
515	1.235684886590053
516	1.235684886590053
517	1.2551138087798757
518	1.2551138087798757
519	1.2551138087798757
520	1.3592057949852552
521	1.3592057949852552
522	1.3592057949852552
523	1.2369781220205784
524	1.2369781220205784
525	1.2369781220205784
526	1.2245181890465797
527	1.1415994400517586
528	1.1415994400517586
529	1.1415994400517586
530	1.059057092678253
531	1.059057092678253
532	1.059057092678253
533	1.0661660896942806
534	1.0661660896942806
535	1.0661660896942806
536	1.1206773364387652
537	1.1206773364387652
538	1.1206773364387652
539	1.083374634513809
540	1.083374634513809
541	1.083374634513809
542	1.1526878353389556
543	1.1526878353389556
544	1.1526878353389556
545	1.1809735762118907
546	1.1809735762118907
547	1.1809735762118907
548	1.115725421545745
549	1.115725421545745
550	1.115725421545745
551	1.1543424306587948
552	1.1543424306587948
553	1.1543424306587948
554	0.9700456231019479
555	0.9700456231019479
556	0.9700456231019479
557	1.0323328022485145
558	1.0323328022485145
559	1.0323328022485145
560	1.0436768738618014
561	1.0436768738618014
562	1.0436768738618014
563	0.996016826880519
564	0.996016826880519
565	0.996016826880519
566	0.9573550431871445
567	0.9573550431871445
568	0.9573550431871445
569	1.0222476604045443
570	1.0222476604045443
571	1.0222476604045443
572	1.0282650267065196
573	1.0282650267065196
574	1.0282650267065196
575	0.9728161883363885
576	0.9728161883363885
577	0.9728161883363885
578	0.9843708264552476
579	0.9843708264552476
580	0.9843708264552476
581	0.9710784281905911
582	0.9710784281905911
583	0.9710784281905911
584	0.9600523334156236
585	0.8515721991253813
586	0.8515721991253813
587	0.8515721991253813
588	0.854226982078697
589	0.854226982078697
590	0.854226982078697
591	0.877679569600999
592	0.877679569600999
593	0.877679569600999
594	0.8588581302693115
595	0.8588581302693115
596	0.8588581302693115
597	0.8452962307697638
598	0.8452962307697638
599	0.8452962307697638
600	0.8381054012041435
601	0.8381054012041435
602	0.8381054012041435
603	0.8588022926040029
604	0.8588022926040029
605	0.8588022926040029
606	0.9262466822553592
607	0.9262466822553592
608	0.9262466822553592
609	0.850696826228879
610	0.850696826228879
611	0.850696826228879
612	0.8735667556736252
613	0.8735667556736252
614	0.8735667556736252
615	0.8514357768753672
616	0.8514357768753672
617	0.8514357768753672
618	0.8083105633701649
619	0.8083105633701649
620	0.8083105633701649
621	0.7445924562147267
622	0.7445924562147267
623	0.7445924562147267
624	0.8638933551984013
625	0.7844595203204344
626	0.7844595203204344
627	0.7844595203204344
628	0.7147816836947114
629	0.7147816836947114
630	0.7147816836947114
631	0.7950070028560107
632	0.7950070028560107
633	0.7950070028560107
634	0.7440534158665988
635	0.7440534158665988
636	0.7440534158665988
637	0.7497494999061547
638	0.7497494999061547
639	0.7497494999061547
640	0.7200497654244489
641	0.7200497654244489
642	0.7200497654244489
643	0.7748775776461123
644	0.7748775776461123
645	0.7748775776461123
646	0.7788408965086365
647	0.7788408965086365
648	0.7788408965086365
649	0.8214549658427363
650	0.8214549658427363
651	0.8214549658427363
652	0.7475871131912482
653	0.7475871131912482
654	0.7475871131912482
655	0.9419646755993788
656	0.9419646755993788
657	1.4322961452823557
658	1.4322961452823557
659	1.4322961452823557
660	1.3569877182001484
661	1.3569877182001484
662	1.5995703597199664
663	1.5995703597199664
664	1.5995703597199664
665	1.4553127765127605
666	1.4553127765127605
667	1.4553127765127605
668	1.5600566464722656
669	1.5600566464722656
670	1.5600566464722656
671	1.4835441174144717
672	1.4835441174144717
673	1.4835441174144717
674	1.5388361688817318
675	1.5388361688817318
676	1.5388361688817318
677	1.4999055168336324
678	1.4999055168336324
679	1.4999055168336324
680	1.4138272612134906
681	1.4138272612134906
682	1.4138272612134906
683	1.474457588370736
684	1.474457588370736
685	1.474457588370736
686	1.572711489744388
687	1.572711489744388
688	1.572711489744388
689	1.4991427912146356
690	1.4991427912146356
691	1.4991427912146356
692	1.6266595513490896
693	1.6266595513490896
694	1.6266595513490896
695	1.4063373824997785
696	1.4063373824997785
697	1.4063373824997785
698	1.636479677591417
699	1.636479677591417
700	1.636479677591417
701	1.5348831039919029
702	1.5348831039919029
703	1.3205634327978821
704	1.3205634327978821
705	1.3205634327978821
706	1.3703340930689478
707	1.3703340930689478
708	1.3703340930689478
709	1.3931853839328188
710	1.3931853839328188
711	1.3931853839328188
712	1.4059360988997296
713	1.4059360988997296
714	1.4059360988997296
715	1.395516600604008
716	1.395516600604008
717	1.395516600604008
718	1.4073377365541182
719	1.4073377365541182
720	1.4073377365541182
721	1.3458105853265845
722	1.3458105853265845
723	1.3458105853265845
724	1.4309770498670333
725	1.4309770498670333
726	1.4309770498670333
727	1.4252922765428029
728	1.4252922765428029
729	1.4252922765428029
730	1.3995709054405177
731	1.3995709054405177
732	1.3995709054405177
733	1.4213010648944682
734	1.4213010648944682
735	1.4213010648944682
736	1.3927880882972163
737	1.3927880882972163
738	1.3927880882972163
739	1.3968153260891758
740	1.3968153260891758
741	1.3968153260891758
742	1.4658294309515745
743	1.4658294309515745
744	1.3320638659328097
745	1.3320638659328097
746	1.5363383597912303
747	1.5363383597912303
748	1.5363383597912303
749	1.4465471724196552
750	1.4465471724196552
751	1.4465471724196552
752	1.5473885127074813
753	1.5473885127074813
754	1.5473885127074813
755	1.5190875975874312
756	1.6903740668876166
757	1.6903740668876166
758	1.6903740668876166
759	1.7362854498566473
760	1.7362854498566473
761	1.7362854498566473
762	1.6791804146919287
763	1.6791804146919287
764	1.6791804146919287
765	1.5640843444933017
766	1.5640843444933017
767	1.5640843444933017
768	1.6745743126323607
769	1.6745743126323607
770	1.6745743126323607
771	1.5560971685665657
772	1.5560971685665657
773	1.5560971685665657
774	1.6197942398364893
775	1.6197942398364893
776	1.0807837681559078
777	1.0807837681559078
778	1.0807837681559078
779	1.1185064734639836
780	1.1185064734639836
781	1.1185064734639836
782	1.1176580728948187
783	1.1176580728948187
784	1.1176580728948187
785	1.0404721088672226
786	1.0404721088672226
787	1.0404721088672226
788	1.0647131314937661
789	1.0647131314937661
790	1.0647131314937661
791	1.12024865031725
792	1.12024865031725
793	1.12024865031725
794	1.150766843407103
795	1.150766843407103
796	1.150766843407103
797	1.100258596636217
798	1.100258596636217
799	1.100258596636217
800	1.107261208140917
801	1.107261208140917
802	1.107261208140917
803	1.100391067848477
804	1.100391067848477
805	1.100391067848477
806	1.123468873090887
807	1.123468873090887
808	1.123468873090887
809	1.0010679844879313
810	1.0010679844879313
811	1.0010679844879313
812	1.1342332872097873
813	1.1342332872097873
814	1.1342332872097873
815	1.0423683578066845
816	1.0423683578066845
817	1.0423683578066845
818	1.0638864458487824
819	1.0638864458487824
820	1.0638864458487824
821	1.113497058719907
822	1.113497058719907
823	1.113497058719907
824	1.1576158050890475
825	1.1576158050890475
826	1.1576158050890475
827	1.0875833908490116
828	1.0875833908490116
829	1.0875833908490116
830	1.153645792975269
831	1.153645792975269
832	1.153645792975269
833	1.2968327006289986
834	1.2968327006289986
835	1.2968327006289986
836	1.3091680869576316
837	1.3091680869576316
838	1.3091680869576316
839	1.2426395318221386
840	1.2426395318221386
841	1.2426395318221386
842	1.2734307377181697
843	1.2734307377181697
844	1.2734307377181697
845	1.3120306421126693
846	1.3120306421126693
847	1.3120306421126693
848	1.3027388013089118
849	0.7444284206847749
850	0.7444284206847749
851	0.7444284206847749
852	0.7568034033777269
853	0.7568034033777269
854	0.7568034033777269
855	0.768175222339769
856	0.768175222339769
857	0.768175222339769
858	0.7266099646246553
859	0.7266099646246553
860	0.7266099646246553
861	0.7266655621869684
862	0.7266655621869684
863	0.7266655621869684
864	0.7872376520323585
865	0.7872376520323585
866	1.1588859581494235
867	1.1588859581494235
868	1.1588859581494235
869	0.9696738827460468
870	0.9696738827460468
871	0.9696738827460468
872	0.8873257938646334
873	0.8873257938646334
874	0.8873257938646334
875	0.8885637963429495
876	0.8885637963429495
877	0.8885637963429495
878	0.8566845577073458
879	0.8566845577073458
880	0.8566845577073458
881	0.8650255569114431
882	0.8650255569114431
883	0.8650255569114431
884	0.9514959086538395
885	0.9514959086538395
886	0.9514959086538395
887	0.8650031971212564
888	0.8650031971212564
889	0.8650031971212564
890	0.9879420793510524
891	0.9879420793510524
892	0.9879420793510524
893	0.9077507598258254
894	0.9077507598258254
895	0.9077507598258254
896	0.8735953280893698
897	0.8735953280893698
898	0.8735953280893698
899	0.8385445455545477
900	0.8385445455545477
901	0.8385445455545477
902	0.8686885688703972
903	0.8686885688703972
904	0.8686885688703972
905	0.9727052500367048
906	0.9727052500367048
907	0.9727052500367048
908	0.8997494381134676
909	0.8997494381134676
910	1.5818165301966567
911	1.5818165301966567
912	1.5818165301966567
913	1.463128970411673
914	1.463128970411673
915	1.463128970411673
916	1.5404969774938255
917	1.5404969774938255
918	1.5404969774938255
919	1.5381366010512267
920	1.5381366010512267
921	1.5381366010512267
922	1.528313961664396
923	1.528313961664396
924	1.528313961664396
925	1.4862235291028736
926	1.4862235291028736
927	1.4862235291028736
928	1.6388831318155037
929	1.6388831318155037
930	1.7879382737287297
931	1.7879382737287297
932	1.7879382737287297
933	1.827719025953505
934	1.827719025953505
935	1.827719025953505
936	1.6994519069028833
937	1.6994519069028833
938	1.6994519069028833
939	1.7379280567609001
940	1.7379280567609001
941	1.7379280567609001
942	1.7374419651017012
943	1.7374419651017012
944	1.7374419651017012
945	1.7537611239518982
946	1.7537611239518982
947	1.7537611239518982
948	1.705937457635484
949	1.705937457635484
950	1.610353929844946
951	1.610353929844946
952	1.610353929844946
953	1.5293695454624756
954	1.5293695454624756
955	1.5293695454624756
956	1.643412939807676
957	1.643412939807676
958	1.643412939807676
959	1.6929459485767375
960	1.6929459485767375
961	1.6929459485767375
962	1.5918067145396941
963	1.5918067145396941
964	1.5918067145396941
965	1.6337842901769712
966	1.6337842901769712
967	1.6337842901769712
968	1.556056706401421
969	1.556056706401421
970	1.556056706401421
971	1.610106140004755
972	1.610106140004755
973	1.610106140004755
974	1.5674640222492295
975	1.5674640222492295
976	1.5674640222492295
977	1.7070253657919192
978	1.7070253657919192
979	1.7070253657919192
980	1.615497484034496
981	1.615497484034496
982	1.615497484034496
983	1.7594182817179738
984	1.7594182817179738
985	1.7594182817179738
986	1.5278924741723412
987	1.5278924741723412
988	1.5278924741723412
989	1.6052832163484896
990	1.6052832163484896
991	1.6052832163484896
992	1.5948233282094826
993	1.5948233282094826
994	1.5948233282094826
995	1.6712661096892734
996	1.6712661096892734
997	1.6712661096892734
998	1.6576625483205067
999	1.6576625483205067
1000	1.6576625483205067
1001	1.5660433820101143
1002	1.5660433820101143
1003	1.5660433820101143
1004	1.7413268367199555
1005	1.7413268367199555
1006	1.7413268367199555
1007	1.6840553639696216
1008	1.6840553639696216
1009	1.6840553639696216
1010	1.7301688727394835
1011	1.7301688727394835
1012	1.7301688727394835
1013	1.615989830443751
1014	1.615989830443751
1015	1.615989830443751
1016	1.6284745836458707
1017	1.6284745836458707
1018	1.6284745836458707
1019	1.7270233241992188
1020	1.7270233241992188
1021	1.7270233241992188
1022	1.544919164621945
1023	1.544919164621945
1024	1.544919164621945
1025	1.6244126547235356
1026	1.6244126547235356
1027	1.6244126547235356
1028	1.6499028142929029
1029	1.6499028142929029
1030	1.6499028142929029
1031	1.671808692663326
1032	1.671808692663326
1033	1.671808692663326
1034	1.5752754754178657
1035	1.5752754754178657
1036	1.5752754754178657
1037	1.8162700301710468
1038	1.8162700301710468
1039	1.8162700301710468
1040	1.7849823011526118
1041	1.7849823011526118
1042	1.7849823011526118
1043	1.6554990661165199
1044	1.6428394737853897
1045	1.6428394737853897
1046	1.6428394737853897
1047	1.5048040592877563
1048	1.5048040592877563
1049	1.5048040592877563
1050	1.5742669650831538
1051	1.5742669650831538
1052	1.5742669650831538
1053	1.5803744397169508
1054	1.5803744397169508
1055	1.5803744397169508
1056	1.6771839070783254
1057	1.6771839070783254
1058	1.6771839070783254
1059	1.5578178071863051
1060	1.5578178071863051
1061	1.5578178071863051
1062	1.5650296612067864
1063	1.5650296612067864
1064	1.5650296612067864
1065	1.686287031737692
1066	1.686287031737692
1067	1.686287031737692
1068	1.6252347386777792
1069	1.6252347386777792
1070	1.6252347386777792
1071	1.6540590337770154
1072	1.6540590337770154
1073	1.6540590337770154
1074	1.7489367549520574
1075	1.7489367549520574
1076	1.7489367549520574
1077	1.6267132594381255
1078	1.6267132594381255
1079	1.6267132594381255
1080	1.6606342078017962
1081	1.6606342078017962
1082	1.6606342078017962
1083	1.5598684506331175
1084	1.5598684506331175
1085	1.5598684506331175
1086	1.6318529317985673
1087	1.6318529317985673
1088	1.6318529317985673
1089	1.6522046682856304
1090	1.6522046682856304
1091	1.6522046682856304
1092	1.744780629754358
1093	1.744780629754358
1094	1.8330347963378084
1095	1.8330347963378084
1096	1.8330347963378084
1097	1.8769512100503074
1098	1.8769512100503074
1099	1.8769512100503074
1100	1.6872587018496055
1101	1.786825546254706
1102	1.786825546254706
1103	1.786825546254706
1104	1.8341256077041703
1105	1.8341256077041703
1106	1.8341256077041703
1107	1.7639142556792762
1108	1.7639142556792762
1109	1.7639142556792762
1110	1.6793344500458223
1111	1.6793344500458223
1112	1.6793344500458223
1113	1.9
1114	1.9
1115	1.9
1116	1.6313390911484194
1117	1.6313390911484194
1118	1.6313390911484194
1119	1.708848853731457
1120	1.708848853731457
1121	1.708848853731457
1122	1.857278349982404
1123	1.857278349982404
1124	1.857278349982404
1125	1.7304226700315053
1126	1.7304226700315053
1127	1.7304226700315053
1128	1.656305294803605
1129	1.656305294803605
1130	1.656305294803605
1131	1.823920128555532
1132	1.823920128555532
1133	1.823920128555532
1134	1.7311086507362414
1135	1.7311086507362414
1136	1.7311086507362414
1137	1.8949162758618858
1138	1.8949162758618858
1139	1.9
1140	1.9
1141	1.9
1142	1.9
1143	1.9
1144	1.9
1145	1.8445971927493894
1146	1.8445971927493894
1147	1.8445971927493894
1148	1.8611955558394668
1149	1.8611955558394668
1150	1.8611955558394668
1151	1.7764501484770365
1152	1.7764501484770365
1153	1.7764501484770365
1154	1.8524078942139268
1155	1.8524078942139268
1156	1.8524078942139268
1157	1.9
1158	1.9
1159	1.7199382827845557
1160	1.7199382827845557
1161	1.7199382827845557
1162	1.7686335350892897
1163	1.7686335350892897
1164	1.7686335350892897
1165	1.8315773144015874
1166	1.8315773144015874
1167	1.8315773144015874
1168	1.7954046638570011
1169	1.7954046638570011
1170	1.7954046638570011
1171	1.8521126419689327
1172	1.8521126419689327
1173	1.8521126419689327
1174	1.775522468990116
1175	1.775522468990116
1176	1.775522468990116
1177	1.7534452729085752
1178	1.7534452729085752
1179	1.4730980385252475
1180	1.4730980385252475
1181	1.4730980385252475
1182	1.60915081606388
1183	1.60915081606388
1184	1.5428479275777418
1185	1.5428479275777418
1186	1.5428479275777418
1187	1.3884427604114014
1188	1.3884427604114014
1189	1.3884427604114014
1190	1.3615630237568883
1191	1.3615630237568883
1192	1.3615630237568883
1193	1.3216900452839548
1194	1.3216900452839548
1195	1.3216900452839548
1196	1.432556970205729
1197	1.432556970205729
1198	1.432556970205729
1199	1.4111618413864961
1200	1.4111618413864961
1201	1.4111618413864961
1202	1.3785831788696177
1203	1.3785831788696177
1204	1.3785831788696177
1205	1.3367733422450574
1206	1.3367733422450574
1207	1.3367733422450574
1208	0.7111198885689958
1209	0.7111198885689958
1210	0.7111198885689958
1211	0.8847476063988126
1212	0.8847476063988126
1213	0.8847476063988126
1214	0.8729632172636519
1215	0.8729632172636519
1216	0.8729632172636519
1217	0.8457289484585123
1218	0.8457289484585123
1219	0.8457289484585123
1220	0.7932360270435495
1221	0.7932360270435495
1222	0.7932360270435495
1223	0.9980845745204174
1224	0.9980845745204174
1225	0.9980845745204174
1226	0.7889297098065571
1227	0.7889297098065571
1228	0.7889297098065571
1229	0.9002276465671034
1230	0.9002276465671034
1231	0.9002276465671034
1232	0.9055323247039605
1233	0.9055323247039605
1234	0.9055323247039605
1235	0.8269994336385799
1236	0.8269994336385799
1237	0.8269994336385799
1238	0.8167819928212743
1239	0.8167819928212743
1240	0.8167819928212743
1241	0.8803614284846062
1242	0.8803614284846062
1243	0.8803614284846062
1244	0.8040648096874363
1245	0.8040648096874363
1246	0.8040648096874363
1247	0.8823329082005578
1248	0.8823329082005578
1249	0.8823329082005578
1250	0.8364417930624166
1251	0.8364417930624166
1252	0.8364417930624166
1253	0.8828292138977212
1254	0.8828292138977212
1255	0.8828292138977212
1256	0.8435323586163848
1257	0.8435323586163848
1258	0.8435323586163848
1259	0.8471505756900751
1260	0.8471505756900751
1261	0.8471505756900751
1262	0.8727742424204136
1263	0.8727742424204136
1264	0.8727742424204136
1265	0.8318952258757892
1266	0.8318952258757892
1267	0.8318952258757892
1268	1.422014056773479
1269	1.422014056773479
1270	1.422014056773479
1271	1.7189897476630778
1272	1.7189897476630778
1273	1.7189897476630778
1274	1.414042300230341
1275	1.414042300230341
1276	1.414042300230341
1277	1.662162857550517
1278	1.662162857550517
1279	1.662162857550517
1280	1.5514864313288665
1281	1.5514864313288665
1282	1.5514864313288665
1283	1.6145940202276798
1284	1.6145940202276798
1285	1.6145940202276798
1286	1.5214829952602686
1287	1.5214829952602686
1288	1.5214829952602686
1289	1.5462409736285212
1290	1.5462409736285212
1291	1.5462409736285212
1292	1.6286287789682743
1293	1.6286287789682743
1294	1.6286287789682743
1295	1.491059405125543
1296	1.491059405125543
1297	1.491059405125543
1298	1.4299168022975257
1299	1.4299168022975257
1300	1.4299168022975257
1301	1.5816730872177684
1302	1.5816730872177684
1303	1.5816730872177684
1304	1.4469073138190922
1305	1.4469073138190922
1306	1.4469073138190922
1307	1.4175541701529213
1308	1.4175541701529213
1309	1.4175541701529213
1310	1.4864051006652967
1311	1.4864051006652967
1312	1.4864051006652967
1313	1.442598193383263
1314	1.442598193383263
1315	1.442598193383263
1316	1.4964959723271005
1317	1.4964959723271005
1318	1.5337757280677897
1319	1.5337757280677897
1320	1.5337757280677897
1321	1.5802074415757852
1322	1.5802074415757852
1323	1.5802074415757852
1324	1.7468415843468872
1325	1.7468415843468872
1326	1.7468415843468872
1327	1.7434348155033494
1328	1.7434348155033494
1329	1.7434348155033494
1330	1.6930638123870134
1331	1.6930638123870134
1332	1.6930638123870134
1333	1.6696481900616056
1334	1.6696481900616056
1335	1.6696481900616056
1336	1.6751618525730063
1337	1.6751618525730063
1338	1.6751618525730063
1339	1.7140163427976183
1340	1.7140163427976183
1341	1.7140163427976183
1342	1.6057476211309918
1343	1.6057476211309918
1344	1.6057476211309918
1345	1.5706596488052988
1346	1.541726438227274
1347	1.541726438227274
1348	1.541726438227274
1349	1.4641109884821626
1350	1.4641109884821626
1351	1.4641109884821626
1352	1.5233532425981333
1353	1.5233532425981333
1354	1.5233532425981333
1355	1.3720906020122285
1356	1.3720906020122285
1357	1.3720906020122285
1358	1.5484939773319546
1359	1.5484939773319546
1360	1.5484939773319546
1361	1.5488715199762144
1362	1.5488715199762144
1363	1.5488715199762144
1364	1.6642014499810462
1365	1.6642014499810462
1366	1.6642014499810462
1367	1.499541579659556
1368	1.499541579659556
1369	1.499541579659556
1370	1.4758001947827688
1371	1.4758001947827688
1372	1.4758001947827688
1373	1.5925899559484515
1374	1.5925899559484515
1375	1.5925899559484515
1376	1.4799918533524035
1377	1.4799918533524035
1378	1.4799918533524035
1379	1.603797943965434
1380	1.603797943965434
1381	1.603797943965434
1382	1.5169059429793856
1383	1.5169059429793856
1384	1.5169059429793856
1385	1.5555849849510257
1386	1.5555849849510257
1387	1.5555849849510257
1388	1.4420794172597187
1389	1.4420794172597187
1390	1.4420794172597187
1391	1.544206577453785
1392	1.544206577453785
1393	1.544206577453785
1394	1.5196998732841251
1395	1.5196998732841251
1396	1.5196998732841251
1397	1.3601693623664102
1398	1.2316499265827272
1399	1.2316499265827272
1400	1.2316499265827272
1401	1.2824450804071168
1402	1.2824450804071168
1403	1.2824450804071168
1404	1.3015987947508016
1405	1.3015987947508016
1406	1.3015987947508016
1407	1.2135644348568786
1408	1.2135644348568786
1409	1.2135644348568786
1410	1.295675565571173
1411	1.295675565571173
1412	1.295675565571173
1413	1.1534025138954989
1414	1.1534025138954989
1415	1.1534025138954989
1416	1.252491988210788
1417	1.252491988210788
1418	1.252491988210788
1419	1.199584029305207
1420	1.199584029305207
1421	1.199584029305207
1422	1.3293957650330452
1423	1.3731673313845654
1424	1.3731673313845654
1425	1.3731673313845654
1426	1.380118607726896
1427	1.380118607726896
1428	1.380118607726896
1429	1.3808175408626335
1430	1.3808175408626335
1431	1.3808175408626335
1432	1.5053471396360334
1433	1.5053471396360334
1434	1.5053471396360334
1435	1.41147335580126
1436	1.41147335580126
1437	1.41147335580126
1438	1.342649155377432
1439	1.342649155377432
1440	1.342649155377432
1441	1.3839534267307125
1442	1.3839534267307125
1443	1.3839534267307125
1444	1.4354432331029572
1445	1.4354432331029572
1446	1.4354432331029572
1447	1.4815361858479847
1448	1.4815361858479847
1449	1.4815361858479847
1450	1.4463040031028733
1451	1.4463040031028733
1452	1.4463040031028733
1453	1.460709266942424
1454	1.460709266942424
1455	1.460709266942424
1456	1.3618734889816353
1457	1.3618734889816353
1458	1.3618734889816353
1459	1.3876630226162967
1460	1.3876630226162967
1461	1.3876630226162967
1462	1.451249751703893
1463	1.451249751703893
1464	1.451249751703893
1465	1.4465456105598815
1466	1.4465456105598815
1467	1.4465456105598815
1468	1.4646631951087814
1469	1.6965470029198795
1470	1.6965470029198795
1471	1.6965470029198795
1472	1.67228511091349
1473	1.67228511091349
1474	1.67228511091349
1475	1.7415325184395973
1476	1.7415325184395973
1477	1.7415325184395973
1478	1.6121011746545784
1479	1.6121011746545784
1480	1.6121011746545784
1481	1.6095746648048428
1482	1.0521485064357952
1483	1.0521485064357952
1484	1.0521485064357952
1485	1.1373780747042759
1486	1.1373780747042759
1487	1.1373780747042759
1488	1.1490718374853173
1489	1.1490718374853173
1490	1.1490718374853173
1491	1.1365985856027503
1492	1.1365985856027503
1493	1.1365985856027503
1494	1.1191576079264685
1495	1.1191576079264685
1496	1.1191576079264685
1497	1.1436693781359197
1498	1.1436693781359197
1499	1.1436693781359197
1500	1.1585167114464683
1501	1.1585167114464683
1502	1.1585167114464683
1503	1.183214257878798
1504	1.183214257878798
1505	1.183214257878798
1506	1.1453068716001067
1507	1.1453068716001067
1508	1.1453068716001067
1509	1.1263022885764697
1510	1.1263022885764697
1511	1.1263022885764697
1512	1.0003395599126796
1513	1.0003395599126796
1514	1.0003395599126796
1515	1.0340857174142244
1516	1.0340857174142244
1517	1.0340857174142244
1518	1.0163048141102555
1519	1.0163048141102555
1520	1.0163048141102555
1521	0.9621161977003947
1522	0.9621161977003947
1523	0.9621161977003947
1524	0.9457591754522576
1525	0.9457591754522576
1526	0.9457591754522576
1527	1.049525564663003
1528	1.049525564663003
1529	1.049525564663003
1530	0.9244634132215156
1531	0.9244634132215156
1532	0.9244634132215156
1533	0.9040277835894776
1534	0.9040277835894776
1535	0.9040277835894776
1536	0.9384938884190598
1537	0.9384938884190598
1538	0.9384938884190598
1539	0.949294068784808
1540	0.949294068784808
1541	0.949294068784808
1542	0.9614926610367358
1543	0.9614926610367358
1544	0.9614926610367358
1545	0.980808413502779
1546	0.980808413502779
1547	0.980808413502779
1548	1.0485472799071165
1549	1.0485472799071165
1550	1.0485472799071165
1551	1.0366380125732453
1552	1.0366380125732453
1553	1.0366380125732453
1554	1.0080599178239182
1555	1.0080599178239182
1556	1.0080599178239182
1557	1.0274872722433983
1558	1.0274872722433983
1559	1.0274872722433983
1560	0.9865077685201407
1561	0.9865077685201407
1562	0.9865077685201407
1563	0.9625946048625968
1564	0.9625946048625968
1565	0.9625946048625968
1566	1.115891753310789
1567	1.7308774453437892
1568	1.7308774453437892
1569	1.7308774453437892
1570	1.8459072862599055
1571	1.8459072862599055
1572	1.8459072862599055
1573	1.7605096110746836
1574	1.7605096110746836
1575	1.7605096110746836
1576	1.8184149865877595
1577	1.8184149865877595
1578	1.8184149865877595
1579	1.6000487170520201
1580	1.6000487170520201
1581	1.6000487170520201
1582	1.8512681471424013
1583	1.8512681471424013
1584	1.8512681471424013
1585	1.6380980702777899
1586	1.6380980702777899
1587	1.6380980702777899
1588	1.854425885439019
1589	1.854425885439019
1590	1.854425885439019
1591	1.8385017780729027
1592	1.8385017780729027
1593	1.8385017780729027
1594	1.7699245569701085
1595	1.7699245569701085
1596	1.7699245569701085
1597	1.8414569353429502
1598	1.8414569353429502
1599	1.8414569353429502
1600	1.732573059073047
1601	1.732573059073047
1602	1.732573059073047
1603	1.7433777510901665
1604	1.7433777510901665
1605	1.7433777510901665
1606	1.880724236368005
1607	1.880724236368005
1608	1.880724236368005
1609	1.7951138346047624
1610	1.7951138346047624
1611	1.7951138346047624
1612	1.705302792983173
1613	1.705302792983173
1614	1.705302792983173
1615	1.7837728854780608
1616	1.436527512304511
1617	1.436527512304511
1618	1.436527512304511
1619	1.4679608803208462
1620	1.4679608803208462
1621	1.4679608803208462
1622	1.5081108525188789
1623	1.5081108525188789
1624	1.5081108525188789
1625	1.6008887378770529
1626	1.6008887378770529
1627	1.6008887378770529
1628	1.5544646973551899
1629	1.5544646973551899
1630	1.5544646973551899
1631	1.5975709590621896
1632	1.5975709590621896
1633	1.5975709590621896
1634	1.559592342292213
1635	1.559592342292213
1636	1.559592342292213
1637	1.4999490923386345
1638	1.136310542716824
1639	1.136310542716824
1640	1.136310542716824
1641	1.110049913925749
1642	1.110049913925749
1643	1.110049913925749
1644	1.183943465596482
1645	1.183943465596482
1646	1.183943465596482
1647	1.0959609288156265
1648	1.0959609288156265
1649	1.0959609288156265
1650	1.0530296035170008
1651	1.0530296035170008
1652	1.0530296035170008
1653	1.0956900791073463
1654	1.0956900791073463
1655	1.0956900791073463
1656	1.2146832716615021
1657	1.2146832716615021
1658	1.2146832716615021
1659	1.7464152112006055
1660	1.7464152112006055
1661	1.7464152112006055
1662	1.6383749971933241
1663	1.6383749971933241
1664	1.6383749971933241
1665	1.660504636266445
1666	1.660504636266445
1667	1.660504636266445
1668	1.6551287340245044
1669	1.6551287340245044
1670	1.6551287340245044
1671	1.6167921625168347
1672	1.6167921625168347
1673	1.6167921625168347
1674	1.6822542662117406
1675	1.6822542662117406
1676	1.6822542662117406
1677	1.6569579372889545
1678	1.6569579372889545
1679	1.6569579372889545
1680	1.6026657753143712
1681	1.6026657753143712
1682	1.5028197434189046
1683	0.8600307342611684
1684	0.8600307342611684
1685	0.8600307342611684
1686	0.8652169471133948
1687	0.8652169471133948
1688	0.8652169471133948
1689	0.9019672913118801
1690	0.9019672913118801
1691	0.9019672913118801
1692	0.8274101417865733
1693	0.8274101417865733
1694	0.8274101417865733
1695	0.9073014809969475
1696	0.9073014809969475
1697	0.9073014809969475
1698	0.9251648039053407
1699	0.9251648039053407
1700	0.9251648039053407
1701	0.8360238752709241
1702	0.8360238752709241
1703	0.8360238752709241
1704	0.9077388623915313
1705	0.9077388623915313
1706	0.9077388623915313
1707	0.7847348414438868
1708	0.7847348414438868
1709	0.7847348414438868
1710	0.8948661391927777
1711	0.8948661391927777
1712	0.8948661391927777
1713	0.8622403375209069
1714	0.8622403375209069
1715	0.8622403375209069
1716	0.8517088918165727
1717	0.8517088918165727
1718	0.8517088918165727
1719	0.8342279367788734
1720	0.8342279367788734
1721	0.8342279367788734
1722	0.8715595392475269
1723	0.8715595392475269
1724	0.8715595392475269
1725	0.8867927212633002
1726	0.8867927212633002
1727	0.8867927212633002
1728	0.8186111188400891
1729	0.8186111188400891
1730	0.8186111188400891
1731	0.8643274360875134
1732	0.8643274360875134
1733	0.981569238766987
1734	0.981569238766987
1735	0.981569238766987
1736	1.0000621322443546
1737	1.0000621322443546
1738	1.0000621322443546
1739	0.9522214164206126
1740	0.9522214164206126
1741	0.9522214164206126
1742	0.7389315149340857
1743	0.7389315149340857
1744	0.7389315149340857
1745	0.7356513805959087
1746	0.7356513805959087
1747	0.7356513805959087
1748	0.7488106947845392
1749	0.7488106947845392
1750	0.7488106947845392
1751	0.7315641928485102
1752	0.7315641928485102
1753	0.7315641928485102
1754	0.7580864615974822
1755	0.7580864615974822
1756	0.7580864615974822
1757	0.7624077029420916
1758	0.7624077029420916
1759	0.7624077029420916
1760	0.7281780803264745
1761	0.7281780803264745
1762	0.7281780803264745
1763	0.7353928003747965
